#!ascii label  , from subject 3600 vox2ras=TkReg
811
71782  -24.074  5.079  -9.005 0.4285714328
74194  -24.566  7.040  -9.571 0.2857142985
73022  -24.548  6.357  -9.391 0.4285714328
74195  -25.071  7.306  -9.433 0.4285714328
75347  -25.772  8.016  -9.734 0.4285714328
74218  -24.967  8.054  -9.906 0.2857142985
75362  -25.444  8.728  -10.053 0.4285714328
76565  -26.392  9.333  -10.063 0.4285714328
76585  -25.062  10.174  -11.138 0.4285714328
77738  -25.883  10.264  -10.765 0.4285714328
77758  -25.558  10.942  -11.432 0.4285714328
79979  -25.960  12.666  -11.399 0.4285714328
81092  -25.186  13.381  -12.685 0.5714285970
79978  -25.388  12.850  -12.047 0.5714285970
81083  -26.784  13.355  -11.473 0.2857142985
81093  -25.815  14.023  -12.375 0.7142857313
82220  -26.462  14.151  -11.975 0.7142857313
83397  -27.026  15.584  -12.123 0.7142857313
83384  -27.500  15.494  -11.570 0.4285714328
82230  -26.148  14.736  -12.482 0.7142857313
83383  -26.818  15.005  -12.036 0.5714285970
85760  -27.550  17.221  -12.353 0.5714285970
83396  -26.531  15.621  -12.650 0.5714285970
85759  -26.929  16.686  -12.756 0.5714285970
85775  -26.735  17.460  -13.158 0.5714285970
85776  -27.312  17.808  -12.757 0.5714285970
84623  -26.271  16.355  -13.246 0.5714285970
85761  -28.165  17.763  -11.952 0.4285714328
87798  -27.580  18.696  -12.918 0.5714285970
88828  -28.520  19.816  -12.755 0.5714285970
86815  -26.676  18.366  -13.593 0.7142857313
87819  -27.913  19.731  -13.162 0.7142857313
85790  -25.759  17.504  -14.620 0.5714285970
87839  -27.174  19.746  -13.952 0.8571428657
88843  -28.240  20.528  -13.371 0.7142857313
88844  -28.916  21.189  -12.992 0.5714285970
87838  -26.775  19.341  -14.442 0.7142857313
86846  -26.390  18.698  -15.163 0.5714285970
89918  -28.445  21.530  -13.564 0.7142857313
88858  -27.315  20.366  -14.381 0.7142857313
88859  -27.873  21.157  -13.976 0.7142857313
90998  -28.439  22.411  -13.590 0.5714285970
90999  -29.076  22.888  -13.163 0.5714285970
89937  -27.473  21.385  -14.533 0.7142857313
89938  -27.916  21.915  -14.065 0.7142857313
92077  -28.390  23.355  -13.629 0.7142857313
91014  -27.368  22.202  -14.590 0.7142857313
91015  -27.805  22.789  -14.088 0.7142857313
92089  -27.763  23.743  -14.253 0.7142857313
93168  -28.398  24.427  -13.799 0.7142857313
92088  -27.162  23.112  -14.699 0.7142857313
89954  -26.557  21.399  -15.633 0.5714285970
94192  -28.706  25.414  -13.592 0.5714285970
95195  -28.887  26.464  -13.268 0.5714285970
93181  -27.128  24.189  -14.965 0.8571428657
95209  -28.285  26.092  -13.793 0.7142857313
94206  -27.963  25.358  -14.088 0.7142857313
93182  -27.665  24.607  -14.370 0.8571428657
96242  -27.413  27.475  -14.033 0.8571428657
95194  -28.168  26.948  -13.732 0.5714285970
95208  -27.625  26.298  -14.187 0.8571428657
95207  -26.787  26.586  -14.637 0.8571428657
94205  -27.042  25.355  -14.766 0.8571428657
97297  -27.010  28.549  -14.086 0.8571428657
98313  -26.831  29.631  -14.370 0.8571428657
99303  -26.968  30.645  -14.512 0.8571428657
98311  -25.647  29.272  -15.225 1.0000000000
99302  -26.368  30.393  -14.811 1.0000000000
96241  -26.626  27.735  -14.478 0.8571428657
98312  -26.112  29.474  -14.836 1.0000000000
100370  -25.669  31.417  -15.620 1.0000000000
101432  -24.186  32.682  -16.518 0.7142857313
100359  -26.081  30.878  -15.140 1.0000000000
99313  -24.974  30.388  -15.497 1.0000000000
101434  -25.693  32.165  -15.956 1.0000000000
137342  -24.483  35.640  -16.206 1.0000000000
137341  -23.663  35.034  -16.712 0.8571428657
105354  -23.751  37.039  -16.768 0.8571428657
105347  -24.343  36.963  -16.268 1.0000000000
109421  -24.185  40.340  -15.847 0.8571428657
108404  -24.291  39.181  -16.039 0.8571428657
107347  -24.234  38.276  -16.196 1.0000000000
110305  -24.124  41.481  -15.888 0.8571428657
111176  -23.754  42.429  -16.044 0.7142857313
109403  -22.891  40.771  -15.246 0.5714285970
111165  -23.395  42.193  -15.347 0.7142857313
111175  -23.276  42.852  -15.832 0.5714285970
110288  -22.568  41.589  -13.897 0.5714285970
109392  -22.962  40.975  -14.692 0.5714285970
111151  -22.689  42.677  -13.523 0.4285714328
112058  -22.688  43.363  -14.244 0.4285714328
110271  -23.037  41.564  -12.080 0.2857142985
111135  -23.647  41.999  -11.489 0.2857142985
110261  -24.003  41.593  -10.661 0.2857142985
86816  -27.203  18.303  -13.042 0.5714285970
97283  -27.671  28.485  -13.620 0.8571428657
98298  -27.417  29.296  -13.843 0.8571428657
101433  -25.238  32.710  -15.953 0.8571428657
110239  -25.625  41.352  -9.603 0.1428571492
74217  -24.217  7.354  -10.107 0.2857142985
76563  -24.582  9.221  -10.829 0.2857142985
76564  -25.084  9.486  -10.565 0.2857142985
77759  -26.261  10.998  -10.926 0.4285714328
78886  -25.428  11.905  -11.885 0.4285714328
78868  -26.733  11.404  -10.826 0.4285714328
81081  -25.438  13.229  -12.185 0.5714285970
82229  -25.487  14.376  -12.888 0.2857142985
84609  -26.774  16.206  -12.745 0.4285714328
86798  -28.604  18.444  -11.994 0.4285714328
85774  -25.877  17.030  -13.806 0.7142857313
85791  -26.222  17.785  -13.876 0.7142857313
86797  -27.788  18.197  -12.527 0.7142857313
87799  -28.113  19.050  -12.726 0.5714285970
88842  -27.541  19.953  -13.632 0.7142857313
86832  -25.969  18.138  -15.058 0.5714285970
86833  -26.345  18.398  -14.385 0.5714285970
88857  -26.836  19.847  -14.921 0.5714285970
89919  -29.064  21.974  -13.133 0.5714285970
92078  -29.102  23.853  -13.252 0.5714285970
88877  -27.064  21.012  -15.023 0.8571428657
96225  -28.036  27.776  -13.594 0.5714285970
100360  -26.643  31.413  -15.032 1.0000000000
97314  -25.413  28.582  -15.601 1.0000000000
100379  -24.723  31.561  -16.266 0.8571428657
102429  -24.559  33.543  -16.014 0.7142857313
102430  -25.381  33.921  -15.641 1.0000000000
137339  -24.673  34.438  -15.933 1.0000000000
102440  -23.839  34.076  -16.697 0.7142857313
108425  -23.419  39.352  -16.726 0.8571428657
106362  -24.564  37.741  -15.985 1.0000000000
110304  -23.662  41.387  -15.426 0.7142857313
111159  -23.068  42.066  -14.889 0.7142857313
111164  -22.938  42.682  -15.240 0.7142857313
109380  -21.874  40.836  -13.482 0.4285714328
110280  -22.957  42.369  -12.721 0.2857142985
111152  -22.952  43.206  -12.855 0.4285714328
112083  -23.180  43.325  -15.565 0.4285714328
112059  -22.956  44.154  -13.574 0.4285714328
83411  -25.462  15.751  -13.701 0.4285714328
111158  -22.756  42.462  -14.482 0.7142857313
111143  -23.532  42.906  -12.125 0.2857142985
71802  -24.324  5.607  -9.192 0.4285714328
72999  -25.278  6.059  -8.890 0.4285714328
73045  -23.949  6.649  -9.927 0.2857142985
73024  -25.988  6.733  -9.018 0.4285714328
75361  -24.506  8.662  -10.581 0.2857142985
77757  -24.702  10.545  -11.729 0.2857142985
78887  -26.199  11.745  -11.164 0.4285714328
77774  -25.003  11.198  -11.986 0.4285714328
79991  -24.865  12.390  -12.615 0.4285714328
81082  -25.799  13.430  -11.918 0.4285714328
83395  -25.742  15.214  -13.001 0.5714285970
83412  -26.014  15.732  -13.159 0.5714285970
87818  -27.225  19.172  -13.425 0.7142857313
87817  -26.675  18.872  -13.925 0.7142857313
88876  -26.709  20.290  -15.432 0.7142857313
89955  -27.028  21.665  -14.972 0.8571428657
91029  -26.789  22.353  -15.207 0.8571428657
97296  -26.415  28.674  -14.587 1.0000000000
100369  -24.880  31.011  -15.761 1.0000000000
110294  -23.305  41.451  -14.922 0.5714285970
110289  -22.919  41.515  -14.486 0.5714285970
110279  -22.477  41.551  -12.934 0.4285714328
109355  -23.374  40.839  -10.846 0.2857142985
110249  -25.034  41.654  -10.138 0.1428571492
82244  -25.182  14.815  -13.541 0.2857142985
113962  -23.166  46.396  -13.847 0.2857142985
113963  -24.101  45.899  -13.145 0.1428571492
112996  -23.129  45.391  -13.928 0.2857142985
113971  -21.739  47.577  -14.510 0.2857142985
112984  -24.347  45.144  -12.792 0.1428571492
113951  -24.838  45.782  -12.627 0.1428571492
112050  -23.309  43.765  -12.753 0.1428571492
112060  -23.419  44.303  -12.981 0.2857142985
112051  -24.126  44.112  -12.603 0.1428571492
113997  -21.949  46.471  -15.806 0.2857142985
113973  -22.550  46.107  -14.436 0.2857142985
113072  -23.826  44.928  -19.634 0.2857142985
113061  -23.131  45.234  -18.162 0.2857142985
112985  -25.145  44.780  -12.326 0.1428571492
112072  -23.089  44.127  -14.631 0.2857142985
112110  -23.954  43.909  -17.116 0.2857142985
113998  -22.869  45.902  -16.264 0.2857142985
113009  -23.178  45.189  -14.503 0.2857142985
112112  -25.531  43.149  -17.730 0.1428571492
113048  -23.787  44.528  -17.701 0.2857142985
113047  -23.551  44.841  -17.033 0.2857142985
113035  -23.531  44.556  -16.017 0.2857142985
113022  -23.342  45.028  -15.305 0.2857142985
110325  -26.994  41.228  -18.351 0.1428571492
111204  -25.970  42.689  -18.309 0.1428571492
112111  -24.639  43.843  -17.627 0.4285714328
112097  -23.549  43.496  -16.069 0.2857142985
109406  -26.708  40.575  -15.931 0.2857142985
111178  -25.683  42.395  -16.846 0.4285714328
111190  -23.889  43.109  -16.734 0.2857142985
112071  -22.776  43.336  -14.977 0.2857142985
108407  -27.202  39.874  -15.410 0.1428571492
110307  -26.371  41.457  -16.552 0.2857142985
111191  -24.224  43.432  -16.969 0.4285714328
110306  -25.166  41.404  -16.146 0.5714285970
111177  -24.604  42.755  -16.566 0.7142857313
107336  -26.712  38.536  -14.383 0.1428571492
108392  -26.767  39.367  -14.775 0.1428571492
109405  -25.627  40.287  -15.728 0.4285714328
106354  -26.878  37.336  -14.052 0.2857142985
105348  -24.882  37.373  -15.886 0.8571428657
106364  -25.684  38.001  -15.032 0.8571428657
109404  -24.812  39.995  -15.634 0.5714285970
106344  -27.310  35.713  -13.912 0.2857142985
108405  -25.177  39.396  -15.436 0.7142857313
107348  -24.802  38.502  -15.645 0.8571428657
137328  -28.140  34.685  -13.530 0.1428571492
105340  -25.759  36.311  -14.780 0.7142857313
96299  -24.310  27.453  -16.993 0.5714285970
98324  -24.693  29.606  -15.962 0.8571428657
99312  -24.541  30.482  -16.111 0.8571428657
98341  -24.254  29.703  -16.565 0.4285714328
102424  -26.303  33.506  -15.162 0.8571428657
137327  -28.351  33.845  -13.867 0.2857142985
137338  -26.281  35.144  -14.757 0.8571428657
103328  -28.885  33.526  -13.360 0.4285714328
137335  -27.015  34.695  -14.426 0.7142857313
95258  -24.189  26.756  -17.132 0.2857142985
97313  -25.037  28.959  -15.985 0.5714285970
97332  -24.611  28.798  -16.480 0.5714285970
99301  -25.659  30.207  -15.124 0.8571428657
101424  -26.155  32.572  -15.615 0.8571428657
101423  -25.872  33.353  -15.639 0.8571428657
137336  -25.922  34.473  -15.194 0.8571428657
137340  -25.390  34.990  -15.389 0.8571428657
102415  -28.022  33.049  -14.322 0.4285714328
102425  -26.715  33.101  -14.805 0.8571428657
137333  -26.506  34.326  -14.774 0.8571428657
101416  -28.456  32.516  -13.689 0.4285714328
91042  -26.052  22.471  -16.906 0.7142857313
92111  -25.935  23.417  -17.019 0.4285714328
91028  -26.340  22.386  -16.035 0.7142857313
93195  -26.638  24.347  -15.631 0.8571428657
94233  -25.511  25.076  -16.425 0.5714285970
94232  -25.023  25.498  -16.645 0.5714285970
94246  -24.427  25.699  -17.241 0.4285714328
94217  -25.964  25.256  -15.703 0.8571428657
94216  -25.268  25.963  -15.898 0.5714285970
95239  -24.551  26.696  -16.686 0.5714285970
96260  -26.125  27.162  -14.915 0.8571428657
96259  -25.653  27.772  -15.223 0.7142857313
96281  -25.200  27.618  -15.828 0.5714285970
99290  -27.590  30.321  -13.974 0.7142857313
100361  -27.428  31.394  -14.368 0.7142857313
101414  -27.297  32.410  -14.645 0.7142857313
101425  -26.667  32.285  -15.171 0.8571428657
100336  -29.144  31.436  -12.784 0.2857142985
100350  -28.538  31.359  -13.263 0.4285714328
101404  -28.335  31.970  -13.571 0.5714285970
88896  -26.231  20.607  -16.345 0.4285714328
89985  -26.144  21.719  -17.521 0.4285714328
94218  -26.739  24.790  -15.300 0.7142857313
95221  -26.129  26.270  -15.066 0.8571428657
98299  -28.133  29.434  -13.349 0.7142857313
99271  -28.751  30.568  -12.892 0.2857142985
99291  -28.243  30.504  -13.399 0.5714285970
87854  -26.611  19.392  -15.376 0.4285714328
87871  -26.196  19.560  -16.195 0.5714285970
89971  -26.122  21.562  -16.612 0.5714285970
92101  -26.659  23.372  -15.602 0.7142857313
96226  -28.613  27.568  -13.296 0.4285714328
98300  -28.595  28.931  -13.113 0.4285714328
98281  -28.959  29.478  -12.744 0.4285714328
89900  -29.580  21.454  -12.538 0.4285714328
90982  -29.702  22.378  -12.622 0.4285714328
94193  -29.439  25.457  -13.050 0.4285714328
93169  -29.124  24.708  -13.343 0.4285714328
95196  -29.694  26.377  -12.562 0.4285714328
79980  -26.816  12.367  -11.157 0.1428571492
93151  -29.844  24.407  -12.795 0.4285714328
94178  -30.176  25.356  -12.378 0.4285714328
81063  -27.531  13.645  -11.228 0.1428571492
82197  -27.847  14.142  -11.065 0.1428571492
85738  -28.394  17.033  -11.625 0.2857142985
88810  -30.485  20.149  -11.685 0.2857142985
89902  -31.164  22.293  -12.057 0.2857142985
89901  -30.514  21.744  -12.189 0.2857142985
88809  -29.801  19.587  -11.815 0.4285714328
90984  -31.187  23.106  -12.003 0.2857142985
88830  -30.147  20.941  -12.113 0.2857142985
92065  -30.568  23.668  -12.443 0.2857142985
79961  -27.528  12.874  -11.059 0.1428571492
83385  -28.047  15.490  -11.070 0.2857142985
84598  -28.266  16.126  -11.203 0.2857142985
86778  -30.196  18.336  -11.178 0.2857142985
87783  -30.523  19.134  -11.265 0.2857142985
86799  -29.149  18.723  -11.764 0.2857142985
82198  -28.431  14.297  -10.745 0.1428571492
84572  -30.135  16.070  -10.664 0.2857142985
82199  -29.307  14.381  -10.525 0.2857142985
85712  -29.721  16.612  -10.761 0.2857142985
84571  -29.109  16.212  -10.707 0.2857142985
83357  -27.915  14.874  -11.036 0.2857142985
85740  -29.983  17.674  -11.038 0.2857142985
75363  -26.073  8.625  -9.847 0.2857142985
77739  -26.908  10.625  -10.499 0.1428571492
78869  -27.501  11.762  -10.773 0.1428571492
71783  -24.814  5.471  -8.809 0.2857142985
69571  -24.871  3.649  -8.417 0.2857142985
70681  -23.902  4.441  -9.040 0.2857142985
76554  -27.167  9.056  -9.599 0.2857142985
70683  -25.348  4.565  -8.374 0.1428571492
69570  -24.039  3.722  -9.037 0.2857142985
69585  -23.802  2.893  -9.422 0.1428571492
83359  -29.723  15.282  -10.612 0.2857142985
87784  -31.179  19.624  -11.125 0.2857142985
87782  -29.665  18.895  -11.580 0.2857142985
89883  -30.911  20.899  -11.892 0.2857142985
90983  -30.462  22.768  -12.305 0.2857142985
92066  -31.273  23.851  -12.207 0.2857142985
95220  -25.535  26.649  -15.450 0.5714285970
97284  -28.316  28.425  -13.300 0.4285714328
99272  -29.416  30.587  -12.261 0.2857142985
106374  -23.913  37.598  -16.525 0.7142857313
105338  -25.198  36.964  -15.611 0.8571428657
109420  -23.077  40.279  -16.116 0.4285714328
101405  -28.884  32.300  -13.183 0.2857142985
105339  -25.553  37.109  -14.978 0.8571428657
112098  -23.569  43.811  -15.759 0.2857142985
108406  -26.215  39.590  -15.332 0.4285714328
110296  -25.890  40.998  -15.932 0.4285714328
112974  -25.681  44.593  -11.974 0.1428571492
111192  -25.987  42.576  -17.537 0.1428571492
71784  -25.798  5.414  -8.581 0.1428571492
71801  -23.771  5.598  -9.435 0.2857142985
74196  -26.235  7.198  -9.118 0.1428571492
81065  -28.889  13.474  -10.613 0.1428571492
85737  -27.810  16.560  -11.801 0.2857142985
84599  -28.761  16.658  -11.148 0.2857142985
86777  -29.358  18.168  -11.421 0.2857142985
86776  -28.736  17.743  -11.571 0.2857142985
87800  -29.024  19.288  -12.148 0.2857142985
88935  -26.221  21.059  -18.026 0.2857142985
93153  -31.613  24.469  -11.956 0.2857142985
92100  -26.308  23.147  -16.412 0.7142857313
93217  -25.027  24.717  -17.286 0.4285714328
93206  -25.554  24.547  -16.869 0.5714285970
93152  -30.784  24.504  -12.356 0.4285714328
94231  -24.518  26.155  -16.931 0.5714285970
97349  -24.281  28.285  -17.048 0.2857142985
95181  -30.470  26.238  -11.831 0.1428571492
96211  -30.014  27.344  -12.081 0.4285714328
96227  -29.293  27.427  -12.789 0.4285714328
97272  -29.565  28.425  -12.378 0.1428571492
98282  -29.825  29.523  -11.813 0.1428571492
101415  -27.981  32.233  -14.061 0.5714285970
137331  -26.962  34.024  -14.374 0.7142857313
106352  -25.496  37.514  -15.119 0.8571428657
103329  -29.053  34.111  -13.017 0.2857142985
137325  -28.914  34.979  -12.971 0.1428571492
137332  -27.425  34.648  -14.068 0.4285714328
106345  -28.817  36.430  -13.386 0.1428571492
108391  -26.231  38.980  -14.758 0.5714285970
106355  -28.238  37.281  -13.878 0.1428571492
107350  -27.551  39.217  -14.801 0.1428571492
112052  -24.897  43.945  -12.081 0.1428571492
107337  -27.814  38.318  -14.316 0.1428571492
109407  -27.369  40.329  -15.934 0.1428571492
112100  -25.660  42.852  -17.287 0.2857142985
109423  -26.990  40.977  -16.474 0.2857142985
110308  -27.090  41.170  -16.886 0.1428571492
111193  -26.420  42.024  -17.935 0.1428571492
113062  -23.816  44.711  -18.505 0.2857142985
112131  -24.513  44.344  -19.623 0.2857142985
112132  -25.077  43.672  -19.841 0.1428571492
111213  -25.804  42.683  -19.283 0.1428571492
74180  -27.031  6.973  -8.626 0.1428571492
78870  -28.677  11.674  -10.461 0.1428571492
89884  -31.623  21.455  -11.658 0.2857142985
100337  -29.842  31.609  -12.279 0.2857142985
111214  -26.159  41.813  -19.701 0.1428571492
113073  -24.488  44.457  -20.109 0.2857142985
72998  -24.867  5.980  -8.990 0.2857142985
73023  -25.533  6.689  -9.050 0.1428571492
74179  -26.611  6.694  -8.773 0.1428571492
75348  -26.655  8.416  -9.508 0.1428571492
76553  -26.728  8.963  -9.683 0.1428571492
84610  -27.244  16.187  -12.229 0.4285714328
84597  -27.682  16.116  -11.680 0.2857142985
82221  -27.289  14.376  -11.510 0.1428571492
88829  -29.362  20.366  -12.465 0.4285714328
94204  -26.456  25.839  -14.990 0.7142857313
98325  -25.214  29.485  -15.535 0.8571428657
96240  -26.072  27.994  -14.761 0.8571428657
97295  -25.849  28.634  -15.010 0.8571428657
100371  -26.345  31.914  -15.459 0.8571428657
111189  -23.551  43.080  -16.327 0.2857142985
78888  -26.819  11.826  -10.963 0.1428571492
84622  -25.670  16.397  -13.797 0.5714285970
92064  -29.776  23.337  -12.746 0.4285714328
106363  -25.174  37.817  -15.467 0.8571428657
112084  -23.362  43.971  -15.321 0.2857142985
112997  -23.647  45.040  -13.323 0.2857142985
114884  -21.677  47.009  -15.700 0.2857142985
113986  -22.524  45.904  -15.254 0.2857142985
114008  -22.459  46.032  -17.739 0.2857142985
112109  -23.809  43.717  -16.592 0.2857142985
112099  -25.289  43.126  -17.119 0.2857142985
112123  -25.363  43.468  -18.614 0.1428571492
113046  -23.751  44.110  -16.358 0.2857142985
111205  -26.278  41.909  -18.791 0.1428571492
112122  -24.564  44.205  -18.962 0.1428571492
108426  -27.737  40.076  -15.925 0.1428571492
111179  -26.278  42.025  -17.242 0.2857142985
110315  -26.804  41.542  -17.398 0.2857142985
110295  -25.438  40.827  -15.944 0.5714285970
106353  -25.973  37.618  -14.643 0.7142857313
107349  -25.597  38.678  -15.129 0.7142857313
137330  -27.760  34.067  -14.171 0.4285714328
96280  -24.766  27.693  -16.530 0.5714285970
99325  -24.071  30.617  -16.808 0.4285714328
97331  -24.065  29.051  -16.904 0.4285714328
103349  -26.583  33.738  -14.752 0.8571428657
102414  -27.458  33.374  -14.418 0.4285714328
102405  -28.433  33.322  -13.970 0.5714285970
137337  -26.835  35.002  -14.562 0.8571428657
93194  -26.285  24.042  -16.286 0.7142857313
95240  -24.950  26.669  -16.105 0.5714285970
94247  -24.848  25.306  -17.115 0.4285714328
93216  -24.295  24.717  -17.552 0.2857142985
100349  -27.985  31.312  -13.756 0.5714285970
87892  -25.883  20.082  -16.849 0.5714285970
97285  -28.928  28.381  -12.997 0.4285714328
85739  -29.284  17.161  -11.079 0.2857142985
79962  -28.336  12.642  -10.704 0.1428571492
81064  -28.086  13.514  -10.871 0.1428571492
83358  -28.636  15.354  -10.696 0.2857142985
85713  -30.332  16.917  -10.728 0.2857142985
68445  -24.483  2.807  -8.875 0.1428571492
70684  -26.369  4.572  -8.265 0.1428571492
74197  -27.174  7.677  -8.856 0.1428571492
111144  -24.609  43.294  -11.948 0.1428571492
107365  -22.868  38.360  -17.364 0.5714285970
137345  -22.766  35.738  -17.517 0.4285714328
106373  -23.222  37.216  -17.330 0.4285714328
137343  -23.523  35.537  -16.967 0.4285714328
107366  -23.672  38.357  -16.788 0.4285714328
101446  -23.457  32.677  -17.417 0.4285714328
103361  -23.138  34.813  -17.160 0.4285714328
137344  -23.689  36.371  -16.930 0.5714285970
90961  -32.856  22.644  -11.376 0.1428571492
92043  -32.010  23.507  -11.683 0.1428571492
81091  -24.676  12.863  -13.078 0.2857142985
89886  -33.763  21.844  -11.121 0.1428571492
89885  -32.682  21.705  -11.227 0.1428571492
90962  -33.864  22.771  -11.360 0.1428571492
90963  -34.740  22.877  -11.678 0.1428571492
88811  -31.558  20.367  -11.211 0.1428571492
88812  -32.524  20.793  -10.900 0.1428571492
88831  -35.381  21.309  -11.677 0.1428571492
89939  -35.568  22.275  -15.189 0.1428571492
89904  -35.769  21.967  -12.900 0.1428571492
91000  -35.629  23.004  -14.169 0.1428571492
78902  -24.801  11.627  -12.392 0.2857142985
78901  -24.160  11.682  -12.991 0.2857142985
86756  -31.537  17.859  -10.561 0.1428571492
86757  -32.424  18.105  -10.265 0.1428571492
87764  -31.524  18.838  -10.685 0.1428571492
87763  -30.923  18.368  -10.964 0.1428571492
88789  -31.833  19.581  -10.751 0.1428571492
88791  -33.467  20.097  -10.704 0.1428571492
88790  -32.555  19.868  -10.702 0.1428571492
88814  -34.807  20.840  -11.182 0.1428571492
88845  -35.935  20.844  -13.587 0.1428571492
89920  -35.753  21.999  -13.997 0.1428571492
77773  -24.382  11.046  -12.351 0.2857142985
76598  -24.035  10.371  -12.134 0.2857142985
76597  -23.383  9.897  -12.352 0.2857142985
84573  -31.096  16.098  -10.490 0.1428571492
85715  -32.307  17.145  -10.188 0.1428571492
87767  -34.352  19.479  -10.703 0.1428571492
87765  -32.539  19.009  -10.461 0.1428571492
87786  -35.492  19.901  -11.717 0.1428571492
88833  -36.099  20.646  -13.087 0.1428571492
88815  -35.580  20.623  -11.838 0.1428571492
89956  -35.372  22.268  -16.231 0.1428571492
83361  -31.690  15.301  -10.214 0.1428571492
84575  -33.028  16.520  -9.742 0.1428571492
84553  -32.543  15.785  -9.719 0.1428571492
85718  -35.277  17.554  -10.638 0.1428571492
86779  -35.100  19.037  -10.791 0.1428571492
86758  -33.475  18.297  -10.242 0.1428571492
87785  -35.028  19.752  -11.029 0.1428571492
88861  -35.444  21.036  -14.905 0.1428571492
87801  -35.905  20.100  -12.467 0.1428571492
88879  -35.175  21.444  -16.045 0.1428571492
82201  -31.387  14.406  -10.351 0.1428571492
82182  -33.677  14.919  -9.554 0.1428571492
83340  -33.288  15.428  -9.439 0.1428571492
84576  -34.126  16.468  -9.686 0.1428571492
84555  -33.483  15.997  -9.434 0.1428571492
84574  -32.164  16.064  -9.942 0.1428571492
85741  -35.580  17.706  -11.592 0.1428571492
86780  -35.462  18.880  -11.569 0.1428571492
86800  -35.647  19.254  -12.543 0.1428571492
82204  -34.399  14.546  -9.893 0.1428571492
82203  -33.464  14.309  -9.737 0.1428571492
82202  -32.459  14.616  -9.887 0.1428571492
83364  -35.427  15.614  -10.878 0.1428571492
82205  -35.224  14.593  -10.556 0.1428571492
84600  -35.546  16.629  -11.292 0.1428571492
87821  -35.839  19.750  -13.569 0.1428571492
85762  -35.471  18.156  -12.675 0.1428571492
83363  -34.843  15.537  -10.054 0.1428571492
85717  -34.405  17.494  -10.053 0.1428571492
86759  -34.588  18.528  -10.397 0.1428571492
89972  -35.206  21.913  -17.052 0.1428571492
88860  -35.194  20.262  -15.041 0.1428571492
91055  -34.912  22.612  -17.966 0.1428571492
91030  -35.411  23.031  -15.884 0.1428571492
90985  -35.276  22.879  -12.377 0.1428571492
91016  -35.527  23.318  -14.971 0.1428571492
108424  -22.348  39.004  -16.918 0.4285714328
113082  -24.738  44.236  -20.806 0.1428571492
114034  -23.379  45.372  -20.460 0.1428571492
90960  -31.910  22.447  -11.690 0.1428571492
86755  -30.747  17.681  -10.891 0.1428571492
83360  -30.749  15.256  -10.544 0.1428571492
82200  -30.334  14.368  -10.491 0.1428571492
94179  -31.080  25.296  -11.931 0.1428571492
89887  -34.774  21.998  -11.315 0.1428571492
92044  -33.060  23.569  -11.356 0.1428571492
92045  -33.968  23.620  -11.590 0.1428571492
88813  -33.591  20.972  -10.770 0.1428571492
89903  -35.461  22.053  -11.955 0.1428571492
88832  -35.863  20.990  -12.517 0.1428571492
88792  -34.267  20.227  -10.848 0.1428571492
90986  -35.562  22.892  -13.238 0.1428571492
85714  -31.380  16.961  -10.514 0.1428571492
87766  -33.506  19.220  -10.517 0.1428571492
85716  -33.305  17.345  -10.022 0.1428571492
87802  -36.117  20.333  -12.970 0.1428571492
83341  -34.053  15.479  -9.531 0.1428571492
83339  -32.636  15.378  -9.668 0.1428571492
86760  -35.342  18.354  -10.907 0.1428571492
86819  -35.293  18.869  -13.403 0.1428571492
84577  -35.085  16.553  -10.334 0.1428571492
68458  -23.185  2.196  -9.949 0.1428571492
69569  -23.550  4.123  -9.166 0.1428571492
69583  -21.951  3.656  -10.162 0.1428571492
69584  -23.011  3.563  -9.527 0.1428571492
70696  -23.273  4.746  -9.214 0.1428571492
73021  -23.584  6.209  -9.846 0.1428571492
74216  -23.085  7.382  -10.765 0.1428571492
75376  -23.426  8.727  -11.388 0.1428571492
75360  -23.734  8.126  -10.916 0.1428571492
75377  -23.974  8.738  -11.086 0.1428571492
74215  -22.555  7.230  -10.823 0.1428571492
74237  -22.991  8.129  -11.179 0.1428571492
76583  -23.094  9.229  -11.893 0.1428571492
76596  -22.440  9.434  -12.381 0.1428571492
77771  -22.847  10.297  -13.035 0.1428571492
78900  -23.669  11.380  -13.226 0.1428571492
77772  -23.600  10.839  -12.900 0.1428571492
78915  -23.701  11.651  -13.381 0.2857142985
79990  -24.381  12.450  -13.253 0.1428571492
80005  -23.755  12.191  -13.661 0.2857142985
85818  -25.468  17.947  -15.948 0.4285714328
86862  -26.230  18.863  -15.788 0.4285714328
100391  -23.182  31.469  -18.003 0.2857142985
100378  -23.857  31.604  -17.142 0.2857142985
137347  -22.269  35.292  -17.273 0.2857142985
137346  -22.304  36.552  -17.501 0.2857142985
106385  -22.337  37.471  -17.449 0.4285714328
80004  -22.854  12.390  -14.139 0.1428571492
81106  -23.561  12.759  -14.148 0.2857142985
81108  -25.015  13.999  -13.433 0.1428571492
73020  -23.012  6.346  -10.079 0.1428571492
77789  -23.085  10.797  -13.325 0.1428571492
78914  -23.216  11.417  -13.544 0.1428571492
81120  -23.289  13.387  -14.710 0.2857142985
81107  -24.329  13.222  -13.800 0.2857142985
81121  -24.041  14.033  -14.554 0.2857142985
82243  -24.643  14.329  -14.092 0.2857142985
83410  -24.900  15.176  -14.258 0.2857142985
84638  -25.298  16.371  -14.587 0.4285714328
84654  -25.376  16.981  -15.275 0.4285714328
85804  -25.227  17.253  -15.917 0.2857142985
98340  -23.861  29.748  -17.219 0.2857142985
99324  -23.642  30.599  -17.607 0.2857142985
102439  -22.974  33.743  -17.642 0.2857142985
103360  -22.405  34.659  -17.313 0.2857142985
103359  -21.882  34.125  -17.256 0.2857142985
98358  -23.507  29.677  -17.831 0.2857142985
101445  -22.642  32.376  -17.954 0.2857142985
102438  -22.158  33.441  -17.745 0.2857142985
102428  -21.609  33.199  -17.393 0.2857142985
100396  -22.050  31.245  -18.032 0.2857142985
101453  -22.298  31.776  -18.026 0.2857142985
86845  -25.866  18.331  -15.629 0.4285714328
76584  -24.196  9.490  -11.390 0.1428571492
83427  -25.043  15.756  -14.348 0.4285714328
73044  -23.396  6.730  -10.275 0.1428571492
71800  -22.715  5.730  -9.709 0.1428571492
76582  -22.663  9.132  -12.015 0.1428571492
75388  -22.154  8.917  -12.113 0.1428571492
84637  -24.939  16.086  -15.068 0.4285714328
101444  -21.932  32.255  -17.793 0.2857142985
87870  -25.527  19.378  -16.855 0.2857142985
86861  -25.642  18.625  -16.264 0.2857142985
88917  -26.013  20.801  -17.266 0.2857142985
114920  -23.997  46.795  -18.882 0.1428571492
114926  -23.912  46.709  -19.957 0.1428571492
114906  -22.963  46.742  -18.223 0.1428571492
114032  -21.981  46.211  -19.673 0.1428571492
114033  -22.684  45.613  -19.835 0.1428571492
114921  -25.198  46.626  -18.504 0.1428571492
114007  -22.334  46.664  -18.379 0.1428571492
114896  -21.963  47.142  -16.289 0.1428571492
114876  -23.965  46.744  -14.491 0.1428571492
88916  -25.865  20.536  -17.915 0.2857142985
114042  -22.935  45.827  -20.827 0.1428571492
114932  -23.841  46.500  -20.972 0.1428571492
113071  -23.062  45.267  -18.992 0.1428571492
114918  -22.321  46.817  -19.569 0.1428571492
114041  -22.339  46.086  -20.317 0.1428571492
114897  -23.077  46.438  -16.709 0.1428571492
114023  -22.268  45.703  -18.841 0.1428571492
114886  -23.825  46.746  -15.351 0.1428571492
115672  -22.450  47.364  -16.032 0.1428571492
115653  -22.535  48.107  -14.762 0.1428571492
114865  -23.066  47.485  -14.112 0.1428571492
115671  -22.038  48.066  -16.119 0.1428571492
114907  -24.092  46.605  -17.698 0.1428571492
114919  -22.992  47.127  -19.298 0.1428571492
114908  -25.389  46.274  -17.373 0.1428571492
114925  -22.934  47.063  -20.384 0.1428571492
99354  -22.213  30.411  -18.320 0.1428571492
99341  -23.239  30.453  -18.191 0.1428571492
100398  -22.984  30.913  -18.388 0.1428571492
101412  -20.804  32.446  -15.273 0.1428571492
102413  -21.364  33.600  -16.121 0.1428571492
102422  -21.350  33.021  -16.701 0.1428571492
102412  -21.271  33.975  -14.893 0.1428571492
137349  -21.467  35.146  -15.030 0.1428571492
92122  -25.415  23.653  -17.654 0.2857142985
92121  -24.757  23.835  -17.848 0.1428571492
96297  -23.265  27.527  -17.828 0.1428571492
96298  -23.795  27.809  -17.498 0.1428571492
97362  -22.814  28.894  -18.213 0.1428571492
102407  -29.182  32.959  -13.169 0.1428571492
99353  -21.744  30.399  -17.884 0.1428571492
103352  -21.589  33.879  -16.887 0.1428571492
106384  -22.053  36.778  -17.177 0.1428571492
106372  -21.449  36.230  -15.560 0.2857142985
107364  -21.598  38.147  -16.589 0.2857142985
109379  -21.457  39.975  -13.913 0.2857142985
108383  -21.754  39.029  -13.173 0.2857142985
109345  -23.656  40.430  -10.257 0.1428571492
107384  -22.169  38.198  -17.340 0.2857142985
107382  -21.521  36.728  -16.336 0.2857142985
108423  -21.728  38.884  -16.302 0.2857142985
109419  -22.238  39.596  -16.375 0.2857142985
108403  -21.717  39.216  -15.655 0.2857142985
108390  -21.676  38.932  -14.169 0.2857142985
109390  -21.638  39.753  -14.865 0.2857142985
109391  -22.171  40.770  -14.604 0.2857142985
110270  -22.510  41.136  -12.370 0.1428571492
108374  -21.755  39.305  -12.144 0.2857142985
111136  -24.351  42.519  -11.390 0.1428571492
110262  -24.877  42.260  -10.803 0.1428571492
107334  -21.601  37.902  -13.344 0.1428571492
137348  -21.460  35.707  -14.598 0.2857142985
109366  -22.165  40.483  -12.494 0.1428571492
108375  -22.133  39.935  -11.965 0.2857142985
109354  -22.916  40.544  -11.440 0.1428571492
108369  -22.228  39.701  -11.300 0.1428571492
103346  -21.143  34.187  -14.016 0.2857142985
108368  -21.549  38.931  -11.182 0.1428571492
108364  -23.551  39.660  -9.640 0.1428571492
108362  -21.730  39.165  -10.518 0.1428571492
101365  -20.244  32.387  -12.098 0.1428571492
102390  -29.098  33.379  -13.200 0.1428571492
95257  -23.716  26.697  -17.449 0.1428571492
96315  -22.664  28.392  -18.208 0.1428571492
102391  -29.727  33.308  -12.992 0.1428571492
97361  -22.334  28.757  -18.270 0.1428571492
99340  -21.424  30.378  -17.175 0.1428571492
99323  -21.088  30.338  -16.428 0.1428571492
100389  -21.700  31.311  -17.467 0.1428571492
101421  -20.995  31.904  -15.789 0.1428571492
102401  -20.681  33.627  -13.740 0.1428571492
106383  -21.815  35.428  -16.665 0.1428571492
137351  -21.323  34.547  -14.460 0.2857142985
107363  -21.387  37.598  -15.881 0.1428571492
108422  -21.575  38.538  -15.541 0.2857142985
107346  -21.453  37.854  -14.573 0.1428571492
108402  -21.688  38.986  -15.061 0.1428571492
107318  -21.426  38.275  -11.632 0.2857142985
108370  -22.885  39.822  -11.067 0.1428571492
101388  -29.492  32.134  -12.764 0.1428571492
101406  -29.502  32.659  -12.977 0.1428571492
101389  -30.166  32.549  -12.603 0.1428571492
109402  -22.039  39.965  -15.694 0.2857142985
110260  -23.344  41.348  -11.261 0.1428571492
109344  -23.259  40.132  -10.854 0.1428571492
97348  -23.784  28.878  -17.418 0.1428571492
107383  -21.789  37.499  -16.915 0.1428571492
98372  -22.508  29.599  -18.381 0.1428571492
101431  -21.552  32.236  -17.075 0.1428571492
98357  -21.534  29.448  -17.569 0.1428571492
98371  -21.916  29.518  -18.212 0.1428571492
101422  -21.235  32.203  -16.238 0.1428571492
101413  -21.206  32.835  -16.099 0.1428571492
97363  -23.328  28.744  -17.906 0.1428571492
108441  -21.784  38.436  -16.896 0.2857142985
109365  -21.728  39.952  -13.046 0.2857142985
107326  -21.502  38.172  -12.429 0.1428571492
109339  -24.218  40.254  -9.554 0.1428571492
109353  -22.454  40.255  -11.894 0.1428571492
111137  -25.533  42.927  -11.480 0.1428571492
106361  -21.325  36.571  -14.630 0.1428571492
80018  -22.621  12.994  -14.586 0.1428571492
82258  -23.723  14.397  -15.209 0.1428571492
82256  -21.572  14.419  -14.640 0.1428571492
83424  -21.902  15.427  -15.052 0.1428571492
83425  -22.782  15.594  -15.469 0.1428571492
82270  -23.502  15.109  -15.614 0.1428571492
84651  -22.910  16.613  -15.755 0.1428571492
82272  -24.465  15.218  -15.261 0.1428571492
84652  -23.911  16.488  -16.008 0.1428571492
84653  -24.798  16.286  -15.579 0.1428571492
85803  -24.540  17.189  -16.271 0.1428571492
85802  -23.566  17.639  -16.421 0.1428571492
85817  -25.114  17.868  -16.416 0.1428571492
87869  -24.909  19.380  -17.362 0.1428571492
88934  -25.597  20.872  -18.462 0.1428571492
89998  -26.021  21.782  -18.362 0.1428571492
137353  -21.309  34.804  -13.989 0.1428571492
82271  -24.182  15.027  -15.521 0.1428571492
83426  -24.780  15.632  -14.964 0.1428571492
80017  -22.134  12.865  -14.365 0.1428571492
81118  -21.566  13.476  -14.341 0.1428571492
82257  -22.706  14.492  -15.190 0.1428571492
91053  -25.935  22.623  -17.735 0.1428571492
82259  -24.451  14.767  -14.926 0.1428571492
83442  -24.432  15.548  -15.441 0.1428571492
86860  -25.041  18.603  -16.882 0.1428571492
81119  -22.291  13.543  -14.742 0.1428571492
83440  -23.459  15.860  -15.752 0.1428571492
83441  -24.085  15.655  -15.774 0.1428571492
85801  -22.417  17.639  -15.957 0.1428571492
85816  -24.442  17.991  -16.715 0.1428571492
84650  -21.986  16.895  -15.582 0.1428571492
80016  -21.625  12.864  -13.964 0.1428571492
70682  -24.474  4.502  -8.685 0.2857142985
75375  -22.562  8.739  -11.737 0.1428571492
82180  -32.691  14.963  -9.655 0.1428571492
82181  -33.012  14.900  -9.492 0.1428571492
83362  -32.226  15.341  -9.915 0.1428571492
84554  -32.834  15.887  -9.573 0.1428571492
84570  -28.641  15.932  -10.807 0.2857142985
85805  -25.589  17.692  -15.432 0.4285714328
87822  -36.101  20.387  -13.326 0.1428571492
87891  -25.516  20.060  -17.508 0.2857142985
88846  -36.088  20.622  -13.332 0.1428571492
93205  -25.255  24.942  -17.000 0.4285714328
93218  -25.353  24.289  -17.315 0.4285714328
96316  -23.026  28.214  -18.126 0.1428571492
96317  -23.364  28.080  -17.879 0.1428571492
97333  -25.059  28.330  -16.139 0.5714285970
98280  -28.484  30.001  -13.067 0.2857142985
98373  -23.060  29.627  -18.250 0.2857142985
99355  -22.773  30.381  -18.440 0.1428571492
100380  -25.396  31.955  -16.093 1.0000000000
100390  -22.744  31.706  -18.114 0.2857142985
100397  -22.579  31.239  -18.304 0.2857142985
101454  -22.530  31.778  -18.084 0.2857142985
102406  -28.768  33.068  -13.574 0.4285714328
102416  -28.364  32.855  -13.976 0.4285714328
102423  -26.018  33.931  -15.324 0.8571428657
103340  -28.231  33.466  -14.158 0.5714285970
107335  -26.079  38.369  -14.805 0.5714285970
108361  -21.441  38.741  -10.720 0.1428571492
108442  -21.940  38.337  -17.142 0.2857142985
109367  -22.567  40.823  -12.033 0.1428571492
109401  -21.719  39.520  -15.381 0.2857142985
109422  -25.037  40.594  -15.856 0.7142857313
113034  -23.724  44.031  -15.988 0.2857142985
113961  -22.620  47.261  -14.113 0.2857142985
113972  -22.084  47.134  -14.282 0.2857142985
113984  -21.619  47.390  -14.787 0.2857142985
113985  -21.738  46.709  -15.078 0.2857142985
114022  -22.074  46.469  -18.822 0.1428571492
114864  -22.251  47.789  -14.243 0.1428571492
114873  -21.572  47.902  -14.741 0.2857142985
114874  -21.851  47.776  -14.379 0.2857142985
114883  -21.512  47.584  -15.473 0.2857142985
114895  -21.624  47.834  -16.046 0.1428571492
114905  -22.428  46.844  -18.858 0.1428571492
114924  -22.436  46.504  -20.312 0.1428571492
114930  -22.614  46.225  -20.656 0.1428571492
115644  -22.075  48.136  -14.250 0.1428571492
115645  -22.335  48.051  -14.297 0.1428571492
115651  -21.619  48.179  -14.752 0.2857142985
115652  -21.905  48.226  -14.541 0.1428571492
115660  -21.575  48.199  -15.091 0.2857142985
115661  -22.006  48.363  -15.326 0.1428571492
115662  -22.560  47.892  -15.539 0.1428571492
115670  -21.618  48.152  -15.695 0.1428571492
137322  -29.282  35.074  -12.893 0.1428571492
137324  -29.156  34.763  -12.874 0.1428571492
137326  -28.689  33.572  -13.584 0.4285714328
137329  -28.010  33.590  -14.279 0.2857142985
137334  -26.820  34.362  -14.531 0.7142857313
