#!ascii label  , from subject 3600 vox2ras=TkReg
1698
68645  50.620  -1.077  51.253 0.0000000000
44186  38.008  -20.971  51.760 0.0000000000
44063  22.325  -21.597  57.179 0.0000000000
39112  15.613  -25.021  59.596 0.0000000000
40392  32.059  -23.757  59.645 0.0000000000
44197  27.726  -21.596  50.191 0.0000000000
65026  46.103  -4.604  47.693 0.0000000000
74518  53.293  3.316  45.869 0.0000000000
63791  41.821  -5.638  53.674 0.0000000000
55234  38.386  -12.848  46.156 0.0000000000
52864  30.630  -14.479  43.961 0.0000000000
41577  24.474  -23.387  62.687 0.0000000000
41663  18.924  -23.631  58.400 0.0000000000
40312  20.576  -24.573  64.982 0.0000000000
41638  27.089  -22.876  59.311 0.0000000000
67397  44.843  -2.318  55.754 0.0000000000
40485  40.083  -23.759  55.364 0.0000000000
46668  42.617  -19.204  52.917 0.0000000000
52728  41.503  -13.639  52.337 0.0000000000
49114  39.103  -17.128  48.188 0.0000000000
54016  36.280  -13.857  44.214 0.0000000000
49129  34.421  -17.731  47.795 0.0000000000
46695  23.056  -19.420  48.296 0.0000000000
45526  25.000  -19.490  45.219 0.0000000000
73214  49.046  2.271  48.557 0.0000000000
72116  48.693  0.763  44.558 0.0000000000
45419  20.296  -20.813  51.994 0.0000000000
42964  17.581  -22.648  52.742 0.0000000000
39221  35.162  -24.472  54.377 0.0000000000
44192  32.404  -21.650  50.418 0.0000000000
41722  30.596  -23.030  54.831 0.0000000000
44119  25.408  -20.880  53.987 0.0000000000
64961  48.694  -4.511  51.636 0.0000000000
37727  16.517  -26.254  66.471 0.0000000000
36445  11.574  -27.421  61.658 0.0000000000
75754  49.659  4.636  52.030 0.0000000000
71990  49.137  1.486  53.561 0.0000000000
69702  46.430  0.033  52.120 0.0000000000
67475  43.170  -2.420  49.497 0.0000000000
65045  40.594  -5.069  47.317 0.0000000000
59995  43.081  -9.303  56.057 0.0000000000
60075  41.517  -8.875  49.731 0.0000000000
61477  37.681  -7.859  43.766 0.0000000000
57816  36.566  -10.850  40.761 0.0000000000
47933  29.557  -18.720  46.725 0.0000000000
41537  24.975  -23.046  64.915 0.0000000000
40328  22.458  -24.127  63.724 0.0000000000
41526  22.993  -23.584  66.196 0.0000000000
41558  26.473  -23.040  63.308 0.0000000000
41752  39.120  -23.182  53.118 0.0000000000
45411  40.267  -20.317  51.708 0.0000000000
47887  40.604  -18.310  50.478 0.0000000000
46690  38.822  -18.708  49.900 0.0000000000
49127  36.697  -17.091  47.775 0.0000000000
47899  36.382  -18.688  49.493 0.0000000000
45484  20.067  -20.283  47.589 0.0000000000
45515  21.477  -20.189  45.270 0.0000000000
69755  49.733  0.041  49.687 0.0000000000
69781  49.290  -0.680  48.273 0.0000000000
67484  50.412  -2.404  49.289 0.0000000000
44122  21.357  -21.166  54.396 0.0000000000
44178  18.773  -21.765  51.844 0.0000000000
44124  19.707  -21.975  54.904 0.0000000000
39127  17.486  -24.541  58.765 0.0000000000
41696  17.050  -23.833  55.906 0.0000000000
40435  15.316  -24.526  56.918 0.0000000000
39151  13.087  -25.429  57.618 0.0000000000
39143  36.243  -24.770  57.448 0.0000000000
39168  33.478  -24.460  56.825 0.0000000000
40507  32.994  -23.806  54.102 0.0000000000
40451  31.367  -23.571  56.637 0.0000000000
42852  25.017  -22.145  58.084 0.0000000000
42869  26.414  -21.933  56.749 0.0000000000
44081  24.067  -21.060  55.875 0.0000000000
45373  23.117  -20.381  53.246 0.0000000000
64991  47.320  -4.634  49.998 0.0000000000
62627  48.825  -6.420  50.701 0.0000000000
62646  47.320  -6.025  49.170 0.0000000000
35116  10.019  -28.486  61.737 0.0000000000
70835  47.850  0.799  52.728 0.0000000000
70796  47.039  0.426  54.750 0.0000000000
64932  43.084  -4.120  54.843 0.0000000000
67438  44.091  -2.283  52.318 0.0000000000
66143  42.401  -3.581  51.917 0.0000000000
66188  42.110  -3.239  48.555 0.0000000000
64994  41.241  -4.955  50.680 0.0000000000
53941  39.456  -13.490  49.534 0.0000000000
56412  41.665  -11.529  51.281 0.0000000000
56462  39.713  -10.896  48.892 0.0000000000
60130  39.635  -8.493  46.964 0.0000000000
58904  37.546  -10.310  45.086 0.0000000000
58952  36.675  -10.062  41.860 0.0000000000
56498  37.460  -11.768  43.663 0.0000000000
55281  33.903  -11.963  42.775 0.0000000000
44194  30.148  -21.636  50.219 0.0000000000
45476  31.305  -20.038  48.374 0.0000000000
45478  28.610  -20.193  48.123 0.0000000000
47961  25.263  -18.144  43.935 0.0000000000
73306  55.167  2.696  42.333 0.0000000000
72125  53.045  1.939  43.515 0.0000000000
42834  23.096  -22.389  59.458 0.0000000000
42875  20.233  -22.590  57.989 0.0000000000
41643  21.470  -22.918  60.237 0.0000000000
40380  20.040  -23.687  61.158 0.0000000000
39068  18.243  -25.163  62.593 0.0000000000
41571  30.518  -22.734  61.664 0.0000000000
41636  29.558  -22.829  59.545 0.0000000000
41597  28.213  -22.681  61.278 0.0000000000
41620  25.206  -22.787  60.434 0.0000000000
68488  45.951  -0.779  56.795 0.0000000000
63753  42.069  -5.155  56.410 0.0000000000
50354  42.356  -16.363  52.755 0.0000000000
51614  40.017  -15.799  49.714 0.0000000000
51656  39.137  -15.586  46.830 0.0000000000
52859  38.203  -13.925  44.358 0.0000000000
50468  37.808  -15.834  45.999 0.0000000000
51677  35.156  -15.778  46.331 0.0000000000
51700  32.649  -16.026  45.539 0.0000000000
45434  25.805  -20.203  49.779 0.0000000000
44234  26.185  -20.245  47.528 0.0000000000
46744  24.084  -19.555  46.513 0.0000000000
73228  50.895  3.114  46.693 0.0000000000
73277  51.025  2.422  44.770 0.0000000000
72089  48.647  1.185  46.464 0.0000000000
41725  18.064  -23.012  55.312 0.0000000000
39218  37.838  -24.620  54.601 0.0000000000
41767  36.516  -22.754  52.358 0.0000000000
44189  35.260  -21.382  51.096 0.0000000000
42956  33.940  -23.243  52.305 0.0000000000
41772  31.640  -22.772  52.328 0.0000000000
42960  28.938  -21.844  51.918 0.0000000000
41675  29.151  -22.694  57.235 0.0000000000
42905  27.893  -21.885  54.956 0.0000000000
44155  26.912  -21.181  51.617 0.0000000000
45415  24.374  -20.028  51.079 0.0000000000
45454  21.613  -19.809  49.727 0.0000000000
66123  49.877  -3.006  52.182 0.0000000000
64989  50.453  -4.237  50.559 0.0000000000
63799  49.791  -5.373  51.805 0.0000000000
39027  18.963  -25.386  65.833 0.0000000000
37770  16.153  -26.120  63.022 0.0000000000
36422  14.258  -27.020  64.317 0.0000000000
37794  13.599  -26.075  60.745 0.0000000000
75813  51.509  4.350  48.491 0.0000000000
73206  48.861  2.590  49.726 0.0000000000
70856  49.936  0.781  51.797 0.0000000000
69699  50.592  -0.339  52.605 0.0000000000
68605  49.397  -1.366  52.399 0.0000000000
68647  48.162  -1.704  50.586 0.0000000000
68670  46.680  -1.343  49.515 0.0000000000
68588  45.437  -1.243  54.291 0.0000000000
68650  44.550  -1.462  50.547 0.0000000000
67487  45.311  -2.719  48.002 0.0000000000
66203  43.501  -3.108  46.931 0.0000000000
65084  42.053  -3.964  45.252 0.0000000000
61301  41.865  -7.488  54.236 0.0000000000
56395  43.000  -11.593  53.474 0.0000000000
58813  42.502  -9.764  52.505 0.0000000000
62610  41.676  -7.227  51.679 0.0000000000
62663  40.834  -7.097  48.814 0.0000000000
62722  39.731  -6.357  45.524 0.0000000000
54050  36.568  -12.791  42.434 0.0000000000
45460  33.702  -20.005  48.751 0.0000000000
47930  32.177  -18.252  46.956 0.0000000000
49171  29.954  -16.891  45.024 0.0000000000
46755  26.820  -18.919  45.863 0.0000000000
49173  28.164  -17.329  44.650 0.0000000000
41525  23.721  -23.319  65.965 0.0000000000
43958  23.618  -21.942  66.006 0.0000000000
42968  38.451  -22.222  52.373 0.0000000000
44151  39.987  -21.496  52.373 0.0000000000
45412  39.205  -20.726  51.596 0.0000000000
45428  39.319  -19.927  51.051 0.0000000000
46684  37.468  -19.652  50.644 0.0000000000
47898  37.363  -18.459  49.485 0.0000000000
46685  36.305  -19.875  50.476 0.0000000000
68668  50.455  -1.138  50.370 0.0000000000
69771  49.749  -0.512  49.263 0.0000000000
67472  50.563  -2.143  50.134 0.0000000000
44083  22.249  -21.267  56.297 0.0000000000
44123  20.473  -21.601  54.701 0.0000000000
44084  21.247  -21.689  56.773 0.0000000000
39111  16.657  -24.875  59.531 0.0000000000
40417  16.682  -24.532  58.094 0.0000000000
39149  15.255  -24.627  57.741 0.0000000000
39169  14.675  -24.694  56.980 0.0000000000
39130  14.893  -24.925  58.673 0.0000000000
40359  32.163  -23.367  60.620 0.0000000000
40391  32.664  -23.873  59.587 0.0000000000
39123  33.804  -24.658  58.338 0.0000000000
39147  32.776  -24.483  58.001 0.0000000000
40450  32.152  -23.761  56.769 0.0000000000
40410  31.581  -23.722  58.622 0.0000000000
42872  23.167  -21.808  57.700 0.0000000000
44061  24.040  -21.386  56.567 0.0000000000
44062  23.186  -21.509  56.865 0.0000000000
44105  22.297  -20.916  55.160 0.0000000000
64992  46.925  -4.645  49.511 0.0000000000
63833  47.189  -5.050  49.775 0.0000000000
63864  46.506  -5.370  48.272 0.0000000000
73093  46.986  1.968  55.819 0.0000000000
70795  47.347  0.834  54.885 0.0000000000
70745  47.094  0.939  56.063 0.0000000000
64949  42.548  -4.608  53.942 0.0000000000
66127  42.650  -3.859  53.037 0.0000000000
64962  41.819  -4.750  52.732 0.0000000000
64993  41.653  -4.244  50.852 0.0000000000
64978  41.456  -5.292  51.857 0.0000000000
55220  38.963  -12.758  48.105 0.0000000000
56449  39.543  -11.949  49.122 0.0000000000
56473  38.710  -11.786  47.664 0.0000000000
57708  38.609  -10.828  47.183 0.0000000000
56484  38.078  -11.873  45.734 0.0000000000
56490  37.361  -11.371  44.226 0.0000000000
55239  38.140  -12.829  45.212 0.0000000000
44196  28.857  -21.333  49.977 0.0000000000
45448  29.444  -20.762  49.110 0.0000000000
44223  28.141  -20.991  48.886 0.0000000000
73273  53.999  2.656  44.407 0.0000000000
73274  53.193  2.552  44.559 0.0000000000
41601  23.692  -23.072  61.562 0.0000000000
41642  22.151  -22.766  60.385 0.0000000000
41602  22.735  -23.128  61.644 0.0000000000
40329  21.568  -24.171  63.837 0.0000000000
41581  21.379  -23.785  62.589 0.0000000000
40365  19.743  -24.067  62.021 0.0000000000
40366  18.907  -24.579  62.109 0.0000000000
39067  18.869  -24.890  62.981 0.0000000000
42791  29.038  -22.318  62.365 0.0000000000
41572  29.684  -22.569  61.711 0.0000000000
41556  28.130  -22.536  62.773 0.0000000000
41559  25.518  -23.225  63.503 0.0000000000
41575  26.757  -23.054  62.384 0.0000000000
41600  24.822  -22.966  61.532 0.0000000000
41621  23.847  -22.731  60.384 0.0000000000
45370  42.636  -20.382  53.760 0.0000000000
45368  43.665  -19.696  54.090 0.0000000000
47866  43.940  -18.423  53.693 0.0000000000
50337  43.614  -16.635  53.889 0.0000000000
49056  42.796  -17.614  52.889 0.0000000000
47894  40.134  -18.010  49.745 0.0000000000
49100  40.883  -17.545  50.662 0.0000000000
50416  39.665  -16.580  48.647 0.0000000000
51630  39.651  -15.786  48.817 0.0000000000
50422  39.223  -16.334  47.323 0.0000000000
50466  38.602  -15.684  46.095 0.0000000000
49125  38.470  -16.735  47.246 0.0000000000
49128  35.603  -17.270  47.904 0.0000000000
50426  36.133  -16.605  47.364 0.0000000000
50449  34.554  -16.361  46.649 0.0000000000
50469  34.035  -16.130  46.051 0.0000000000
50450  33.519  -16.835  46.498 0.0000000000
45452  23.671  -19.585  48.908 0.0000000000
45469  24.421  -19.627  47.904 0.0000000000
46711  23.427  -19.422  47.828 0.0000000000
74490  49.979  2.880  47.407 0.0000000000
73247  49.798  2.294  46.526 0.0000000000
72088  49.148  1.733  46.840 0.0000000000
69796  48.568  -0.746  46.824 0.0000000000
45456  19.375  -20.768  49.927 0.0000000000
44216  18.990  -21.126  50.596 0.0000000000
41677  19.928  -23.007  58.640 0.0000000000
42892  19.514  -22.579  56.973 0.0000000000
41694  18.587  -23.217  56.854 0.0000000000
40473  16.366  -24.195  55.671 0.0000000000
41711  16.845  -23.717  55.167 0.0000000000
39205  35.567  -24.677  55.110 0.0000000000
39183  36.749  -24.856  55.908 0.0000000000
39220  36.063  -24.653  54.401 0.0000000000
40515  36.942  -23.788  53.180 0.0000000000
40516  35.946  -23.810  53.302 0.0000000000
41769  34.759  -23.159  52.315 0.0000000000
41757  34.510  -23.593  52.738 0.0000000000
40509  31.323  -23.498  54.302 0.0000000000
41740  32.211  -23.485  53.523 0.0000000000
41760  31.358  -23.049  52.986 0.0000000000
42958  30.675  -22.588  52.360 0.0000000000
41743  29.917  -22.428  53.616 0.0000000000
41637  28.507  -22.857  59.518 0.0000000000
41657  29.514  -22.805  58.520 0.0000000000
41658  27.897  -22.743  58.001 0.0000000000
42907  25.944  -21.455  54.907 0.0000000000
42888  27.097  -21.903  55.809 0.0000000000
42906  26.746  -21.588  54.605 0.0000000000
42921  27.124  -21.444  53.386 0.0000000000
44136  26.658  -21.048  52.659 0.0000000000
44156  26.054  -20.629  51.780 0.0000000000
45371  24.708  -20.439  52.514 0.0000000000
45418  21.361  -20.451  51.693 0.0000000000
45417  22.360  -20.297  51.473 0.0000000000
45439  20.430  -20.513  50.799 0.0000000000
66124  49.458  -3.301  52.122 0.0000000000
64959  49.749  -4.219  52.018 0.0000000000
63800  49.438  -5.153  52.001 0.0000000000
61351  49.576  -7.601  51.272 0.0000000000
37735  17.807  -25.666  66.346 0.0000000000
37757  17.633  -25.910  64.806 0.0000000000
37748  16.500  -26.491  64.695 0.0000000000
36439  11.836  -27.750  62.819 0.0000000000
36438  12.579  -27.206  62.540 0.0000000000
37773  14.057  -26.227  62.149 0.0000000000
37795  12.857  -26.341  60.487 0.0000000000
37806  12.710  -26.225  59.574 0.0000000000
37807  12.070  -26.575  59.284 0.0000000000
74471  52.714  4.287  48.176 0.0000000000
75789  50.682  4.868  50.273 0.0000000000
75770  49.808  4.539  50.964 0.0000000000
73196  48.885  2.569  50.880 0.0000000000
73180  49.136  2.523  51.962 0.0000000000
73121  49.870  1.916  53.952 0.0000000000
70831  50.854  0.766  52.811 0.0000000000
70812  50.188  0.118  53.426 0.0000000000
68587  49.931  -1.003  53.267 0.0000000000
70833  49.401  0.348  53.052 0.0000000000
70836  47.059  0.492  52.487 0.0000000000
69721  48.489  -0.492  51.623 0.0000000000
69722  47.704  -0.439  50.929 0.0000000000
68669  47.557  -1.758  49.944 0.0000000000
69738  46.718  -0.628  50.353 0.0000000000
67378  45.378  -1.813  56.812 0.0000000000
68541  45.884  -1.094  55.868 0.0000000000
67411  45.125  -1.880  55.347 0.0000000000
67449  43.270  -2.551  51.552 0.0000000000
68628  44.600  -1.598  51.626 0.0000000000
68651  43.718  -1.884  50.538 0.0000000000
68671  45.262  -1.281  49.561 0.0000000000
68687  43.816  -2.011  49.070 0.0000000000
67503  44.296  -2.843  47.420 0.0000000000
67489  43.285  -2.445  48.643 0.0000000000
66205  41.576  -3.754  47.921 0.0000000000
66220  41.943  -3.743  47.056 0.0000000000
65064  41.745  -4.025  46.195 0.0000000000
63915  40.385  -5.328  45.584 0.0000000000
60007  42.298  -8.154  54.993 0.0000000000
52706  42.527  -13.782  53.091 0.0000000000
55112  43.155  -12.391  53.867 0.0000000000
55129  42.356  -12.471  52.884 0.0000000000
57664  41.179  -10.153  50.029 0.0000000000
57655  41.970  -10.418  51.335 0.0000000000
60059  42.010  -8.985  51.045 0.0000000000
61334  42.159  -8.054  51.674 0.0000000000
61372  41.568  -8.420  50.075 0.0000000000
62630  41.209  -7.014  50.089 0.0000000000
61390  41.089  -7.995  48.901 0.0000000000
60156  38.770  -8.731  46.269 0.0000000000
61448  39.552  -7.467  46.103 0.0000000000
61475  39.159  -7.071  45.237 0.0000000000
62741  39.233  -6.279  44.349 0.0000000000
61494  38.116  -7.149  43.307 0.0000000000
61495  37.506  -7.806  42.769 0.0000000000
58953  36.678  -10.435  41.435 0.0000000000
58981  36.953  -9.211  40.404 0.0000000000
52861  37.380  -13.956  44.063 0.0000000000
54032  37.513  -13.478  43.635 0.0000000000
54033  36.868  -13.501  43.431 0.0000000000
56549  34.823  -11.359  41.344 0.0000000000
44190  34.147  -21.403  50.693 0.0000000000
45432  34.806  -20.510  50.274 0.0000000000
45445  32.759  -20.750  49.258 0.0000000000
47923  30.137  -19.022  47.310 0.0000000000
47921  31.919  -18.841  47.410 0.0000000000
47932  30.610  -18.508  46.547 0.0000000000
49154  31.367  -17.441  45.619 0.0000000000
49155  30.263  -17.529  45.511 0.0000000000
45495  25.849  -19.745  46.560 0.0000000000
45494  26.492  -19.781  46.820 0.0000000000
46756  26.140  -19.204  45.532 0.0000000000
49175  26.259  -17.808  44.295 0.0000000000
50508  27.607  -16.359  43.378 0.0000000000
72115  49.463  1.533  44.430 0.0000000000
72128  50.861  2.030  43.773 0.0000000000
65009  50.314  -4.757  49.843 0.0000000000
41560  24.718  -23.700  63.784 0.0000000000
40345  23.278  -23.639  62.937 0.0000000000
40308  24.002  -24.106  64.098 0.0000000000
40294  22.998  -24.238  65.132 0.0000000000
40282  22.012  -24.471  66.023 0.0000000000
41548  25.346  -23.104  64.392 0.0000000000
41721  39.956  -23.398  54.386 0.0000000000
41736  40.946  -22.547  54.167 0.0000000000
42936  40.840  -22.261  53.688 0.0000000000
44149  41.548  -21.157  53.283 0.0000000000
45409  41.635  -19.615  52.210 0.0000000000
47879  41.744  -18.513  51.846 0.0000000000
46681  40.502  -19.211  50.940 0.0000000000
47888  40.056  -18.492  50.243 0.0000000000
47907  38.674  -17.801  48.772 0.0000000000
49115  38.216  -17.384  48.068 0.0000000000
47908  37.815  -17.904  48.824 0.0000000000
47909  36.805  -18.165  48.883 0.0000000000
49118  35.181  -17.974  48.388 0.0000000000
46713  21.709  -19.216  48.060 0.0000000000
46731  21.929  -19.215  47.121 0.0000000000
45500  20.734  -20.103  46.324 0.0000000000
72063  48.826  1.154  48.740 0.0000000000
72078  48.857  1.372  47.787 0.0000000000
70914  49.043  0.321  48.480 0.0000000000
68683  49.935  -1.520  48.783 0.0000000000
45398  20.790  -21.033  53.015 0.0000000000
44177  19.586  -21.208  52.080 0.0000000000
44140  20.452  -21.312  53.628 0.0000000000
44141  19.622  -21.723  54.039 0.0000000000
42942  18.351  -22.323  53.897 0.0000000000
40431  18.402  -23.886  58.327 0.0000000000
41680  18.005  -23.631  57.211 0.0000000000
40433  17.057  -24.351  57.548 0.0000000000
40454  15.812  -24.396  56.343 0.0000000000
39191  13.617  -25.185  55.063 0.0000000000
39166  35.234  -24.531  56.746 0.0000000000
39206  34.598  -24.494  55.049 0.0000000000
40506  33.835  -24.221  53.972 0.0000000000
40469  33.537  -24.145  55.605 0.0000000000
40471  31.934  -23.682  55.798 0.0000000000
41706  30.652  -23.021  55.663 0.0000000000
41660  25.794  -22.291  58.359 0.0000000000
42850  26.885  -22.211  57.572 0.0000000000
42851  25.966  -22.089  57.685 0.0000000000
44080  24.858  -21.301  55.769 0.0000000000
44103  24.278  -20.808  55.057 0.0000000000
45372  24.240  -20.453  53.118 0.0000000000
45340  23.557  -20.596  54.621 0.0000000000
45374  22.233  -20.550  53.422 0.0000000000
66141  48.012  -4.048  50.728 0.0000000000
63813  48.543  -5.388  51.077 0.0000000000
63814  48.031  -5.003  50.759 0.0000000000
62628  48.357  -5.998  50.153 0.0000000000
35095  11.514  -28.142  63.531 0.0000000000
36446  10.907  -27.703  61.344 0.0000000000
36456  10.819  -27.519  59.578 0.0000000000
35142  10.249  -28.051  60.080 0.0000000000
71991  48.377  1.550  53.882 0.0000000000
70814  48.875  1.002  53.386 0.0000000000
70815  47.816  1.110  53.880 0.0000000000
70816  47.086  0.502  53.599 0.0000000000
69683  46.390  0.027  53.187 0.0000000000
66092  44.267  -2.822  55.417 0.0000000000
67412  44.619  -2.273  54.775 0.0000000000
67427  43.644  -3.071  53.408 0.0000000000
66142  43.023  -3.223  52.514 0.0000000000
67462  42.664  -2.832  50.784 0.0000000000
67490  42.606  -2.785  49.086 0.0000000000
66159  42.097  -3.615  50.703 0.0000000000
66175  41.555  -4.098  49.999 0.0000000000
65028  40.848  -4.765  48.300 0.0000000000
53909  40.672  -13.313  51.393 0.0000000000
55145  41.703  -12.273  51.724 0.0000000000
55162  40.675  -12.246  50.824 0.0000000000
56447  40.757  -10.695  49.826 0.0000000000
58850  40.821  -9.782  49.174 0.0000000000
58864  40.999  -9.028  48.889 0.0000000000
58877  39.496  -9.536  47.824 0.0000000000
58890  38.749  -9.715  46.861 0.0000000000
58919  37.804  -9.125  44.993 0.0000000000
60197  37.228  -8.768  43.501 0.0000000000
58920  37.331  -9.760  44.474 0.0000000000
57765  37.186  -11.069  43.122 0.0000000000
56525  37.125  -11.631  42.076 0.0000000000
54017  35.090  -13.713  44.311 0.0000000000
55260  34.959  -12.820  43.116 0.0000000000
54036  33.622  -13.104  43.928 0.0000000000
55282  32.757  -11.878  42.827 0.0000000000
56552  31.455  -11.018  41.229 0.0000000000
43004  31.157  -21.705  50.378 0.0000000000
45446  31.879  -20.610  49.380 0.0000000000
44220  30.975  -20.854  49.246 0.0000000000
45464  30.116  -20.372  48.645 0.0000000000
46726  29.035  -19.666  47.711 0.0000000000
46768  25.047  -19.058  44.587 0.0000000000
46786  24.191  -18.992  42.812 0.0000000000
73288  55.030  2.642  43.299 0.0000000000
73307  54.217  2.487  42.596 0.0000000000
72156  52.918  1.884  42.620 0.0000000000
42854  23.096  -22.095  58.524 0.0000000000
42874  21.302  -22.000  57.753 0.0000000000
42855  22.168  -22.141  58.709 0.0000000000
42836  21.057  -22.765  59.494 0.0000000000
41661  20.137  -23.118  59.253 0.0000000000
41603  21.885  -23.356  61.737 0.0000000000
40379  20.637  -23.578  61.510 0.0000000000
40413  19.257  -23.799  59.529 0.0000000000
40397  18.743  -24.198  59.845 0.0000000000
39092  17.388  -24.968  60.424 0.0000000000
39093  16.339  -25.141  60.585 0.0000000000
40361  30.897  -23.265  60.678 0.0000000000
40394  30.819  -23.426  59.408 0.0000000000
40362  30.313  -23.046  60.605 0.0000000000
41617  28.641  -22.733  60.489 0.0000000000
41618  27.666  -22.897  60.412 0.0000000000
41574  27.728  -22.821  62.224 0.0000000000
41598  27.147  -23.011  61.385 0.0000000000
41619  26.445  -22.959  60.369 0.0000000000
41639  25.641  -22.560  59.188 0.0000000000
42833  23.848  -22.265  59.083 0.0000000000
65043  45.769  -4.741  46.931 0.0000000000
63880  46.286  -5.351  47.387 0.0000000000
63898  45.930  -5.305  46.517 0.0000000000
70730  46.080  0.081  56.857 0.0000000000
66060  44.461  -2.786  57.086 0.0000000000
64916  43.354  -3.826  56.030 0.0000000000
64917  42.592  -4.569  55.732 0.0000000000
64933  42.466  -4.847  54.904 0.0000000000
51565  43.263  -15.438  53.794 0.0000000000
51583  41.903  -15.381  52.541 0.0000000000
49082  41.459  -17.415  51.601 0.0000000000
50373  41.176  -16.289  51.499 0.0000000000
51598  40.794  -15.392  51.388 0.0000000000
52748  39.841  -14.706  49.992 0.0000000000
52776  39.228  -14.670  48.088 0.0000000000
52794  38.677  -14.027  46.901 0.0000000000
54004  38.543  -13.704  45.729 0.0000000000
52827  38.639  -14.629  45.612 0.0000000000
51714  37.880  -14.972  45.072 0.0000000000
52829  36.903  -14.746  45.248 0.0000000000
50424  37.679  -16.576  46.985 0.0000000000
51675  36.980  -15.608  46.281 0.0000000000
52830  36.008  -14.803  45.350 0.0000000000
52846  34.286  -14.537  45.036 0.0000000000
51716  32.817  -15.298  45.107 0.0000000000
52849  31.208  -14.904  44.412 0.0000000000
44199  26.519  -20.744  49.476 0.0000000000
44225  26.976  -20.601  48.381 0.0000000000
45467  26.093  -20.383  48.327 0.0000000000
45482  25.561  -19.902  47.146 0.0000000000
45512  24.691  -19.622  45.608 0.0000000000
46759  22.637  -19.540  45.531 0.0000000000
45498  23.564  -19.609  45.590 0.0000000000
74508  51.614  3.184  46.472 0.0000000000
73258  52.181  2.740  45.290 0.0000000000
73245  51.107  2.976  45.976 0.0000000000
72101  50.094  2.193  45.391 0.0000000000
72103  48.691  1.069  45.415 0.0000000000
72079  48.695  1.196  47.134 0.0000000000
70925  48.337  0.240  46.224 0.0000000000
42908  20.044  -22.117  56.474 0.0000000000
42922  19.149  -22.330  55.145 0.0000000000
42924  17.763  -22.710  54.091 0.0000000000
41710  17.572  -23.439  55.582 0.0000000000
41726  17.464  -23.157  54.704 0.0000000000
40486  39.511  -24.208  54.767 0.0000000000
41739  38.781  -23.834  53.429 0.0000000000
42955  38.100  -22.870  52.490 0.0000000000
44169  37.236  -21.823  51.935 0.0000000000
44188  36.297  -21.211  51.304 0.0000000000
42971  35.989  -22.328  51.838 0.0000000000
42988  34.583  -22.136  51.329 0.0000000000
42989  33.599  -22.181  51.198 0.0000000000
40519  33.339  -23.740  53.387 0.0000000000
41771  32.231  -22.746  52.210 0.0000000000
42975  31.959  -22.519  51.655 0.0000000000
42992  30.588  -22.006  50.733 0.0000000000
42977  29.877  -22.163  51.378 0.0000000000
44172  28.635  -21.626  51.223 0.0000000000
41656  30.445  -23.173  58.179 0.0000000000
41674  30.164  -22.891  57.426 0.0000000000
41707  30.039  -22.575  55.507 0.0000000000
42868  27.463  -22.266  56.816 0.0000000000
42886  28.799  -22.175  55.789 0.0000000000
41724  29.440  -22.087  54.488 0.0000000000
42938  29.097  -22.018  53.204 0.0000000000
42961  28.263  -21.572  51.938 0.0000000000
44174  27.314  -21.402  50.785 0.0000000000
44175  26.470  -20.880  50.595 0.0000000000
45435  24.672  -19.881  49.971 0.0000000000
45436  23.509  -19.897  50.209 0.0000000000
45395  23.246  -20.273  52.295 0.0000000000
45437  22.467  -20.031  50.469 0.0000000000
45453  22.572  -19.680  49.495 0.0000000000
46714  20.801  -19.642  48.455 0.0000000000
67446  50.464  -2.008  51.457 0.0000000000
66155  50.553  -2.728  50.810 0.0000000000
66139  50.293  -3.365  51.550 0.0000000000
62608  49.361  -6.245  51.492 0.0000000000
62606  50.029  -7.061  51.517 0.0000000000
62678  47.270  -6.609  47.805 0.0000000000
43943  22.708  -22.443  66.380 0.0000000000
42726  22.019  -23.496  66.643 0.0000000000
40266  21.090  -24.213  66.307 0.0000000000
40285  19.786  -24.573  66.392 0.0000000000
40313  19.713  -24.840  65.326 0.0000000000
39057  17.947  -25.726  63.903 0.0000000000
39069  17.033  -25.933  62.712 0.0000000000
39081  15.983  -25.594  61.737 0.0000000000
36414  15.270  -26.896  65.107 0.0000000000
36428  14.966  -26.494  63.461 0.0000000000
37782  15.197  -25.992  62.058 0.0000000000
39113  14.608  -25.321  59.668 0.0000000000
39131  13.833  -25.363  58.740 0.0000000000
74506  53.443  3.785  46.715 0.0000000000
74487  52.637  3.906  47.434 0.0000000000
74488  51.579  3.534  47.280 0.0000000000
74474  49.792  3.144  47.933 0.0000000000
75788  51.382  5.187  49.973 0.0000000000
74463  50.382  4.206  49.484 0.0000000000
72051  48.809  1.432  49.590 0.0000000000
70883  50.123  0.206  50.722 0.0000000000
69736  50.424  -0.351  50.964 0.0000000000
72009  49.649  1.961  52.296 0.0000000000
69719  50.638  0.520  52.279 0.0000000000
68624  50.539  -1.084  52.057 0.0000000000
67435  50.147  -1.981  52.212 0.0000000000
67436  49.722  -1.988  52.428 0.0000000000
67437  49.269  -2.461  52.062 0.0000000000
69701  49.023  -0.489  52.215 0.0000000000
68625  49.011  -1.559  51.724 0.0000000000
67447  48.783  -2.720  51.610 0.0000000000
66156  48.103  -3.439  50.646 0.0000000000
66172  47.104  -3.178  49.579 0.0000000000
67486  46.362  -2.747  48.589 0.0000000000
69619  46.402  -0.261  56.455 0.0000000000
69664  45.845  -0.700  54.796 0.0000000000
69703  45.793  -0.483  52.682 0.0000000000
68589  44.838  -1.750  53.917 0.0000000000
68627  45.370  -1.099  52.102 0.0000000000
69724  45.924  -0.415  51.605 0.0000000000
68648  46.317  -0.833  50.099 0.0000000000
68685  45.880  -1.820  48.684 0.0000000000
66187  45.674  -3.729  47.451 0.0000000000
67502  45.021  -3.304  47.206 0.0000000000
66217  44.562  -3.968  46.204 0.0000000000
66204  42.494  -3.134  47.526 0.0000000000
66219  42.693  -3.477  46.432 0.0000000000
62538  41.537  -6.215  55.570 0.0000000000
62556  41.669  -6.460  54.207 0.0000000000
57615  43.473  -10.367  54.618 0.0000000000
56411  42.158  -11.421  51.703 0.0000000000
57642  42.873  -10.786  52.974 0.0000000000
58796  42.924  -9.329  54.255 0.0000000000
60025  42.309  -8.414  53.230 0.0000000000
62591  41.577  -7.014  52.567 0.0000000000
63803  41.481  -6.105  52.216 0.0000000000
63815  41.291  -6.268  51.402 0.0000000000
63851  40.735  -6.327  49.441 0.0000000000
63866  40.502  -5.964  48.438 0.0000000000
61408  40.711  -7.753  48.217 0.0000000000
62700  40.282  -6.649  46.944 0.0000000000
63899  40.341  -5.608  46.649 0.0000000000
63916  39.988  -5.567  44.710 0.0000000000
60222  37.299  -8.579  41.009 0.0000000000
60233  37.722  -8.533  39.963 0.0000000000
55258  37.744  -12.864  43.503 0.0000000000
55278  37.335  -12.337  42.308 0.0000000000
56547  36.635  -11.959  41.500 0.0000000000
55280  35.241  -12.229  42.447 0.0000000000
55321  35.974  -11.995  41.324 0.0000000000
46686  35.570  -20.119  50.307 0.0000000000
46705  34.340  -19.566  48.895 0.0000000000
47912  34.120  -19.040  48.223 0.0000000000
46707  32.513  -19.886  48.307 0.0000000000
46722  33.077  -19.000  47.808 0.0000000000
49130  33.258  -17.743  47.006 0.0000000000
49153  31.877  -17.207  45.719 0.0000000000
50472  31.566  -16.753  45.373 0.0000000000
51719  30.363  -15.897  44.550 0.0000000000
44232  27.435  -20.543  48.123 0.0000000000
46727  27.786  -19.777  47.355 0.0000000000
47935  27.947  -18.747  46.321 0.0000000000
47953  26.274  -18.304  44.846 0.0000000000
47952  27.206  -17.974  45.143 0.0000000000
49157  28.377  -17.771  45.243 0.0000000000
50490  28.916  -16.777  44.561 0.0000000000
50506  29.251  -15.928  44.111 0.0000000000
73292  51.873  2.302  44.177 0.0000000000
72140  52.465  1.848  42.953 0.0000000000
72157  52.354  1.636  42.115 0.0000000000
66171  50.538  -3.383  50.054 0.0000000000
44168  38.014  -21.531  52.098 0.0000000000
45413  38.546  -21.015  51.784 0.0000000000
45429  38.182  -20.346  51.335 0.0000000000
45430  36.920  -20.507  50.979 0.0000000000
67458  50.574  -1.818  50.797 0.0000000000
44106  21.306  -21.372  55.528 0.0000000000
39129  15.973  -24.632  58.484 0.0000000000
40375  32.049  -23.634  60.135 0.0000000000
40374  32.650  -23.582  60.073 0.0000000000
39106  32.565  -24.120  59.108 0.0000000000
39125  32.332  -24.043  58.580 0.0000000000
40409  32.113  -23.860  58.375 0.0000000000
39108  31.760  -23.738  59.095 0.0000000000
65010  46.495  -4.607  48.773 0.0000000000
71929  47.003  1.429  55.851 0.0000000000
71930  46.424  1.414  56.129 0.0000000000
55221  38.543  -12.993  47.146 0.0000000000
56474  38.343  -11.865  46.714 0.0000000000
43007  28.090  -21.616  49.896 0.0000000000
44212  28.395  -21.299  49.570 0.0000000000
44213  27.708  -21.315  49.455 0.0000000000
73256  53.775  2.945  45.204 0.0000000000
73257  52.917  2.892  45.208 0.0000000000
41578  23.440  -23.332  62.363 0.0000000000
40311  21.471  -24.493  64.721 0.0000000000
40330  20.585  -24.363  63.987 0.0000000000
40349  19.541  -24.585  63.056 0.0000000000
40331  19.688  -24.772  64.301 0.0000000000
42778  29.448  -21.943  62.618 0.0000000000
42779  28.434  -21.972  63.062 0.0000000000
41576  25.689  -23.106  62.513 0.0000000000
45389  42.789  -19.550  53.342 0.0000000000
44132  43.316  -20.066  54.069 0.0000000000
46651  43.754  -19.302  53.838 0.0000000000
46650  44.292  -19.068  53.908 0.0000000000
46667  43.314  -19.093  53.446 0.0000000000
47867  43.622  -18.256  53.477 0.0000000000
47868  42.976  -18.574  53.033 0.0000000000
49108  39.410  -17.641  48.890 0.0000000000
49107  39.756  -17.367  49.029 0.0000000000
49113  39.468  -16.902  48.483 0.0000000000
50417  39.477  -16.492  48.070 0.0000000000
49124  38.935  -16.638  47.397 0.0000000000
50423  38.855  -16.407  46.969 0.0000000000
50427  35.056  -16.847  47.301 0.0000000000
50428  34.068  -16.991  47.175 0.0000000000
73230  49.447  2.410  47.391 0.0000000000
45440  19.664  -20.938  51.023 0.0000000000
41678  19.379  -23.142  58.113 0.0000000000
41693  19.095  -23.029  57.466 0.0000000000
41679  18.604  -23.518  57.735 0.0000000000
40493  16.116  -24.317  54.628 0.0000000000
39204  36.453  -24.883  55.123 0.0000000000
40503  36.565  -24.257  53.810 0.0000000000
40504  35.571  -24.251  53.804 0.0000000000
40517  35.006  -23.872  53.277 0.0000000000
40505  34.691  -24.220  53.791 0.0000000000
40510  30.925  -23.322  54.478 0.0000000000
41742  30.792  -23.073  53.898 0.0000000000
41761  30.576  -22.693  52.946 0.0000000000
44101  25.920  -21.252  54.440 0.0000000000
44118  26.229  -21.123  53.699 0.0000000000
44137  25.428  -20.629  52.934 0.0000000000
44138  24.918  -20.649  53.579 0.0000000000
45397  21.413  -20.708  52.712 0.0000000000
66125  48.956  -3.557  51.892 0.0000000000
64960  49.212  -4.370  51.993 0.0000000000
37726  17.544  -25.636  66.697 0.0000000000
37736  17.176  -25.979  66.030 0.0000000000
37747  17.110  -26.168  65.163 0.0000000000
37737  16.469  -26.511  65.573 0.0000000000
36444  12.609  -26.718  61.326 0.0000000000
37796  12.358  -26.577  60.025 0.0000000000
36451  11.742  -26.986  60.263 0.0000000000
75800  53.105  5.074  48.598 0.0000000000
76989  52.697  5.537  48.524 0.0000000000
75769  50.185  5.040  51.388 0.0000000000
74435  49.286  3.632  51.415 0.0000000000
71972  49.743  1.403  53.884 0.0000000000
70794  49.858  0.794  53.824 0.0000000000
70813  49.660  0.601  53.468 0.0000000000
69682  49.750  -0.329  53.151 0.0000000000
70859  47.084  0.319  51.576 0.0000000000
69723  46.623  -0.106  51.182 0.0000000000
69737  47.491  -1.053  50.198 0.0000000000
67379  44.962  -2.287  56.581 0.0000000000
67396  45.534  -1.837  56.031 0.0000000000
67461  43.131  -2.390  50.368 0.0000000000
68673  43.598  -2.045  49.827 0.0000000000
68672  44.232  -1.630  49.691 0.0000000000
65044  41.237  -4.337  47.197 0.0000000000
65065  40.803  -4.714  46.368 0.0000000000
60006  42.881  -9.053  55.175 0.0000000000
52707  41.900  -14.145  52.633 0.0000000000
53893  42.476  -12.985  53.145 0.0000000000
53894  42.147  -13.125  52.803 0.0000000000
58835  41.512  -9.513  50.172 0.0000000000
58834  41.783  -9.604  50.874 0.0000000000
60060  41.776  -8.928  50.401 0.0000000000
61389  41.357  -8.239  49.510 0.0000000000
60088  41.235  -8.693  49.126 0.0000000000
60179  38.251  -8.550  45.274 0.0000000000
61449  38.842  -7.849  45.663 0.0000000000
61476  38.414  -7.446  44.497 0.0000000000
57798  36.686  -10.792  41.289 0.0000000000
58969  36.665  -10.093  40.988 0.0000000000
52843  37.069  -14.319  44.555 0.0000000000
54015  36.953  -13.910  44.052 0.0000000000
44191  33.240  -21.680  50.510 0.0000000000
44206  33.624  -21.082  50.171 0.0000000000
44207  33.032  -21.211  49.867 0.0000000000
47922  31.051  -19.078  47.270 0.0000000000
49142  30.561  -18.088  45.993 0.0000000000
47941  30.103  -18.200  46.113 0.0000000000
45511  25.475  -19.589  45.827 0.0000000000
45510  26.066  -19.586  46.216 0.0000000000
46757  25.416  -19.379  45.282 0.0000000000
70954  48.934  0.784  43.677 0.0000000000
41549  24.583  -23.608  64.627 0.0000000000
41539  23.458  -23.763  65.618 0.0000000000
40281  22.695  -24.114  65.826 0.0000000000
40295  22.208  -24.525  65.334 0.0000000000
42753  25.221  -22.533  65.222 0.0000000000
42767  25.910  -22.592  64.706 0.0000000000
42768  25.397  -22.798  64.853 0.0000000000
41751  39.814  -22.825  53.379 0.0000000000
41737  40.426  -22.732  53.986 0.0000000000
45392  40.538  -20.930  52.410 0.0000000000
44150  40.805  -21.379  52.911 0.0000000000
45391  41.102  -20.622  52.569 0.0000000000
45410  41.237  -19.925  52.048 0.0000000000
46677  40.898  -19.705  51.480 0.0000000000
46683  38.583  -19.434  50.535 0.0000000000
46682  39.506  -18.957  50.409 0.0000000000
46689  39.251  -18.481  49.766 0.0000000000
47896  39.033  -18.228  49.335 0.0000000000
47897  38.333  -18.269  49.433 0.0000000000
46692  36.776  -19.063  50.113 0.0000000000
47910  35.646  -18.503  49.003 0.0000000000
46732  20.971  -19.444  47.306 0.0000000000
70900  49.276  0.467  49.315 0.0000000000
68682  50.283  -1.420  49.595 0.0000000000
67485  49.999  -2.523  48.407 0.0000000000
45375  21.483  -20.933  53.665 0.0000000000
45376  20.968  -21.142  53.513 0.0000000000
44139  21.084  -21.174  53.790 0.0000000000
42962  18.946  -22.021  53.642 0.0000000000
42941  19.026  -22.171  54.381 0.0000000000
40415  17.972  -24.312  58.680 0.0000000000
40432  17.805  -23.972  57.856 0.0000000000
40416  17.332  -24.424  58.271 0.0000000000
40434  16.077  -24.450  57.460 0.0000000000
40455  14.801  -24.567  56.067 0.0000000000
40475  14.521  -24.886  54.978 0.0000000000
39170  13.833  -24.878  56.463 0.0000000000
39171  12.717  -25.444  56.246 0.0000000000
40389  34.492  -23.965  59.210 0.0000000000
39146  33.503  -24.639  57.647 0.0000000000
39145  34.466  -24.609  57.548 0.0000000000
39167  34.289  -24.547  56.794 0.0000000000
39185  35.122  -24.497  55.987 0.0000000000
39186  34.014  -24.473  55.939 0.0000000000
39207  33.895  -24.359  55.184 0.0000000000
39187  33.376  -24.183  56.236 0.0000000000
40472  31.223  -23.425  55.744 0.0000000000
44060  24.519  -21.375  56.264 0.0000000000
45339  24.050  -20.625  54.483 0.0000000000
44121  21.899  -20.915  54.518 0.0000000000
45359  22.203  -20.710  54.268 0.0000000000
45360  21.739  -20.924  54.216 0.0000000000
64976  47.755  -4.589  50.512 0.0000000000
63848  47.483  -5.733  49.533 0.0000000000
62645  48.038  -6.207  49.491 0.0000000000
61371  48.398  -6.889  49.692 0.0000000000
62660  47.616  -6.577  48.688 0.0000000000
35104  10.522  -28.362  62.739 0.0000000000
35103  11.193  -27.963  62.673 0.0000000000
35115  10.823  -27.921  61.942 0.0000000000
35128  10.409  -28.011  61.071 0.0000000000
71992  47.972  1.536  54.252 0.0000000000
71974  47.621  1.532  54.661 0.0000000000
69663  46.447  -0.122  54.312 0.0000000000
66093  43.709  -3.391  55.145 0.0000000000
66110  44.027  -2.881  54.600 0.0000000000
66111  43.583  -3.477  54.055 0.0000000000
67450  42.586  -3.115  51.244 0.0000000000
66160  41.615  -4.192  50.561 0.0000000000
65011  41.053  -4.753  49.494 0.0000000000
53922  39.945  -13.400  50.428 0.0000000000
53940  39.721  -12.861  49.927 0.0000000000
56463  39.324  -11.553  48.593 0.0000000000
56448  40.032  -11.294  49.384 0.0000000000
57674  40.535  -10.229  49.263 0.0000000000
57690  39.988  -10.311  48.965 0.0000000000
58866  39.818  -9.860  48.571 0.0000000000
57691  39.536  -10.454  48.505 0.0000000000
57724  38.251  -10.815  46.257 0.0000000000
58903  38.053  -9.732  45.592 0.0000000000
57751  37.034  -10.877  43.919 0.0000000000
57782  36.904  -10.963  42.327 0.0000000000
56507  37.382  -11.697  42.713 0.0000000000
54018  33.978  -13.691  44.442 0.0000000000
55283  31.740  -11.910  42.678 0.0000000000
56529  32.252  -11.301  42.204 0.0000000000
56530  31.507  -11.523  42.117 0.0000000000
43005  30.677  -21.571  50.130 0.0000000000
44209  31.264  -21.157  49.788 0.0000000000
45465  28.830  -20.498  48.580 0.0000000000
46710  29.414  -20.114  48.316 0.0000000000
46709  29.732  -19.928  48.204 0.0000000000
73290  53.299  2.199  43.734 0.0000000000
73289  54.158  2.501  43.548 0.0000000000
73308  53.472  2.172  42.936 0.0000000000
72139  53.015  1.925  43.223 0.0000000000
42835  22.047  -22.534  59.692 0.0000000000
42837  20.569  -22.941  59.395 0.0000000000
41644  20.604  -23.142  59.918 0.0000000000
40346  22.548  -23.808  63.024 0.0000000000
41579  22.624  -23.453  62.375 0.0000000000
41580  21.888  -23.668  62.457 0.0000000000
40364  20.446  -23.761  61.903 0.0000000000
41625  20.187  -23.474  60.399 0.0000000000
40396  19.493  -23.783  60.265 0.0000000000
40381  18.952  -24.115  61.014 0.0000000000
39079  18.157  -24.810  61.314 0.0000000000
39080  17.191  -25.271  61.555 0.0000000000
42789  30.815  -22.278  62.090 0.0000000000
41594  31.052  -23.103  61.191 0.0000000000
41595  30.342  -22.913  61.135 0.0000000000
41573  28.704  -22.534  61.939 0.0000000000
41596  29.466  -22.624  60.991 0.0000000000
41546  27.003  -22.848  63.838 0.0000000000
41557  27.345  -22.916  63.119 0.0000000000
41599  26.011  -22.991  61.455 0.0000000000
41641  23.821  -22.448  59.648 0.0000000000
66061  43.962  -3.328  56.675 0.0000000000
64902  43.370  -3.793  57.089 0.0000000000
64903  42.759  -4.402  56.712 0.0000000000
63765  42.027  -5.392  55.452 0.0000000000
42934  41.849  -21.930  54.012 0.0000000000
50353  43.050  -16.444  53.335 0.0000000000
51582  42.574  -15.103  53.120 0.0000000000
47886  41.228  -18.373  51.091 0.0000000000
50396  40.508  -16.605  50.257 0.0000000000
50395  40.946  -16.839  50.979 0.0000000000
50374  40.720  -16.170  50.948 0.0000000000
51599  40.389  -15.542  50.541 0.0000000000
52730  40.364  -14.461  51.032 0.0000000000
51646  39.453  -15.645  47.803 0.0000000000
51631  39.473  -15.221  48.412 0.0000000000
52793  38.942  -14.730  47.076 0.0000000000
52813  38.746  -14.387  46.292 0.0000000000
52812  39.055  -14.933  46.324 0.0000000000
50467  38.031  -15.969  45.980 0.0000000000
51694  38.267  -15.168  45.457 0.0000000000
52828  37.488  -14.795  45.005 0.0000000000
51695  37.565  -15.408  45.656 0.0000000000
49126  37.679  -16.955  47.455 0.0000000000
50448  35.596  -16.151  46.870 0.0000000000
50447  36.644  -16.064  46.802 0.0000000000
51676  36.091  -15.603  46.389 0.0000000000
51696  36.552  -15.170  45.835 0.0000000000
51697  35.578  -15.276  45.865 0.0000000000
52831  35.070  -14.947  45.384 0.0000000000
52832  34.404  -15.115  45.445 0.0000000000
50470  33.174  -16.402  45.900 0.0000000000
51699  33.668  -15.480  45.522 0.0000000000
52848  32.048  -14.929  44.684 0.0000000000
51717  31.903  -15.874  45.223 0.0000000000
44215  26.515  -20.554  48.676 0.0000000000
45450  25.975  -20.305  48.810 0.0000000000
45483  24.732  -19.696  46.975 0.0000000000
45468  25.558  -20.034  47.917 0.0000000000
45496  25.188  -19.760  46.426 0.0000000000
45497  24.239  -19.645  46.053 0.0000000000
46746  22.136  -19.397  46.141 0.0000000000
45514  22.976  -19.718  45.112 0.0000000000
45529  22.500  -20.028  44.336 0.0000000000
45528  23.474  -19.682  44.596 0.0000000000
73261  50.092  2.303  46.018 0.0000000000
72102  49.630  1.871  45.732 0.0000000000
70915  48.685  0.257  47.385 0.0000000000
44200  19.168  -21.254  51.324 0.0000000000
42890  21.031  -21.911  57.213 0.0000000000
42891  20.553  -22.099  57.102 0.0000000000
42893  18.894  -22.806  56.252 0.0000000000
42909  19.418  -22.297  55.953 0.0000000000
42910  18.701  -22.725  55.549 0.0000000000
42923  18.351  -22.615  54.727 0.0000000000
40452  17.465  -23.959  57.135 0.0000000000
41695  17.690  -23.659  56.459 0.0000000000
41746  16.328  -23.950  53.833 0.0000000000
41727  16.724  -23.630  54.395 0.0000000000
39120  36.407  -24.642  58.146 0.0000000000
39164  36.951  -24.864  56.744 0.0000000000
39203  37.355  -24.849  55.182 0.0000000000
39182  37.640  -24.802  55.973 0.0000000000
39202  38.387  -24.714  55.196 0.0000000000
40487  38.533  -24.489  54.432 0.0000000000
40501  38.920  -24.245  53.949 0.0000000000
40514  37.600  -23.712  53.051 0.0000000000
41754  37.310  -23.159  52.653 0.0000000000
42969  37.568  -22.383  52.297 0.0000000000
42970  36.816  -22.300  52.050 0.0000000000
44170  36.593  -21.801  51.643 0.0000000000
42972  35.062  -22.613  51.830 0.0000000000
42973  34.076  -22.856  51.909 0.0000000000
40520  32.636  -23.579  53.591 0.0000000000
41759  32.513  -23.221  52.855 0.0000000000
42974  32.937  -22.573  51.939 0.0000000000
42991  31.609  -22.086  50.865 0.0000000000
42976  30.915  -22.517  51.722 0.0000000000
42959  29.990  -22.419  52.419 0.0000000000
42978  29.138  -21.747  51.066 0.0000000000
40395  30.207  -23.038  59.219 0.0000000000
40411  30.690  -23.407  58.732 0.0000000000
41690  30.032  -22.677  56.457 0.0000000000
41691  29.192  -22.383  56.206 0.0000000000
42887  28.115  -22.232  55.922 0.0000000000
42904  28.746  -21.985  55.160 0.0000000000
42919  28.768  -21.832  54.274 0.0000000000
41744  29.360  -22.007  53.885 0.0000000000
42920  27.929  -21.724  53.859 0.0000000000
42940  27.260  -21.386  52.753 0.0000000000
42939  27.947  -21.635  52.632 0.0000000000
44135  27.301  -21.350  52.273 0.0000000000
44154  27.732  -21.434  51.657 0.0000000000
45393  25.021  -20.400  51.884 0.0000000000
45414  25.476  -20.192  50.886 0.0000000000
45438  21.439  -20.147  50.633 0.0000000000
46697  21.695  -19.476  48.950 0.0000000000
46698  21.121  -19.693  49.179 0.0000000000
64974  50.098  -4.688  51.518 0.0000000000
63801  49.022  -5.263  51.872 0.0000000000
61333  49.785  -7.165  51.501 0.0000000000
62605  50.296  -7.448  51.384 0.0000000000
62698  46.453  -5.907  46.760 0.0000000000
62679  46.681  -5.982  47.675 0.0000000000
62697  47.010  -6.412  47.090 0.0000000000
43959  22.606  -21.750  66.082 0.0000000000
42739  21.191  -22.856  66.472 0.0000000000
42727  21.253  -23.420  66.552 0.0000000000
41512  21.336  -23.907  66.507 0.0000000000
40267  20.387  -24.199  66.396 0.0000000000
39012  19.171  -25.047  66.576 0.0000000000
40298  19.800  -24.922  65.866 0.0000000000
39043  18.907  -25.264  64.712 0.0000000000
37769  16.778  -26.147  63.459 0.0000000000
39058  17.233  -26.034  63.554 0.0000000000
39070  16.242  -25.908  62.460 0.0000000000
36430  13.404  -27.051  63.460 0.0000000000
36416  13.586  -27.704  65.217 0.0000000000
36406  15.049  -27.122  66.130 0.0000000000
36421  15.032  -26.681  63.998 0.0000000000
36429  14.344  -26.548  63.236 0.0000000000
37784  13.711  -26.211  61.554 0.0000000000
37783  14.427  -26.018  61.714 0.0000000000
37793  14.092  -25.983  61.161 0.0000000000
39082  14.914  -25.696  61.340 0.0000000000
39095  14.311  -25.738  60.591 0.0000000000
39114  13.839  -25.705  59.738 0.0000000000
37817  12.486  -26.010  58.460 0.0000000000
36455  11.366  -27.022  58.984 0.0000000000
74507  52.461  3.397  46.501 0.0000000000
74472  51.926  4.083  48.074 0.0000000000
74473  50.767  3.966  48.264 0.0000000000
76981  51.819  5.624  49.553 0.0000000000
74454  49.678  3.926  50.233 0.0000000000
74453  50.241  4.371  50.005 0.0000000000
74464  49.679  3.420  49.001 0.0000000000
72027  49.518  1.519  51.725 0.0000000000
72041  49.017  1.468  50.499 0.0000000000
70874  49.748  0.756  51.077 0.0000000000
70873  50.277  0.349  51.423 0.0000000000
73159  49.526  2.313  52.766 0.0000000000
69680  50.622  0.018  53.159 0.0000000000
70854  50.731  0.697  52.517 0.0000000000
69698  50.714  0.329  52.563 0.0000000000
69720  50.658  -0.068  51.888 0.0000000000
68603  50.379  -1.055  52.770 0.0000000000
68604  49.652  -1.126  52.937 0.0000000000
67425  49.815  -1.428  52.985 0.0000000000
70834  48.805  0.535  52.789 0.0000000000
70857  48.479  0.234  52.164 0.0000000000
68626  48.470  -1.247  51.197 0.0000000000
68646  48.741  -2.031  51.145 0.0000000000
67459  48.403  -2.761  50.940 0.0000000000
67473  47.365  -2.570  49.677 0.0000000000
66173  46.765  -3.707  49.261 0.0000000000
67474  46.890  -2.610  49.194 0.0000000000
69600  46.109  -0.410  56.895 0.0000000000
68515  46.092  -0.766  56.540 0.0000000000
68565  45.535  -1.341  55.243 0.0000000000
69641  45.865  -0.857  55.414 0.0000000000
69684  45.832  -0.593  53.773 0.0000000000
67426  44.143  -2.556  53.576 0.0000000000
68649  45.636  -0.829  50.649 0.0000000000
68686  44.741  -1.772  48.743 0.0000000000
66202  44.426  -3.432  46.697 0.0000000000
66218  43.776  -3.667  46.055 0.0000000000
65062  44.258  -4.084  45.865 0.0000000000
67505  42.717  -2.747  48.293 0.0000000000
65063  42.504  -3.748  45.757 0.0000000000
65083  43.020  -3.949  45.256 0.0000000000
61288  41.798  -7.554  54.886 0.0000000000
61302  41.526  -7.045  54.584 0.0000000000
55111  43.374  -11.958  54.231 0.0000000000
57629  43.530  -11.229  54.382 0.0000000000
57614  43.741  -10.958  54.937 0.0000000000
57630  43.327  -10.836  53.979 0.0000000000
55161  41.321  -11.921  51.201 0.0000000000
58824  42.164  -9.720  51.551 0.0000000000
57643  42.474  -10.634  52.053 0.0000000000
58812  42.878  -10.159  53.412 0.0000000000
58805  42.645  -9.281  53.463 0.0000000000
60034  42.338  -8.717  52.506 0.0000000000
61321  42.115  -7.869  52.576 0.0000000000
62609  41.963  -7.510  52.113 0.0000000000
62592  41.510  -6.658  51.977 0.0000000000
62648  41.087  -7.090  49.563 0.0000000000
63835  40.971  -6.705  49.854 0.0000000000
62680  40.483  -6.836  47.891 0.0000000000
60109  39.891  -8.858  47.655 0.0000000000
60108  40.317  -8.463  47.821 0.0000000000
61423  40.107  -7.535  46.763 0.0000000000
62701  39.993  -6.848  46.289 0.0000000000
62721  40.106  -6.152  46.202 0.0000000000
62761  39.255  -6.005  42.952 0.0000000000
60210  36.995  -8.860  42.176 0.0000000000
58996  37.341  -9.246  39.324 0.0000000000
54014  38.279  -13.706  44.807 0.0000000000
54031  37.898  -13.437  43.982 0.0000000000
54049  37.311  -13.038  42.799 0.0000000000
54066  37.029  -12.670  42.182 0.0000000000
55299  36.881  -12.294  41.819 0.0000000000
55300  36.398  -12.215  41.629 0.0000000000
57799  34.862  -11.243  40.817 0.0000000000
56548  35.523  -11.779  41.459 0.0000000000
56573  35.282  -11.421  40.795 0.0000000000
45431  35.830  -20.562  50.810 0.0000000000
45444  33.850  -20.430  49.490 0.0000000000
46694  34.533  -19.915  49.431 0.0000000000
45463  31.323  -20.342  48.758 0.0000000000
45462  32.299  -20.297  48.806 0.0000000000
46708  31.958  -20.001  48.518 0.0000000000
46723  32.547  -19.274  47.853 0.0000000000
47920  32.736  -18.541  47.389 0.0000000000
49131  32.603  -18.073  46.867 0.0000000000
49139  32.966  -17.357  46.429 0.0000000000
49140  32.211  -17.656  46.282 0.0000000000
50473  30.995  -17.156  45.276 0.0000000000
50488  30.659  -16.613  44.965 0.0000000000
50487  31.328  -16.268  45.034 0.0000000000
44233  26.809  -20.336  47.710 0.0000000000
46742  27.110  -19.325  46.559 0.0000000000
46728  27.257  -19.816  47.163 0.0000000000
46741  28.219  -19.200  46.913 0.0000000000
46775  24.611  -18.707  43.557 0.0000000000
46767  25.804  -18.856  44.822 0.0000000000
47954  25.640  -18.507  44.506 0.0000000000
49174  26.850  -17.569  44.455 0.0000000000
47951  27.939  -17.997  45.260 0.0000000000
49156  28.957  -17.564  45.425 0.0000000000
51732  28.291  -15.777  43.461 0.0000000000
50507  28.609  -16.377  44.034 0.0000000000
51731  29.012  -15.476  43.652 0.0000000000
73324  55.293  2.688  41.322 0.0000000000
73276  51.744  2.494  44.777 0.0000000000
73275  52.436  2.514  44.679 0.0000000000
73293  51.395  2.337  44.366 0.0000000000
72127  52.056  2.023  43.526 0.0000000000
72141  51.639  1.685  42.740 0.0000000000
66154  50.512  -3.636  50.832 0.0000000000
66170  50.550  -3.830  50.412 0.0000000000
41538  24.351  -23.335  65.406 0.0000000000
42754  24.150  -22.702  65.974 0.0000000000
42736  23.424  -23.101  66.270 0.0000000000
42967  39.058  -22.179  52.439 0.0000000000
42953  39.519  -22.389  52.755 0.0000000000
44152  39.415  -21.922  52.389 0.0000000000
44166  39.634  -21.005  51.946 0.0000000000
46691  37.934  -18.876  50.074 0.0000000000
69754  50.109  -0.299  50.116 0.0000000000
69770  50.130  -0.873  49.856 0.0000000000
44107  20.279  -21.841  55.791 0.0000000000
39128  16.969  -24.655  58.745 0.0000000000
39148  15.756  -24.544  57.900 0.0000000000
39150  14.263  -25.016  57.699 0.0000000000
40390  33.429  -23.904  59.622 0.0000000000
39104  34.094  -24.496  58.928 0.0000000000
39105  33.238  -24.409  59.062 0.0000000000
39124  32.988  -24.566  58.488 0.0000000000
40428  32.958  -24.455  57.431 0.0000000000
40449  32.873  -24.139  56.844 0.0000000000
40429  32.327  -23.998  57.803 0.0000000000
40430  31.507  -23.701  57.567 0.0000000000
42853  23.974  -22.029  58.296 0.0000000000
42871  24.091  -21.729  57.410 0.0000000000
44082  23.208  -21.089  56.048 0.0000000000
44104  23.387  -20.759  55.291 0.0000000000
66158  47.124  -4.221  49.713 0.0000000000
63849  46.952  -5.415  49.300 0.0000000000
62661  46.920  -6.074  48.556 0.0000000000
35105  9.988  -28.602  62.356 0.0000000000
73107  47.159  1.834  55.261 0.0000000000
71951  47.314  1.481  55.313 0.0000000000
70769  47.146  0.922  55.824 0.0000000000
70770  46.961  0.490  55.784 0.0000000000
64948  43.105  -4.035  54.127 0.0000000000
66112  43.050  -3.872  53.689 0.0000000000
64977  41.732  -4.359  51.473 0.0000000000
53960  39.135  -13.700  48.582 0.0000000000
55182  39.651  -12.394  49.511 0.0000000000
55203  39.251  -12.629  48.940 0.0000000000
57707  39.065  -10.709  47.912 0.0000000000
57738  37.752  -10.919  45.383 0.0000000000
56489  37.693  -11.865  44.650 0.0000000000
56497  37.618  -12.269  44.062 0.0000000000
44195  29.499  -21.428  50.077 0.0000000000
44211  29.127  -21.068  49.548 0.0000000000
44222  28.658  -20.963  49.146 0.0000000000
45466  28.191  -20.710  48.468 0.0000000000
73272  54.854  2.783  44.223 0.0000000000
42816  22.851  -22.603  60.116 0.0000000000
41622  22.815  -22.826  60.765 0.0000000000
41623  21.988  -22.984  60.979 0.0000000000
40347  21.766  -23.913  63.080 0.0000000000
40348  20.757  -23.998  62.819 0.0000000000
40350  18.880  -24.795  62.681 0.0000000000
42777  30.145  -21.949  62.440 0.0000000000
42790  29.948  -22.367  62.181 0.0000000000
44134  42.269  -21.094  53.823 0.0000000000
44133  42.945  -20.479  54.040 0.0000000000
44115  43.277  -20.188  54.297 0.0000000000
49027  44.365  -17.479  54.068 0.0000000000
50336  44.050  -16.796  54.278 0.0000000000
47846  43.900  -17.829  53.656 0.0000000000
49101  40.387  -17.464  49.847 0.0000000000
50409  40.065  -16.637  49.326 0.0000000000
51645  39.617  -16.146  48.294 0.0000000000
50444  38.972  -15.978  46.590 0.0000000000
50445  38.466  -16.236  46.533 0.0000000000
51678  34.586  -15.951  46.208 0.0000000000
51698  34.626  -15.504  45.850 0.0000000000
45451  25.115  -19.749  48.877 0.0000000000
46729  23.861  -19.440  47.033 0.0000000000
73229  50.189  2.736  46.953 0.0000000000
73246  50.427  2.652  46.272 0.0000000000
69782  48.953  -0.909  47.587 0.0000000000
44159  18.660  -21.973  52.478 0.0000000000
42876  19.541  -22.823  57.634 0.0000000000
41709  18.280  -23.191  55.978 0.0000000000
39184  35.940  -24.681  55.878 0.0000000000
39219  37.021  -24.683  54.446 0.0000000000
40502  37.837  -24.143  53.753 0.0000000000
41755  36.285  -23.252  52.841 0.0000000000
41768  35.639  -22.910  52.332 0.0000000000
41756  35.324  -23.439  52.800 0.0000000000
40508  32.118  -23.624  54.108 0.0000000000
41741  31.682  -23.417  53.582 0.0000000000
41773  31.062  -22.700  52.460 0.0000000000
41762  30.062  -22.531  52.987 0.0000000000
42937  29.770  -22.392  53.045 0.0000000000
41676  28.376  -22.500  56.733 0.0000000000
42889  25.924  -21.566  55.670 0.0000000000
45396  22.290  -20.453  52.479 0.0000000000
45455  20.511  -20.115  49.516 0.0000000000
45471  19.438  -20.541  48.847 0.0000000000
37725  17.894  -25.605  66.664 0.0000000000
39028  18.213  -25.605  65.965 0.0000000000
39044  18.249  -25.643  65.156 0.0000000000
37746  17.699  -25.804  65.602 0.0000000000
37758  17.092  -26.149  64.198 0.0000000000
37759  16.320  -26.352  63.864 0.0000000000
35094  12.090  -27.937  63.773 0.0000000000
36437  13.488  -26.565  62.316 0.0000000000
36443  13.235  -26.443  61.592 0.0000000000
37785  13.182  -26.331  61.149 0.0000000000
37805  13.326  -26.021  59.998 0.0000000000
74470  53.108  4.487  48.229 0.0000000000
75811  52.708  4.698  48.625 0.0000000000
75812  52.046  4.524  48.657 0.0000000000
76970  50.990  5.549  50.620 0.0000000000
75790  50.054  4.479  50.499 0.0000000000
73197  48.677  2.050  50.250 0.0000000000
73138  50.083  2.147  53.660 0.0000000000
73158  50.034  2.175  53.154 0.0000000000
71970  50.779  1.439  53.453 0.0000000000
70811  50.781  0.825  53.286 0.0000000000
69681  50.244  -0.362  53.244 0.0000000000
68586  50.219  -1.008  53.174 0.0000000000
69700  49.445  -0.393  52.739 0.0000000000
70858  47.847  0.375  51.778 0.0000000000
69757  47.082  -0.955  49.896 0.0000000000
68516  45.805  -1.233  56.501 0.0000000000
68566  45.090  -1.684  54.738 0.0000000000
67448  43.984  -2.071  51.683 0.0000000000
68629  43.960  -1.820  51.216 0.0000000000
67488  44.115  -2.281  48.202 0.0000000000
67504  43.364  -2.628  47.774 0.0000000000
65100  41.650  -4.359  44.686 0.0000000000
65085  41.196  -4.459  45.306 0.0000000000
61268  41.856  -7.795  55.589 0.0000000000
52690  43.005  -14.183  53.527 0.0000000000
55098  43.339  -12.884  54.123 0.0000000000
53880  42.843  -13.167  53.461 0.0000000000
55128  42.689  -12.356  53.286 0.0000000000
56429  41.228  -11.149  50.631 0.0000000000
56428  41.744  -10.950  51.127 0.0000000000
57663  41.555  -10.265  50.709 0.0000000000
60045  42.256  -8.956  51.704 0.0000000000
61352  42.086  -8.548  51.252 0.0000000000
61353  41.819  -8.206  50.774 0.0000000000
61335  41.822  -7.686  51.206 0.0000000000
62629  41.476  -7.218  50.778 0.0000000000
62647  41.377  -7.720  50.009 0.0000000000
62662  41.172  -7.642  49.338 0.0000000000
60155  39.203  -8.116  46.269 0.0000000000
62742  38.681  -6.648  43.615 0.0000000000
62762  38.647  -6.650  42.872 0.0000000000
61514  37.706  -7.900  41.625 0.0000000000
58968  36.820  -9.316  41.277 0.0000000000
58982  36.520  -9.915  40.054 0.0000000000
52860  37.912  -13.995  44.169 0.0000000000
56528  33.378  -11.329  42.255 0.0000000000
56527  34.436  -11.527  42.091 0.0000000000
56550  33.988  -10.917  41.608 0.0000000000
45433  34.052  -20.792  50.209 0.0000000000
45477  30.964  -20.046  48.342 0.0000000000
46724  31.572  -19.697  48.077 0.0000000000
47931  31.517  -18.396  46.711 0.0000000000
49141  31.120  -17.996  46.027 0.0000000000
44244  26.147  -19.989  47.046 0.0000000000
44243  26.519  -20.098  47.279 0.0000000000
46743  26.432  -19.493  46.297 0.0000000000
49193  25.342  -17.761  43.304 0.0000000000
47960  25.873  -18.012  44.263 0.0000000000
49191  27.260  -17.018  43.926 0.0000000000
49190  27.903  -16.740  44.035 0.0000000000
72114  50.235  2.142  44.922 0.0000000000
65008  50.536  -4.059  50.211 0.0000000000
40344  23.804  -23.551  62.840 0.0000000000
40326  23.951  -23.808  63.313 0.0000000000
40327  23.259  -24.027  63.558 0.0000000000
40309  23.182  -24.234  64.332 0.0000000000
40293  23.829  -23.968  64.920 0.0000000000
40310  22.345  -24.396  64.518 0.0000000000
40296  21.382  -24.565  65.532 0.0000000000
41547  26.245  -22.863  64.097 0.0000000000
41720  40.435  -23.144  54.747 0.0000000000
42935  41.245  -22.211  53.900 0.0000000000
42952  40.411  -22.182  53.204 0.0000000000
42951  41.123  -21.845  53.497 0.0000000000
42950  41.678  -21.726  53.727 0.0000000000
45390  42.026  -20.015  53.105 0.0000000000
46675  41.997  -19.244  52.284 0.0000000000
46676  41.330  -19.244  51.518 0.0000000000
46680  41.000  -18.860  50.900 0.0000000000
45427  39.927  -19.589  51.035 0.0000000000
47895  39.568  -18.148  49.495 0.0000000000
47906  39.202  -17.816  48.910 0.0000000000
49116  37.270  -17.541  48.233 0.0000000000
49117  36.202  -17.663  48.475 0.0000000000
49119  34.644  -18.218  48.224 0.0000000000
46712  22.604  -19.212  47.829 0.0000000000
46747  21.377  -19.488  46.535 0.0000000000
45499  21.397  -19.756  46.020 0.0000000000
44255  20.619  -20.992  45.977 0.0000000000
45516  20.930  -20.424  45.829 0.0000000000
68698  49.384  -1.669  48.039 0.0000000000
45420  19.680  -21.055  51.594 0.0000000000
44176  19.967  -21.023  52.241 0.0000000000
44157  20.045  -21.123  52.655 0.0000000000
44158  19.280  -21.611  52.929 0.0000000000
42963  18.375  -22.162  53.040 0.0000000000
42943  17.790  -22.554  53.472 0.0000000000
40453  16.809  -24.177  56.631 0.0000000000
40474  15.476  -24.566  55.341 0.0000000000
40456  14.120  -24.758  55.518 0.0000000000
39122  34.676  -24.580  58.190 0.0000000000
39144  35.383  -24.602  57.463 0.0000000000
40468  35.357  -24.516  56.069 0.0000000000
39222  34.451  -24.393  54.319 0.0000000000
40488  34.012  -24.387  54.630 0.0000000000
40489  33.433  -23.977  54.858 0.0000000000
40490  32.520  -23.627  54.917 0.0000000000
40470  32.907  -23.728  55.889 0.0000000000
40491  31.651  -23.581  54.943 0.0000000000
40492  31.034  -23.390  54.961 0.0000000000
41659  26.555  -22.419  58.390 0.0000000000
42870  25.118  -21.637  56.811 0.0000000000
44102  25.286  -21.113  54.890 0.0000000000
44120  24.576  -20.679  54.184 0.0000000000
45357  23.756  -20.482  53.977 0.0000000000
45341  22.876  -20.617  54.711 0.0000000000
45358  22.951  -20.454  54.070 0.0000000000
66140  48.435  -3.699  51.286 0.0000000000
64975  48.236  -4.569  51.048 0.0000000000
63831  48.396  -5.742  50.532 0.0000000000
63832  47.759  -5.385  50.153 0.0000000000
62644  48.505  -6.586  50.032 0.0000000000
35114  11.349  -27.754  62.278 0.0000000000
36452  10.916  -27.573  60.672 0.0000000000
35129  9.728  -28.521  60.618 0.0000000000
66126  43.271  -3.394  53.244 0.0000000000
67439  43.574  -2.845  52.770 0.0000000000
67476  42.574  -2.853  49.998 0.0000000000
66174  42.056  -3.398  49.551 0.0000000000
66189  41.458  -3.929  48.976 0.0000000000
58787  43.439  -9.823  55.509 0.0000000000
53908  41.312  -13.149  51.941 0.0000000000
55181  40.100  -12.263  50.051 0.0000000000
56430  40.584  -11.510  50.141 0.0000000000
57673  40.937  -10.050  49.491 0.0000000000
58849  41.144  -9.438  49.370 0.0000000000
58865  40.414  -9.394  48.676 0.0000000000
58876  40.042  -9.033  48.008 0.0000000000
58878  38.924  -10.168  47.488 0.0000000000
60131  39.070  -8.984  46.847 0.0000000000
60180  37.769  -8.563  44.440 0.0000000000
58936  36.722  -10.056  43.120 0.0000000000
57739  37.377  -10.868  44.660 0.0000000000
57797  36.893  -11.103  41.858 0.0000000000
57815  36.767  -11.038  41.351 0.0000000000
54035  34.617  -13.154  43.717 0.0000000000
55261  34.274  -12.612  43.252 0.0000000000
55262  33.197  -12.456  43.473 0.0000000000
44208  32.195  -21.023  49.961 0.0000000000
44193  31.712  -21.524  50.326 0.0000000000
45447  31.350  -20.737  49.296 0.0000000000
44210  30.221  -21.073  49.549 0.0000000000
44221  30.673  -20.696  49.032 0.0000000000
46725  30.386  -19.648  47.977 0.0000000000
46769  24.339  -19.371  44.335 0.0000000000
46776  24.072  -19.369  43.678 0.0000000000
46785  24.553  -18.588  43.018 0.0000000000
47970  24.846  -18.136  43.174 0.0000000000
73326  53.218  2.032  41.881 0.0000000000
42873  22.308  -21.854  57.898 0.0000000000
44064  21.787  -21.724  57.423 0.0000000000
42856  21.198  -22.404  58.780 0.0000000000
42857  20.502  -22.771  58.931 0.0000000000
41662  19.455  -23.463  58.934 0.0000000000
41604  21.131  -23.628  61.996 0.0000000000
41624  20.971  -23.292  61.001 0.0000000000
41645  19.856  -23.477  59.703 0.0000000000
40414  18.757  -24.031  58.966 0.0000000000
40398  18.294  -24.402  59.291 0.0000000000
39109  18.261  -24.549  59.674 0.0000000000
39091  18.241  -24.658  60.256 0.0000000000
39110  17.679  -24.707  59.394 0.0000000000
41593  31.738  -23.133  61.151 0.0000000000
40360  31.564  -23.347  60.687 0.0000000000
40376  31.484  -23.506  60.157 0.0000000000
40393  31.503  -23.639  59.503 0.0000000000
40377  30.847  -23.355  60.110 0.0000000000
40378  30.183  -23.041  60.002 0.0000000000
40363  29.933  -22.842  60.471 0.0000000000
41616  29.380  -22.799  60.184 0.0000000000
42832  24.597  -22.280  58.870 0.0000000000
41640  24.492  -22.499  59.614 0.0000000000
65042  46.017  -4.997  47.279 0.0000000000
63897  46.184  -5.423  46.927 0.0000000000
69601  45.615  -0.574  56.969 0.0000000000
68489  45.359  -1.380  57.060 0.0000000000
66074  44.439  -2.818  56.256 0.0000000000
66075  43.971  -3.259  55.913 0.0000000000
52673  43.311  -14.350  54.110 0.0000000000
52708  41.560  -14.818  52.343 0.0000000000
47878  42.403  -18.554  52.489 0.0000000000
49081  42.054  -17.907  52.273 0.0000000000
49057  41.988  -17.181  52.435 0.0000000000
50355  41.684  -16.368  52.166 0.0000000000
51584  41.371  -15.436  51.999 0.0000000000
52729  41.046  -14.296  52.065 0.0000000000
52749  39.566  -14.237  49.637 0.0000000000
52763  39.744  -15.272  49.385 0.0000000000
52764  39.476  -14.670  49.053 0.0000000000
53978  38.877  -13.834  47.680 0.0000000000
53997  38.608  -13.716  46.492 0.0000000000
52841  38.210  -14.418  44.812 0.0000000000
51693  38.716  -15.239  45.868 0.0000000000
52842  37.766  -14.506  44.609 0.0000000000
52844  36.388  -14.385  44.869 0.0000000000
49138  37.962  -16.646  46.939 0.0000000000
50446  37.705  -16.166  46.463 0.0000000000
50425  37.143  -16.535  47.173 0.0000000000
52845  35.531  -14.353  44.883 0.0000000000
51715  33.476  -14.941  45.093 0.0000000000
52847  33.172  -14.473  44.697 0.0000000000
52862  32.513  -14.168  44.293 0.0000000000
44198  27.092  -21.323  49.905 0.0000000000
44214  27.093  -20.898  49.117 0.0000000000
44226  26.254  -20.412  48.070 0.0000000000
44227  25.929  -20.189  47.519 0.0000000000
44235  25.953  -20.062  47.204 0.0000000000
44245  25.757  -19.871  46.887 0.0000000000
46730  22.915  -19.227  46.988 0.0000000000
46745  23.364  -19.467  46.130 0.0000000000
46758  23.179  -19.587  45.544 0.0000000000
45513  23.899  -19.663  45.288 0.0000000000
45527  24.348  -19.536  44.832 0.0000000000
74519  52.557  3.091  45.743 0.0000000000
73244  51.919  2.937  45.922 0.0000000000
73259  51.424  2.701  45.364 0.0000000000
73260  50.485  2.459  45.538 0.0000000000
44201  18.471  -21.620  50.835 0.0000000000
44085  20.527  -21.918  56.535 0.0000000000
44108  19.628  -22.088  55.443 0.0000000000
41745  17.078  -23.204  53.578 0.0000000000
41763  16.919  -23.278  52.410 0.0000000000
40466  39.623  -24.297  55.707 0.0000000000
41738  39.533  -23.547  53.840 0.0000000000
41753  38.245  -23.465  52.923 0.0000000000
42954  38.766  -22.761  52.632 0.0000000000
44187  37.315  -21.186  51.553 0.0000000000
44171  35.911  -21.795  51.446 0.0000000000
42987  35.376  -22.090  51.456 0.0000000000
42990  32.616  -22.154  51.066 0.0000000000
40518  34.180  -23.972  53.234 0.0000000000
41758  33.769  -23.487  52.718 0.0000000000
42957  33.512  -23.028  52.394 0.0000000000
42993  29.716  -21.766  50.662 0.0000000000
42979  28.601  -21.577  50.790 0.0000000000
42995  28.272  -21.581  50.367 0.0000000000
41655  30.949  -23.619  58.105 0.0000000000
41673  30.826  -23.453  57.412 0.0000000000
40412  30.261  -23.033  58.710 0.0000000000
41689  30.725  -23.196  56.560 0.0000000000
41692  28.593  -22.316  56.192 0.0000000000
41708  29.413  -22.225  55.308 0.0000000000
41723  30.075  -22.551  54.599 0.0000000000
44153  28.345  -21.566  51.513 0.0000000000
44173  28.068  -21.529  50.902 0.0000000000
45394  24.160  -20.227  52.055 0.0000000000
45416  23.346  -20.101  51.280 0.0000000000
46696  22.542  -19.399  48.603 0.0000000000
45470  20.087  -20.186  48.519 0.0000000000
66138  50.423  -3.730  51.190 0.0000000000
64973  50.365  -4.119  51.123 0.0000000000
62590  49.369  -5.628  51.847 0.0000000000
62589  49.588  -5.901  51.802 0.0000000000
62607  49.769  -6.761  51.551 0.0000000000
62588  49.863  -6.219  51.703 0.0000000000
42737  22.705  -23.193  66.533 0.0000000000
42738  21.995  -22.925  66.621 0.0000000000
41510  22.529  -23.639  66.464 0.0000000000
41528  21.746  -24.196  66.388 0.0000000000
40283  21.256  -24.437  66.079 0.0000000000
40297  20.551  -24.582  65.736 0.0000000000
41513  20.347  -23.921  66.545 0.0000000000
40284  20.479  -24.427  66.158 0.0000000000
39056  18.860  -25.071  63.598 0.0000000000
39094  15.269  -25.344  60.608 0.0000000000
36405  15.847  -26.776  65.937 0.0000000000
37738  16.033  -26.771  65.032 0.0000000000
37749  15.791  -26.627  64.364 0.0000000000
37771  15.376  -26.169  62.767 0.0000000000
37772  14.637  -26.226  62.516 0.0000000000
37781  15.790  -25.953  62.405 0.0000000000
37816  13.200  -25.804  59.180 0.0000000000
39132  13.131  -25.632  58.508 0.0000000000
74489  50.531  3.239  47.406 0.0000000000
76980  52.285  5.579  49.001 0.0000000000
75802  51.846  5.108  49.362 0.0000000000
75803  51.199  4.591  49.069 0.0000000000
70884  49.541  0.533  50.146 0.0000000000
72042  48.718  1.719  50.160 0.0000000000
72026  49.921  1.047  52.191 0.0000000000
72008  50.200  1.479  52.616 0.0000000000
67424  50.055  -1.450  52.907 0.0000000000
66157  47.505  -3.718  50.044 0.0000000000
67460  47.942  -2.698  50.252 0.0000000000
66186  46.181  -3.684  48.261 0.0000000000
70746  46.596  0.708  56.266 0.0000000000
69640  46.392  -0.397  55.503 0.0000000000
68540  46.144  -0.775  56.218 0.0000000000
68607  44.701  -1.734  52.803 0.0000000000
68606  45.356  -1.199  53.256 0.0000000000
69739  46.175  -0.403  50.912 0.0000000000
68684  46.583  -2.057  48.848 0.0000000000
65027  45.736  -4.274  47.167 0.0000000000
66232  43.095  -3.658  45.778 0.0000000000
62537  41.777  -5.758  55.609 0.0000000000
63780  41.705  -5.833  55.126 0.0000000000
63779  41.932  -5.559  54.570 0.0000000000
58794  43.598  -10.292  55.135 0.0000000000
58795  43.278  -9.702  54.796 0.0000000000
55144  42.118  -12.319  52.352 0.0000000000
56396  42.532  -11.651  52.673 0.0000000000
58804  43.123  -9.961  54.100 0.0000000000
60015  42.912  -9.166  54.632 0.0000000000
60016  42.530  -8.548  54.182 0.0000000000
61311  41.959  -7.688  53.400 0.0000000000
62574  41.609  -6.710  53.526 0.0000000000
63802  41.602  -5.935  52.900 0.0000000000
64963  41.550  -5.495  52.460 0.0000000000
63834  40.937  -6.321  50.352 0.0000000000
63850  40.798  -5.540  49.852 0.0000000000
63865  40.694  -5.443  49.117 0.0000000000
65029  40.553  -5.414  47.886 0.0000000000
60089  40.818  -8.549  48.602 0.0000000000
60129  40.223  -8.041  47.184 0.0000000000
61422  40.414  -7.558  47.438 0.0000000000
63882  40.373  -5.915  47.512 0.0000000000
61526  37.947  -8.017  40.678 0.0000000000
55246  37.863  -12.812  44.253 0.0000000000
55247  37.641  -12.458  43.689 0.0000000000
54048  37.643  -13.129  43.333 0.0000000000
55277  37.618  -12.788  42.936 0.0000000000
55259  37.593  -12.351  43.090 0.0000000000
56546  36.851  -11.739  41.597 0.0000000000
56571  36.324  -11.486  40.940 0.0000000000
54034  35.733  -13.071  43.266 0.0000000000
54051  35.957  -12.636  42.526 0.0000000000
55279  36.060  -12.467  42.088 0.0000000000
56526  34.965  -11.623  41.981 0.0000000000
55301  35.887  -12.195  41.729 0.0000000000
55320  36.085  -11.887  40.964 0.0000000000
46693  35.381  -19.544  49.682 0.0000000000
46704  34.979  -19.055  49.096 0.0000000000
47911  34.709  -18.675  48.596 0.0000000000
47918  34.302  -18.478  48.099 0.0000000000
45461  33.140  -20.293  48.652 0.0000000000
46706  33.410  -19.526  48.204 0.0000000000
47919  33.623  -18.613  47.758 0.0000000000
50451  32.838  -17.036  46.150 0.0000000000
50471  32.341  -16.806  45.768 0.0000000000
51701  32.091  -16.369  45.511 0.0000000000
51718  31.161  -15.702  44.721 0.0000000000
51729  30.640  -15.303  44.332 0.0000000000
44224  27.547  -20.852  48.737 0.0000000000
44231  27.862  -20.762  48.423 0.0000000000
45479  28.105  -20.368  48.016 0.0000000000
45480  27.303  -20.168  47.528 0.0000000000
46740  28.891  -19.110  46.901 0.0000000000
47934  28.715  -18.641  46.456 0.0000000000
47945  26.734  -18.565  45.475 0.0000000000
47944  27.440  -18.534  45.770 0.0000000000
47943  28.392  -18.188  45.760 0.0000000000
47942  29.342  -18.096  46.008 0.0000000000
49172  29.300  -17.037  44.994 0.0000000000
50489  29.596  -16.369  44.570 0.0000000000
51730  29.871  -15.462  44.075 0.0000000000
52865  29.610  -14.564  43.501 0.0000000000
73291  52.625  2.156  44.070 0.0000000000
72126  52.767  1.938  43.522 0.0000000000
73327  52.550  1.712  41.559 0.0000000000
72129  49.704  1.341  43.147 0.0000000000
36413  15.933  -26.804  65.436 0.0000000000
36432  12.008  -27.897  63.443 0.0000000000
36436  14.113  -26.342  62.573 0.0000000000
36450  12.379  -26.646  60.529 0.0000000000
37713  17.454  -25.509  66.887 0.0000000000
37760  15.515  -26.384  63.515 0.0000000000
37761  14.971  -26.380  63.092 0.0000000000
39013  18.237  -25.466  66.622 0.0000000000
39014  17.888  -25.523  66.806 0.0000000000
39083  14.425  -25.841  61.207 0.0000000000
39096  13.775  -25.917  60.261 0.0000000000
39107  32.053  -23.816  59.179 0.0000000000
39126  31.947  -23.793  58.893 0.0000000000
39165  36.077  -24.710  56.660 0.0000000000
40447  35.713  -24.587  56.352 0.0000000000
40448  35.432  -24.535  56.287 0.0000000000
40467  35.593  -24.561  56.106 0.0000000000
40476  14.052  -24.863  55.123 0.0000000000
41511  22.113  -23.823  66.565 0.0000000000
41527  22.383  -24.008  66.339 0.0000000000
41592  32.318  -23.068  60.983 0.0000000000
41766  37.045  -22.670  52.344 0.0000000000
41770  34.190  -23.321  52.353 0.0000000000
42725  22.345  -23.537  66.572 0.0000000000
42802  31.938  -22.792  61.438 0.0000000000
42817  22.464  -22.678  60.238 0.0000000000
42994  28.927  -21.510  50.459 0.0000000000
43006  28.464  -21.496  50.065 0.0000000000
43942  23.338  -22.676  66.273 0.0000000000
44167  39.063  -21.525  52.109 0.0000000000
45369  43.122  -19.852  53.771 0.0000000000
45443  34.628  -20.108  49.696 0.0000000000
45449  28.987  -20.830  49.113 0.0000000000
45481  26.830  -20.071  47.295 0.0000000000
45493  27.049  -19.790  47.066 0.0000000000
46666  43.923  -18.741  53.724 0.0000000000
47845  44.173  -18.185  53.798 0.0000000000
49028  44.022  -17.408  53.866 0.0000000000
49055  43.533  -17.398  53.543 0.0000000000
49137  38.213  -16.489  46.736 0.0000000000
51674  38.903  -15.468  46.254 0.0000000000
51713  38.080  -14.780  44.952 0.0000000000
52826  38.954  -15.213  45.838 0.0000000000
53865  43.417  -13.457  54.357 0.0000000000
53866  43.195  -13.378  53.885 0.0000000000
53907  41.765  -13.072  52.355 0.0000000000
53923  39.611  -13.981  49.950 0.0000000000
53979  38.681  -13.945  47.025 0.0000000000
54067  36.758  -12.527  41.976 0.0000000000
55146  41.149  -12.538  51.461 0.0000000000
56383  43.561  -11.600  54.530 0.0000000000
56384  43.329  -11.580  54.072 0.0000000000
56570  36.585  -11.351  41.138 0.0000000000
57783  36.734  -10.718  41.707 0.0000000000
58889  39.221  -9.148  47.152 0.0000000000
60244  37.805  -8.829  39.382 0.0000000000
62520  41.818  -5.721  55.922 0.0000000000
62557  41.565  -6.365  54.822 0.0000000000
63766  41.739  -5.790  55.377 0.0000000000
63881  46.024  -5.179  47.021 0.0000000000
66231  43.478  -3.882  45.606 0.0000000000
67354  45.247  -1.793  57.122 0.0000000000
69756  47.253  -1.235  49.834 0.0000000000
70766  50.717  1.218  54.078 0.0000000000
70767  50.413  0.890  54.123 0.0000000000
70768  49.993  0.849  54.082 0.0000000000
70792  50.816  0.967  53.737 0.0000000000
70793  50.382  0.663  53.735 0.0000000000
70832  50.666  0.919  52.614 0.0000000000
70855  50.296  0.902  51.952 0.0000000000
71947  50.599  1.318  53.959 0.0000000000
71948  50.087  1.279  54.215 0.0000000000
71949  49.799  1.109  54.035 0.0000000000
71971  50.337  1.820  53.973 0.0000000000
71988  50.782  1.325  52.900 0.0000000000
71989  50.509  1.921  53.208 0.0000000000
72007  50.706  1.101  52.678 0.0000000000
72052  48.750  1.551  49.985 0.0000000000
73094  46.801  1.779  55.746 0.0000000000
73120  50.094  2.112  53.996 0.0000000000
73207  48.655  1.867  49.912 0.0000000000
75753  50.090  5.043  51.837 0.0000000000
75801  52.776  5.086  48.804 0.0000000000
76969  51.424  5.607  50.115 0.0000000000
