#!ascii label  , from subject 3831 vox2ras=TkReg
1407
62571  -44.334  -16.854  67.385 0.0000000000
77427  -52.343  -3.090  58.686 0.0000000000
70681  -46.667  -9.639  62.255 0.0000000000
49234  -13.856  -29.021  86.932 0.0000000000
64755  -37.891  -14.940  71.750 0.0000000000
51334  -31.841  -26.987  85.373 0.0000000000
54607  -39.371  -23.370  83.709 0.0000000000
61412  -41.190  -17.803  77.573 0.0000000000
64677  -38.987  -13.605  76.792 0.0000000000
52553  -21.110  -26.120  80.499 0.0000000000
50295  -26.561  -27.531  85.590 0.0000000000
52558  -26.171  -25.857  80.161 0.0000000000
52617  -36.071  -25.919  78.343 0.0000000000
56788  -39.154  -21.401  78.368 0.0000000000
63558  -45.877  -15.739  74.346 0.0000000000
64772  -48.972  -14.796  70.363 0.0000000000
73973  -49.951  -7.211  60.460 0.0000000000
66042  -46.442  -14.624  64.064 0.0000000000
77481  -49.678  -3.593  53.873 0.0000000000
46832  -11.076  -31.015  88.557 0.0000000000
65862  -42.297  -14.374  76.029 0.0000000000
61519  -40.658  -18.327  70.601 0.0000000000
51468  -31.514  -26.282  79.162 0.0000000000
50318  -35.959  -27.790  83.963 0.0000000000
68311  -49.674  -11.293  67.134 0.0000000000
80778  -56.819  -1.234  49.536 0.0000000000
59319  -40.477  -19.578  75.796 0.0000000000
61443  -40.208  -17.500  75.042 0.0000000000
52556  -24.074  -26.548  79.950 0.0000000000
55691  -38.191  -22.995  75.952 0.0000000000
56832  -39.913  -21.398  76.082 0.0000000000
59270  -40.712  -20.077  78.300 0.0000000000
62536  -45.522  -17.363  70.752 0.0000000000
64743  -47.219  -15.013  72.189 0.0000000000
62548  -46.273  -16.653  68.937 0.0000000000
75073  -51.466  -5.672  59.856 0.0000000000
76176  -51.624  -4.472  62.687 0.0000000000
79638  -53.100  -1.678  58.625 0.0000000000
49260  -12.013  -29.367  84.119 0.0000000000
48010  -12.639  -29.961  87.804 0.0000000000
65874  -38.065  -13.966  73.974 0.0000000000
67044  -40.091  -12.919  76.237 0.0000000000
64726  -40.441  -14.806  73.734 0.0000000000
63591  -42.002  -16.029  73.251 0.0000000000
62518  -39.599  -16.731  71.782 0.0000000000
50298  -29.372  -27.542  85.537 0.0000000000
49194  -29.623  -28.638  88.181 0.0000000000
50258  -31.611  -28.640  86.928 0.0000000000
50240  -34.225  -28.040  87.529 0.0000000000
53703  -28.671  -25.156  77.111 0.0000000000
52651  -31.220  -25.791  76.469 0.0000000000
53629  -37.693  -24.631  81.579 0.0000000000
51444  -36.346  -26.871  81.385 0.0000000000
52471  -38.157  -25.554  84.219 0.0000000000
51315  -38.354  -26.020  86.224 0.0000000000
51374  -17.155  -26.682  83.226 0.0000000000
52436  -19.980  -25.988  86.675 0.0000000000
52393  -20.580  -25.884  89.823 0.0000000000
67242  -46.611  -12.350  62.118 0.0000000000
67185  -47.984  -12.692  66.132 0.0000000000
69496  -48.698  -10.535  64.555 0.0000000000
82622  -58.260  1.194  49.279 0.0000000000
50201  -14.488  -27.932  90.375 0.0000000000
62387  -41.357  -15.915  80.223 0.0000000000
64642  -40.749  -14.211  79.374 0.0000000000
63504  -40.871  -15.647  77.409 0.0000000000
63554  -38.817  -15.615  74.401 0.0000000000
51377  -21.407  -26.501  83.800 0.0000000000
51305  -24.461  -26.596  86.220 0.0000000000
51380  -24.419  -26.754  83.492 0.0000000000
51383  -26.953  -27.010  83.212 0.0000000000
51414  -29.305  -26.741  82.975 0.0000000000
52670  -33.431  -25.726  75.640 0.0000000000
53726  -36.314  -24.686  75.899 0.0000000000
54653  -37.715  -24.104  78.615 0.0000000000
56734  -39.162  -22.349  81.385 0.0000000000
57972  -40.555  -20.777  81.267 0.0000000000
61376  -41.288  -18.196  81.048 0.0000000000
52551  -18.981  -26.269  80.577 0.0000000000
65865  -46.603  -13.430  75.938 0.0000000000
69316  -48.801  -9.787  76.218 0.0000000000
67067  -48.056  -12.502  74.293 0.0000000000
67076  -49.611  -12.096  72.785 0.0000000000
72854  -47.681  -8.025  61.798 0.0000000000
71739  -48.953  -8.422  63.924 0.0000000000
73935  -49.513  -6.136  63.679 0.0000000000
43793  -8.651  -33.971  93.316 0.0000000000
63677  -45.446  -16.033  65.812 0.0000000000
66074  -43.846  -13.249  61.304 0.0000000000
70723  -45.224  -9.343  60.262 0.0000000000
71831  -46.893  -8.591  58.361 0.0000000000
74009  -48.928  -6.798  57.700 0.0000000000
76235  -49.866  -5.131  56.922 0.0000000000
77448  -51.221  -3.544  56.570 0.0000000000
76272  -48.483  -4.568  54.932 0.0000000000
47942  -12.899  -29.685  91.759 0.0000000000
47933  -11.435  -30.512  92.973 0.0000000000
45729  -9.410  -32.504  93.355 0.0000000000
69255  -45.980  -10.467  80.020 0.0000000000
68134  -41.012  -12.468  78.750 0.0000000000
67001  -43.079  -12.664  78.585 0.0000000000
67034  -45.203  -13.374  77.569 0.0000000000
63537  -44.108  -15.666  75.533 0.0000000000
61487  -43.281  -17.592  72.392 0.0000000000
61533  -42.345  -18.721  69.376 0.0000000000
50234  -27.049  -28.434  88.041 0.0000000000
52561  -29.102  -25.942  80.274 0.0000000000
52505  -31.520  -26.473  82.393 0.0000000000
51481  -33.765  -26.631  78.793 0.0000000000
50343  -34.171  -27.597  82.024 0.0000000000
51364  -33.988  -26.658  84.798 0.0000000000
51289  -36.170  -27.858  86.882 0.0000000000
50327  -13.597  -28.426  83.474 0.0000000000
50329  -15.488  -27.674  84.196 0.0000000000
50273  -15.746  -27.224  86.656 0.0000000000
64810  -47.637  -14.940  66.832 0.0000000000
65958  -50.099  -13.830  68.457 0.0000000000
67118  -52.463  -11.862  69.444 0.0000000000
71702  -50.072  -8.585  67.015 0.0000000000
78533  -52.749  -2.763  56.284 0.0000000000
78544  -54.906  -2.143  55.231 0.0000000000
79700  -56.660  -1.178  53.761 0.0000000000
79725  -55.562  -2.164  51.298 0.0000000000
80757  -58.266  -0.258  53.161 0.0000000000
58097  -39.925  -19.873  74.441 0.0000000000
60453  -39.856  -18.457  74.515 0.0000000000
59360  -39.325  -19.373  73.307 0.0000000000
55718  -38.973  -22.328  74.484 0.0000000000
56849  -39.762  -20.974  75.204 0.0000000000
58056  -40.237  -20.580  75.979 0.0000000000
62558  -44.445  -17.807  68.651 0.0000000000
62537  -46.356  -16.616  70.112 0.0000000000
62559  -45.432  -16.888  68.177 0.0000000000
76213  -51.783  -4.409  59.282 0.0000000000
76199  -52.485  -4.401  60.463 0.0000000000
77395  -53.118  -3.273  60.630 0.0000000000
78486  -53.467  -2.210  60.108 0.0000000000
78502  -52.778  -2.411  59.181 0.0000000000
49248  -13.002  -29.507  85.686 0.0000000000
48050  -12.341  -30.013  85.896 0.0000000000
49233  -12.957  -29.246  87.281 0.0000000000
65904  -37.945  -13.891  73.030 0.0000000000
65892  -39.009  -14.013  74.097 0.0000000000
64741  -39.104  -15.177  72.799 0.0000000000
63588  -39.692  -15.975  72.791 0.0000000000
63602  -38.232  -16.069  71.728 0.0000000000
51266  -22.557  -26.602  88.402 0.0000000000
51332  -29.935  -27.593  85.056 0.0000000000
50278  -29.937  -27.908  86.400 0.0000000000
50280  -32.084  -28.089  86.431 0.0000000000
50259  -32.778  -28.506  86.950 0.0000000000
50281  -32.990  -27.910  86.648 0.0000000000
54615  -38.472  -23.972  82.869 0.0000000000
53618  -37.962  -24.805  82.580 0.0000000000
53610  -38.567  -24.599  83.742 0.0000000000
52453  -38.561  -25.034  85.356 0.0000000000
52466  -20.684  -26.365  85.349 0.0000000000
52437  -20.922  -26.106  86.748 0.0000000000
52416  -21.052  -26.071  88.462 0.0000000000
70426  -47.685  -9.920  78.781 0.0000000000
69513  -47.576  -11.112  62.326 0.0000000000
68363  -47.896  -11.579  62.997 0.0000000000
69505  -47.897  -10.349  62.873 0.0000000000
61398  -41.549  -16.907  79.189 0.0000000000
62397  -41.268  -15.927  79.310 0.0000000000
62419  -40.983  -16.678  77.113 0.0000000000
63555  -39.473  -15.846  74.921 0.0000000000
62467  -37.911  -15.821  73.511 0.0000000000
63553  -37.954  -15.246  73.669 0.0000000000
51433  -21.427  -26.471  82.105 0.0000000000
51378  -22.494  -26.428  83.722 0.0000000000
51435  -23.271  -26.495  81.872 0.0000000000
52557  -25.216  -26.366  79.991 0.0000000000
51437  -25.182  -26.743  81.680 0.0000000000
51439  -26.936  -26.791  81.591 0.0000000000
51384  -27.945  -26.916  83.373 0.0000000000
52501  -28.118  -26.376  81.566 0.0000000000
53745  -34.792  -25.312  74.771 0.0000000000
55656  -38.605  -22.322  77.729 0.0000000000
54666  -37.633  -23.806  77.390 0.0000000000
55643  -38.599  -22.368  78.844 0.0000000000
55632  -38.562  -23.476  80.285 0.0000000000
56751  -38.985  -21.979  80.666 0.0000000000
56735  -39.855  -21.791  81.397 0.0000000000
56753  -40.339  -21.127  79.887 0.0000000000
60370  -41.120  -18.988  78.329 0.0000000000
60355  -41.329  -18.871  79.521 0.0000000000
61397  -41.394  -17.785  78.983 0.0000000000
62388  -41.390  -16.660  80.485 0.0000000000
52552  -20.009  -26.238  80.595 0.0000000000
64700  -46.644  -14.021  75.223 0.0000000000
67059  -47.260  -12.728  75.514 0.0000000000
65895  -47.259  -13.921  74.070 0.0000000000
64758  -47.851  -14.958  71.228 0.0000000000
65907  -48.903  -13.269  72.614 0.0000000000
65914  -49.165  -13.757  71.514 0.0000000000
67084  -50.277  -12.541  71.996 0.0000000000
65924  -50.159  -13.859  70.757 0.0000000000
72868  -48.726  -7.807  61.364 0.0000000000
73945  -48.850  -6.908  62.503 0.0000000000
73946  -49.669  -6.554  62.709 0.0000000000
78458  -52.041  -3.153  64.311 0.0000000000
71808  -46.647  -8.842  59.403 0.0000000000
72905  -45.393  -8.392  57.456 0.0000000000
74008  -46.966  -7.149  56.587 0.0000000000
75105  -47.255  -6.055  55.946 0.0000000000
75092  -49.278  -5.887  57.206 0.0000000000
75116  -48.220  -5.018  55.888 0.0000000000
76260  -48.593  -4.642  55.612 0.0000000000
46848  -10.644  -30.878  87.311 0.0000000000
46831  -10.355  -31.543  89.211 0.0000000000
51215  -13.977  -27.428  92.237 0.0000000000
50199  -13.766  -28.816  91.214 0.0000000000
50170  -13.379  -27.874  92.633 0.0000000000
47927  -11.844  -29.560  93.886 0.0000000000
46771  -10.615  -30.659  94.743 0.0000000000
46778  -10.055  -31.417  92.773 0.0000000000
46764  -9.853  -30.951  95.497 0.0000000000
44721  -9.379  -32.665  94.600 0.0000000000
64653  -40.456  -14.001  78.319 0.0000000000
66969  -40.901  -12.874  80.181 0.0000000000
66997  -40.245  -13.178  77.929 0.0000000000
65861  -41.694  -13.753  75.882 0.0000000000
67032  -41.694  -13.284  76.917 0.0000000000
65834  -42.544  -13.580  77.522 0.0000000000
67020  -43.447  -13.128  78.132 0.0000000000
65847  -43.449  -14.075  77.425 0.0000000000
64681  -44.463  -14.431  76.904 0.0000000000
64697  -43.495  -15.127  76.065 0.0000000000
62520  -41.488  -17.545  72.338 0.0000000000
62502  -42.393  -16.649  72.906 0.0000000000
61504  -42.030  -18.290  71.632 0.0000000000
61505  -42.991  -17.964  71.536 0.0000000000
61520  -41.662  -18.508  70.602 0.0000000000
51306  -25.286  -26.988  86.202 0.0000000000
50252  -25.544  -27.493  87.219 0.0000000000
50253  -26.509  -27.926  87.190 0.0000000000
52631  -30.205  -25.695  77.543 0.0000000000
52611  -29.199  -25.256  78.680 0.0000000000
52588  -30.802  -25.860  79.361 0.0000000000
52532  -30.360  -25.903  81.385 0.0000000000
52564  -31.733  -26.512  80.542 0.0000000000
52636  -35.206  -25.872  77.482 0.0000000000
52635  -34.102  -26.422  77.804 0.0000000000
52616  -35.064  -26.371  78.748 0.0000000000
50346  -36.287  -27.550  82.610 0.0000000000
50359  -35.128  -27.522  81.625 0.0000000000
50330  -34.983  -27.673  82.883 0.0000000000
51389  -33.816  -26.941  83.138 0.0000000000
50301  -35.211  -27.679  84.600 0.0000000000
51312  -35.595  -27.636  86.058 0.0000000000
50284  -36.434  -27.639  85.611 0.0000000000
59142  -41.070  -19.953  84.095 0.0000000000
51373  -15.941  -27.094  83.629 0.0000000000
51348  -16.400  -26.813  85.039 0.0000000000
50312  -15.118  -27.883  84.795 0.0000000000
51229  -20.579  -25.935  91.380 0.0000000000
64847  -45.501  -15.379  64.405 0.0000000000
63678  -46.297  -15.619  65.887 0.0000000000
64829  -47.041  -14.657  66.096 0.0000000000
68332  -49.620  -12.138  66.693 0.0000000000
67160  -49.363  -13.065  67.037 0.0000000000
67161  -50.075  -12.699  67.377 0.0000000000
67137  -51.004  -12.850  68.866 0.0000000000
68313  -51.557  -11.792  67.971 0.0000000000
72815  -49.601  -7.262  65.301 0.0000000000
71727  -49.684  -8.201  65.747 0.0000000000
71721  -50.511  -7.761  66.938 0.0000000000
77472  -50.526  -3.784  54.690 0.0000000000
78532  -51.977  -3.081  56.389 0.0000000000
77473  -51.332  -3.385  54.810 0.0000000000
78556  -52.696  -2.906  54.206 0.0000000000
78575  -54.434  -2.729  53.319 0.0000000000
78559  -55.349  -1.972  54.337 0.0000000000
78576  -55.247  -2.258  53.459 0.0000000000
79740  -55.506  -2.188  49.380 0.0000000000
78630  -55.238  -2.428  49.685 0.0000000000
80771  -56.654  -1.547  50.229 0.0000000000
79717  -56.988  -1.047  51.989 0.0000000000
80764  -57.579  -0.219  52.080 0.0000000000
81712  -57.997  0.179  51.247 0.0000000000
82624  -59.114  1.081  49.776 0.0000000000
60412  -40.970  -18.358  76.604 0.0000000000
61425  -40.871  -17.407  76.407 0.0000000000
60435  -40.402  -18.634  75.300 0.0000000000
61456  -39.415  -17.642  74.179 0.0000000000
52555  -23.191  -26.416  80.194 0.0000000000
55717  -38.139  -22.763  74.863 0.0000000000
55673  -38.690  -22.399  76.652 0.0000000000
56810  -39.297  -21.800  77.244 0.0000000000
58001  -39.930  -20.694  78.699 0.0000000000
58042  -39.893  -20.861  77.002 0.0000000000
59287  -40.801  -19.602  77.490 0.0000000000
62505  -45.505  -16.862  72.529 0.0000000000
63577  -46.713  -15.812  73.122 0.0000000000
62523  -46.345  -16.514  71.250 0.0000000000
63605  -47.106  -15.677  70.732 0.0000000000
63619  -48.040  -15.542  69.972 0.0000000000
73987  -51.213  -6.491  60.285 0.0000000000
73961  -50.692  -6.263  61.931 0.0000000000
75059  -51.896  -5.562  61.040 0.0000000000
77371  -51.993  -3.664  62.704 0.0000000000
80720  -53.780  -1.120  57.968 0.0000000000
48008  -11.277  -30.622  86.662 0.0000000000
47991  -12.007  -30.586  88.360 0.0000000000
65858  -39.137  -13.427  76.061 0.0000000000
67029  -39.259  -12.959  76.754 0.0000000000
65876  -39.550  -13.459  75.080 0.0000000000
65877  -40.496  -13.720  74.849 0.0000000000
65894  -40.848  -14.378  74.358 0.0000000000
64728  -41.989  -15.310  74.180 0.0000000000
63572  -40.874  -15.557  73.442 0.0000000000
62500  -40.607  -16.682  72.557 0.0000000000
62534  -40.126  -17.803  71.312 0.0000000000
50296  -27.483  -27.494  85.338 0.0000000000
50255  -28.523  -28.298  87.167 0.0000000000
50256  -29.540  -28.178  87.106 0.0000000000
50236  -30.708  -28.272  87.880 0.0000000000
49174  -33.801  -29.068  87.264 0.0000000000
52650  -30.332  -25.735  76.585 0.0000000000
52614  -31.579  -25.998  77.697 0.0000000000
53641  -37.190  -25.621  80.255 0.0000000000
52566  -36.612  -26.378  80.082 0.0000000000
52508  -36.914  -25.837  81.884 0.0000000000
51420  -37.078  -26.599  82.765 0.0000000000
50320  -37.392  -27.126  84.320 0.0000000000
50285  -37.200  -27.447  85.665 0.0000000000
51339  -38.089  -26.021  85.469 0.0000000000
52497  -17.916  -26.260  82.206 0.0000000000
52479  -18.019  -26.565  83.110 0.0000000000
52434  -18.240  -25.884  86.657 0.0000000000
52413  -18.724  -25.517  88.428 0.0000000000
52415  -20.287  -25.872  88.401 0.0000000000
66056  -46.509  -13.363  63.041 0.0000000000
66025  -47.428  -13.774  64.883 0.0000000000
66044  -47.350  -13.069  64.288 0.0000000000
68345  -48.766  -11.673  65.346 0.0000000000
69452  -49.346  -10.679  66.779 0.0000000000
78569  -49.078  -3.390  52.969 0.0000000000
77482  -50.407  -3.597  53.868 0.0000000000
78582  -49.631  -3.429  52.202 0.0000000000
80791  -56.998  -0.923  48.532 0.0000000000
81722  -57.884  0.527  50.078 0.0000000000
80792  -57.416  -0.123  48.301 0.0000000000
81754  -57.799  0.757  47.247 0.0000000000
50250  -14.942  -27.588  87.725 0.0000000000
50230  -14.020  -28.204  88.868 0.0000000000
65782  -41.493  -13.802  81.584 0.0000000000
63471  -40.799  -15.220  79.918 0.0000000000
63488  -40.558  -14.579  78.287 0.0000000000
64678  -39.420  -14.350  76.702 0.0000000000
62432  -40.288  -16.130  76.021 0.0000000000
63536  -39.717  -15.616  75.661 0.0000000000
64693  -38.831  -14.192  75.719 0.0000000000
64708  -38.736  -14.656  74.432 0.0000000000
65903  -37.497  -14.033  73.131 0.0000000000
51325  -22.010  -26.670  85.716 0.0000000000
51304  -23.600  -26.411  86.355 0.0000000000
51353  -23.150  -26.425  84.583 0.0000000000
51354  -24.106  -26.648  84.459 0.0000000000
51355  -25.106  -26.860  84.306 0.0000000000
51436  -24.220  -26.679  81.757 0.0000000000
51381  -25.358  -26.931  83.321 0.0000000000
51330  -26.644  -27.344  84.883 0.0000000000
50314  -27.808  -27.267  84.713 0.0000000000
51359  -29.249  -27.237  84.627 0.0000000000
51386  -29.953  -26.791  83.433 0.0000000000
52655  -35.126  -25.584  76.395 0.0000000000
52637  -36.051  -25.543  77.523 0.0000000000
54682  -36.804  -23.883  75.644 0.0000000000
54652  -37.240  -24.682  77.655 0.0000000000
53683  -37.206  -24.974  78.559 0.0000000000
54641  -38.125  -24.123  79.843 0.0000000000
54631  -38.513  -23.735  81.480 0.0000000000
55590  -39.245  -22.889  83.209 0.0000000000
56678  -40.032  -22.130  84.117 0.0000000000
56716  -39.772  -22.254  82.252 0.0000000000
57954  -40.727  -20.887  82.546 0.0000000000
59184  -40.984  -19.746  82.038 0.0000000000
57987  -40.808  -20.519  80.052 0.0000000000
59207  -40.990  -19.695  80.920 0.0000000000
60327  -41.155  -18.492  82.097 0.0000000000
61367  -41.318  -17.826  81.872 0.0000000000
52521  -19.442  -26.280  81.583 0.0000000000
68168  -46.764  -11.699  77.267 0.0000000000
68180  -47.597  -11.311  76.413 0.0000000000
68192  -48.500  -10.870  75.254 0.0000000000
68203  -49.482  -10.839  74.320 0.0000000000
64731  -47.813  -13.884  73.038 0.0000000000
65897  -48.580  -12.768  73.331 0.0000000000
71762  -46.910  -8.457  62.162 0.0000000000
70672  -47.763  -9.315  63.244 0.0000000000
72841  -47.749  -8.055  62.647 0.0000000000
72827  -49.433  -7.010  64.186 0.0000000000
75001  -50.029  -5.974  65.533 0.0000000000
75029  -50.528  -5.324  63.237 0.0000000000
76156  -50.227  -5.345  65.218 0.0000000000
62597  -43.358  -16.897  65.638 0.0000000000
62581  -44.111  -16.594  66.443 0.0000000000
63692  -43.825  -17.144  64.881 0.0000000000
63715  -44.412  -15.854  64.080 0.0000000000
64879  -44.775  -14.689  62.847 0.0000000000
66054  -45.185  -14.145  62.453 0.0000000000
66064  -45.659  -13.147  61.990 0.0000000000
68382  -45.858  -11.567  61.649 0.0000000000
69523  -45.817  -10.525  61.483 0.0000000000
71769  -46.221  -9.358  61.615 0.0000000000
71786  -46.551  -9.172  60.499 0.0000000000
71787  -47.518  -8.877  60.270 0.0000000000
71810  -48.643  -8.766  59.253 0.0000000000
72920  -45.827  -7.834  56.602 0.0000000000
72908  -48.127  -8.079  57.632 0.0000000000
72910  -49.397  -7.828  58.501 0.0000000000
74000  -50.257  -6.728  58.716 0.0000000000
76226  -50.804  -4.945  58.251 0.0000000000
76237  -51.082  -4.492  57.871 0.0000000000
78514  -51.954  -3.202  58.076 0.0000000000
77447  -50.739  -4.115  56.836 0.0000000000
77458  -49.688  -4.462  55.428 0.0000000000
77471  -49.364  -4.304  54.772 0.0000000000
77480  -48.643  -3.678  53.669 0.0000000000
49185  -13.480  -28.741  89.059 0.0000000000
47972  -12.711  -29.951  90.001 0.0000000000
47954  -11.974  -30.134  90.784 0.0000000000
50152  -12.714  -28.542  93.711 0.0000000000
47941  -12.378  -30.177  92.124 0.0000000000
47953  -11.288  -30.543  90.394 0.0000000000
46797  -10.094  -31.467  91.340 0.0000000000
45740  -9.758  -32.048  91.894 0.0000000000
44744  -8.852  -33.061  92.200 0.0000000000
44731  -8.909  -33.429  93.473 0.0000000000
69277  -46.519  -10.697  79.164 0.0000000000
68118  -42.778  -11.887  80.675 0.0000000000
67017  -40.503  -12.825  77.452 0.0000000000
68150  -41.505  -12.482  78.345 0.0000000000
68153  -44.505  -11.624  78.838 0.0000000000
68154  -45.448  -11.834  78.526 0.0000000000
68167  -46.163  -11.846  78.050 0.0000000000
67035  -45.773  -12.965  77.188 0.0000000000
65864  -45.607  -14.029  76.425 0.0000000000
63538  -45.289  -15.599  75.453 0.0000000000
63575  -42.866  -16.173  74.274 0.0000000000
62471  -43.961  -16.406  74.257 0.0000000000
62504  -44.670  -16.927  72.833 0.0000000000
61507  -44.678  -17.577  71.639 0.0000000000
61535  -44.154  -17.905  69.810 0.0000000000
62557  -43.881  -18.178  68.183 0.0000000000
62531  -37.408  -16.192  71.108 0.0000000000
62544  -38.140  -17.578  70.545 0.0000000000
62545  -38.939  -18.132  70.626 0.0000000000
61530  -39.290  -18.936  70.215 0.0000000000
60520  -40.714  -18.915  69.201 0.0000000000
60536  -41.832  -18.822  68.400 0.0000000000
61562  -41.866  -18.498  67.237 0.0000000000
62579  -42.398  -17.865  66.521 0.0000000000
49193  -28.655  -28.660  88.095 0.0000000000
53656  -26.447  -25.608  78.346 0.0000000000
53658  -28.113  -25.026  78.763 0.0000000000
52560  -28.149  -25.864  80.278 0.0000000000
52531  -29.390  -26.121  81.200 0.0000000000
52483  -30.279  -26.589  82.705 0.0000000000
51388  -31.560  -26.515  84.156 0.0000000000
52669  -32.427  -25.722  75.700 0.0000000000
51492  -32.743  -26.461  77.705 0.0000000000
51470  -33.151  -26.830  79.569 0.0000000000
51460  -35.290  -27.388  80.206 0.0000000000
51459  -34.350  -27.389  80.310 0.0000000000
51457  -32.595  -26.886  80.447 0.0000000000
51415  -33.107  -26.813  81.990 0.0000000000
52486  -32.603  -26.552  83.487 0.0000000000
51335  -32.802  -26.838  85.503 0.0000000000
51287  -34.163  -27.691  86.842 0.0000000000
50262  -35.092  -27.977  87.232 0.0000000000
49261  -12.664  -28.989  84.470 0.0000000000
49249  -14.019  -28.709  85.721 0.0000000000
51402  -15.659  -27.331  82.245 0.0000000000
50342  -14.162  -28.121  82.770 0.0000000000
50328  -14.818  -27.868  83.547 0.0000000000
50292  -14.747  -28.071  85.724 0.0000000000
50271  -14.614  -28.353  86.780 0.0000000000
51277  -15.376  -26.938  87.961 0.0000000000
52403  -18.654  -25.403  89.359 0.0000000000
63648  -46.012  -16.535  67.413 0.0000000000
63650  -47.624  -15.892  67.730 0.0000000000
63634  -48.477  -15.499  69.086 0.0000000000
65978  -48.026  -13.974  66.850 0.0000000000
64812  -49.010  -14.328  67.658 0.0000000000
64784  -49.697  -14.547  69.345 0.0000000000
65940  -50.791  -13.495  69.711 0.0000000000
70661  -48.990  -9.217  64.088 0.0000000000
70635  -49.683  -9.848  65.951 0.0000000000
69454  -50.190  -10.369  67.354 0.0000000000
78524  -52.001  -3.154  57.310 0.0000000000
79661  -53.266  -2.336  57.540 0.0000000000
79662  -53.933  -1.851  57.408 0.0000000000
78555  -51.825  -3.235  54.206 0.0000000000
78542  -53.143  -2.765  55.262 0.0000000000
79671  -55.064  -1.945  56.322 0.0000000000
79681  -56.046  -1.667  55.504 0.0000000000
79690  -56.930  -1.318  54.747 0.0000000000
78596  -54.378  -3.023  51.309 0.0000000000
79707  -55.734  -1.808  52.674 0.0000000000
79709  -57.338  -0.865  52.963 0.0000000000
81723  -58.440  0.663  50.701 0.0000000000
58123  -39.642  -20.010  73.822 0.0000000000
56877  -39.481  -21.436  74.234 0.0000000000
56909  -39.502  -20.700  73.745 0.0000000000
56878  -39.744  -20.544  74.424 0.0000000000
62547  -45.509  -17.153  69.432 0.0000000000
77414  -52.067  -3.938  59.100 0.0000000000
76214  -52.296  -4.353  59.715 0.0000000000
77415  -52.483  -3.624  59.449 0.0000000000
78485  -52.967  -2.854  59.818 0.0000000000
64740  -38.256  -14.535  72.521 0.0000000000
64756  -38.564  -15.256  72.039 0.0000000000
51267  -23.392  -26.740  88.225 0.0000000000
51282  -22.613  -26.563  87.464 0.0000000000
51333  -30.914  -27.490  85.278 0.0000000000
51307  -31.059  -27.774  85.739 0.0000000000
51308  -31.565  -27.633  85.827 0.0000000000
51309  -32.449  -27.441  86.049 0.0000000000
55589  -38.928  -23.420  83.268 0.0000000000
54606  -38.941  -23.880  83.960 0.0000000000
54600  -39.551  -23.485  84.441 0.0000000000
52438  -21.458  -26.234  87.187 0.0000000000
69512  -46.867  -10.331  62.108 0.0000000000
69504  -47.233  -10.015  62.584 0.0000000000
62408  -41.304  -16.526  78.378 0.0000000000
62483  -38.140  -16.857  73.390 0.0000000000
62468  -38.257  -16.229  73.843 0.0000000000
51434  -22.328  -26.367  81.996 0.0000000000
52523  -21.750  -26.236  81.296 0.0000000000
52527  -25.671  -26.389  80.886 0.0000000000
52528  -26.617  -26.391  80.905 0.0000000000
52529  -27.614  -26.399  81.098 0.0000000000
56767  -39.124  -21.767  79.571 0.0000000000
56752  -39.797  -21.486  80.298 0.0000000000
56768  -39.802  -21.048  79.262 0.0000000000
61388  -41.414  -17.232  79.871 0.0000000000
52522  -20.657  -26.426  81.769 0.0000000000
64712  -46.231  -15.184  74.985 0.0000000000
64713  -46.787  -14.644  74.603 0.0000000000
64759  -48.534  -14.130  71.282 0.0000000000
65923  -49.013  -13.900  70.828 0.0000000000
65915  -49.816  -13.317  71.826 0.0000000000
72869  -49.492  -7.586  60.997 0.0000000000
73959  -48.821  -7.267  61.982 0.0000000000
73960  -49.538  -6.992  61.605 0.0000000000
78442  -52.060  -3.209  65.256 0.0000000000
71829  -44.673  -8.607  58.271 0.0000000000
75106  -48.340  -5.780  56.426 0.0000000000
75115  -47.623  -5.417  55.620 0.0000000000
46847  -9.972  -31.187  88.068 0.0000000000
51202  -13.959  -27.372  93.534 0.0000000000
46770  -10.091  -31.155  94.595 0.0000000000
46759  -9.928  -30.855  96.373 0.0000000000
64665  -39.588  -13.841  77.471 0.0000000000
65823  -40.238  -13.479  77.910 0.0000000000
65833  -39.612  -13.362  77.448 0.0000000000
65845  -41.883  -13.548  76.446 0.0000000000
65846  -42.575  -13.838  76.808 0.0000000000
64679  -42.859  -14.672  76.360 0.0000000000
64680  -43.692  -14.533  76.848 0.0000000000
64696  -42.657  -14.862  75.632 0.0000000000
61503  -40.965  -18.097  71.563 0.0000000000
50274  -26.054  -27.603  86.261 0.0000000000
50275  -26.977  -27.804  86.308 0.0000000000
51478  -31.342  -26.035  78.790 0.0000000000
52612  -30.072  -25.552  78.520 0.0000000000
52563  -30.989  -25.974  80.492 0.0000000000
52589  -31.373  -26.395  79.804 0.0000000000
52591  -36.167  -26.563  79.238 0.0000000000
50319  -36.754  -27.557  84.195 0.0000000000
50331  -35.830  -27.888  83.062 0.0000000000
50317  -35.086  -27.632  83.727 0.0000000000
51338  -35.451  -27.680  85.308 0.0000000000
50302  -36.101  -27.716  84.903 0.0000000000
59143  -41.265  -19.194  84.481 0.0000000000
51280  -17.317  -25.983  87.259 0.0000000000
66023  -46.143  -14.898  64.571 0.0000000000
65999  -46.572  -14.863  65.093 0.0000000000
67187  -49.534  -12.649  66.810 0.0000000000
68312  -50.620  -11.533  67.509 0.0000000000
67162  -50.900  -12.452  67.956 0.0000000000
73902  -50.146  -6.505  65.874 0.0000000000
72803  -49.956  -7.461  66.036 0.0000000000
78574  -53.383  -3.232  53.092 0.0000000000
78587  -54.320  -2.783  52.332 0.0000000000
79741  -55.980  -1.988  49.720 0.0000000000
80772  -57.279  -0.822  50.758 0.0000000000
59320  -40.873  -18.803  75.958 0.0000000000
60436  -40.845  -18.025  75.752 0.0000000000
60469  -39.302  -18.409  73.637 0.0000000000
61471  -38.983  -17.754  73.690 0.0000000000
56848  -39.428  -21.787  75.309 0.0000000000
55692  -38.799  -22.379  75.595 0.0000000000
56831  -39.286  -21.876  76.281 0.0000000000
56811  -39.692  -21.532  76.768 0.0000000000
58021  -39.569  -21.247  77.590 0.0000000000
59301  -40.482  -20.053  76.752 0.0000000000
59302  -40.846  -19.230  76.639 0.0000000000
61490  -45.363  -17.126  72.037 0.0000000000
62506  -46.290  -16.500  72.272 0.0000000000
62522  -45.704  -16.925  71.738 0.0000000000
63618  -46.986  -15.967  69.452 0.0000000000
63606  -47.800  -15.388  70.665 0.0000000000
73975  -51.460  -6.351  60.926 0.0000000000
77372  -52.667  -3.409  62.466 0.0000000000
78459  -52.619  -2.872  63.537 0.0000000000
78468  -53.280  -2.930  62.780 0.0000000000
79639  -53.700  -1.133  58.930 0.0000000000
80699  -54.156  -1.088  58.772 0.0000000000
79650  -53.468  -1.210  58.147 0.0000000000
48034  -12.508  -29.910  86.666 0.0000000000
48033  -11.768  -30.113  86.211 0.0000000000
48009  -12.023  -30.472  87.176 0.0000000000
47992  -12.522  -29.817  88.931 0.0000000000
65875  -38.714  -14.037  74.599 0.0000000000
64725  -39.448  -14.739  73.663 0.0000000000
65893  -39.928  -14.207  74.335 0.0000000000
64727  -41.328  -14.906  73.812 0.0000000000
63603  -39.209  -16.300  72.145 0.0000000000
63604  -39.928  -16.367  72.435 0.0000000000
62519  -40.314  -16.879  72.008 0.0000000000
62533  -39.144  -17.154  71.363 0.0000000000
50297  -28.471  -27.536  85.641 0.0000000000
50277  -28.956  -27.895  86.356 0.0000000000
50257  -30.552  -28.265  87.294 0.0000000000
50237  -31.207  -28.460  87.747 0.0000000000
50239  -33.398  -28.291  87.423 0.0000000000
50222  -34.011  -28.482  87.403 0.0000000000
52632  -31.025  -25.837  77.268 0.0000000000
52633  -31.709  -25.932  77.091 0.0000000000
53642  -37.709  -24.770  80.563 0.0000000000
53628  -37.256  -25.383  81.261 0.0000000000
52489  -37.896  -25.644  83.482 0.0000000000
52509  -37.260  -25.917  82.621 0.0000000000
51392  -37.426  -26.750  83.381 0.0000000000
51366  -37.848  -26.239  84.424 0.0000000000
52452  -38.141  -25.540  84.821 0.0000000000
52439  -38.861  -25.138  86.118 0.0000000000
52498  -18.747  -26.247  82.423 0.0000000000
52480  -18.891  -26.226  83.472 0.0000000000
52449  -19.430  -25.908  85.696 0.0000000000
52435  -19.060  -25.920  86.603 0.0000000000
52423  -19.690  -25.892  87.532 0.0000000000
51265  -21.771  -26.418  88.489 0.0000000000
51253  -21.571  -26.326  89.359 0.0000000000
67234  -46.809  -12.693  62.737 0.0000000000
67225  -47.007  -12.886  63.531 0.0000000000
67235  -47.430  -12.321  62.941 0.0000000000
68354  -48.159  -11.345  64.102 0.0000000000
68344  -48.317  -11.712  64.827 0.0000000000
68355  -48.488  -11.324  64.720 0.0000000000
69482  -49.146  -10.584  65.676 0.0000000000
78570  -50.017  -3.482  53.160 0.0000000000
79781  -55.644  -1.537  47.854 0.0000000000
79782  -56.467  -1.168  47.811 0.0000000000
80810  -57.019  -0.614  47.626 0.0000000000
51250  -14.847  -26.932  89.630 0.0000000000
51216  -14.805  -26.703  92.777 0.0000000000
63454  -41.179  -15.307  81.060 0.0000000000
64609  -41.351  -14.419  81.743 0.0000000000
63489  -40.815  -15.148  78.615 0.0000000000
63503  -40.321  -14.629  77.564 0.0000000000
61444  -40.675  -17.439  75.702 0.0000000000
62433  -40.726  -16.614  76.357 0.0000000000
62452  -40.509  -16.895  75.765 0.0000000000
63535  -39.229  -15.056  75.122 0.0000000000
64694  -39.520  -14.827  75.916 0.0000000000
64724  -37.251  -14.567  73.381 0.0000000000
51352  -22.200  -26.502  84.722 0.0000000000
51379  -23.472  -26.456  83.622 0.0000000000
51328  -24.792  -26.665  85.313 0.0000000000
52525  -23.729  -26.248  80.980 0.0000000000
51410  -25.680  -26.835  82.453 0.0000000000
51382  -26.139  -26.843  83.102 0.0000000000
51356  -26.146  -27.245  84.015 0.0000000000
51357  -27.293  -27.216  84.257 0.0000000000
51413  -28.693  -26.665  82.714 0.0000000000
51385  -28.886  -26.891  83.564 0.0000000000
51360  -30.375  -27.027  84.513 0.0000000000
53746  -35.423  -25.070  75.136 0.0000000000
52672  -35.236  -25.418  75.771 0.0000000000
53725  -35.735  -25.233  76.192 0.0000000000
53704  -35.687  -25.408  76.940 0.0000000000
53705  -36.296  -24.876  77.056 0.0000000000
54702  -37.517  -23.384  75.255 0.0000000000
54683  -37.616  -23.637  76.305 0.0000000000
53661  -37.437  -24.870  79.489 0.0000000000
55624  -38.902  -23.166  81.034 0.0000000000
55623  -38.561  -23.571  80.791 0.0000000000
54623  -38.737  -23.524  82.015 0.0000000000
55612  -39.028  -22.804  81.947 0.0000000000
55601  -39.327  -22.648  82.522 0.0000000000
55613  -39.440  -22.418  81.870 0.0000000000
57971  -40.092  -21.236  80.884 0.0000000000
56736  -40.531  -21.421  81.850 0.0000000000
59163  -40.996  -19.965  83.109 0.0000000000
58023  -40.217  -20.485  78.449 0.0000000000
58002  -40.454  -20.536  79.057 0.0000000000
59248  -41.322  -19.945  79.142 0.0000000000
60342  -41.296  -18.869  80.541 0.0000000000
59229  -41.425  -19.677  80.038 0.0000000000
60326  -41.114  -18.732  81.526 0.0000000000
61366  -41.273  -18.256  81.478 0.0000000000
63455  -41.318  -16.106  80.979 0.0000000000
62381  -41.345  -16.743  81.403 0.0000000000
63443  -41.488  -15.899  81.763 0.0000000000
67036  -46.481  -12.557  76.717 0.0000000000
68169  -47.265  -11.472  76.851 0.0000000000
67047  -47.056  -12.389  76.073 0.0000000000
67060  -47.805  -12.305  75.005 0.0000000000
68201  -48.286  -11.489  75.029 0.0000000000
68202  -48.823  -11.105  74.627 0.0000000000
67061  -48.350  -11.929  74.590 0.0000000000
64730  -47.341  -14.513  73.373 0.0000000000
67075  -48.966  -12.414  73.205 0.0000000000
67069  -49.219  -11.833  73.486 0.0000000000
68219  -50.295  -11.466  73.089 0.0000000000
67085  -50.979  -11.983  72.099 0.0000000000
73934  -49.078  -6.673  63.149 0.0000000000
72843  -49.237  -6.790  63.511 0.0000000000
73915  -49.593  -6.395  65.119 0.0000000000
73923  -49.458  -6.170  64.537 0.0000000000
75030  -50.945  -5.017  62.686 0.0000000000
75044  -50.812  -5.637  62.617 0.0000000000
76175  -50.935  -4.735  63.153 0.0000000000
76157  -50.631  -4.971  64.736 0.0000000000
43805  -8.177  -34.049  92.472 0.0000000000
42844  -7.762  -34.803  92.135 0.0000000000
42838  -8.260  -34.697  92.899 0.0000000000
64878  -43.766  -15.233  62.885 0.0000000000
64865  -44.731  -15.364  63.697 0.0000000000
64892  -44.581  -14.226  62.135 0.0000000000
66063  -44.841  -13.489  61.953 0.0000000000
66075  -44.467  -12.831  61.432 0.0000000000
67265  -44.442  -11.764  60.666 0.0000000000
68381  -45.037  -11.416  60.964 0.0000000000
69522  -45.203  -10.770  60.700 0.0000000000
70707  -45.118  -9.646  60.558 0.0000000000
71785  -45.760  -9.295  60.831 0.0000000000
71807  -45.416  -9.018  59.633 0.0000000000
71809  -47.705  -8.757  59.117 0.0000000000
71788  -48.214  -8.706  59.965 0.0000000000
72934  -48.186  -7.282  56.920 0.0000000000
72922  -47.667  -7.508  56.982 0.0000000000
72923  -48.398  -7.369  57.354 0.0000000000
73998  -49.097  -7.160  58.079 0.0000000000
73999  -49.473  -7.244  58.432 0.0000000000
75107  -49.138  -5.247  56.605 0.0000000000
75093  -50.387  -5.709  57.678 0.0000000000
76236  -50.607  -4.571  57.382 0.0000000000
77437  -50.893  -4.171  57.247 0.0000000000
76248  -50.179  -4.593  56.515 0.0000000000
76261  -49.323  -4.454  55.742 0.0000000000
76273  -48.943  -4.492  55.292 0.0000000000
45771  -9.677  -32.018  88.751 0.0000000000
50213  -14.518  -27.734  89.640 0.0000000000
50212  -14.376  -28.637  89.775 0.0000000000
49143  -13.327  -29.358  91.515 0.0000000000
49158  -13.486  -29.476  90.467 0.0000000000
47955  -12.779  -29.761  91.087 0.0000000000
50139  -12.940  -28.324  94.413 0.0000000000
47934  -11.935  -29.889  93.273 0.0000000000
47940  -11.206  -30.564  91.663 0.0000000000
46798  -10.659  -30.986  90.894 0.0000000000
46787  -10.373  -31.077  91.923 0.0000000000
45730  -9.943  -32.037  93.521 0.0000000000
45735  -9.635  -31.914  92.714 0.0000000000
45734  -9.310  -32.489  92.511 0.0000000000
45739  -9.262  -32.568  91.575 0.0000000000
44737  -9.135  -33.081  93.079 0.0000000000
44709  -9.059  -32.225  95.449 0.0000000000
70409  -46.475  -9.999  80.264 0.0000000000
69256  -46.563  -10.173  79.709 0.0000000000
65803  -41.154  -13.596  80.390 0.0000000000
66949  -41.706  -13.241  81.254 0.0000000000
66984  -40.470  -12.872  78.935 0.0000000000
68116  -41.277  -12.559  79.685 0.0000000000
68117  -42.142  -12.409  80.202 0.0000000000
68135  -41.758  -12.203  79.218 0.0000000000
67043  -39.521  -12.955  76.332 0.0000000000
67030  -39.893  -12.786  76.830 0.0000000000
67031  -40.722  -12.916  76.842 0.0000000000
67019  -42.356  -13.081  77.997 0.0000000000
68165  -41.799  -12.699  78.044 0.0000000000
68151  -42.401  -12.365  78.719 0.0000000000
68152  -43.564  -11.998  79.355 0.0000000000
67021  -44.530  -13.178  78.084 0.0000000000
67003  -44.885  -12.437  78.522 0.0000000000
67022  -45.657  -12.764  78.107 0.0000000000
69295  -45.859  -11.298  78.395 0.0000000000
67023  -46.196  -12.377  77.446 0.0000000000
64698  -44.773  -14.974  76.418 0.0000000000
63573  -41.664  -15.664  73.604 0.0000000000
64729  -42.662  -15.675  74.521 0.0000000000
63574  -42.411  -16.060  73.773 0.0000000000
62503  -43.685  -16.854  72.906 0.0000000000
62485  -43.224  -16.424  73.806 0.0000000000
62486  -44.278  -16.608  73.570 0.0000000000
61488  -44.232  -17.485  72.344 0.0000000000
61534  -43.395  -18.242  69.701 0.0000000000
61522  -43.623  -17.952  70.654 0.0000000000
61548  -43.867  -18.009  69.175 0.0000000000
61547  -43.468  -18.381  68.564 0.0000000000
62532  -37.949  -16.759  71.253 0.0000000000
62543  -36.966  -16.703  70.214 0.0000000000
61529  -38.386  -18.623  70.032 0.0000000000
61544  -38.994  -19.229  69.447 0.0000000000
60534  -40.014  -18.862  68.852 0.0000000000
60552  -40.539  -18.898  67.811 0.0000000000
60535  -41.008  -18.951  68.476 0.0000000000
62569  -42.781  -17.961  67.165 0.0000000000
51284  -24.275  -26.635  87.081 0.0000000000
50233  -26.056  -28.215  88.066 0.0000000000
50235  -27.896  -28.411  87.764 0.0000000000
53659  -28.662  -25.111  78.744 0.0000000000
52586  -28.684  -25.370  79.421 0.0000000000
52530  -28.525  -26.292  81.020 0.0000000000
52533  -31.256  -26.238  81.419 0.0000000000
52504  -30.649  -26.345  82.203 0.0000000000
52484  -30.862  -26.487  83.026 0.0000000000
52485  -31.799  -26.344  83.524 0.0000000000
52615  -34.357  -26.529  78.614 0.0000000000
52634  -33.356  -26.476  77.577 0.0000000000
51493  -33.383  -26.600  78.093 0.0000000000
51480  -32.850  -26.689  78.657 0.0000000000
52535  -36.372  -26.824  80.752 0.0000000000
52565  -36.123  -27.141  80.076 0.0000000000
51443  -35.807  -27.340  81.104 0.0000000000
50358  -34.487  -27.557  81.661 0.0000000000
51442  -34.822  -27.443  81.060 0.0000000000
51441  -33.850  -27.494  81.411 0.0000000000
51458  -33.461  -27.204  80.391 0.0000000000
51440  -32.963  -27.177  81.173 0.0000000000
52470  -33.991  -26.698  84.316 0.0000000000
52487  -33.307  -26.685  83.639 0.0000000000
52469  -33.556  -26.557  84.267 0.0000000000
52468  -32.861  -26.476  84.125 0.0000000000
51363  -33.197  -26.542  84.826 0.0000000000
51310  -33.465  -27.446  86.323 0.0000000000
51336  -33.773  -26.854  85.563 0.0000000000
51288  -35.152  -27.775  86.960 0.0000000000
51271  -35.801  -27.967  87.430 0.0000000000
51314  -37.873  -27.120  86.079 0.0000000000
56679  -40.442  -21.440  84.375 0.0000000000
49262  -13.420  -28.759  84.661 0.0000000000
51403  -16.504  -26.908  82.319 0.0000000000
51372  -15.262  -27.520  82.872 0.0000000000
51401  -14.679  -27.778  82.059 0.0000000000
50293  -15.491  -27.667  85.761 0.0000000000
50272  -15.163  -27.718  86.666 0.0000000000
50251  -15.463  -27.291  87.339 0.0000000000
52414  -19.515  -25.682  88.384 0.0000000000
52404  -19.412  -25.556  89.248 0.0000000000
70466  -49.496  -9.073  77.080 0.0000000000
63676  -44.404  -16.415  65.756 0.0000000000
63661  -44.850  -16.417  66.593 0.0000000000
63662  -45.600  -16.317  66.737 0.0000000000
64809  -46.920  -15.442  66.259 0.0000000000
63664  -47.128  -15.851  66.929 0.0000000000
63651  -48.192  -15.544  68.302 0.0000000000
64795  -48.134  -15.187  67.666 0.0000000000
66001  -47.357  -13.613  66.157 0.0000000000
66002  -48.134  -13.222  66.601 0.0000000000
65980  -49.529  -13.752  67.577 0.0000000000
64797  -49.410  -14.493  68.388 0.0000000000
65939  -50.255  -14.024  69.553 0.0000000000
65959  -50.698  -13.610  68.934 0.0000000000
67138  -51.888  -12.317  68.830 0.0000000000
67117  -52.127  -12.247  69.827 0.0000000000
71754  -48.337  -8.496  63.350 0.0000000000
70673  -48.392  -9.208  63.550 0.0000000000
70636  -49.695  -9.053  66.303 0.0000000000
70646  -49.556  -9.038  65.426 0.0000000000
69471  -49.466  -9.759  66.711 0.0000000000
70617  -49.865  -9.221  67.084 0.0000000000
78525  -52.690  -2.641  57.277 0.0000000000
78526  -53.229  -2.495  57.030 0.0000000000
78554  -51.106  -3.662  54.110 0.0000000000
78557  -53.770  -2.940  54.255 0.0000000000
78543  -54.144  -2.725  55.256 0.0000000000
78535  -54.441  -2.414  55.960 0.0000000000
79680  -55.350  -1.880  55.502 0.0000000000
79689  -55.990  -1.505  54.475 0.0000000000
79691  -57.629  -0.654  55.032 0.0000000000
79701  -57.504  -0.673  54.020 0.0000000000
78612  -55.370  -2.477  50.718 0.0000000000
78611  -54.591  -2.828  50.320 0.0000000000
78597  -55.030  -2.398  51.669 0.0000000000
79715  -55.561  -1.883  51.814 0.0000000000
80750  -58.149  -0.160  54.468 0.0000000000
81730  -57.865  0.538  48.871 0.0000000000
82615  -58.402  1.074  50.002 0.0000000000
59341  -39.989  -19.330  74.924 0.0000000000
59361  -39.739  -19.238  74.078 0.0000000000
58072  -40.128  -20.184  75.096 0.0000000000
62546  -45.068  -17.944  69.966 0.0000000000
75074  -52.177  -4.884  59.849 0.0000000000
78477  -53.906  -2.221  61.138 0.0000000000
79619  -54.174  -1.543  60.612 0.0000000000
79626  -53.805  -1.363  59.730 0.0000000000
78503  -53.255  -1.617  59.307 0.0000000000
49247  -12.391  -29.433  84.833 0.0000000000
48049  -11.848  -29.831  85.170 0.0000000000
65891  -38.289  -13.943  73.717 0.0000000000
65905  -38.711  -14.081  73.183 0.0000000000
64742  -40.044  -15.349  73.135 0.0000000000
63617  -38.794  -16.529  71.662 0.0000000000
51254  -22.421  -26.597  89.338 0.0000000000
51331  -29.479  -27.462  85.092 0.0000000000
50299  -30.296  -27.789  85.693 0.0000000000
50279  -30.971  -28.056  86.228 0.0000000000
50238  -32.293  -28.783  87.134 0.0000000000
50260  -33.646  -27.938  87.193 0.0000000000
54622  -38.091  -24.004  82.026 0.0000000000
54614  -38.162  -24.218  82.487 0.0000000000
53609  -38.426  -25.078  83.274 0.0000000000
52490  -38.326  -25.202  83.842 0.0000000000
52472  -38.402  -25.047  84.463 0.0000000000
53603  -38.707  -24.408  84.671 0.0000000000
53594  -38.973  -24.201  85.376 0.0000000000
52450  -20.312  -26.022  85.895 0.0000000000
52424  -20.529  -25.983  87.584 0.0000000000
52425  -21.259  -26.202  87.689 0.0000000000
68369  -46.948  -11.566  61.954 0.0000000000
69495  -48.332  -10.525  63.771 0.0000000000
62469  -39.189  -16.674  74.560 0.0000000000
51406  -21.910  -26.477  82.835 0.0000000000
51407  -22.883  -26.307  82.789 0.0000000000
51408  -23.828  -26.537  82.683 0.0000000000
52526  -24.697  -26.462  80.881 0.0000000000
51438  -26.110  -26.682  81.645 0.0000000000
51411  -26.582  -26.860  82.365 0.0000000000
51412  -27.686  -26.651  82.227 0.0000000000
52502  -28.644  -26.196  81.906 0.0000000000
55672  -37.894  -22.876  77.038 0.0000000000
55655  -37.899  -22.980  78.166 0.0000000000
55642  -38.238  -23.247  79.276 0.0000000000
55633  -38.756  -22.650  79.937 0.0000000000
57986  -40.343  -21.069  80.502 0.0000000000
61387  -41.389  -18.068  80.124 0.0000000000
61377  -41.349  -17.452  80.792 0.0000000000
51432  -21.003  -26.520  82.161 0.0000000000
65879  -47.244  -13.397  74.793 0.0000000000
65880  -47.671  -12.826  74.383 0.0000000000
64744  -48.153  -14.271  72.380 0.0000000000
64745  -48.796  -13.990  71.986 0.0000000000
65908  -49.646  -12.801  72.310 0.0000000000
67097  -50.319  -13.038  71.339 0.0000000000
67098  -51.093  -12.482  70.877 0.0000000000
72867  -47.878  -8.288  60.953 0.0000000000
72855  -48.376  -7.567  62.292 0.0000000000
77361  -51.860  -3.631  63.471 0.0000000000
76166  -51.445  -4.493  63.689 0.0000000000
77352  -51.573  -3.982  64.600 0.0000000000
79673  -57.120  -0.409  56.734 0.0000000000
67254  -43.950  -12.519  60.813 0.0000000000
71806  -44.192  -9.013  59.144 0.0000000000
71830  -45.878  -8.612  58.470 0.0000000000
74023  -47.637  -6.740  56.454 0.0000000000
74024  -48.416  -6.828  56.848 0.0000000000
75091  -48.754  -6.306  57.037 0.0000000000
76247  -49.488  -4.734  56.368 0.0000000000
76246  -48.748  -4.793  56.238 0.0000000000
45758  -9.693  -31.978  89.867 0.0000000000
51226  -14.068  -27.700  91.466 0.0000000000
50185  -13.609  -27.993  91.672 0.0000000000
50184  -13.324  -28.578  92.046 0.0000000000
49092  -12.218  -29.303  94.856 0.0000000000
47926  -10.968  -29.774  93.956 0.0000000000
46775  -10.702  -30.739  93.799 0.0000000000
46779  -10.756  -31.089  92.779 0.0000000000
45725  -9.896  -31.895  94.501 0.0000000000
45724  -9.678  -32.527  94.242 0.0000000000
45720  -9.516  -31.630  95.292 0.0000000000
45710  -9.395  -31.631  96.050 0.0000000000
64641  -40.463  -13.654  78.981 0.0000000000
65814  -40.472  -13.315  79.478 0.0000000000
65813  -40.304  -13.368  78.685 0.0000000000
66983  -40.269  -13.170  78.377 0.0000000000
66998  -40.569  -12.828  78.076 0.0000000000
67045  -40.918  -13.192  76.028 0.0000000000
67033  -42.283  -13.459  77.319 0.0000000000
65835  -43.013  -13.576  77.621 0.0000000000
65836  -43.755  -13.619  77.761 0.0000000000
65848  -44.427  -13.931  77.350 0.0000000000
64711  -43.131  -15.357  75.182 0.0000000000
62501  -41.103  -16.730  72.686 0.0000000000
62521  -42.424  -17.787  72.321 0.0000000000
61521  -42.706  -18.333  70.593 0.0000000000
51285  -24.926  -26.853  86.898 0.0000000000
49172  -30.614  -28.897  88.560 0.0000000000
52630  -29.387  -25.277  77.807 0.0000000000
52587  -29.696  -25.540  79.462 0.0000000000
52562  -30.081  -25.851  80.363 0.0000000000
52654  -34.275  -25.922  76.573 0.0000000000
51418  -36.124  -27.109  81.730 0.0000000000
50345  -35.715  -27.495  82.149 0.0000000000
50344  -34.785  -27.624  82.179 0.0000000000
51417  -34.264  -27.445  82.706 0.0000000000
51416  -33.657  -27.282  82.392 0.0000000000
51390  -34.361  -27.319  83.454 0.0000000000
51365  -34.405  -27.185  84.301 0.0000000000
51337  -34.645  -27.322  85.283 0.0000000000
51349  -16.918  -26.376  84.347 0.0000000000
50313  -15.940  -27.625  84.875 0.0000000000
50294  -15.935  -26.966  85.814 0.0000000000
51278  -15.977  -26.732  87.624 0.0000000000
51241  -21.277  -26.019  90.242 0.0000000000
52380  -20.635  -25.849  90.433 0.0000000000
63694  -45.330  -15.796  64.911 0.0000000000
64827  -46.051  -15.453  65.148 0.0000000000
64828  -46.666  -15.068  65.640 0.0000000000
67186  -48.999  -12.625  66.290 0.0000000000
67136  -50.529  -13.081  68.314 0.0000000000
67163  -51.366  -12.412  68.343 0.0000000000
68288  -52.038  -11.702  68.432 0.0000000000
71740  -49.366  -8.247  64.642 0.0000000000
71720  -50.061  -8.224  66.644 0.0000000000
77459  -50.334  -4.260  55.742 0.0000000000
77460  -51.193  -3.387  55.601 0.0000000000
78541  -52.073  -2.957  55.259 0.0000000000
78558  -54.724  -2.628  54.329 0.0000000000
79699  -55.852  -1.595  53.578 0.0000000000
79761  -55.279  -2.131  48.769 0.0000000000
78631  -55.667  -2.353  50.110 0.0000000000
79726  -56.163  -1.793  50.915 0.0000000000
79716  -56.294  -1.576  51.925 0.0000000000
79727  -56.739  -1.366  51.396 0.0000000000
81701  -58.138  0.262  52.156 0.0000000000
82623  -58.753  1.336  49.559 0.0000000000
82635  -59.093  1.386  49.095 0.0000000000
61455  -38.617  -17.234  73.930 0.0000000000
52554  -22.201  -26.197  80.324 0.0000000000
52581  -23.680  -26.384  79.118 0.0000000000
52583  -25.722  -25.776  79.078 0.0000000000
54701  -36.725  -23.637  74.607 0.0000000000
56789  -39.641  -20.940  78.604 0.0000000000
58022  -39.827  -20.751  78.064 0.0000000000
59286  -40.330  -20.286  77.622 0.0000000000
60390  -40.992  -18.809  77.328 0.0000000000
63576  -46.073  -16.243  73.561 0.0000000000
63559  -46.737  -15.213  73.894 0.0000000000
62488  -46.103  -16.556  73.058 0.0000000000
63592  -46.969  -15.910  71.863 0.0000000000
64757  -47.231  -15.326  71.484 0.0000000000
64771  -48.191  -15.234  70.603 0.0000000000
63620  -48.796  -15.458  69.738 0.0000000000
73974  -50.698  -6.838  60.829 0.0000000000
73962  -51.460  -5.984  61.526 0.0000000000
75045  -51.464  -5.455  62.080 0.0000000000
76198  -52.120  -4.939  60.845 0.0000000000
76184  -52.039  -4.669  61.535 0.0000000000
78443  -52.766  -2.827  64.835 0.0000000000
79627  -54.363  -1.017  60.160 0.0000000000
80709  -54.754  -1.183  58.625 0.0000000000
80721  -54.408  -1.244  58.039 0.0000000000
48032  -10.986  -30.128  85.741 0.0000000000
47990  -11.330  -30.604  87.626 0.0000000000
46833  -11.753  -30.900  88.964 0.0000000000
65844  -39.041  -13.165  76.804 0.0000000000
65859  -39.606  -13.105  75.860 0.0000000000
67057  -40.066  -13.147  75.697 0.0000000000
67058  -40.379  -13.372  75.391 0.0000000000
65860  -40.965  -13.560  75.394 0.0000000000
65878  -41.247  -14.093  75.053 0.0000000000
64695  -41.904  -14.547  75.377 0.0000000000
64709  -41.593  -14.716  74.592 0.0000000000
63589  -40.460  -16.278  72.864 0.0000000000
63590  -41.423  -16.152  73.148 0.0000000000
50276  -27.969  -27.792  86.352 0.0000000000
49217  -29.995  -28.373  87.724 0.0000000000
49195  -30.530  -28.528  88.177 0.0000000000
50221  -33.270  -28.684  87.201 0.0000000000
52649  -29.437  -25.569  76.840 0.0000000000
52613  -31.011  -25.886  78.228 0.0000000000
53660  -37.126  -25.965  79.007 0.0000000000
52536  -36.688  -26.186  81.136 0.0000000000
53617  -37.187  -25.180  82.054 0.0000000000
51419  -36.609  -26.793  82.229 0.0000000000
51391  -37.014  -26.959  82.863 0.0000000000
50333  -37.141  -27.303  83.763 0.0000000000
50303  -37.005  -27.545  84.993 0.0000000000
50304  -37.652  -26.966  85.175 0.0000000000
51340  -38.441  -25.522  85.848 0.0000000000
52496  -17.211  -26.390  82.189 0.0000000000
52478  -17.579  -26.557  82.675 0.0000000000
51375  -17.620  -26.438  83.586 0.0000000000
52463  -17.990  -26.165  84.141 0.0000000000
52462  -17.405  -26.202  84.292 0.0000000000
51323  -17.795  -26.005  86.111 0.0000000000
52421  -17.983  -25.689  87.546 0.0000000000
52422  -18.858  -25.743  87.523 0.0000000000
52405  -20.110  -25.783  89.183 0.0000000000
52406  -20.832  -25.934  89.247 0.0000000000
64881  -46.314  -14.019  63.152 0.0000000000
66024  -46.887  -14.521  64.640 0.0000000000
66043  -46.962  -13.956  63.829 0.0000000000
67208  -47.787  -12.412  65.136 0.0000000000
67226  -47.736  -12.350  63.812 0.0000000000
67209  -48.401  -12.330  65.738 0.0000000000
68331  -49.333  -11.308  66.379 0.0000000000
68310  -49.376  -10.874  66.926 0.0000000000
78583  -50.615  -3.681  52.456 0.0000000000
79762  -56.241  -1.565  48.682 0.0000000000
80779  -57.541  -0.413  49.338 0.0000000000
81740  -57.686  0.546  48.009 0.0000000000
50249  -14.368  -28.376  87.897 0.0000000000
50231  -14.614  -27.601  88.736 0.0000000000
51227  -14.481  -27.224  91.601 0.0000000000
64628  -41.109  -14.421  80.674 0.0000000000
63521  -40.653  -16.049  76.646 0.0000000000
62451  -39.934  -16.428  75.292 0.0000000000
63520  -40.117  -15.295  76.541 0.0000000000
64707  -37.975  -14.279  73.949 0.0000000000
65890  -37.753  -13.997  73.550 0.0000000000
64739  -37.426  -14.561  72.603 0.0000000000
51303  -22.705  -26.493  86.513 0.0000000000
51326  -22.896  -26.338  85.555 0.0000000000
51327  -23.823  -26.480  85.418 0.0000000000
51329  -25.818  -27.092  85.236 0.0000000000
52524  -22.758  -26.217  81.114 0.0000000000
51409  -24.755  -26.872  82.555 0.0000000000
50315  -28.326  -27.334  84.966 0.0000000000
51358  -28.221  -27.019  84.286 0.0000000000
51361  -31.299  -26.808  84.641 0.0000000000
52691  -34.295  -25.417  74.375 0.0000000000
52671  -34.539  -25.564  75.397 0.0000000000
54665  -37.031  -24.300  76.648 0.0000000000
53682  -36.746  -25.396  77.985 0.0000000000
54630  -38.087  -23.800  80.972 0.0000000000
55600  -38.855  -23.127  82.675 0.0000000000
55580  -39.928  -22.964  83.813 0.0000000000
56697  -39.871  -22.339  83.108 0.0000000000
56698  -40.386  -21.575  83.412 0.0000000000
56717  -40.297  -21.796  82.422 0.0000000000
57935  -40.699  -20.727  83.729 0.0000000000
59164  -41.287  -19.224  83.506 0.0000000000
56769  -40.355  -20.806  79.542 0.0000000000
60311  -40.974  -18.911  82.239 0.0000000000
61360  -41.291  -17.544  83.192 0.0000000000
62377  -41.275  -16.493  82.572 0.0000000000
52519  -17.595  -26.089  81.324 0.0000000000
52499  -19.835  -26.443  82.716 0.0000000000
51351  -21.339  -26.537  84.966 0.0000000000
69297  -47.610  -10.933  77.238 0.0000000000
67048  -47.428  -12.057  75.618 0.0000000000
68191  -47.952  -11.336  75.642 0.0000000000
69327  -48.455  -10.635  75.633 0.0000000000
69328  -49.101  -10.058  75.443 0.0000000000
65896  -47.904  -13.263  73.638 0.0000000000
65906  -48.161  -13.672  72.914 0.0000000000
67068  -48.591  -12.126  73.861 0.0000000000
68210  -49.179  -11.405  73.990 0.0000000000
67077  -50.377  -11.842  72.539 0.0000000000
71761  -46.539  -9.152  62.271 0.0000000000
71752  -46.761  -9.093  62.739 0.0000000000
71753  -47.092  -8.761  62.918 0.0000000000
72826  -48.976  -7.849  63.811 0.0000000000
72842  -48.684  -7.351  63.172 0.0000000000
73947  -50.278  -6.016  63.012 0.0000000000
73936  -50.073  -5.707  63.492 0.0000000000
76165  -50.917  -5.042  63.863 0.0000000000
75017  -50.151  -5.467  64.014 0.0000000000
75008  -50.109  -5.512  64.698 0.0000000000
75007  -49.930  -5.883  65.054 0.0000000000
43813  -7.632  -34.046  91.659 0.0000000000
62580  -43.331  -16.947  66.455 0.0000000000
63675  -43.735  -16.660  65.864 0.0000000000
63693  -44.528  -16.091  64.871 0.0000000000
63714  -43.826  -16.444  63.812 0.0000000000
64846  -44.928  -15.732  64.390 0.0000000000
64866  -45.656  -14.833  63.753 0.0000000000
64891  -43.797  -14.585  61.934 0.0000000000
64880  -45.648  -14.267  63.090 0.0000000000
66055  -45.959  -13.844  62.352 0.0000000000
67233  -46.244  -12.984  62.352 0.0000000000
67255  -44.621  -12.191  61.146 0.0000000000
67256  -45.289  -12.058  61.508 0.0000000000
68368  -46.349  -11.903  61.869 0.0000000000
68383  -46.395  -11.546  61.799 0.0000000000
69511  -46.346  -10.164  61.802 0.0000000000
70689  -45.108  -10.211  60.728 0.0000000000
70690  -45.631  -9.729  61.289 0.0000000000
71760  -46.384  -9.376  61.911 0.0000000000
71770  -46.533  -9.054  61.488 0.0000000000
71771  -47.238  -8.759  61.270 0.0000000000
72880  -48.032  -8.604  60.499 0.0000000000
72881  -48.538  -8.406  60.569 0.0000000000
72882  -49.514  -8.147  60.285 0.0000000000
72906  -46.285  -8.051  57.679 0.0000000000
72907  -47.199  -8.062  57.634 0.0000000000
71832  -47.679  -8.572  58.142 0.0000000000
72890  -48.441  -8.505  58.397 0.0000000000
72891  -49.172  -8.353  58.694 0.0000000000
73985  -49.979  -7.372  59.436 0.0000000000
73986  -50.779  -6.648  59.681 0.0000000000
75072  -50.978  -6.047  59.469 0.0000000000
74010  -49.904  -6.575  57.855 0.0000000000
74011  -50.446  -6.311  58.190 0.0000000000
75084  -50.700  -5.817  58.902 0.0000000000
75085  -51.100  -4.975  59.007 0.0000000000
76227  -51.333  -4.410  58.433 0.0000000000
77426  -51.873  -3.761  58.651 0.0000000000
77438  -51.358  -3.948  57.553 0.0000000000
76262  -49.843  -4.548  56.056 0.0000000000
78568  -48.014  -3.019  52.915 0.0000000000
49209  -13.763  -29.084  88.161 0.0000000000
49208  -12.927  -29.175  88.451 0.0000000000
50211  -14.245  -29.131  90.451 0.0000000000
49184  -13.058  -29.267  89.405 0.0000000000
47971  -11.888  -30.404  89.570 0.0000000000
46815  -11.479  -30.917  89.366 0.0000000000
50153  -13.016  -27.834  93.609 0.0000000000
50169  -12.959  -28.477  92.913 0.0000000000
49127  -12.985  -29.355  92.383 0.0000000000
49100  -12.166  -29.359  93.897 0.0000000000
49126  -12.481  -29.601  92.906 0.0000000000
46814  -10.855  -30.914  89.774 0.0000000000
46813  -10.158  -31.390  90.317 0.0000000000
46786  -10.012  -31.565  92.149 0.0000000000
45746  -9.726  -31.997  90.919 0.0000000000
44743  -8.131  -33.407  91.947 0.0000000000
44736  -8.611  -33.495  92.778 0.0000000000
44732  -9.098  -32.982  93.981 0.0000000000
43794  -8.995  -33.537  93.892 0.0000000000
70411  -47.666  -10.003  79.605 0.0000000000
70425  -46.943  -10.176  79.173 0.0000000000
66933  -41.816  -13.007  81.968 0.0000000000
67016  -39.689  -12.980  77.329 0.0000000000
68149  -40.980  -12.545  78.270 0.0000000000
67018  -41.341  -12.831  77.658 0.0000000000
66999  -40.960  -12.644  77.952 0.0000000000
68136  -42.621  -11.953  79.714 0.0000000000
69275  -44.205  -10.941  79.462 0.0000000000
67002  -44.021  -12.540  78.639 0.0000000000
69276  -45.426  -10.935  79.015 0.0000000000
69296  -46.617  -10.974  78.178 0.0000000000
65850  -46.031  -13.375  76.745 0.0000000000
65849  -45.341  -13.657  77.015 0.0000000000
64699  -46.103  -14.750  75.670 0.0000000000
63539  -45.889  -15.351  75.145 0.0000000000
64710  -42.391  -14.959  74.826 0.0000000000
63556  -43.467  -16.072  74.641 0.0000000000
62484  -42.674  -16.344  73.454 0.0000000000
62470  -43.526  -16.351  74.271 0.0000000000
63557  -44.571  -16.006  74.759 0.0000000000
62472  -44.837  -16.441  74.185 0.0000000000
62487  -45.362  -16.579  73.490 0.0000000000
61489  -44.975  -17.293  72.209 0.0000000000
61506  -43.914  -17.812  71.581 0.0000000000
61523  -44.660  -17.818  70.782 0.0000000000
62570  -43.438  -17.929  67.523 0.0000000000
64754  -37.061  -15.111  71.582 0.0000000000
62517  -37.727  -16.196  71.414 0.0000000000
61518  -39.746  -18.197  70.678 0.0000000000
61531  -40.221  -18.741  69.776 0.0000000000
61532  -41.194  -18.747  69.779 0.0000000000
60521  -41.446  -18.922  69.048 0.0000000000
60568  -40.883  -18.835  67.218 0.0000000000
60554  -42.075  -18.661  67.745 0.0000000000
61546  -42.599  -18.627  68.202 0.0000000000
61564  -43.062  -18.368  67.881 0.0000000000
51283  -23.453  -26.620  87.272 0.0000000000
51268  -24.171  -26.909  87.954 0.0000000000
51269  -24.886  -27.013  87.668 0.0000000000
50254  -27.495  -27.978  87.188 0.0000000000
52610  -25.841  -26.065  78.033 0.0000000000
52584  -26.761  -25.552  79.351 0.0000000000
52559  -27.170  -25.807  80.268 0.0000000000
52503  -29.640  -26.168  82.396 0.0000000000
51387  -30.976  -26.642  83.884 0.0000000000
52652  -32.102  -25.858  76.566 0.0000000000
52653  -33.124  -26.177  76.802 0.0000000000
51504  -32.450  -26.169  77.111 0.0000000000
51503  -32.109  -26.029  77.060 0.0000000000
51491  -32.109  -26.134  77.508 0.0000000000
51479  -31.909  -26.322  78.392 0.0000000000
51469  -32.141  -26.658  79.498 0.0000000000
52590  -35.527  -26.978  79.509 0.0000000000
51472  -34.779  -26.958  79.550 0.0000000000
51471  -33.998  -26.887  79.626 0.0000000000
52534  -32.228  -26.637  81.520 0.0000000000
52506  -32.382  -26.602  82.647 0.0000000000
52507  -33.094  -26.911  82.911 0.0000000000
52467  -32.354  -26.362  83.932 0.0000000000
51362  -32.202  -26.526  84.527 0.0000000000
51311  -34.449  -27.406  86.207 0.0000000000
50261  -34.610  -27.929  87.273 0.0000000000
51313  -36.768  -27.612  86.261 0.0000000000
51290  -37.128  -27.517  86.858 0.0000000000
50311  -14.267  -28.260  84.653 0.0000000000
51262  -15.076  -26.876  88.676 0.0000000000
52379  -20.218  -25.770  90.885 0.0000000000
62572  -45.214  -16.508  67.308 0.0000000000
62560  -46.444  -17.105  68.037 0.0000000000
63663  -46.362  -16.095  66.616 0.0000000000
63649  -46.880  -16.572  67.458 0.0000000000
63632  -47.169  -16.709  68.403 0.0000000000
63633  -47.750  -15.858  68.819 0.0000000000
66000  -47.087  -14.451  65.405 0.0000000000
65979  -48.767  -13.627  67.081 0.0000000000
64811  -48.412  -14.531  67.343 0.0000000000
64796  -48.641  -14.922  68.263 0.0000000000
64783  -49.098  -15.081  69.227 0.0000000000
64773  -49.732  -14.280  70.002 0.0000000000
65925  -50.862  -13.208  70.278 0.0000000000
67116  -51.376  -12.883  69.724 0.0000000000
70660  -48.415  -9.852  63.625 0.0000000000
70645  -49.124  -9.690  65.138 0.0000000000
70662  -49.324  -9.064  64.802 0.0000000000
69470  -49.361  -10.407  66.516 0.0000000000
69453  -49.405  -10.333  67.073 0.0000000000
69455  -51.278  -10.509  67.728 0.0000000000
69431  -52.106  -11.038  68.176 0.0000000000
78515  -52.658  -2.630  58.181 0.0000000000
79649  -53.262  -2.091  58.017 0.0000000000
78534  -53.686  -2.573  56.300 0.0000000000
79670  -54.298  -2.301  56.578 0.0000000000
79663  -55.311  -1.614  57.545 0.0000000000
79672  -56.275  -1.449  56.682 0.0000000000
79682  -57.048  -1.108  55.803 0.0000000000
78545  -55.508  -1.825  54.998 0.0000000000
79683  -57.695  -0.480  55.882 0.0000000000
78588  -55.039  -2.279  52.525 0.0000000000
79708  -56.546  -1.444  52.814 0.0000000000
82617  -59.072  0.839  50.292 0.0000000000
45709  -8.986  -31.898  95.586 0.0000000000
45719  -8.843  -31.963  95.214 0.0000000000
46774  -10.343  -31.440  93.674 0.0000000000
47970  -11.356  -30.644  89.786 0.0000000000
49096  -12.118  -29.281  94.198 0.0000000000
49101  -12.442  -29.102  93.827 0.0000000000
49113  -12.301  -29.462  93.538 0.0000000000
49114  -12.732  -29.107  93.241 0.0000000000
49159  -13.931  -29.308  89.710 0.0000000000
49216  -29.273  -28.531  87.605 0.0000000000
49218  -30.451  -28.300  87.821 0.0000000000
50282  -33.456  -27.825  86.739 0.0000000000
50283  -35.889  -27.697  85.511 0.0000000000
50300  -30.788  -27.787  85.714 0.0000000000
50316  -28.837  -27.381  85.210 0.0000000000
50332  -36.730  -27.489  83.215 0.0000000000
50357  -34.172  -27.562  81.698 0.0000000000
51230  -21.002  -25.894  91.157 0.0000000000
51238  -14.425  -27.708  91.010 0.0000000000
51270  -35.381  -27.992  87.275 0.0000000000
51281  -21.889  -26.425  87.656 0.0000000000
51286  -33.696  -27.772  86.789 0.0000000000
51350  -17.377  -26.333  83.919 0.0000000000
51482  -34.400  -26.616  79.084 0.0000000000
52392  -20.044  -25.801  89.966 0.0000000000
52426  -38.690  -25.822  86.472 0.0000000000
52488  -33.913  -26.830  83.854 0.0000000000
53619  -38.509  -24.648  83.043 0.0000000000
58041  -39.671  -21.410  77.174 0.0000000000
59185  -41.094  -19.262  82.729 0.0000000000
59269  -40.247  -20.384  78.114 0.0000000000
60312  -41.230  -18.514  82.783 0.0000000000
60519  -40.315  -18.844  69.273 0.0000000000
60553  -41.381  -18.818  67.609 0.0000000000
61508  -45.227  -17.330  71.611 0.0000000000
61524  -45.047  -17.568  71.207 0.0000000000
61545  -39.638  -18.936  69.579 0.0000000000
61563  -42.555  -18.292  67.377 0.0000000000
61580  -41.982  -18.179  66.966 0.0000000000
62398  -41.454  -16.508  79.692 0.0000000000
62409  -41.457  -16.453  79.125 0.0000000000
62535  -45.120  -17.768  70.524 0.0000000000
63616  -38.546  -16.634  71.516 0.0000000000
64654  -40.609  -14.497  78.659 0.0000000000
64664  -39.219  -13.464  77.218 0.0000000000
64864  -43.992  -15.657  63.597 0.0000000000
64867  -46.248  -14.399  63.568 0.0000000000
65832  -39.136  -13.194  77.126 0.0000000000
65863  -44.923  -14.178  76.814 0.0000000000
66062  -44.103  -13.896  61.782 0.0000000000
67000  -42.612  -12.661  78.403 0.0000000000
67015  -39.133  -12.973  77.021 0.0000000000
67046  -41.558  -13.407  76.287 0.0000000000
67139  -52.282  -12.049  69.226 0.0000000000
67240  -45.113  -12.690  61.700 0.0000000000
67241  -45.899  -12.421  61.847 0.0000000000
67243  -47.147  -12.222  62.346 0.0000000000
68166  -42.017  -12.566  78.225 0.0000000000
68179  -47.063  -11.858  76.524 0.0000000000
68190  -47.339  -11.739  75.994 0.0000000000
68370  -47.501  -11.793  62.434 0.0000000000
69524  -46.419  -11.107  61.708 0.0000000000
70484  -49.253  -9.544  76.340 0.0000000000
70671  -47.030  -9.519  62.688 0.0000000000
70680  -46.335  -9.743  61.838 0.0000000000
71789  -48.883  -8.612  59.973 0.0000000000
71811  -49.310  -8.549  59.480 0.0000000000
72892  -49.619  -7.989  59.129 0.0000000000
72909  -49.032  -7.744  57.944 0.0000000000
72933  -48.033  -7.163  56.689 0.0000000000
75016  -49.738  -5.816  64.415 0.0000000000
76158  -51.205  -4.652  64.341 0.0000000000
76177  -52.189  -4.025  62.181 0.0000000000
77362  -52.068  -3.190  62.943 0.0000000000
78613  -55.835  -2.175  50.368 0.0000000000
80708  -53.897  -1.023  58.329 0.0000000000
81731  -59.292  0.526  50.138 0.0000000000
82616  -58.830  0.993  50.234 0.0000000000
