#!ascii label  , from subject 3831 vox2ras=TkReg
942
93359  43.993  11.330  60.504 0.0000000000
96116  47.035  14.110  47.992 0.0000000000
98651  48.144  17.358  46.271 0.0000000000
88911  47.110  6.748  38.403 0.0000000000
92480  42.756  10.108  53.223 0.0000000000
97736  48.784  16.605  53.522 0.0000000000
92566  49.389  10.616  41.051 0.0000000000
97844  43.338  16.064  44.073 0.0000000000
96068  51.088  14.369  54.558 0.0000000000
94324  46.789  12.062  54.780 0.0000000000
93432  43.198  11.385  48.254 0.0000000000
99461  43.485  18.796  45.032 0.0000000000
97033  47.232  15.959  42.040 0.0000000000
96967  52.585  16.225  47.334 0.0000000000
96202  50.554  14.387  40.030 0.0000000000
97874  41.716  16.808  42.685 0.0000000000
96023  46.570  14.618  58.569 0.0000000000
95202  44.354  13.802  57.127 0.0000000000
92496  43.096  10.797  50.752 0.0000000000
97781  45.476  16.772  49.612 0.0000000000
98623  42.709  18.647  48.725 0.0000000000
98667  45.688  18.320  45.295 0.0000000000
99500  45.528  18.578  41.850 0.0000000000
99498  47.744  18.969  41.928 0.0000000000
95239  49.297  13.914  51.276 0.0000000000
96933  52.611  15.526  51.309 0.0000000000
96128  49.682  14.641  47.827 0.0000000000
90729  50.832  8.481  39.925 0.0000000000
94451  51.456  12.241  40.656 0.0000000000
92588  49.084  10.510  39.173 0.0000000000
94472  47.821  12.436  38.549 0.0000000000
90741  45.939  8.759  37.904 0.0000000000
87937  44.541  5.368  39.374 0.0000000000
92455  41.780  10.405  58.727 0.0000000000
94319  42.384  12.475  55.579 0.0000000000
97767  48.470  16.720  50.471 0.0000000000
93457  45.654  11.671  44.858 0.0000000000
95303  47.681  12.948  44.134 0.0000000000
91616  47.592  9.498  41.912 0.0000000000
89830  50.237  7.471  41.691 0.0000000000
97680  51.419  16.543  58.565 0.0000000000
96892  49.892  14.901  59.054 0.0000000000
95222  48.559  13.054  54.604 0.0000000000
95241  47.486  13.472  51.463 0.0000000000
93402  44.417  11.171  54.033 0.0000000000
94352  44.465  12.551  50.843 0.0000000000
95279  45.039  12.800  47.989 0.0000000000
91593  44.349  9.691  45.313 0.0000000000
90558  41.120  8.738  60.068 0.0000000000
100218  41.008  19.532  46.528 0.0000000000
99474  41.184  18.632  43.869 0.0000000000
98692  43.270  17.658  42.829 0.0000000000
97036  44.844  15.743  43.272 0.0000000000
93490  45.255  11.939  42.075 0.0000000000
97722  51.881  16.957  54.283 0.0000000000
98596  51.874  17.673  50.888 0.0000000000
98649  51.142  17.090  46.499 0.0000000000
96173  50.360  14.413  43.591 0.0000000000
97019  52.449  15.768  43.125 0.0000000000
98703  50.763  17.728  42.257 0.0000000000
97052  49.111  15.356  40.597 0.0000000000
94453  46.556  12.530  40.419 0.0000000000
97875  40.702  16.758  42.258 0.0000000000
99520  40.622  17.545  41.583 0.0000000000
95171  45.462  13.763  59.400 0.0000000000
95191  43.732  12.985  58.837 0.0000000000
97809  47.099  17.203  47.794 0.0000000000
98620  45.688  17.350  47.970 0.0000000000
98652  47.254  17.540  46.274 0.0000000000
98678  47.078  18.582  44.170 0.0000000000
98691  48.712  18.507  43.528 0.0000000000
96094  48.333  14.428  50.039 0.0000000000
96099  49.797  14.545  49.670 0.0000000000
96129  48.678  14.446  47.455 0.0000000000
89846  49.117  7.799  39.395 0.0000000000
91641  50.004  9.375  39.837 0.0000000000
90732  48.242  8.603  39.311 0.0000000000
91644  46.874  9.281  38.814 0.0000000000
89854  46.511  7.648  38.255 0.0000000000
88913  45.396  6.146  38.162 0.0000000000
87946  45.322  5.040  37.784 0.0000000000
93391  41.013  11.471  57.179 0.0000000000
97757  46.992  16.519  51.625 0.0000000000
97746  49.062  16.507  52.425 0.0000000000
92547  45.850  10.411  43.660 0.0000000000
92546  46.513  10.461  43.040 0.0000000000
91618  46.224  9.319  42.719 0.0000000000
88868  49.859  6.109  43.108 0.0000000000
86867  49.261  5.334  42.145 0.0000000000
87914  49.790  5.936  40.682 0.0000000000
95216  46.733  13.498  55.680 0.0000000000
96061  47.903  14.041  55.875 0.0000000000
94323  47.562  12.582  55.014 0.0000000000
95230  48.232  12.865  53.560 0.0000000000
94341  47.032  12.198  53.520 0.0000000000
93404  42.667  11.557  54.148 0.0000000000
94327  43.169  12.101  54.793 0.0000000000
92479  43.651  10.510  53.214 0.0000000000
93428  43.267  11.348  49.220 0.0000000000
93424  43.579  11.481  51.327 0.0000000000
94362  43.704  12.132  49.551 0.0000000000
95257  44.677  13.069  49.241 0.0000000000
94385  44.166  12.357  47.471 0.0000000000
94395  44.489  12.216  46.506 0.0000000000
92521  43.919  10.662  46.514 0.0000000000
89781  45.384  7.897  45.906 0.0000000000
99437  43.436  18.832  46.784 0.0000000000
100210  41.834  19.383  47.366 0.0000000000
100217  41.961  19.349  46.390 0.0000000000
100227  41.244  19.415  45.528 0.0000000000
99473  42.483  18.765  44.190 0.0000000000
98679  42.232  17.915  43.507 0.0000000000
99486  43.637  18.475  43.223 0.0000000000
98722  46.540  17.716  41.381 0.0000000000
98706  45.010  17.419  41.767 0.0000000000
97034  46.554  15.830  42.476 0.0000000000
95327  45.837  13.673  42.919 0.0000000000
95326  46.505  13.592  42.159 0.0000000000
96048  52.000  15.477  57.089 0.0000000000
97702  52.184  16.536  56.391 0.0000000000
96920  52.706  15.957  55.355 0.0000000000
96939  52.646  15.947  49.058 0.0000000000
98601  52.616  16.934  51.004 0.0000000000
98615  52.737  17.059  48.875 0.0000000000
98609  51.636  17.483  49.094 0.0000000000
97816  52.472  16.758  47.155 0.0000000000
94419  48.379  12.611  42.697 0.0000000000
95301  49.160  13.988  44.139 0.0000000000
95324  49.415  13.204  42.465 0.0000000000
95349  51.622  13.260  39.933 0.0000000000
95332  51.911  14.435  42.177 0.0000000000
97042  51.556  15.575  41.532 0.0000000000
98687  52.364  17.084  42.999 0.0000000000
97043  50.774  16.074  41.154 0.0000000000
97897  49.869  16.648  40.908 0.0000000000
96203  49.689  14.600  40.118 0.0000000000
92599  45.750  10.522  38.268 0.0000000000
94463  47.451  12.903  39.122 0.0000000000
93520  45.155  11.456  39.115 0.0000000000
93511  44.302  11.226  40.126 0.0000000000
97715  48.209  16.669  55.755 0.0000000000
97858  41.057  16.511  43.590 0.0000000000
97857  42.104  16.442  43.316 0.0000000000
96855  47.162  14.884  60.336 0.0000000000
95170  46.214  13.894  59.664 0.0000000000
96042  45.655  14.352  57.324 0.0000000000
95209  45.271  13.538  55.718 0.0000000000
91548  42.916  10.055  51.782 0.0000000000
98621  44.464  17.895  48.115 0.0000000000
98639  44.506  18.112  46.822 0.0000000000
99447  44.765  18.540  45.360 0.0000000000
99471  44.328  18.677  43.909 0.0000000000
99469  46.030  18.614  43.486 0.0000000000
99499  46.604  18.731  41.850 0.0000000000
98721  47.661  17.697  41.512 0.0000000000
96075  51.074  14.206  53.514 0.0000000000
96080  51.704  14.786  52.823 0.0000000000
96091  50.706  14.537  50.772 0.0000000000
96941  50.980  15.183  49.379 0.0000000000
96969  51.331  15.485  47.864 0.0000000000
91626  49.861  9.378  40.826 0.0000000000
93498  50.533  12.010  41.258 0.0000000000
92578  50.214  10.604  40.403 0.0000000000
92586  51.190  11.280  39.647 0.0000000000
94460  50.811  12.619  39.035 0.0000000000
94462  49.020  12.831  38.873 0.0000000000
93528  48.191  11.606  38.555 0.0000000000
92598  46.688  10.557  37.965 0.0000000000
90742  45.394  8.530  38.700 0.0000000000
87947  44.572  4.969  38.476 0.0000000000
93370  42.918  10.710  59.283 0.0000000000
94299  42.768  11.990  58.608 0.0000000000
94308  41.898  12.018  57.434 0.0000000000
94320  41.584  12.184  55.383 0.0000000000
93417  41.179  10.993  53.663 0.0000000000
97770  45.039  16.587  50.714 0.0000000000
97780  46.701  16.597  49.603 0.0000000000
97792  48.267  16.863  48.681 0.0000000000
95286  46.493  13.292  46.304 0.0000000000
95285  47.546  13.847  46.383 0.0000000000
94402  46.987  12.606  44.512 0.0000000000
93478  47.182  11.494  42.982 0.0000000000
92567  48.190  10.541  41.622 0.0000000000
89818  48.004  7.503  42.804 0.0000000000
90714  48.456  8.746  41.932 0.0000000000
91627  48.791  9.492  41.434 0.0000000000
89829  50.500  7.649  40.852 0.0000000000
88896  49.052  6.369  39.812 0.0000000000
87935  47.144  5.971  38.957 0.0000000000
87945  46.213  5.500  38.334 0.0000000000
96891  50.820  15.348  58.913 0.0000000000
96049  51.143  14.685  56.864 0.0000000000
96911  48.360  14.925  58.283 0.0000000000
95206  49.091  13.743  56.102 0.0000000000
96060  50.176  14.015  55.228 0.0000000000
95229  49.136  13.719  52.870 0.0000000000
95240  48.654  13.761  51.101 0.0000000000
96095  47.565  14.485  49.932 0.0000000000
94310  43.143  12.942  57.123 0.0000000000
94317  44.285  12.745  55.350 0.0000000000
94337  45.440  11.651  53.703 0.0000000000
92486  44.116  10.628  52.925 0.0000000000
93419  44.937  11.624  52.585 0.0000000000
94343  45.397  12.005  52.747 0.0000000000
95243  45.642  12.765  51.362 0.0000000000
95256  45.348  13.424  49.610 0.0000000000
95267  46.415  13.587  48.000 0.0000000000
94394  45.233  12.466  46.213 0.0000000000
93469  45.274  11.063  44.674 0.0000000000
90686  45.196  8.770  44.218 0.0000000000
90679  44.236  8.805  45.700 0.0000000000
90687  44.565  8.772  44.862 0.0000000000
91499  42.741  9.776  60.962 0.0000000000
91507  41.476  9.433  59.359 0.0000000000
90565  39.382  8.254  59.586 0.0000000000
100201  40.999  20.101  48.449 0.0000000000
100220  39.377  20.190  46.129 0.0000000000
99503  40.977  17.688  42.225 0.0000000000
98709  42.477  17.227  42.536 0.0000000000
97872  43.613  16.722  42.618 0.0000000000
99518  43.994  18.205  41.342 0.0000000000
98707  44.184  17.467  41.846 0.0000000000
97022  44.579  15.487  43.881 0.0000000000
97723  50.853  16.780  54.359 0.0000000000
97743  52.874  16.529  52.659 0.0000000000
98579  52.045  17.151  53.079 0.0000000000
97745  50.120  16.987  52.276 0.0000000000
97765  50.707  16.988  50.341 0.0000000000
97791  49.441  17.077  48.680 0.0000000000
98650  50.153  17.273  46.287 0.0000000000
96140  48.388  14.301  46.283 0.0000000000
96150  49.647  14.617  45.529 0.0000000000
96148  51.732  15.498  45.706 0.0000000000
95334  50.316  13.232  41.826 0.0000000000
96172  51.540  15.178  43.779 0.0000000000
96995  52.198  16.052  45.664 0.0000000000
97842  52.000  16.695  44.712 0.0000000000
98674  51.457  17.540  44.308 0.0000000000
98675  50.221  17.941  44.328 0.0000000000
99496  49.943  18.758  42.115 0.0000000000
98720  48.674  17.614  41.191 0.0000000000
97887  48.045  16.602  41.262 0.0000000000
95343  48.879  13.927  39.581 0.0000000000
96205  48.198  14.177  40.657 0.0000000000
95337  47.053  13.578  41.431 0.0000000000
94454  45.788  12.209  40.880 0.0000000000
87928  44.738  5.618  40.475 0.0000000000
98728  40.224  17.570  40.461 0.0000000000
99521  40.005  17.886  41.107 0.0000000000
94271  44.392  11.916  60.340 0.0000000000
94280  44.417  12.367  60.242 0.0000000000
95173  43.759  12.585  59.482 0.0000000000
97821  47.802  17.075  46.822 0.0000000000
98636  47.285  17.232  47.176 0.0000000000
98665  48.185  17.686  45.267 0.0000000000
96101  48.119  14.552  49.210 0.0000000000
96115  47.900  14.416  48.219 0.0000000000
89847  48.139  7.615  39.391 0.0000000000
89853  47.298  7.566  38.796 0.0000000000
90739  47.411  8.238  39.164 0.0000000000
88912  46.266  6.645  38.234 0.0000000000
87944  46.661  6.231  38.429 0.0000000000
97726  47.270  16.713  54.766 0.0000000000
97737  47.556  16.599  53.672 0.0000000000
97747  47.860  16.465  52.582 0.0000000000
90693  45.637  8.825  43.379 0.0000000000
91608  45.931  9.674  43.130 0.0000000000
90702  46.346  8.496  42.841 0.0000000000
86868  48.841  5.057  42.280 0.0000000000
87906  48.476  5.144  41.985 0.0000000000
87916  48.293  5.219  41.391 0.0000000000
97011  43.491  15.489  44.556 0.0000000000
94315  46.748  12.682  55.300 0.0000000000
94314  47.165  13.025  55.389 0.0000000000
94335  47.538  12.040  54.139 0.0000000000
93416  42.161  10.918  53.671 0.0000000000
93415  43.173  10.937  53.599 0.0000000000
94372  43.615  11.909  48.767 0.0000000000
94386  43.518  12.150  48.106 0.0000000000
93441  43.929  11.612  46.788 0.0000000000
92511  43.612  11.128  47.000 0.0000000000
99449  43.508  18.928  45.940 0.0000000000
99450  42.792  19.166  46.189 0.0000000000
99462  42.805  19.058  45.298 0.0000000000
100226  42.140  19.276  45.507 0.0000000000
99472  43.533  18.591  44.127 0.0000000000
97869  46.877  16.772  41.814 0.0000000000
98705  45.923  17.548  41.797 0.0000000000
96185  46.352  14.633  42.576 0.0000000000
96184  47.170  15.118  42.146 0.0000000000
96058  51.923  15.064  56.024 0.0000000000
96057  52.463  15.618  56.175 0.0000000000
96067  51.883  15.047  54.881 0.0000000000
96950  52.507  16.177  48.190 0.0000000000
97788  52.780  16.504  48.736 0.0000000000
97804  52.626  16.672  48.032 0.0000000000
98632  52.499  17.235  47.908 0.0000000000
96981  52.512  16.328  46.544 0.0000000000
93500  48.718  11.549  41.649 0.0000000000
95325  48.665  12.917  42.628 0.0000000000
94443  49.399  12.146  41.692 0.0000000000
95342  51.134  13.766  40.160 0.0000000000
96193  51.429  14.498  41.190 0.0000000000
97049  51.225  14.936  40.977 0.0000000000
97050  51.040  15.259  40.644 0.0000000000
92590  45.064  10.429  39.122 0.0000000000
92591  44.300  10.213  39.346 0.0000000000
98711  40.820  16.949  41.515 0.0000000000
95159  47.250  13.799  61.142 0.0000000000
95160  46.453  13.476  60.748 0.0000000000
95190  44.534  13.801  58.378 0.0000000000
95189  45.159  14.227  58.596 0.0000000000
96043  44.902  14.177  57.298 0.0000000000
96054  45.411  13.887  56.398 0.0000000000
95210  44.668  13.576  56.193 0.0000000000
97782  44.486  16.791  49.885 0.0000000000
98612  43.620  17.491  49.538 0.0000000000
98611  44.565  16.991  49.068 0.0000000000
98653  46.104  17.900  46.143 0.0000000000
98638  45.324  17.668  47.002 0.0000000000
98654  45.084  18.374  46.061 0.0000000000
98655  44.492  18.463  46.301 0.0000000000
98668  45.146  18.420  45.373 0.0000000000
99459  45.029  18.523  44.700 0.0000000000
99458  45.887  18.477  44.387 0.0000000000
99467  47.636  18.772  43.182 0.0000000000
99468  46.971  18.740  43.459 0.0000000000
99482  47.277  18.925  42.610 0.0000000000
99515  47.086  18.366  41.480 0.0000000000
99514  48.240  18.422  41.645 0.0000000000
96082  50.052  13.937  52.208 0.0000000000
96081  50.924  14.328  52.520 0.0000000000
96087  49.914  14.112  51.290 0.0000000000
96113  49.693  14.672  48.802 0.0000000000
96112  50.436  14.956  49.142 0.0000000000
96127  50.507  14.973  48.276 0.0000000000
96952  51.086  15.476  48.811 0.0000000000
96138  50.626  15.087  47.252 0.0000000000
91625  50.666  9.045  40.583 0.0000000000
91634  50.181  9.556  40.195 0.0000000000
91642  48.822  9.452  39.256 0.0000000000
92587  50.278  10.673  39.793 0.0000000000
93519  49.678  11.286  39.277 0.0000000000
93518  50.436  11.695  39.217 0.0000000000
94470  49.293  12.043  38.701 0.0000000000
92596  48.567  11.046  38.669 0.0000000000
90746  46.278  9.259  37.926 0.0000000000
91651  47.236  10.090  38.286 0.0000000000
90747  46.066  9.392  37.673 0.0000000000
91659  45.866  9.716  37.785 0.0000000000
89855  45.797  7.534  38.323 0.0000000000
88921  44.835  5.338  37.997 0.0000000000
92454  42.544  10.454  59.154 0.0000000000
93386  42.560  11.171  58.844 0.0000000000
93387  41.739  11.335  58.147 0.0000000000
93394  40.885  11.841  55.931 0.0000000000
93398  40.990  11.965  54.929 0.0000000000
93405  41.605  11.572  54.307 0.0000000000
93406  40.480  11.375  54.280 0.0000000000
97768  47.372  16.601  50.563 0.0000000000
97779  47.789  16.616  49.520 0.0000000000
96943  47.752  16.772  49.030 0.0000000000
96942  48.051  16.855  49.114 0.0000000000
94393  45.939  12.701  45.878 0.0000000000
95295  46.485  12.931  45.632 0.0000000000
94403  46.331  12.400  45.083 0.0000000000
92557  46.651  10.141  42.492 0.0000000000
93466  46.882  11.620  43.496 0.0000000000
92556  47.288  10.536  42.304 0.0000000000
92568  47.849  10.960  41.978 0.0000000000
92555  47.689  10.101  41.754 0.0000000000
89802  48.316  6.832  43.239 0.0000000000
88879  50.040  6.471  42.275 0.0000000000
90699  49.203  7.682  42.352 0.0000000000
89816  49.569  7.251  42.259 0.0000000000
90713  49.557  8.399  41.944 0.0000000000
90712  50.384  8.406  41.088 0.0000000000
87925  48.996  5.915  40.309 0.0000000000
87924  49.489  6.220  40.206 0.0000000000
88897  48.511  6.086  39.906 0.0000000000
87936  46.879  5.227  39.453 0.0000000000
96872  50.058  15.199  59.880 0.0000000000
96871  50.921  15.464  60.015 0.0000000000
96020  50.452  14.972  58.417 0.0000000000
96037  51.126  15.240  57.953 0.0000000000
96038  50.226  14.687  57.654 0.0000000000
96006  46.586  14.603  58.975 0.0000000000
96895  47.238  14.840  59.381 0.0000000000
96040  47.604  14.798  57.807 0.0000000000
95214  48.559  13.618  55.502 0.0000000000
96051  48.457  14.009  56.634 0.0000000000
95205  49.430  13.745  55.638 0.0000000000
95213  49.382  13.579  54.845 0.0000000000
96069  50.160  13.970  54.200 0.0000000000
95221  49.274  13.480  53.878 0.0000000000
95235  48.294  13.459  52.300 0.0000000000
95246  47.863  13.977  50.537 0.0000000000
95247  46.668  13.838  50.303 0.0000000000
94307  42.558  12.396  57.762 0.0000000000
94311  42.456  12.587  56.683 0.0000000000
93403  43.690  11.421  54.140 0.0000000000
94318  43.512  12.696  55.797 0.0000000000
94326  44.567  12.039  54.682 0.0000000000
94338  44.872  11.304  54.018 0.0000000000
92493  43.166  10.583  51.564 0.0000000000
92487  43.407  10.293  52.444 0.0000000000
93421  43.493  11.006  52.023 0.0000000000
94349  44.123  12.032  51.198 0.0000000000
93423  44.156  11.727  51.624 0.0000000000
94344  44.921  11.921  52.264 0.0000000000
94347  45.406  12.451  51.912 0.0000000000
94346  45.898  12.569  52.455 0.0000000000
94351  45.132  12.668  51.158 0.0000000000
95269  44.928  13.159  48.775 0.0000000000
95268  45.654  13.361  48.439 0.0000000000
95278  45.900  13.202  47.359 0.0000000000
94384  45.018  12.796  46.978 0.0000000000
92530  44.417  10.622  45.687 0.0000000000
93458  44.834  11.436  45.254 0.0000000000
92537  44.803  10.487  44.928 0.0000000000
91601  44.906  9.623  44.554 0.0000000000
89793  44.629  8.337  45.207 0.0000000000
89792  45.121  7.680  44.783 0.0000000000
91500  41.753  9.243  60.566 0.0000000000
90563  41.037  8.744  59.422 0.0000000000
91520  40.747  9.641  58.661 0.0000000000
91508  40.613  8.984  59.040 0.0000000000
100211  40.868  19.597  47.568 0.0000000000
99440  40.568  19.859  47.619 0.0000000000
100915  40.575  20.943  48.091 0.0000000000
100931  40.056  20.338  46.977 0.0000000000
100932  39.697  20.714  46.529 0.0000000000
100219  40.021  19.859  46.600 0.0000000000
100237  40.534  19.135  44.437 0.0000000000
99489  40.233  18.397  43.274 0.0000000000
99504  40.412  17.996  42.194 0.0000000000
99488  41.087  18.240  42.889 0.0000000000
98693  42.327  17.541  42.916 0.0000000000
97873  42.709  16.773  42.664 0.0000000000
99485  44.398  18.906  42.908 0.0000000000
99501  44.617  18.547  41.964 0.0000000000
97871  44.677  16.565  42.799 0.0000000000
97854  44.492  16.002  43.379 0.0000000000
96176  45.007  14.939  43.873 0.0000000000
97021  45.020  15.191  43.461 0.0000000000
94432  45.255  12.518  42.699 0.0000000000
98545  50.862  16.930  58.346 0.0000000000
97711  52.304  16.437  55.376 0.0000000000
97703  51.322  16.721  56.454 0.0000000000
97712  51.581  16.697  55.400 0.0000000000
97713  50.566  16.788  55.469 0.0000000000
96084  52.256  15.232  52.268 0.0000000000
96927  52.519  15.841  53.352 0.0000000000
96931  52.621  15.860  52.375 0.0000000000
98595  52.289  17.401  51.343 0.0000000000
98594  53.036  17.266  51.996 0.0000000000
98588  51.740  17.497  51.628 0.0000000000
98580  51.646  17.321  52.387 0.0000000000
97744  50.993  17.514  51.986 0.0000000000
97754  50.351  17.009  51.252 0.0000000000
97764  51.652  17.330  50.372 0.0000000000
98634  51.065  17.381  47.530 0.0000000000
97790  50.636  17.314  48.649 0.0000000000
97806  50.184  16.987  47.875 0.0000000000
98635  50.426  17.207  47.055 0.0000000000
95293  48.057  13.931  45.586 0.0000000000
95284  48.023  13.967  46.106 0.0000000000
96174  49.750  14.241  43.827 0.0000000000
96162  49.430  14.325  44.368 0.0000000000
96161  50.596  14.841  44.725 0.0000000000
96149  51.000  15.038  45.999 0.0000000000
93508  50.860  11.548  40.788 0.0000000000
94441  50.916  12.614  41.162 0.0000000000
96181  52.104  14.901  42.676 0.0000000000
95322  51.523  14.448  42.381 0.0000000000
96171  52.144  15.360  43.321 0.0000000000
97009  52.064  15.969  44.347 0.0000000000
97841  52.307  16.471  43.988 0.0000000000
98688  51.701  17.649  43.175 0.0000000000
98689  50.701  18.042  43.319 0.0000000000
98690  49.539  18.426  43.143 0.0000000000
98704  50.195  18.224  42.697 0.0000000000
98719  49.701  17.546  41.028 0.0000000000
97898  49.105  16.441  40.708 0.0000000000
97886  48.685  17.004  40.865 0.0000000000
97899  48.567  15.953  40.681 0.0000000000
95359  48.644  12.945  38.797 0.0000000000
95352  49.098  13.504  39.013 0.0000000000
95353  48.198  13.177  38.813 0.0000000000
94464  46.662  12.468  39.446 0.0000000000
94452  47.359  12.870  40.065 0.0000000000
95336  47.605  13.571  40.705 0.0000000000
94444  47.184  12.874  40.913 0.0000000000
94445  46.544  12.693  41.505 0.0000000000
93512  43.682  10.575  40.079 0.0000000000
88905  44.691  6.493  39.850 0.0000000000
97889  40.376  16.806  41.211 0.0000000000
98726  40.796  17.287  41.582 0.0000000000
95161  45.081  13.165  60.542 0.0000000000
95172  44.325  13.030  59.763 0.0000000000
95203  43.725  13.345  57.723 0.0000000000
97794  46.153  16.952  48.759 0.0000000000
98637  46.450  17.378  47.198 0.0000000000
98666  46.846  18.257  44.995 0.0000000000
98677  47.873  18.515  43.980 0.0000000000
99481  48.377  18.931  42.833 0.0000000000
96093  49.075  14.268  50.314 0.0000000000
96092  49.930  14.355  50.468 0.0000000000
96100  48.971  14.490  49.426 0.0000000000
96114  48.831  14.517  48.493 0.0000000000
89845  50.038  7.781  39.702 0.0000000000
90730  50.373  8.558  39.704 0.0000000000
90731  49.484  8.588  39.497 0.0000000000
92589  48.357  10.043  38.925 0.0000000000
90733  47.253  8.898  39.093 0.0000000000
90740  46.624  8.661  38.592 0.0000000000
87954  44.874  4.765  37.612 0.0000000000
92456  40.944  10.310  58.414 0.0000000000
92459  41.165  10.898  58.098 0.0000000000
93392  40.407  11.083  57.097 0.0000000000
97749  45.438  16.505  52.847 0.0000000000
97748  46.649  16.403  52.721 0.0000000000
97756  48.162  16.575  51.503 0.0000000000
93468  45.881  11.132  44.228 0.0000000000
93456  46.252  11.745  44.540 0.0000000000
91607  46.364  9.842  42.690 0.0000000000
91617  46.810  9.476  42.373 0.0000000000
88869  49.029  6.303  43.327 0.0000000000
87895  49.264  5.422  43.275 0.0000000000
87894  49.831  5.711  42.662 0.0000000000
87904  49.747  5.646  41.802 0.0000000000
88888  50.302  6.664  41.139 0.0000000000
87915  49.014  5.504  41.020 0.0000000000
96873  49.222  15.253  59.593 0.0000000000
96041  46.519  14.592  57.459 0.0000000000
96052  47.309  14.238  56.463 0.0000000000
95207  47.200  13.830  55.901 0.0000000000
95215  47.581  13.488  55.471 0.0000000000
94334  48.019  12.604  54.432 0.0000000000
95231  47.494  12.456  53.530 0.0000000000
95236  47.121  12.970  52.846 0.0000000000
94328  42.161  12.019  54.806 0.0000000000
93414  44.005  10.826  53.655 0.0000000000
92499  42.831  10.783  49.829 0.0000000000
93426  43.288  11.529  50.215 0.0000000000
94353  43.838  12.189  50.529 0.0000000000
94360  44.968  12.992  50.471 0.0000000000
94361  44.442  12.740  49.853 0.0000000000
94371  44.208  12.613  48.713 0.0000000000
90678  44.839  8.442  46.017 0.0000000000
88845  45.616  7.080  45.725 0.0000000000
99425  43.452  18.654  47.682 0.0000000000
99426  42.649  19.043  48.141 0.0000000000
99438  42.703  19.087  47.111 0.0000000000
100236  41.662  19.214  44.692 0.0000000000
98680  41.742  18.255  43.465 0.0000000000
99487  43.020  17.922  43.618 0.0000000000
99516  45.687  18.215  41.148 0.0000000000
99530  44.809  18.117  40.630 0.0000000000
98723  45.271  17.776  40.897 0.0000000000
97870  45.828  16.768  42.494 0.0000000000
97035  45.496  15.445  42.893 0.0000000000
96186  45.714  14.535  42.953 0.0000000000
94431  46.171  12.775  42.435 0.0000000000
96908  52.241  15.722  57.926 0.0000000000
96889  52.073  16.266  58.077 0.0000000000
96918  52.466  15.836  57.099 0.0000000000
96917  52.664  16.065  56.375 0.0000000000
97721  52.419  16.463  54.364 0.0000000000
96936  52.726  15.750  50.076 0.0000000000
97762  53.124  16.422  50.588 0.0000000000
98607  52.876  17.120  49.980 0.0000000000
98608  52.267  17.397  49.537 0.0000000000
97775  51.845  17.384  49.803 0.0000000000
98616  52.127  17.519  48.579 0.0000000000
98633  51.891  17.515  47.747 0.0000000000
98648  51.798  17.249  47.004 0.0000000000
95314  47.751  12.647  43.528 0.0000000000
95302  48.526  13.828  44.425 0.0000000000
95313  48.361  13.187  43.219 0.0000000000
95312  49.528  13.889  43.583 0.0000000000
95311  50.135  14.104  43.301 0.0000000000
94450  51.802  12.578  40.250 0.0000000000
95333  51.303  13.868  41.588 0.0000000000
95341  51.454  13.580  40.625 0.0000000000
96192  52.040  14.658  41.786 0.0000000000
97031  52.112  15.768  42.353 0.0000000000
97853  52.450  16.499  43.401 0.0000000000
97032  51.767  16.054  42.064 0.0000000000
97867  51.478  16.982  42.063 0.0000000000
97884  51.125  16.846  41.483 0.0000000000
99511  50.420  18.023  41.753 0.0000000000
97885  50.458  16.911  41.014 0.0000000000
97051  50.071  15.524  40.926 0.0000000000
93530  46.169  11.551  38.255 0.0000000000
94473  46.830  12.313  38.598 0.0000000000
94474  46.002  12.183  38.897 0.0000000000
94465  45.807  12.194  39.797 0.0000000000
93521  44.325  10.769  39.435 0.0000000000
93522  43.921  10.448  39.510 0.0000000000
97725  48.496  16.608  54.638 0.0000000000
97024  42.386  16.290  43.798 0.0000000000
97856  42.941  16.382  43.484 0.0000000000
96007  46.595  14.473  59.646 0.0000000000
96024  45.737  14.518  58.408 0.0000000000
96053  46.356  14.121  56.409 0.0000000000
96063  45.996  13.739  55.828 0.0000000000
94316  46.227  12.331  55.139 0.0000000000
92488  42.905  9.751  52.751 0.0000000000
91549  42.518  9.686  52.220 0.0000000000
91555  42.819  10.202  51.420 0.0000000000
92494  42.811  10.337  51.094 0.0000000000
92502  42.827  10.357  48.709 0.0000000000
92512  43.307  10.568  47.372 0.0000000000
98622  43.232  18.294  48.566 0.0000000000
99424  43.964  18.382  47.180 0.0000000000
99448  44.261  18.687  45.738 0.0000000000
99460  44.241  18.647  44.825 0.0000000000
99470  45.162  18.736  43.690 0.0000000000
99484  45.330  18.806  42.716 0.0000000000
99457  46.568  18.558  44.122 0.0000000000
99483  46.293  18.746  42.629 0.0000000000
97888  47.297  17.244  41.509 0.0000000000
96074  51.850  14.992  53.815 0.0000000000
96085  51.741  14.805  51.817 0.0000000000
96934  52.063  14.994  51.162 0.0000000000
96097  51.395  14.842  50.346 0.0000000000
96937  52.066  15.182  50.568 0.0000000000
96940  51.741  15.354  49.571 0.0000000000
96951  51.974  15.716  48.494 0.0000000000
96968  52.170  15.757  47.555 0.0000000000
93499  49.937  11.582  41.326 0.0000000000
93509  50.176  11.048  40.901 0.0000000000
92577  51.232  10.934  40.181 0.0000000000
93507  51.628  11.720  40.300 0.0000000000
93516  51.794  11.924  39.800 0.0000000000
94459  51.498  12.618  39.595 0.0000000000
95350  50.938  13.463  39.526 0.0000000000
96211  50.468  13.994  39.274 0.0000000000
94461  49.680  12.546  38.803 0.0000000000
94471  48.736  12.351  38.670 0.0000000000
92597  47.856  10.635  38.567 0.0000000000
93529  47.251  11.567  38.225 0.0000000000
92604  46.137  10.156  37.672 0.0000000000
91653  45.478  9.601  38.617 0.0000000000
88914  44.705  6.243  38.716 0.0000000000
86893  44.505  4.336  39.088 0.0000000000
93369  43.377  11.172  59.523 0.0000000000
94298  43.333  12.160  59.148 0.0000000000
93385  43.059  11.580  58.994 0.0000000000
94300  42.222  11.848  58.254 0.0000000000
94312  41.670  12.161  56.373 0.0000000000
94329  41.578  11.998  54.819 0.0000000000
97771  44.013  16.835  50.643 0.0000000000
97758  45.782  16.543  51.730 0.0000000000
97769  46.217  16.632  50.645 0.0000000000
97793  47.309  16.818  48.659 0.0000000000
97808  47.855  16.804  47.679 0.0000000000
97820  48.635  16.954  46.823 0.0000000000
95277  46.945  13.761  47.202 0.0000000000
95276  47.357  13.935  46.912 0.0000000000
95294  47.152  13.372  45.191 0.0000000000
93467  46.573  11.541  43.943 0.0000000000
94412  47.169  12.169  43.751 0.0000000000
94420  47.791  12.308  42.952 0.0000000000
93489  47.975  11.494  42.332 0.0000000000
89819  47.049  7.646  42.816 0.0000000000
90701  47.602  8.521  42.343 0.0000000000
89817  48.927  7.156  42.749 0.0000000000
90700  48.652  8.000  42.385 0.0000000000
90715  47.902  8.920  41.840 0.0000000000
91628  48.156  9.260  41.711 0.0000000000
89837  50.464  7.806  40.188 0.0000000000
88887  50.342  7.227  40.502 0.0000000000
89838  50.229  7.400  40.027 0.0000000000
88903  49.051  7.006  39.389 0.0000000000
88904  48.037  6.593  39.323 0.0000000000
86899  45.600  4.241  37.921 0.0000000000
96890  51.664  15.863  59.053 0.0000000000
96036  51.847  15.448  57.888 0.0000000000
96059  51.127  14.360  55.691 0.0000000000
97643  48.241  15.381  60.415 0.0000000000
97683  48.240  14.989  59.420 0.0000000000
96893  48.839  14.982  58.773 0.0000000000
96039  48.967  14.764  57.732 0.0000000000
96050  49.846  14.180  56.463 0.0000000000
96076  50.076  14.000  53.204 0.0000000000
95234  49.202  13.887  51.852 0.0000000000
95245  48.482  14.085  50.494 0.0000000000
96102  47.234  14.290  49.099 0.0000000000
94306  43.200  12.628  58.213 0.0000000000
95211  43.858  13.371  56.570 0.0000000000
95219  44.260  13.060  55.843 0.0000000000
95218  44.861  13.091  55.258 0.0000000000
95225  45.397  12.484  55.046 0.0000000000
94325  45.843  12.023  54.666 0.0000000000
93413  44.718  10.861  53.368 0.0000000000
93420  44.305  11.297  52.338 0.0000000000
94336  46.546  11.733  53.990 0.0000000000
94342  46.242  12.302  53.169 0.0000000000
95237  46.373  12.740  52.569 0.0000000000
95242  46.300  12.956  51.694 0.0000000000
95248  45.685  13.090  50.750 0.0000000000
95255  46.374  13.802  48.910 0.0000000000
94404  45.419  12.184  45.474 0.0000000000
94405  44.773  12.047  45.833 0.0000000000
92536  45.359  10.389  44.321 0.0000000000
91600  45.397  9.632  43.824 0.0000000000
89805  45.622  8.148  43.903 0.0000000000
92522  43.558  10.163  46.722 0.0000000000
91581  44.149  10.030  45.965 0.0000000000
89782  44.800  8.208  45.531 0.0000000000
92442  43.473  10.628  60.257 0.0000000000
92443  42.949  10.227  59.822 0.0000000000
92444  42.271  9.964  59.343 0.0000000000
91506  42.231  9.747  60.023 0.0000000000
91519  41.279  9.903  58.728 0.0000000000
90564  40.469  8.559  59.623 0.0000000000
91509  40.023  8.878  59.299 0.0000000000
91521  39.631  9.400  58.543 0.0000000000
100941  38.894  20.207  45.351 0.0000000000
100228  40.200  19.448  45.592 0.0000000000
100229  39.215  19.803  45.547 0.0000000000
100239  38.918  19.857  44.607 0.0000000000
99519  40.875  17.397  41.865 0.0000000000
98710  41.212  17.255  42.177 0.0000000000
98694  41.654  17.854  42.788 0.0000000000
99502  43.855  18.268  42.313 0.0000000000
98708  43.561  17.515  42.132 0.0000000000
98740  44.089  17.820  40.286 0.0000000000
98725  43.855  17.796  40.959 0.0000000000
97855  43.906  16.144  43.573 0.0000000000
97023  43.971  15.680  44.145 0.0000000000
97010  44.108  15.131  44.409 0.0000000000
96175  45.343  14.439  43.575 0.0000000000
97692  51.091  16.938  57.577 0.0000000000
97714  49.424  16.815  55.596 0.0000000000
97724  49.704  16.636  54.490 0.0000000000
96928  52.249  15.491  53.882 0.0000000000
96922  52.464  15.721  54.382 0.0000000000
97752  53.078  16.440  51.659 0.0000000000
98586  52.731  17.068  52.922 0.0000000000
98572  52.130  17.080  53.725 0.0000000000
97734  51.173  17.142  53.174 0.0000000000
97735  50.026  16.497  53.339 0.0000000000
97755  49.314  16.624  51.374 0.0000000000
97766  49.599  16.751  50.375 0.0000000000
97776  51.116  17.199  49.482 0.0000000000
97777  50.021  17.011  49.488 0.0000000000
97778  48.749  17.025  49.498 0.0000000000
97807  48.985  16.944  47.816 0.0000000000
97832  49.347  17.122  46.285 0.0000000000
96141  47.828  14.127  46.604 0.0000000000
96139  49.703  14.579  46.726 0.0000000000
96151  48.777  14.277  45.120 0.0000000000
96983  51.617  15.453  46.896 0.0000000000
96996  51.904  15.485  46.164 0.0000000000
94442  50.081  12.439  41.585 0.0000000000
95323  50.513  14.006  42.753 0.0000000000
96182  51.085  14.658  42.973 0.0000000000
96183  50.643  14.385  43.081 0.0000000000
96160  51.470  15.561  45.035 0.0000000000
96994  52.380  16.452  46.152 0.0000000000
97830  52.121  16.794  45.869 0.0000000000
97831  51.591  17.081  45.849 0.0000000000
98673  52.265  17.108  43.800 0.0000000000
98662  51.638  17.051  45.208 0.0000000000
98663  50.840  17.293  45.388 0.0000000000
98664  49.515  17.547  45.406 0.0000000000
98676  48.988  17.945  44.186 0.0000000000
99497  48.844  19.222  41.870 0.0000000000
99512  50.074  18.238  41.528 0.0000000000
99513  49.267  18.434  41.473 0.0000000000
97045  47.634  15.617  41.562 0.0000000000
96212  49.928  14.422  39.056 0.0000000000
96213  49.286  14.224  39.517 0.0000000000
96204  48.884  14.364  40.214 0.0000000000
95344  48.244  13.513  39.783 0.0000000000
97053  48.252  15.241  40.839 0.0000000000
96194  47.591  14.493  41.371 0.0000000000
96195  46.909  14.292  41.918 0.0000000000
94446  45.777  12.180  41.883 0.0000000000
93510  45.074  11.736  40.377 0.0000000000
93502  45.187  11.754  41.417 0.0000000000
86858  49.360  5.293  42.539 0.0000000000
87905  48.973  5.303  41.799 0.0000000000
88880  49.540  6.643  42.783 0.0000000000
88894  50.267  7.286  40.243 0.0000000000
88895  49.941  6.830  40.047 0.0000000000
88902  49.583  7.321  39.575 0.0000000000
88920  45.080  5.331  37.775 0.0000000000
89844  50.485  8.173  39.869 0.0000000000
90703  45.894  9.074  42.867 0.0000000000
90722  50.693  8.432  40.419 0.0000000000
91594  44.055  9.503  45.850 0.0000000000
91615  48.042  9.768  41.594 0.0000000000
91633  51.080  9.152  40.076 0.0000000000
91640  50.840  8.919  39.666 0.0000000000
91643  47.608  9.618  38.877 0.0000000000
91652  46.716  9.652  38.166 0.0000000000
91658  46.238  9.716  37.675 0.0000000000
92460  40.523  10.704  57.683 0.0000000000
92478  44.177  10.683  53.291 0.0000000000
92497  42.607  10.261  50.480 0.0000000000
92545  46.966  10.895  42.965 0.0000000000
92576  51.638  11.426  39.901 0.0000000000
92585  51.570  11.607  39.685 0.0000000000
92603  46.430  10.030  37.735 0.0000000000
93358  44.468  11.779  60.607 0.0000000000
93412  45.110  11.320  52.894 0.0000000000
93442  43.503  11.595  47.444 0.0000000000
93449  44.356  11.451  46.074 0.0000000000
93479  46.729  11.164  43.357 0.0000000000
93480  46.289  10.957  43.638 0.0000000000
93488  48.433  11.898  42.220 0.0000000000
93501  48.158  11.150  41.841 0.0000000000
93517  51.350  11.904  39.382 0.0000000000
93526  49.666  11.794  38.886 0.0000000000
93527  49.070  11.494  38.723 0.0000000000
94281  43.893  12.087  59.930 0.0000000000
94322  48.076  12.770  54.796 0.0000000000
94348  44.644  12.098  51.623 0.0000000000
94413  46.662  12.086  44.383 0.0000000000
94428  49.525  12.596  42.003 0.0000000000
94429  48.854  12.398  42.215 0.0000000000
94430  48.301  12.123  42.492 0.0000000000
94440  51.581  12.936  40.883 0.0000000000
95162  44.573  12.722  60.409 0.0000000000
95208  46.902  13.931  56.097 0.0000000000
95217  45.861  13.056  55.375 0.0000000000
95223  48.096  13.038  55.113 0.0000000000
95224  45.825  12.383  55.140 0.0000000000
95287  45.725  12.873  46.560 0.0000000000
95321  51.918  14.595  42.402 0.0000000000
95335  49.841  12.867  41.974 0.0000000000
95351  50.239  13.489  38.863 0.0000000000
95360  48.322  12.764  38.624 0.0000000000
96008  46.025  14.376  59.208 0.0000000000
96019  50.794  15.215  58.433 0.0000000000
96021  49.681  14.804  58.337 0.0000000000
96022  46.996  14.663  58.837 0.0000000000
96025  45.025  14.598  58.040 0.0000000000
96047  52.491  15.756  56.709 0.0000000000
96055  44.843  13.844  56.760 0.0000000000
96062  47.488  13.949  55.877 0.0000000000
96064  45.630  13.620  55.764 0.0000000000
96066  52.375  15.463  55.379 0.0000000000
96073  52.245  15.423  53.534 0.0000000000
96079  52.238  15.347  53.030 0.0000000000
96086  50.800  14.416  51.609 0.0000000000
96088  49.376  14.037  50.883 0.0000000000
96090  51.450  14.845  51.048 0.0000000000
96098  50.758  14.693  49.861 0.0000000000
96130  47.607  14.191  47.151 0.0000000000
96131  47.188  14.033  47.454 0.0000000000
96163  48.901  14.147  44.642 0.0000000000
96201  51.132  14.403  40.580 0.0000000000
96856  46.791  15.180  60.167 0.0000000000
96874  46.963  14.719  59.220 0.0000000000
96875  46.764  14.893  59.763 0.0000000000
96876  46.688  15.266  59.808 0.0000000000
96877  47.094  15.505  59.687 0.0000000000
96894  47.748  14.722  58.917 0.0000000000
96896  46.920  15.024  59.627 0.0000000000
96897  46.865  15.262  59.631 0.0000000000
96907  52.418  16.174  57.249 0.0000000000
96909  51.633  15.496  58.388 0.0000000000
96910  48.718  14.937  58.247 0.0000000000
96923  52.127  15.334  54.252 0.0000000000
96953  48.126  16.876  48.901 0.0000000000
96954  47.887  16.823  48.883 0.0000000000
96982  52.360  15.791  46.662 0.0000000000
97008  52.407  16.057  43.716 0.0000000000
97020  52.162  15.671  43.650 0.0000000000
97041  52.190  15.215  42.045 0.0000000000
97044  50.322  16.307  41.131 0.0000000000
97644  47.664  15.315  60.411 0.0000000000
97645  47.145  15.356  60.314 0.0000000000
97646  46.746  15.661  60.108 0.0000000000
97666  48.563  15.405  59.844 0.0000000000
97667  47.818  15.519  59.760 0.0000000000
97679  51.703  16.552  57.910 0.0000000000
97682  48.701  15.199  59.377 0.0000000000
97684  47.136  14.984  59.542 0.0000000000
97685  47.065  15.218  59.568 0.0000000000
97691  51.903  16.548  57.310 0.0000000000
97732  52.517  16.416  53.518 0.0000000000
97733  51.827  17.173  53.577 0.0000000000
97753  51.255  17.366  51.084 0.0000000000
97763  51.996  17.518  50.264 0.0000000000
97773  53.090  16.490  49.507 0.0000000000
97774  52.112  17.450  50.043 0.0000000000
97789  50.874  17.508  48.400 0.0000000000
97795  45.233  17.047  48.637 0.0000000000
97805  50.765  17.468  48.170 0.0000000000
97817  52.264  17.026  46.663 0.0000000000
97818  51.893  17.196  46.335 0.0000000000
97819  49.606  17.141  47.040 0.0000000000
97829  52.408  16.658  46.467 0.0000000000
97833  48.755  17.224  45.972 0.0000000000
97843  43.678  15.882  44.105 0.0000000000
97865  52.382  16.428  42.768 0.0000000000
97866  51.957  16.545  42.303 0.0000000000
97868  47.471  16.256  41.683 0.0000000000
97883  51.572  16.411  41.882 0.0000000000
98550  47.333  15.133  59.584 0.0000000000
98571  52.247  16.851  53.995 0.0000000000
98578  52.404  16.843  53.606 0.0000000000
98587  52.275  17.329  52.213 0.0000000000
98602  52.221  17.434  50.444 0.0000000000
98603  51.967  17.612  50.513 0.0000000000
98610  51.121  17.434  48.825 0.0000000000
98617  51.233  17.575  48.396 0.0000000000
98618  50.986  17.494  48.613 0.0000000000
98619  46.537  17.227  48.106 0.0000000000
98647  52.237  17.192  47.273 0.0000000000
98701  52.215  16.860  42.610 0.0000000000
98702  51.832  17.223  42.512 0.0000000000
98718  50.504  17.652  41.412 0.0000000000
98724  44.423  17.664  40.848 0.0000000000
98727  40.577  17.227  40.876 0.0000000000
98736  49.460  16.993  40.757 0.0000000000
98737  49.107  17.189  40.774 0.0000000000
98738  44.863  17.929  40.566 0.0000000000
98739  44.552  17.925  40.418 0.0000000000
99427  40.643  19.887  47.860 0.0000000000
99428  40.521  20.060  47.726 0.0000000000
99436  44.050  18.591  46.483 0.0000000000
99439  40.649  19.756  47.643 0.0000000000
99480  49.251  19.108  42.514 0.0000000000
99495  50.328  18.270  41.879 0.0000000000
99517  44.764  18.342  41.128 0.0000000000
99529  45.071  18.066  40.698 0.0000000000
99531  44.177  18.201  40.520 0.0000000000
100202  40.519  20.287  47.838 0.0000000000
100212  40.412  20.054  47.421 0.0000000000
100230  38.729  19.963  45.066 0.0000000000
100235  42.302  19.172  44.905 0.0000000000
100924  40.128  20.771  47.321 0.0000000000
100940  39.225  20.629  45.430 0.0000000000
125670  47.338  15.682  60.133 0.0000000000
125671  47.677  14.929  59.478 0.0000000000
