#!ascii label  , from subject 3700 vox2ras=TkReg
912
76703  -20.706  -14.325  4.884 0.5555555820
76704  -21.433  -14.380  4.521 0.6666666865
77861  -21.907  -13.531  4.126 0.7777777910
77883  -22.827  -13.557  3.748 0.7777777910
79031  -22.569  -12.507  3.577 0.8888888955
79049  -24.901  -13.173  2.916 0.8888888955
75551  -19.773  -14.992  5.599 0.5555555820
77860  -21.083  -13.478  4.562 0.6666666865
79009  -21.346  -12.949  4.238 0.8888888955
79032  -23.396  -12.788  3.376 0.8888888955
80212  -24.670  -12.064  2.857 1.0000000000
81323  -25.203  -10.954  2.492 1.0000000000
78996  -19.939  -12.410  5.218 0.7777777910
80194  -21.361  -11.420  3.604 1.0000000000
81312  -20.998  -10.532  3.703 1.0000000000
80195  -22.251  -11.531  3.510 1.0000000000
81314  -22.898  -10.596  3.046 1.0000000000
81313  -21.821  -10.576  3.346 1.0000000000
81322  -23.929  -10.726  2.533 1.0000000000
81321  -23.372  -10.035  2.636 1.0000000000
82409  -24.732  -9.822  2.318 1.0000000000
82410  -25.798  -10.074  2.322 1.0000000000
82408  -23.678  -9.411  2.140 1.0000000000
82428  -26.357  -9.414  1.811 1.0000000000
83611  -25.842  -8.435  1.524 1.0000000000
83612  -26.906  -8.540  1.534 0.7777777910
82397  -20.655  -9.602  3.945 0.8888888955
82399  -22.141  -9.654  3.017 1.0000000000
83593  -22.993  -8.810  2.276 1.0000000000
83610  -24.904  -8.324  1.555 1.0000000000
83613  -28.078  -8.546  1.439 0.8888888955
84787  -27.358  -7.387  1.242 1.0000000000
84788  -28.080  -7.749  1.133 0.7777777910
84789  -29.415  -7.786  0.873 0.7777777910
83580  -20.964  -8.654  3.570 0.5555555820
85877  -22.438  -6.890  2.049 0.7777777910
84766  -21.654  -7.596  2.778 0.8888888955
83608  -23.381  -8.384  1.796 1.0000000000
82425  -23.893  -8.779  1.745 1.0000000000
84782  -22.878  -7.582  1.812 0.8888888955
84783  -23.629  -7.482  1.710 1.0000000000
84784  -24.443  -7.455  1.499 1.0000000000
85882  -26.446  -6.859  1.015 1.0000000000
85897  -26.933  -6.295  0.817 1.0000000000
84803  -27.596  -6.775  0.843 0.8888888955
86996  -29.691  -5.851  0.771 0.7777777910
85884  -30.533  -6.554  1.418 0.6666666865
85883  -30.042  -6.318  0.864 0.6666666865
85863  -20.481  -6.042  3.249 0.4444444478
85865  -21.856  -6.760  2.469 0.7777777910
86958  -21.451  -5.997  2.600 0.6666666865
86973  -23.121  -5.673  1.495 0.7777777910
85879  -23.868  -6.567  1.510 0.8888888955
85881  -25.677  -6.827  1.042 1.0000000000
86975  -24.781  -5.776  0.990 1.0000000000
85896  -25.957  -6.185  0.662 1.0000000000
86993  -27.102  -5.298  0.796 0.8888888955
86994  -28.034  -5.293  0.788 0.7777777910
86995  -29.056  -5.335  0.960 0.7777777910
85866  -30.968  -6.172  2.060 0.5555555820
86976  -29.348  -4.750  1.121 0.7777777910
86960  -30.554  -5.164  1.850 0.6666666865
88032  -21.612  -4.596  2.203 0.6666666865
86971  -21.363  -5.286  2.463 0.6666666865
88033  -22.394  -4.667  1.652 0.7777777910
86974  -24.079  -5.595  1.209 0.8888888955
86990  -24.499  -5.210  0.880 0.8888888955
88035  -23.990  -4.840  0.906 1.0000000000
86992  -26.176  -5.307  0.714 1.0000000000
88052  -27.269  -4.309  0.828 0.8888888955
88053  -28.177  -4.263  0.965 0.8888888955
89071  -27.406  -3.335  0.594 0.8888888955
88054  -28.920  -4.174  0.887 0.7777777910
88037  -29.891  -4.206  1.246 0.7777777910
88024  -30.704  -4.370  2.365 0.6666666865
88022  -20.797  -4.527  2.603 0.5555555820
88034  -23.319  -4.617  1.266 0.8888888955
88048  -23.694  -4.256  0.813 0.8888888955
89067  -23.664  -3.464  0.738 1.0000000000
88049  -24.439  -4.426  0.731 1.0000000000
89070  -26.508  -3.413  0.463 1.0000000000
88051  -26.352  -4.352  0.697 0.8888888955
89073  -29.049  -3.274  0.616 0.7777777910
90151  -29.443  -2.258  0.178 0.7777777910
89054  -29.962  -3.423  1.278 0.6666666865
89038  -30.412  -3.429  1.832 0.5555555820
89039  -30.788  -3.472  2.697 0.5555555820
89050  -21.794  -3.663  1.988 0.7777777910
90118  -21.254  -2.965  2.242 0.6666666865
89051  -22.515  -3.596  1.348 0.8888888955
89068  -24.634  -3.430  0.731 1.0000000000
90148  -26.621  -2.498  0.295 0.8888888955
91236  -29.753  -1.371  0.603 0.7777777910
90152  -30.077  -2.019  0.450 0.7777777910
90119  -30.545  -2.559  2.029 0.5555555820
91251  -28.400  -0.865  -0.216 0.7777777910
91219  -29.897  -1.218  0.996 0.5555555820
91204  -30.719  -1.853  2.341 0.5555555820
92351  -29.791  -0.723  1.015 0.6666666865
90117  -20.614  -2.639  2.688 0.4444444478
90131  -22.395  -2.562  1.183 0.7777777910
90144  -23.035  -2.542  0.798 1.0000000000
90145  -23.843  -2.517  0.594 1.0000000000
90146  -24.795  -2.486  0.467 0.8888888955
91233  -25.911  -1.740  0.043 0.8888888955
90147  -25.738  -2.510  0.311 0.8888888955
91234  -26.649  -1.672  0.190 0.8888888955
91235  -27.258  -1.534  0.190 0.8888888955
91252  -29.175  -0.883  -0.162 0.6666666865
92352  -30.032  -0.321  1.734 0.5555555820
93553  -21.194  0.191  1.343 0.6666666865
91217  -21.823  -1.562  1.402 0.6666666865
92362  -22.404  -0.598  0.732 0.7777777910
91231  -23.940  -1.614  0.198 0.8888888955
92363  -23.176  -0.666  0.291 0.7777777910
92365  -24.860  -0.560  -0.010 0.7777777910
91232  -24.977  -1.519  0.141 0.8888888955
92376  -25.407  -0.433  -0.198 0.7777777910
91248  -26.026  -1.055  -0.148 0.8888888955
92377  -26.030  -0.292  -0.365 0.7777777910
91249  -26.708  -0.941  0.021 0.7777777910
92379  -27.703  -0.061  0.055 0.6666666865
93580  -26.119  0.593  -0.591 0.6666666865
93582  -27.843  0.766  -0.321 0.6666666865
92380  -28.467  -0.022  -0.098 0.6666666865
94757  -28.071  1.578  -0.528 0.6666666865
94742  -29.499  1.613  0.495 0.5555555820
93555  -29.704  0.496  0.998 0.4444444478
94758  -28.875  1.456  -0.306 0.5555555820
94724  -19.919  1.724  1.932 0.3333333433
94726  -21.422  0.693  1.270 0.5555555820
93554  -21.773  0.225  0.929 0.6666666865
94739  -21.754  1.345  1.218 0.5555555820
93565  -22.530  0.304  0.574 0.7777777910
93566  -23.376  0.231  0.183 0.7777777910
93578  -24.255  0.862  -0.509 0.6666666865
93568  -24.913  -0.042  -0.156 0.6666666865
93579  -25.072  0.460  -0.487 0.6666666865
94755  -26.328  1.572  -0.649 0.6666666865
95910  -27.600  2.481  -0.979 0.6666666865
95912  -29.173  2.564  -0.249 0.5555555820
95911  -28.366  2.406  -0.645 0.6666666865
94737  -20.173  2.366  1.835 0.4444444478
95885  -19.449  2.795  2.536 0.4444444478
94738  -20.704  2.031  1.644 0.4444444478
95894  -21.031  2.647  1.206 0.5555555820
94751  -23.043  1.628  -0.009 0.6666666865
94740  -22.839  1.291  0.327 0.6666666865
94752  -23.527  1.355  -0.291 0.6666666865
94754  -25.374  1.501  -0.509 0.6666666865
95909  -26.615  2.620  -0.924 0.6666666865
95921  -27.663  3.246  -1.241 0.6666666865
97075  -29.015  4.091  -1.425 0.5555555820
97066  -29.344  3.749  -0.600 0.6666666865
97050  -20.464  3.651  1.367 0.4444444478
95905  -22.947  2.263  0.176 0.6666666865
95906  -23.750  2.373  -0.253 0.6666666865
94753  -24.428  1.491  -0.458 0.6666666865
95907  -24.690  2.435  -0.303 0.6666666865
95920  -27.157  3.145  -1.191 0.6666666865
77882  -22.208  -13.012  3.761 0.8888888955
79008  -20.698  -12.445  4.349 1.0000000000
80196  -23.186  -11.746  3.306 1.0000000000
86957  -20.740  -5.505  2.921 0.5555555820
89037  -21.044  -3.651  2.409 0.5555555820
91200  -20.647  -1.821  2.525 0.5555555820
90149  -27.505  -2.343  0.351 0.8888888955
91199  -19.914  -1.548  2.982 0.2222222239
92366  -29.423  -0.301  0.368 0.6666666865
92364  -24.087  -0.638  0.083 0.7777777910
93569  -29.211  0.676  0.168 0.4444444478
95895  -22.082  2.439  0.845 0.6666666865
97059  -23.170  3.347  0.132 0.6666666865
98201  -29.600  4.159  0.310 0.5555555820
97053  -29.736  3.117  0.221 0.5555555820
95893  -20.274  2.998  1.816 0.3333333433
98212  -29.241  4.800  -0.478 0.5555555820
75540  -20.228  -16.040  5.818 0.5555555820
75553  -21.303  -15.918  5.048 0.5555555820
75574  -21.024  -14.935  4.723 0.6666666865
76705  -22.265  -14.596  4.252 0.5555555820
77885  -24.661  -13.872  3.065 0.7777777910
76724  -22.836  -14.297  4.089 0.6666666865
77884  -23.857  -13.739  3.431 0.8888888955
79050  -25.559  -13.025  2.628 0.7777777910
80213  -25.816  -12.023  2.460 0.7777777910
81324  -26.317  -11.073  2.624 0.8888888955
76676  -18.873  -15.004  6.393 0.4444444478
77847  -19.393  -13.337  5.757 0.5555555820
80159  -19.579  -11.704  5.362 0.2222222239
80180  -20.031  -11.411  4.726 0.6666666865
82429  -27.495  -9.985  1.512 0.8888888955
82430  -28.701  -9.830  1.229 0.6666666865
83627  -28.467  -7.979  0.973 0.7777777910
83614  -29.032  -8.619  1.064 0.6666666865
81295  -20.337  -10.482  4.274 0.5555555820
83579  -20.169  -8.732  4.052 0.4444444478
84791  -30.603  -7.484  1.532 0.5555555820
85867  -31.777  -6.561  2.694 0.5555555820
84750  -19.717  -7.080  4.022 0.2222222239
86956  -20.076  -5.503  3.452 0.4444444478
88025  -31.296  -4.375  3.121 0.5555555820
88020  -19.478  -4.291  3.738 0.3333333433
89040  -31.470  -3.455  3.415 0.5555555820
90121  -31.794  -2.543  3.433 0.4444444478
90116  -19.940  -2.614  3.444 0.3333333433
92336  -30.673  -0.938  2.366 0.5555555820
93556  -29.987  0.480  1.759 0.4444444478
94710  -19.096  1.875  2.872 0.3333333433
93536  -19.548  0.538  2.460 0.3333333433
93552  -20.444  0.392  1.738 0.4444444478
94743  -29.918  1.634  0.966 0.4444444478
97054  -29.977  3.534  1.078 0.4444444478
95886  -19.619  3.405  2.249 0.3333333433
97052  -22.227  3.437  0.510 0.6666666865
97060  -23.958  3.368  -0.294 0.6666666865
97062  -25.799  3.562  -0.857 0.6666666865
98210  -26.830  4.441  -1.242 0.6666666865
97073  -27.324  3.866  -1.272 0.6666666865
98218  -28.427  4.816  -1.434 0.6666666865
98219  -29.051  4.876  -1.041 0.4444444478
99367  -29.738  5.199  0.412 0.3333333433
76687  -19.960  -14.332  5.375 0.5555555820
75552  -20.606  -15.459  5.315 0.5555555820
75575  -21.644  -15.473  4.649 0.6666666865
77862  -22.453  -13.974  4.064 0.7777777910
79030  -21.646  -12.426  3.831 1.0000000000
79033  -24.241  -12.961  3.222 0.8888888955
76686  -19.238  -14.503  5.913 0.4444444478
77848  -20.234  -13.394  4.947 0.6666666865
80197  -23.864  -12.205  3.218 1.0000000000
80211  -23.782  -11.598  2.915 1.0000000000
78995  -19.312  -12.304  5.679 0.5555555820
79029  -20.994  -11.977  3.766 1.0000000000
80193  -20.659  -11.393  3.975 0.8888888955
81315  -23.411  -11.181  2.898 1.0000000000
82407  -22.906  -9.497  2.661 1.0000000000
82411  -26.841  -10.296  2.300 0.8888888955
82426  -24.435  -8.980  1.817 1.0000000000
82427  -25.349  -9.122  1.979 1.0000000000
83581  -21.663  -8.967  3.157 1.0000000000
82398  -21.385  -9.664  3.463 1.0000000000
83592  -22.220  -8.592  2.622 1.0000000000
83607  -22.665  -8.249  1.961 1.0000000000
83609  -24.122  -8.230  1.724 1.0000000000
84785  -25.324  -7.539  1.319 1.0000000000
84786  -26.266  -7.579  1.335 1.0000000000
84804  -28.240  -7.181  0.752 0.8888888955
84805  -29.065  -7.138  0.613 0.7777777910
84790  -29.988  -7.369  1.155 0.6666666865
84730  -19.812  -8.177  4.206 0.5555555820
84752  -20.970  -7.678  3.248 0.6666666865
83591  -21.490  -8.305  3.043 0.7777777910
85878  -23.023  -6.670  1.765 0.8888888955
84767  -22.293  -7.609  2.276 0.8888888955
85898  -27.784  -6.198  0.742 0.8888888955
85899  -28.644  -6.285  0.659 0.8888888955
85900  -29.469  -6.511  0.721 0.7777777910
86977  -30.008  -5.278  1.108 0.6666666865
84768  -31.254  -7.480  2.026 0.5555555820
86978  -30.598  -5.790  1.528 0.6666666865
85846  -20.073  -6.527  3.606 0.3333333433
85864  -20.996  -6.651  3.043 0.4444444478
85847  -20.550  -7.140  3.406 0.6666666865
86972  -22.135  -5.829  2.020 0.6666666865
85880  -24.813  -6.546  1.256 1.0000000000
86991  -25.231  -5.358  0.768 1.0000000000
88036  -29.449  -4.168  1.036 0.7777777910
88050  -25.405  -4.380  0.700 1.0000000000
89053  -29.536  -3.335  0.934 0.7777777910
88023  -30.285  -4.232  1.658 0.6666666865
88021  -20.020  -4.542  3.200 0.4444444478
89052  -23.184  -3.847  0.933 0.8888888955
89069  -25.581  -3.421  0.568 0.8888888955
90150  -28.461  -2.405  0.319 0.7777777910
90133  -30.049  -2.488  1.088 0.6666666865
90120  -31.031  -2.591  2.872 0.5555555820
90130  -21.659  -2.601  1.729 0.6666666865
89066  -22.897  -3.226  0.877 0.8888888955
90164  -28.458  -1.671  -0.126 0.8888888955
91237  -30.086  -1.855  0.822 0.6666666865
91220  -30.219  -1.486  1.401 0.5555555820
90129  -21.040  -2.306  2.236 0.5555555820
91218  -22.565  -1.879  1.094 0.7777777910
91230  -23.013  -1.586  0.635 0.7777777910
92348  -20.402  -0.467  2.188 0.5555555820
92349  -21.058  -0.601  1.577 0.5555555820
92350  -21.755  -0.598  1.170 0.6666666865
91229  -22.334  -1.227  1.044 0.7777777910
91216  -20.947  -1.525  1.959 0.7777777910
91247  -25.457  -1.061  -0.002 0.7777777910
92378  -26.821  -0.143  -0.072 0.6666666865
93581  -26.996  0.735  -0.313 0.6666666865
94756  -27.242  1.608  -0.644 0.6666666865
93583  -28.557  0.757  -0.369 0.5555555820
92381  -28.994  0.141  -0.146 0.5555555820
95896  -29.651  2.403  0.315 0.4444444478
94728  -30.072  1.339  1.595 0.4444444478
94725  -20.869  1.065  1.452 0.4444444478
94741  -23.420  0.757  -0.097 0.7777777910
97064  -28.084  3.022  -1.110 0.6666666865
95908  -25.619  2.511  -0.570 0.6666666865
97063  -26.622  3.695  -1.116 0.6666666865
89036  -20.240  -3.588  2.863 0.4444444478
91215  -20.376  -1.175  2.488 0.3333333433
98202  -30.173  4.608  1.053 0.3333333433
99377  -29.346  5.659  -0.054 0.3333333433
77896  -25.356  -13.915  2.735 0.6666666865
75539  -19.579  -15.615  6.093 0.4444444478
81325  -27.247  -11.189  2.424 0.7777777910
84751  -20.185  -7.702  3.805 0.3333333433
84729  -19.462  -7.597  4.531 0.1111111119
85845  -19.544  -6.473  4.399 0.1111111119
88003  -19.577  -4.891  3.735 0.4444444478
92332  -19.778  -0.584  2.637 0.3333333433
99384  -28.696  5.598  -1.202 0.4444444478
74431  -24.271  -17.065  4.584 0.4444444478
73209  -24.851  -17.060  6.385 0.2222222239
74408  -21.969  -16.842  5.106 0.4444444478
74428  -21.718  -16.245  4.948 0.4444444478
74429  -22.409  -16.493  4.653 0.4444444478
74430  -23.306  -16.559  4.277 0.4444444478
74447  -24.756  -16.353  3.670 0.4444444478
74432  -25.238  -16.390  4.535 0.2222222239
75576  -22.682  -15.613  4.324 0.4444444478
75577  -23.501  -15.603  4.059 0.4444444478
75593  -24.300  -15.521  3.673 0.4444444478
75578  -25.807  -15.716  3.945 0.1111111119
75579  -26.327  -15.037  4.432 0.1111111119
75595  -25.819  -15.675  3.156 0.3333333433
76706  -23.034  -14.904  4.332 0.4444444478
75594  -25.104  -15.550  2.996 0.3333333433
75602  -25.832  -15.253  2.747 0.3333333433
75596  -26.231  -15.249  3.431 0.2222222239
76726  -24.456  -14.679  3.293 0.4444444478
76725  -23.600  -14.585  3.896 0.5555555820
76737  -27.355  -13.914  2.443 0.2222222239
77887  -28.625  -13.192  2.607 0.1111111119
77897  -26.128  -13.882  2.526 0.3333333433
77898  -26.976  -13.722  2.194 0.3333333433
79051  -26.458  -12.972  2.333 0.4444444478
80215  -27.593  -12.019  1.924 0.6666666865
79064  -28.656  -12.779  1.074 0.4444444478
81351  -30.536  -11.442  0.535 0.3333333433
81326  -27.871  -11.104  1.963 0.6666666865
81334  -29.424  -10.961  1.060 0.5555555820
82412  -27.415  -10.604  2.102 0.6666666865
82431  -29.721  -9.792  1.194 0.5555555820
81335  -30.299  -10.802  0.663 0.4444444478
82432  -30.553  -9.743  0.716 0.3333333433
83616  -30.743  -8.572  1.462 0.4444444478
97061  -24.860  3.478  -0.528 0.5555555820
98209  -26.030  4.624  -1.244 0.5555555820
99382  -27.485  5.855  -1.858 0.5555555820
73220  -23.445  -17.366  4.646 0.4444444478
74410  -24.690  -16.893  5.430 0.2222222239
76736  -26.566  -14.674  2.741 0.2222222239
76728  -27.308  -13.992  3.351 0.1111111119
77899  -27.915  -13.499  1.686 0.4444444478
80230  -28.279  -11.894  1.578 0.6666666865
80231  -29.125  -12.028  1.267 0.4444444478
82433  -31.360  -9.767  0.553 0.3333333433
83594  -31.339  -8.455  1.896 0.4444444478
85852  -32.131  -5.909  3.389 0.4444444478
98208  -25.067  4.513  -0.823 0.5555555820
99373  -24.517  5.449  -0.603 0.5555555820
79065  -29.396  -12.933  0.976 0.2222222239
98217  -27.485  4.906  -1.527 0.5555555820
71816  -22.493  -18.789  5.758 0.4444444478
71833  -23.040  -18.556  5.388 0.4444444478
71834  -23.720  -18.533  5.938 0.4444444478
73208  -24.225  -17.713  5.672 0.2222222239
73191  -24.615  -17.740  6.619 0.2222222239
73192  -25.227  -17.576  7.118 0.1111111119
73204  -21.149  -16.967  5.671 0.4444444478
71832  -22.269  -18.199  5.432 0.4444444478
75554  -26.361  -15.343  5.508 0.1111111119
73210  -25.479  -16.945  6.845 0.1111111119
75580  -26.618  -14.787  5.140 0.1111111119
76709  -27.871  -13.350  4.473 0.1111111119
77888  -29.348  -12.655  2.860 0.1111111119
77901  -29.050  -12.887  1.855 0.1111111119
80232  -30.090  -12.090  0.843 0.2222222239
82413  -31.619  -9.189  1.596 0.3333333433
84769  -32.330  -7.552  2.666 0.4444444478
85868  -32.626  -6.820  3.273 0.3333333433
85853  -33.042  -6.113  3.660 0.3333333433
86961  -31.346  -5.381  2.685 0.4444444478
86948  -32.588  -5.207  3.744 0.3333333433
91205  -31.262  -1.687  2.966 0.4444444478
95887  -30.431  2.292  2.013 0.3333333433
97051  -21.208  3.480  0.781 0.4444444478
98206  -23.405  4.131  -0.071 0.5555555820
98207  -24.047  4.492  -0.502 0.5555555820
99375  -26.203  5.732  -1.491 0.5555555820
99381  -26.942  5.760  -1.856 0.5555555820
98200  -23.203  4.891  -0.244 0.5555555820
74407  -21.310  -16.474  5.351 0.4444444478
80214  -26.805  -12.045  2.283 0.6666666865
83615  -29.913  -8.638  1.176 0.4444444478
88010  -32.065  -4.332  3.663 0.4444444478
95897  -30.102  2.352  0.954 0.3333333433
76735  -25.741  -14.648  2.620 0.3333333433
76734  -25.044  -14.684  2.653 0.3333333433
74409  -24.385  -17.249  5.187 0.4444444478
73221  -23.914  -17.618  4.920 0.4444444478
73205  -21.634  -17.478  5.485 0.4444444478
73206  -22.633  -17.567  4.925 0.4444444478
73219  -22.949  -17.033  4.568 0.4444444478
74446  -24.005  -16.321  3.899 0.4444444478
74448  -25.361  -15.960  3.601 0.4444444478
74433  -25.755  -15.657  4.905 0.1111111119
76707  -26.621  -14.679  4.275 0.1111111119
75603  -26.153  -15.316  2.933 0.2222222239
76727  -26.631  -14.665  3.774 0.2222222239
77886  -28.017  -13.688  2.439 0.1111111119
77900  -28.552  -13.330  1.746 0.1111111119
76729  -27.989  -13.306  3.247 0.1111111119
79052  -27.301  -12.891  1.920 0.4444444478
79063  -27.925  -12.758  1.481 0.4444444478
77906  -28.332  -13.178  1.251 0.4444444478
77907  -28.683  -13.345  1.139 0.3333333433
81333  -28.528  -10.995  1.473 0.5555555820
81336  -30.643  -10.443  0.246 0.3333333433
83595  -31.937  -8.463  2.266 0.4444444478
98216  -26.692  5.101  -1.419 0.5555555820
73207  -23.551  -18.009  5.108 0.4444444478
79053  -29.521  -12.419  1.797 0.2222222239
71835  -24.037  -18.233  6.118 0.2222222239
73190  -21.336  -17.811  5.725 0.4444444478
73189  -20.865  -17.476  5.949 0.4444444478
74411  -25.780  -16.369  6.144 0.1111111119
76708  -26.962  -14.329  4.684 0.1111111119
64399  -24.256  -24.713  8.372 0.1111111119
68088  -20.837  -22.025  7.585 0.3333333433
65638  -22.449  -23.894  6.851 0.2222222239
64418  -23.321  -24.380  7.590 0.2222222239
64419  -24.297  -24.252  7.794 0.1111111119
70614  -19.064  -19.583  7.964 0.3333333433
69410  -19.691  -20.647  7.889 0.3333333433
68078  -20.556  -22.490  7.883 0.3333333433
66883  -22.078  -22.321  6.694 0.3333333433
66884  -22.762  -22.193  6.558 0.3333333433
65639  -23.404  -23.634  7.354 0.2222222239
66862  -23.517  -22.662  7.186 0.2222222239
65640  -24.376  -23.472  7.573 0.1111111119
73177  -18.598  -17.743  7.606 0.2222222239
71797  -19.266  -18.595  7.471 0.2222222239
69411  -20.737  -20.748  7.327 0.3333333433
68089  -21.470  -21.761  6.946 0.3333333433
73178  -19.300  -17.592  7.156 0.2222222239
73188  -20.004  -17.480  6.621 0.3333333433
71798  -20.078  -18.841  7.178 0.3333333433
71814  -20.636  -18.469  6.596 0.3333333433
70616  -20.710  -19.530  7.033 0.3333333433
70632  -21.478  -19.401  6.537 0.3333333433
69440  -22.026  -20.487  6.284 0.3333333433
69441  -22.996  -20.369  5.964 0.3333333433
68118  -23.661  -21.142  6.615 0.3333333433
68090  -23.889  -21.974  7.083 0.1111111119
68119  -24.152  -20.647  6.991 0.2222222239
74395  -19.405  -16.581  6.896 0.2222222239
71815  -21.615  -18.400  5.921 0.3333333433
70633  -22.314  -19.456  6.094 0.3333333433
69442  -23.616  -20.087  6.495 0.3333333433
75538  -18.890  -15.702  6.892 0.3333333433
74406  -20.709  -16.495  5.727 0.3333333433
70634  -23.179  -19.338  5.836 0.3333333433
70652  -23.317  -18.850  5.790 0.3333333433
71817  -23.895  -18.722  6.370 0.3333333433
83596  -32.927  -8.458  2.690 0.2222222239
89022  -32.357  -3.445  3.794 0.2222222239
66860  -21.650  -22.893  7.046 0.3333333433
69412  -21.487  -20.965  6.695 0.3333333433
68116  -22.059  -21.549  6.425 0.3333333433
66885  -23.374  -21.910  6.628 0.3333333433
71813  -19.811  -18.198  6.967 0.3333333433
74396  -20.080  -16.626  6.137 0.3333333433
70635  -23.764  -19.141  6.444 0.3333333433
64398  -23.182  -24.642  8.278 0.1111111119
64391  -23.922  -24.594  9.034 0.1111111119
68077  -19.912  -21.898  8.123 0.3333333433
66851  -20.432  -22.921  8.101 0.3333333433
65637  -21.367  -23.982  7.120 0.3333333433
64417  -22.325  -24.488  7.539 0.3333333433
63215  -24.587  -24.972  9.113 0.1111111119
64400  -25.207  -24.941  8.095 0.1111111119
65641  -25.345  -23.372  7.531 0.1111111119
66863  -24.496  -22.587  7.467 0.1111111119
68091  -24.513  -21.550  7.402 0.1111111119
74394  -18.782  -16.381  7.366 0.2222222239
69413  -24.807  -20.572  7.448 0.1111111119
69443  -24.187  -19.845  7.002 0.1111111119
84756  -33.488  -6.954  3.466 0.2222222239
90103  -32.652  -2.506  3.877 0.2222222239
76685  -18.840  -14.378  6.451 0.2222222239
77846  -18.976  -13.867  6.241 0.3333333433
86949  -33.517  -5.329  3.854 0.2222222239
63216  -25.190  -25.166  8.891 0.1111111119
66859  -20.951  -23.039  7.571 0.3333333433
68087  -20.305  -21.314  7.775 0.3333333433
70615  -19.940  -19.623  7.556 0.3333333433
69409  -18.948  -20.336  8.352 0.2222222239
66861  -22.620  -22.944  7.005 0.3333333433
74386  -18.929  -17.003  7.455 0.2222222239
69439  -21.279  -20.226  6.761 0.3333333433
68117  -22.827  -21.324  6.238 0.3333333433
70636  -24.173  -19.203  6.992 0.1111111119
64390  -23.058  -24.522  9.114 0.1111111119
68076  -18.715  -21.881  8.573 0.2222222239
65624  -21.023  -24.053  7.796 0.3333333433
64416  -21.620  -24.338  7.782 0.3333333433
84770  -33.150  -7.660  3.292 0.1111111119
83597  -34.101  -8.129  3.007 0.1111111119
83598  -35.204  -8.220  2.895 0.1111111119
83582  -34.379  -7.746  3.268 0.1111111119
85855  -34.827  -6.431  3.241 0.1111111119
85869  -35.590  -6.662  2.691 0.1111111119
88011  -32.953  -4.378  4.081 0.1111111119
86962  -35.298  -5.607  2.914 0.1111111119
88012  -33.920  -4.435  3.705 0.1111111119
88013  -34.885  -4.556  3.398 0.1111111119
93543  -31.551  0.373  3.389 0.2222222239
89023  -33.324  -3.449  3.888 0.1111111119
89024  -34.310  -3.466  3.478 0.1111111119
94717  -31.220  1.363  3.075 0.1111111119
94716  -30.591  1.663  2.405 0.2222222239
97045  -30.691  3.031  1.574 0.1111111119
97034  -31.762  2.915  2.739 0.1111111119
98192  -30.546  4.016  1.788 0.1111111119
98198  -21.398  4.578  0.848 0.4444444478
98199  -22.551  4.512  0.247 0.4444444478
99358  -30.822  5.095  1.736 0.1111111119
99374  -25.291  5.538  -1.138 0.4444444478
100559  -29.089  6.171  -1.009 0.3333333433
100560  -29.385  6.454  -0.320 0.2222222239
100550  -29.937  6.316  0.482 0.1111111119
100540  -31.275  6.224  1.585 0.1111111119
100556  -24.328  6.050  -0.289 0.4444444478
100558  -25.599  6.572  -1.422 0.4444444478
100570  -26.686  6.785  -2.051 0.4444444478
100571  -27.253  6.402  -2.332 0.4444444478
100588  -28.179  6.975  -2.198 0.4444444478
101740  -28.556  7.546  -1.833 0.2222222239
101741  -29.105  7.532  -1.174 0.2222222239
100574  -29.307  6.829  -0.966 0.2222222239
102919  -29.944  8.407  -0.066 0.2222222239
101727  -30.065  7.810  0.210 0.2222222239
107790  -28.584  13.254  -2.999 0.1111111119
106932  -29.913  11.863  -0.752 0.1111111119
104029  -31.048  9.373  0.543 0.1111111119
99364  -21.841  5.605  0.567 0.4444444478
100546  -22.296  6.510  0.485 0.4444444478
99365  -22.794  5.631  0.211 0.4444444478
100547  -23.245  6.633  0.386 0.3333333433
100557  -24.787  6.471  -0.632 0.4444444478
101739  -25.832  7.554  -1.926 0.4444444478
100585  -26.832  7.190  -2.751 0.4444444478
100586  -27.082  6.881  -3.032 0.4444444478
101755  -28.097  7.585  -2.477 0.4444444478
102943  -26.916  8.495  -2.811 0.3333333433
102945  -28.005  8.355  -2.710 0.3333333433
104060  -28.386  9.142  -2.302 0.1111111119
104061  -28.794  9.107  -1.593 0.1111111119
105097  -29.037  9.906  -1.089 0.1111111119
102918  -29.335  8.352  -0.609 0.2222222239
105098  -29.817  10.014  -0.324 0.1111111119
106079  -29.967  11.056  -0.408 0.1111111119
100539  -21.507  6.658  0.829 0.2222222239
100548  -24.278  6.690  0.148 0.3333333433
101725  -25.238  7.527  -0.806 0.3333333433
101765  -26.664  7.928  -2.602 0.3333333433
101753  -27.035  7.667  -2.824 0.4444444478
104074  -27.244  9.251  -3.147 0.2222222239
102944  -27.401  8.408  -2.831 0.2222222239
105113  -28.258  10.072  -2.415 0.1111111119
104084  -27.217  9.777  -3.993 0.1111111119
104085  -27.478  9.745  -3.405 0.1111111119
105129  -27.857  10.048  -3.127 0.1111111119
106094  -28.662  10.731  -1.514 0.1111111119
105142  -27.622  10.375  -3.826 0.1111111119
106110  -28.120  10.840  -2.980 0.1111111119
106943  -28.367  11.306  -2.139 0.1111111119
101712  -24.704  7.559  -0.095 0.3333333433
101711  -23.554  7.979  -0.084 0.3333333433
102902  -24.472  8.490  -0.151 0.3333333433
101713  -25.271  7.903  -0.090 0.3333333433
102942  -26.233  8.460  -2.436 0.3333333433
106135  -27.742  10.833  -4.759 0.1111111119
106960  -28.356  12.063  -2.826 0.1111111119
107819  -28.518  13.610  -4.846 0.1111111119
104013  -21.846  10.063  -0.547 0.1111111119
104014  -22.371  10.054  -0.870 0.1111111119
102901  -23.805  9.304  -0.344 0.2222222239
102915  -24.136  9.571  -0.531 0.2222222239
102917  -25.242  8.687  -0.361 0.3333333433
104059  -25.101  9.466  -1.098 0.2222222239
102930  -25.556  8.566  -1.438 0.3333333433
104072  -25.356  9.656  -2.169 0.2222222239
105128  -26.040  10.626  -2.756 0.1111111119
105140  -26.492  10.642  -3.920 0.1111111119
105141  -27.372  10.267  -4.433 0.1111111119
105152  -27.335  10.507  -4.971 0.1111111119
106140  -27.287  11.648  -5.590 0.1111111119
106124  -27.912  11.286  -4.207 0.1111111119
107791  -29.746  13.887  -2.893 0.1111111119
104021  -22.880  10.490  -0.487 0.1111111119
104022  -23.563  10.805  -0.046 0.1111111119
104026  -23.623  9.951  -0.845 0.1111111119
105096  -24.137  10.862  -0.256 0.1111111119
105111  -24.416  10.954  -1.024 0.1111111119
104071  -24.791  10.225  -1.924 0.2222222239
105127  -25.070  10.826  -1.870 0.1111111119
106959  -26.093  12.217  -2.828 0.1111111119
106122  -26.266  11.482  -3.354 0.1111111119
106977  -26.160  12.482  -3.764 0.1111111119
106133  -26.417  11.495  -4.459 0.1111111119
105081  -23.952  11.044  0.222 0.1111111119
106057  -24.478  11.101  0.951 0.1111111119
106064  -24.339  11.364  0.592 0.1111111119
106091  -24.437  11.611  -0.464 0.1111111119
106077  -24.527  12.011  -0.141 0.1111111119
106092  -24.648  11.882  -0.818 0.1111111119
106942  -25.139  12.588  -1.028 0.1111111119
106958  -25.526  12.613  -2.064 0.1111111119
106921  -24.866  11.628  0.645 0.1111111119
106922  -25.838  11.846  0.372 0.1111111119
106930  -25.080  12.445  -0.075 0.1111111119
82416  -34.713  -9.184  2.505 0.1111111119
84757  -34.324  -7.282  3.385 0.1111111119
84758  -35.136  -7.321  3.155 0.1111111119
85870  -36.095  -7.066  2.520 0.1111111119
90104  -33.598  -2.491  3.787 0.1111111119
91183  -32.939  -1.557  4.022 0.1111111119
97046  -31.097  3.336  2.330 0.1111111119
99383  -28.107  5.666  -1.673 0.4444444478
100573  -28.634  6.576  -1.564 0.3333333433
101726  -29.471  7.514  -0.329 0.2222222239
101714  -29.774  7.140  0.255 0.1111111119
101715  -30.583  7.484  0.770 0.1111111119
105084  -30.149  9.548  -0.043 0.2222222239
105114  -28.533  9.780  -1.732 0.1111111119
106931  -29.315  11.289  -0.908 0.1111111119
106080  -30.881  11.526  -0.472 0.1111111119
104058  -24.530  10.006  -1.596 0.2222222239
106076  -24.348  11.553  0.014 0.1111111119
106108  -24.934  11.856  -1.698 0.1111111119
107766  -25.666  13.103  -0.343 0.1111111119
84792  -36.845  -7.643  1.657 0.1111111119
83599  -36.023  -8.283  2.482 0.1111111119
91206  -32.050  -1.572  3.524 0.2222222239
93542  -30.545  0.411  2.550 0.2222222239
101724  -24.789  7.112  -0.473 0.4444444478
101754  -27.486  7.606  -2.741 0.4444444478
105074  -23.655  11.002  0.745 0.1111111119
106065  -25.341  10.863  0.748 0.1111111119
82418  -36.161  -8.783  2.100 0.1111111119
82414  -32.550  -9.325  1.974 0.1111111119
82415  -33.623  -9.251  2.300 0.1111111119
82417  -35.676  -9.009  2.320 0.1111111119
84793  -37.303  -7.670  0.854 0.1111111119
83618  -37.088  -8.666  1.238 0.1111111119
85901  -36.802  -6.276  1.219 0.1111111119
88026  -35.482  -4.575  2.712 0.1111111119
89025  -35.124  -3.819  3.171 0.1111111119
91184  -33.806  -1.576  3.679 0.1111111119
90105  -34.413  -2.421  3.435 0.1111111119
92320  -33.253  -0.823  3.764 0.1111111119
94699  -33.494  1.067  3.509 0.1111111119
97035  -32.537  3.091  3.029 0.1111111119
98180  -31.904  3.783  2.728 0.1111111119
98193  -31.325  4.420  2.290 0.1111111119
101703  -31.120  7.101  1.320 0.1111111119
100541  -32.364  6.346  2.025 0.1111111119
102906  -32.444  8.737  0.906 0.1111111119
105086  -31.274  10.217  0.373 0.1111111119
101709  -21.972  7.148  0.583 0.3333333433
101710  -22.564  7.491  0.439 0.2222222239
106095  -31.259  12.060  -0.707 0.1111111119
102894  -21.106  8.963  0.740 0.1111111119
101702  -23.071  9.234  -0.280 0.2222222239
106962  -30.458  12.983  -2.109 0.1111111119
108670  -30.830  14.227  -3.110 0.1111111119
105095  -21.480  10.853  0.830 0.1111111119
105066  -23.689  10.871  2.043 0.1111111119
108680  -29.182  14.920  -4.014 0.1111111119
106051  -24.349  11.059  1.779 0.1111111119
106058  -25.145  11.202  1.676 0.1111111119
107818  -26.961  13.321  -4.901 0.1111111119
107822  -27.762  13.367  -5.373 0.1111111119
107823  -28.167  13.515  -5.367 0.1111111119
107776  -25.541  13.395  -1.230 0.1111111119
107788  -25.867  13.722  -2.179 0.1111111119
92337  -31.311  -0.661  3.205 0.1111111119
99368  -30.425  5.667  1.044 0.1111111119
100572  -27.834  6.405  -2.055 0.4444444478
85854  -33.953  -6.252  3.508 0.1111111119
95875  -30.655  2.121  2.353 0.2222222239
99366  -23.733  5.696  -0.177 0.4444444478
86950  -34.442  -5.440  3.495 0.1111111119
85885  -35.717  -6.091  2.397 0.1111111119
95877  -32.233  1.980  3.158 0.1111111119
94718  -31.944  1.114  3.515 0.1111111119
99359  -31.668  5.441  2.233 0.1111111119
100551  -30.598  6.579  1.115 0.1111111119
102931  -28.468  8.332  -2.081 0.2222222239
102932  -28.909  8.336  -1.352 0.2222222239
104044  -29.309  9.144  -0.878 0.1111111119
104028  -30.344  9.144  0.167 0.2222222239
102904  -30.581  8.472  0.420 0.1111111119
106961  -29.325  12.803  -2.243 0.1111111119
106979  -28.091  12.658  -4.193 0.1111111119
106944  -28.911  11.966  -1.459 0.1111111119
106945  -30.053  12.448  -1.392 0.1111111119
104030  -32.164  9.793  0.620 0.1111111119
102905  -31.459  8.555  0.855 0.1111111119
105085  -30.529  9.870  0.224 0.2222222239
101766  -26.871  7.965  -2.664 0.3333333433
105099  -30.754  10.640  -0.101 0.2222222239
104075  -27.782  9.271  -2.866 0.2222222239
101701  -22.486  8.698  -0.116 0.1111111119
102916  -24.487  9.238  -0.419 0.3333333433
104073  -26.688  9.684  -3.127 0.2222222239
104083  -26.842  10.132  -4.364 0.1111111119
104093  -27.001  10.260  -4.876 0.1111111119
106978  -27.983  11.688  -4.729 0.1111111119
106992  -27.921  12.944  -4.997 0.1111111119
107806  -28.585  14.121  -3.785 0.1111111119
106998  -27.769  13.009  -5.154 0.1111111119
104020  -21.889  10.042  -0.006 0.1111111119
102887  -22.304  9.602  -0.578 0.1111111119
101694  -22.810  9.429  -0.716 0.1111111119
104041  -24.264  9.886  -0.560 0.1111111119
104043  -24.831  9.372  -0.617 0.3333333433
104042  -24.198  9.884  -0.902 0.1111111119
105159  -26.829  11.094  -5.680 0.1111111119
106997  -27.564  12.641  -5.246 0.1111111119
106139  -26.669  11.571  -5.325 0.1111111119
104027  -23.747  10.426  -0.355 0.1111111119
105073  -22.942  10.722  0.968 0.1111111119
105112  -24.699  11.376  -1.368 0.1111111119
105126  -24.669  10.481  -1.614 0.1111111119
106109  -25.738  11.579  -2.371 0.1111111119
106976  -25.906  12.913  -2.856 0.1111111119
106990  -26.565  12.413  -4.745 0.1111111119
106929  -24.757  12.109  0.389 0.1111111119
92338  -32.350  -0.507  3.686 0.1111111119
101716  -31.431  7.723  1.157 0.1111111119
105100  -31.862  11.033  -0.072 0.1111111119
106081  -31.528  11.714  -0.462 0.1111111119
107804  -25.913  13.615  -3.354 0.1111111119
85887  -36.975  -6.963  1.291 0.1111111119
93544  -32.321  0.487  3.657 0.1111111119
95878  -33.175  2.410  3.290 0.1111111119
102897  -31.952  8.166  1.358 0.1111111119
106947  -31.824  12.396  -1.557 0.1111111119
102893  -20.560  8.707  1.633 0.1111111119
107805  -26.300  13.466  -4.340 0.1111111119
106996  -27.018  12.440  -5.318 0.1111111119
107789  -25.975  14.201  -1.737 0.1111111119
65623  -20.384  -23.586  8.362 0.2222222239
82377  -19.390  -9.450  4.939 0.2222222239
83560  -19.638  -8.669  4.533 0.2222222239
81294  -19.621  -10.390  4.742 0.3333333433
82378  -19.937  -9.560  4.393 0.4444444478
98197  -20.719  4.237  1.232 0.3333333433
99356  -20.146  6.121  1.730 0.1111111119
99357  -21.025  5.779  1.511 0.2222222239
80179  -19.415  -11.058  5.169 0.2222222239
92315  -19.315  -0.636  3.291 0.1111111119
94692  -18.578  2.505  3.218 0.1111111119
95867  -18.777  3.137  2.976 0.1111111119
98172  -19.772  4.778  2.164 0.1111111119
99341  -19.770  5.657  2.039 0.1111111119
100538  -20.669  6.991  1.462 0.1111111119
95868  -19.147  3.557  2.594 0.1111111119
77833  -18.819  -13.366  6.293 0.2222222239
80158  -19.116  -11.447  5.819 0.2222222239
86941  -19.590  -5.568  4.083 0.2222222239
97044  -19.734  3.943  1.822 0.1111111119
98191  -20.646  4.916  1.676 0.3333333433
99342  -20.230  5.519  1.799 0.1111111119
81269  -19.199  -10.279  5.480 0.2222222239
97027  -19.406  4.096  2.486 0.1111111119
98190  -20.141  4.483  1.631 0.1111111119
97010  -18.673  3.707  3.510 0.1111111119
98173  -20.065  4.981  1.964 0.1111111119
97011  -19.342  4.154  3.271 0.1111111119
95847  -19.739  3.968  3.202 0.1111111119
98158  -19.269  4.882  2.928 0.1111111119
97026  -18.866  3.913  2.842 0.1111111119
80216  -29.874  -11.893  1.915 0.1111111119
65618  -19.971  -23.726  8.985 0.1111111119
64396  -21.330  -24.115  8.541 0.1111111119
66846  -18.221  -22.854  8.961 0.1111111119
66849  -18.786  -22.815  8.619 0.1111111119
69390  -19.049  -21.115  8.212 0.1111111119
69389  -18.311  -20.759  8.614 0.1111111119
78952  -18.548  -13.237  6.960 0.1111111119
83559  -19.318  -8.503  5.145 0.1111111119
89035  -19.640  -3.588  3.525 0.2222222239
90101  -19.297  -2.747  4.100 0.2222222239
65616  -18.450  -23.522  9.543 0.1111111119
64395  -20.616  -23.893  9.009 0.1111111119
66845  -17.761  -22.832  9.443 0.1111111119
68067  -18.400  -22.356  8.863 0.1111111119
69388  -17.704  -20.984  8.851 0.1111111119
70591  -18.437  -19.683  8.634 0.1111111119
71772  -17.976  -19.083  8.790 0.1111111119
71796  -18.404  -18.659  8.153 0.1111111119
78939  -18.885  -13.432  7.516 0.1111111119
78953  -18.975  -12.574  7.150 0.1111111119
82353  -19.196  -9.280  5.607 0.1111111119
89018  -19.282  -3.971  4.021 0.2222222239
91177  -19.324  -1.578  3.921 0.1111111119
64397  -22.267  -24.428  8.374 0.1111111119
65617  -19.339  -23.678  9.294 0.1111111119
73176  -17.980  -17.762  8.114 0.1111111119
74385  -18.420  -16.891  7.833 0.1111111119
77832  -18.707  -13.829  6.695 0.1111111119
66850  -19.566  -22.787  8.359 0.1111111119
78976  -18.866  -12.610  6.340 0.1111111119
78975  -18.663  -13.244  6.576 0.1111111119
65622  -19.438  -23.354  8.712 0.1111111119
65621  -18.801  -23.305  8.954 0.1111111119
68075  -18.110  -21.366  8.784 0.1111111119
90100  -19.126  -3.314  4.550 0.1111111119
70590  -17.493  -19.982  8.989 0.1111111119
77812  -18.686  -14.059  7.278 0.1111111119
93535  -19.011  1.040  2.825 0.1111111119
88002  -19.172  -4.566  4.420 0.1111111119
93520  -18.789  0.461  3.206 0.1111111119
94709  -18.749  1.289  3.029 0.1111111119
65636  -20.832  -23.588  7.735 0.3333333433
70653  -23.482  -18.974  6.015 0.3333333433
71818  -24.279  -18.510  6.721 0.1111111119
75601  -25.454  -15.117  2.634 0.3333333433
77908  -29.056  -13.380  1.287 0.3333333433
80250  -30.779  -11.685  0.568 0.1111111119
83583  -34.667  -7.778  3.260 0.1111111119
83617  -36.554  -8.417  1.967 0.1111111119
83628  -28.869  -7.751  0.758 0.7777777910
84771  -33.782  -7.524  3.334 0.1111111119
84772  -35.765  -7.524  2.711 0.1111111119
84773  -36.373  -7.579  2.313 0.1111111119
84806  -29.477  -7.194  0.826 0.6666666865
85886  -36.356  -6.572  2.033 0.1111111119
85895  -25.266  -6.164  0.893 1.0000000000
86947  -31.910  -5.058  3.316 0.3333333433
86959  -30.171  -4.746  1.450 0.7777777910
89072  -28.277  -3.252  0.729 0.7777777910
90132  -29.710  -2.855  0.886 0.6666666865
90163  -27.856  -1.801  0.087 0.8888888955
90165  -28.918  -1.461  -0.293 0.8888888955
91250  -27.605  -1.005  -0.016 0.7777777910
93521  -19.399  -0.030  2.923 0.1111111119
93526  -33.190  0.169  3.749 0.1111111119
93567  -24.215  0.331  -0.073 0.7777777910
93584  -28.982  0.735  -0.312 0.5555555820
94698  -32.683  1.202  3.583 0.1111111119
94727  -29.817  1.269  0.986 0.4444444478
95855  -32.639  1.655  3.414 0.1111111119
95856  -32.981  1.711  3.442 0.1111111119
95876  -31.080  2.333  2.533 0.2222222239
95888  -30.782  2.781  2.170 0.2222222239
95892  -19.904  2.680  2.107 0.4444444478
97065  -28.659  3.279  -0.912 0.6666666865
97074  -28.120  3.824  -1.496 0.6666666865
97076  -29.260  4.439  -0.971 0.5555555820
98211  -29.114  5.051  -0.754 0.4444444478
98220  -29.210  4.699  -0.883 0.5555555820
99376  -29.126  5.510  -0.707 0.4444444478
100549  -24.636  6.937  -0.242 0.3333333433
100587  -27.614  6.956  -2.536 0.4444444478
101693  -22.666  9.456  -0.525 0.1111111119
101752  -26.610  7.674  -2.483 0.3333333433
102888  -22.681  9.844  -0.867 0.1111111119
102895  -21.792  9.213  -0.054 0.1111111119
102896  -23.152  9.746  -0.748 0.1111111119
102903  -24.942  8.165  -0.102 0.3333333433
102954  -26.468  8.057  -2.525 0.3333333433
102955  -26.656  8.179  -2.622 0.3333333433
104024  -21.565  10.013  1.138 0.1111111119
104025  -21.646  10.265  0.962 0.1111111119
104039  -21.495  10.212  1.087 0.1111111119
104040  -21.595  10.507  0.866 0.1111111119
104045  -29.818  9.114  -0.270 0.2222222239
104094  -27.143  10.137  -4.619 0.1111111119
105079  -21.601  10.042  1.809 0.1111111119
105080  -21.804  11.050  0.954 0.1111111119
105094  -21.462  10.404  1.025 0.1111111119
105101  -32.710  10.788  -0.309 0.1111111119
105151  -26.693  10.668  -5.068 0.1111111119
105153  -27.629  10.610  -4.485 0.1111111119
105160  -27.203  10.825  -5.499 0.1111111119
106055  -21.935  10.270  1.996 0.1111111119
106056  -22.168  10.571  2.022 0.1111111119
106062  -21.997  10.589  1.868 0.1111111119
106063  -21.988  10.872  1.607 0.1111111119
106074  -21.777  10.800  1.424 0.1111111119
106075  -21.742  11.020  1.261 0.1111111119
106078  -29.321  10.624  -0.778 0.1111111119
106093  -28.264  10.742  -2.225 0.1111111119
106123  -27.950  11.356  -4.732 0.1111111119
106134  -27.773  11.198  -5.091 0.1111111119
106933  -30.651  12.182  -0.829 0.1111111119
106946  -31.120  12.481  -1.319 0.1111111119
106991  -27.924  12.094  -5.149 0.1111111119
107807  -29.349  14.604  -3.479 0.1111111119
107821  -27.453  13.227  -5.163 0.1111111119
108669  -25.950  14.451  -2.033 0.1111111119
108701  -27.618  13.678  -5.444 0.1111111119
