#!ascii label  , from subject 3700 vox2ras=TkReg
1802
6962  -34.100  -75.576  9.241 0.1000000015
6210  -33.603  -76.178  8.554 0.1000000015
6979  -32.226  -75.835  8.220 0.1000000015
6227  -33.349  -76.016  8.137 0.1000000015
7002  -33.668  -75.720  7.612 0.1000000015
7023  -34.077  -75.248  6.981 0.1000000015
7022  -33.208  -75.437  6.960 0.1000000015
7830  -33.961  -74.885  6.427 0.1000000015
7854  -34.713  -74.117  6.079 0.1000000015
7853  -33.647  -74.481  5.758 0.1000000015
8678  -35.018  -73.713  5.577 0.1000000015
8677  -34.345  -73.890  5.458 0.1000000015
7874  -32.919  -74.121  5.165 0.1000000015
8697  -34.699  -73.451  5.041 0.1000000015
10370  -35.106  -71.978  4.452 0.1000000015
8696  -33.662  -73.688  4.971 0.1000000015
9491  -33.267  -72.738  4.642 0.1000000015
9492  -34.374  -72.792  4.682 0.1000000015
7782  -34.804  -74.169  8.654 0.1000000015
6194  -34.044  -76.099  8.841 0.1000000015
7757  -34.535  -74.639  9.096 0.1000000015
6211  -34.169  -75.966  8.316 0.1000000015
7783  -35.466  -74.338  8.436 0.1000000015
6981  -35.158  -75.139  8.318 0.1000000015
7003  -34.500  -75.614  7.828 0.1000000015
7809  -35.719  -74.706  7.824 0.1000000015
7024  -34.899  -74.963  7.188 0.1000000015
7832  -35.592  -74.337  6.841 0.1000000015
7855  -35.259  -73.845  6.100 0.1000000015
8698  -35.252  -73.391  5.269 0.1000000015
14143  -38.418  -67.525  4.923 0.1000000015
13153  -38.135  -68.377  3.743 0.1000000015
13175  -37.708  -68.908  3.439 0.1000000015
12211  -37.668  -69.577  3.473 0.1000000015
11291  -36.234  -70.209  3.605 0.1000000015
11283  -35.744  -71.075  4.189 0.1000000015
10371  -36.172  -71.966  4.713 0.1000000015
9419  -33.492  -73.160  8.972 0.1000000015
9438  -34.819  -72.651  7.960 0.2000000030
9437  -33.683  -72.452  8.439 0.2000000030
8615  -34.316  -73.802  8.956 0.1000000015
9451  -35.569  -72.043  7.517 0.1000000015
9439  -35.978  -72.770  7.753 0.1000000015
9420  -34.290  -73.145  8.623 0.1000000015
8634  -35.759  -73.468  8.315 0.1000000015
20795  -44.339  -61.334  4.485 0.1000000015
19720  -43.887  -62.138  4.874 0.1000000015
9440  -36.658  -72.711  7.503 0.1000000015
8635  -36.356  -73.408  7.819 0.1000000015
7810  -36.343  -74.055  7.709 0.1000000015
19704  -42.347  -62.668  5.246 0.1000000015
19705  -43.445  -62.839  5.675 0.1000000015
18491  -43.167  -63.347  6.280 0.1000000015
17347  -42.235  -64.449  7.065 0.1000000015
17331  -42.519  -65.086  7.390 0.1000000015
15184  -40.952  -66.528  7.031 0.1000000015
8649  -37.040  -73.003  7.195 0.1000000015
8663  -37.241  -72.665  6.692 0.1000000015
8679  -35.781  -73.386  5.747 0.1000000015
18468  -42.792  -63.751  6.668 0.1000000015
17346  -41.262  -64.656  7.151 0.1000000015
16245  -41.122  -65.940  7.323 0.1000000015
15215  -40.182  -67.204  5.862 0.1000000015
14117  -40.748  -67.641  6.317 0.1000000015
13136  -40.191  -68.848  5.596 0.1000000015
12191  -38.878  -69.727  4.450 0.1000000015
8680  -36.389  -73.084  6.041 0.1000000015
9481  -36.015  -72.901  5.239 0.1000000015
16257  -40.512  -65.505  7.172 0.1000000015
15214  -39.777  -67.141  5.770 0.1000000015
14145  -40.214  -67.795  5.433 0.1000000015
13154  -39.644  -69.018  4.438 0.1000000015
11261  -37.839  -70.824  5.013 0.1000000015
11260  -37.404  -70.960  4.627 0.1000000015
14179  -39.219  -68.271  3.847 0.1000000015
13177  -39.378  -68.585  3.877 0.1000000015
12212  -38.398  -69.452  3.677 0.1000000015
11285  -37.699  -70.478  4.247 0.1000000015
10356  -36.704  -71.937  4.969 0.1000000015
9493  -35.458  -72.867  4.925 0.1000000015
10298  -34.830  -71.556  7.489 0.1000000015
10297  -33.700  -71.288  7.922 0.2000000030
9436  -32.865  -72.452  8.792 0.1000000015
10281  -32.245  -71.592  9.150 0.2000000030
10280  -31.331  -71.813  9.981 0.2000000030
10315  -35.674  -71.015  7.316 0.1000000015
23100  -43.846  -59.974  4.273 0.1000000015
20809  -44.076  -60.802  3.990 0.1000000015
9452  -36.465  -71.899  7.419 0.1000000015
9453  -37.262  -72.130  7.278 0.1000000015
19684  -44.138  -62.930  6.108 0.1000000015
17348  -42.991  -64.289  7.181 0.1000000015
17349  -43.413  -64.186  7.411 0.1000000015
8650  -37.381  -72.488  6.767 0.1000000015
16247  -42.753  -65.670  7.831 0.1000000015
16246  -41.966  -65.928  7.492 0.1000000015
14118  -41.240  -67.916  6.798 0.1000000015
12151  -40.347  -69.070  6.478 0.1000000015
11236  -39.092  -70.566  6.163 0.1000000015
10358  -38.092  -71.503  5.656 0.1000000015
8662  -36.857  -72.874  6.436 0.1000000015
10357  -37.215  -71.544  5.086 0.1000000015
9494  -36.099  -72.613  5.015 0.1000000015
12090  -35.279  -68.622  9.036 0.1000000015
12106  -34.382  -69.246  8.577 0.1000000015
12129  -35.657  -69.332  8.303 0.1000000015
11200  -34.668  -69.584  8.144 0.1000000015
11199  -33.982  -69.847  8.065 0.1000000015
11188  -33.087  -70.133  8.637 0.2000000030
10282  -32.884  -71.048  8.719 0.2000000030
11187  -32.309  -70.421  9.195 0.2000000030
11214  -36.367  -70.211  7.559 0.1000000015
12130  -36.219  -69.434  8.037 0.1000000015
11215  -37.268  -70.418  7.438 0.1000000015
21938  -44.179  -60.484  4.364 0.1000000015
21901  -45.294  -61.068  5.992 0.1000000015
20772  -45.378  -62.044  6.915 0.1000000015
19668  -45.140  -62.583  7.608 0.1000000015
10316  -36.633  -70.987  7.375 0.1000000015
11216  -38.066  -70.571  7.210 0.1000000015
23099  -43.317  -59.891  4.027 0.1000000015
23088  -43.654  -59.448  4.543 0.1000000015
20785  -44.958  -61.709  5.289 0.1000000015
19707  -45.107  -62.410  5.967 0.1000000015
17333  -43.838  -64.285  7.784 0.1000000015
16228  -43.376  -65.342  8.472 0.1000000015
14100  -41.989  -67.272  8.035 0.1000000015
13089  -40.872  -68.429  8.052 0.1000000015
12134  -39.653  -69.453  6.997 0.1000000015
12133  -38.823  -69.850  7.348 0.1000000015
10318  -37.964  -71.382  6.795 0.1000000015
23098  -42.517  -59.863  3.867 0.1000000015
15186  -42.169  -66.677  7.819 0.1000000015
13107  -41.101  -68.552  7.356 0.1000000015
12150  -39.656  -69.681  6.292 0.1000000015
11218  -39.315  -70.062  6.579 0.1000000015
10339  -38.414  -71.427  6.244 0.1000000015
23097  -41.563  -59.769  3.451 0.1000000015
23096  -40.533  -59.811  3.329 0.1000000015
21934  -40.422  -60.049  2.888 0.1000000015
23095  -40.103  -60.003  3.539 0.1000000015
13070  -36.720  -67.668  9.377 0.1000000015
12108  -35.980  -68.723  8.654 0.1000000015
14062  -37.803  -67.171  9.281 0.1000000015
13071  -37.340  -67.783  8.939 0.1000000015
13068  -34.968  -68.276  9.502 0.1000000015
12088  -33.610  -68.989  9.107 0.1000000015
12087  -32.584  -69.464  9.404 0.2000000030
14079  -37.795  -67.681  8.798 0.1000000015
12109  -36.918  -68.827  8.202 0.1000000015
14063  -39.092  -67.064  9.025 0.1000000015
13086  -37.688  -68.251  8.524 0.1000000015
24192  -42.306  -58.013  5.923 0.1000000015
24217  -42.742  -58.872  5.019 0.1000000015
24218  -43.416  -58.839  4.960 0.1000000015
24211  -44.226  -59.176  5.388 0.1000000015
23077  -44.313  -60.098  5.510 0.1000000015
21900  -44.697  -60.650  6.166 0.1000000015
20777  -44.487  -61.253  6.705 0.1000000015
15144  -39.816  -66.268  9.261 0.1000000015
14064  -40.248  -67.134  9.046 0.1000000015
12110  -37.880  -69.036  7.995 0.1000000015
12131  -37.092  -69.569  7.656 0.1000000015
24219  -44.053  -58.945  4.850 0.1000000015
19651  -44.541  -62.798  8.184 0.1000000015
18405  -43.391  -63.848  8.874 0.1000000015
16208  -43.395  -65.324  9.086 0.1000000015
13088  -39.790  -68.732  8.081 0.1000000015
12111  -38.798  -69.258  7.859 0.1000000015
12132  -38.008  -69.791  7.554 0.1000000015
23057  -41.684  -58.664  5.771 0.1000000015
18428  -44.978  -63.149  7.772 0.1000000015
17310  -43.872  -64.248  8.507 0.1000000015
15147  -42.843  -66.112  8.999 0.1000000015
14083  -41.557  -67.550  8.313 0.1000000015
14082  -40.608  -67.895  8.620 0.1000000015
12112  -39.386  -69.278  7.560 0.1000000015
23076  -41.965  -58.816  5.240 0.1000000015
23086  -42.037  -59.282  4.571 0.1000000015
23075  -41.316  -59.214  5.282 0.1000000015
23085  -40.904  -59.562  4.359 0.1000000015
21922  -39.088  -60.291  3.731 0.1000000015
21932  -38.769  -60.774  2.935 0.1000000015
13069  -35.759  -68.049  9.275 0.1000000015
15143  -38.694  -66.301  9.494 0.1000000015
15142  -37.792  -66.316  9.737 0.1000000015
14045  -36.688  -67.051  10.065 0.1000000015
16204  -39.350  -65.384  9.521 0.1000000015
13053  -35.345  -67.701  9.878 0.1000000015
17290  -41.071  -64.549  9.596 0.1000000015
16205  -40.479  -65.429  9.505 0.1000000015
24193  -42.910  -57.657  5.802 0.1000000015
24195  -44.202  -59.451  5.746 0.1000000015
21899  -43.937  -60.609  6.563 0.1000000015
16206  -41.580  -65.451  9.435 0.1000000015
12071  -32.845  -68.753  9.907 0.1000000015
12070  -32.003  -68.936  10.077 0.2000000030
25294  -43.422  -57.929  5.786 0.1000000015
20771  -44.868  -61.719  7.276 0.1000000015
18425  -43.141  -63.192  8.705 0.1000000015
17292  -43.166  -64.561  9.289 0.1000000015
16207  -42.602  -65.445  9.388 0.1000000015
14065  -41.309  -67.070  8.956 0.1000000015
23056  -41.000  -59.080  6.141 0.1000000015
23074  -40.183  -59.376  5.457 0.1000000015
23073  -38.885  -59.358  5.325 0.1000000015
23084  -39.785  -59.844  4.159 0.1000000015
23083  -38.612  -59.937  4.428 0.1000000015
21921  -38.282  -60.447  3.923 0.1000000015
18401  -39.518  -63.581  9.772 0.1000000015
17288  -38.889  -64.384  9.670 0.1000000015
16203  -38.157  -65.374  9.684 0.1000000015
18402  -40.488  -63.605  9.539 0.1000000015
16202  -37.617  -65.846  9.981 0.1000000015
13054  -36.066  -67.559  9.824 0.1000000015
17289  -39.982  -64.499  9.638 0.1000000015
15126  -37.233  -66.310  10.196 0.1000000015
13067  -34.258  -68.404  9.590 0.1000000015
19628  -42.003  -62.983  9.025 0.1000000015
14043  -34.993  -67.331  10.426 0.1000000015
25286  -42.819  -57.294  6.319 0.1000000015
25287  -43.337  -57.742  6.395 0.1000000015
24194  -43.897  -58.892  6.090 0.1000000015
21896  -43.346  -60.455  7.118 0.1000000015
20764  -43.589  -61.887  7.853 0.1000000015
20763  -42.986  -61.549  7.948 0.1000000015
19649  -42.568  -62.483  8.528 0.1000000015
18403  -41.585  -63.662  9.452 0.1000000015
13052  -34.533  -67.828  9.966 0.1000000015
13051  -33.585  -68.128  10.327 0.1000000015
25285  -41.837  -57.246  6.703 0.1000000015
19666  -43.877  -62.020  7.813 0.1000000015
17291  -42.160  -64.584  9.515 0.1000000015
13050  -32.546  -68.435  10.708 0.1000000015
25284  -40.866  -57.718  7.005 0.1000000015
24190  -40.040  -58.512  6.573 0.1000000015
24207  -39.341  -59.172  6.016 0.1000000015
24188  -37.636  -59.056  6.805 0.1000000015
23054  -38.134  -59.356  5.991 0.1000000015
23071  -36.648  -59.890  5.621 0.1000000015
17287  -38.129  -64.552  9.766 0.1000000015
19626  -39.778  -62.613  9.591 0.1000000015
16188  -37.776  -64.870  9.915 0.1000000015
20751  -40.208  -61.666  8.813 0.1000000015
16187  -37.276  -65.301  10.288 0.1000000015
14044  -35.797  -67.083  10.354 0.1000000015
19647  -41.113  -62.181  8.688 0.1000000015
15125  -36.322  -66.178  10.571 0.1000000015
23059  -43.561  -59.618  6.604 0.1000000015
20762  -42.057  -61.597  8.370 0.1000000015
19648  -41.625  -62.273  8.675 0.1000000015
15124  -35.698  -66.545  10.655 0.1000000015
25268  -41.220  -57.078  7.384 0.1000000015
26396  -42.498  -56.581  6.892 0.1000000015
26397  -43.156  -56.729  6.887 0.1000000015
24174  -43.232  -58.547  6.820 0.1000000015
23043  -42.951  -59.477  7.191 0.1000000015
20769  -43.188  -61.019  7.479 0.1000000015
14042  -34.271  -67.459  10.597 0.1000000015
25283  -40.146  -57.806  7.212 0.1000000015
25265  -38.655  -57.742  7.849 0.1000000015
24170  -39.740  -58.028  7.209 0.1000000015
24168  -38.167  -58.469  7.428 0.1000000015
24187  -36.585  -59.087  6.793 0.1000000015
20760  -40.577  -61.148  8.328 0.1000000015
17276  -38.281  -63.944  9.865 0.1000000015
23040  -41.199  -59.955  7.667 0.1000000015
17275  -37.623  -64.212  10.091 0.1000000015
24173  -42.695  -58.372  7.655 0.1000000015
23042  -42.325  -59.526  7.561 0.1000000015
21893  -41.508  -60.331  7.727 0.1000000015
20761  -41.112  -61.588  8.416 0.1000000015
17274  -36.798  -64.247  10.651 0.1000000015
26380  -40.784  -56.547  7.828 0.1000000015
26381  -41.731  -56.357  7.430 0.1000000015
25270  -43.200  -57.503  7.324 0.1000000015
21895  -42.726  -60.475  7.580 0.1000000015
15112  -35.946  -65.637  10.860 0.1000000015
26379  -40.199  -56.906  7.879 0.1000000015
14026  -34.632  -66.812  10.919 0.1000000015
14025  -33.596  -67.070  11.335 0.1000000015
25266  -39.646  -57.424  7.686 0.1000000015
25248  -39.063  -57.193  8.322 0.1000000015
25247  -38.298  -57.393  8.522 0.1000000015
25263  -37.042  -57.853  8.221 0.1000000015
24167  -36.969  -58.405  7.604 0.1000000015
24151  -36.636  -58.030  8.122 0.1000000015
25244  -35.345  -57.808  8.577 0.1000000015
24166  -35.910  -58.688  7.379 0.1000000015
19613  -39.186  -62.903  10.109 0.1000000015
18388  -38.772  -63.470  10.096 0.1000000015
19612  -38.494  -62.573  10.270 0.1000000015
18386  -37.326  -63.347  10.559 0.1000000015
27521  -41.824  -55.722  8.051 0.1000000015
25251  -43.173  -57.059  7.887 0.1000000015
24156  -42.689  -57.747  8.128 0.1000000015
24171  -41.257  -59.331  7.681 0.1000000015
26366  -39.966  -56.455  8.545 0.1000000015
26367  -40.723  -56.068  8.249 0.1000000015
27520  -41.201  -55.948  7.990 0.1000000015
26382  -42.606  -56.095  7.693 0.1000000015
26383  -43.166  -56.716  7.598 0.1000000015
16186  -36.380  -65.178  10.754 0.1000000015
26365  -38.707  -56.737  8.828 0.1000000015
26364  -38.068  -57.021  8.958 0.1000000015
26345  -37.745  -56.320  9.430 0.1000000015
25246  -37.466  -57.391  8.785 0.1000000015
25225  -36.843  -57.188  9.335 0.1000000015
26344  -36.500  -56.682  9.951 0.1000000015
25224  -35.901  -57.342  9.412 0.1000000015
25223  -34.870  -57.146  9.299 0.1000000015
23030  -40.070  -59.532  8.314 0.1000000015
21874  -39.447  -60.949  8.655 0.1000000015
20750  -38.958  -61.571  9.433 0.1000000015
20742  -38.610  -61.978  10.039 0.1000000015
24154  -40.966  -58.647  8.153 0.1000000015
24172  -41.864  -58.920  7.842 0.1000000015
26346  -39.161  -56.031  9.212 0.1000000015
26347  -39.823  -55.854  9.059 0.1000000015
26324  -37.014  -55.983  10.339 0.1000000015
26343  -35.409  -56.680  10.016 0.1000000015
26342  -34.465  -56.427  9.731 0.1000000015
27503  -40.902  -55.420  8.672 0.1000000015
27505  -42.450  -55.781  8.509 0.1000000015
26368  -42.725  -56.345  8.278 0.1000000015
24155  -42.162  -58.092  8.410 0.1000000015
27480  -38.722  -55.499  9.718 0.1000000015
27479  -37.950  -55.527  9.955 0.1000000015
26323  -35.985  -56.011  10.553 0.1000000015
26322  -35.003  -55.812  10.330 0.1000000015
27478  -34.207  -55.465  9.734 0.1000000015
25230  -42.100  -56.856  9.040 0.1000000015
24141  -41.494  -57.888  8.789 0.1000000015
27481  -39.973  -55.205  9.516 0.1000000015
27482  -40.690  -54.971  9.283 0.1000000015
27504  -41.936  -55.415  8.639 0.1000000015
27484  -42.581  -55.912  8.829 0.1000000015
26350  -42.455  -56.318  8.995 0.1000000015
27451  -36.575  -55.408  10.968 0.1000000015
27450  -35.551  -54.975  10.937 0.1000000015
28576  -35.298  -54.188  10.844 0.1000000015
27449  -34.794  -55.028  10.299 0.1000000015
26349  -41.788  -56.380  9.660 0.1000000015
28627  -41.532  -55.134  9.151 0.1000000015
27483  -42.058  -55.550  9.383 0.1000000015
27454  -39.218  -55.042  10.186 0.1000000015
27452  -37.600  -55.303  10.652 0.1000000015
27435  -35.848  -54.660  11.301 0.1000000015
29702  -35.897  -53.356  11.330 0.1000000015
27453  -38.423  -55.179  10.335 0.1000000015
28561  -38.000  -54.480  11.334 0.1000000015
27437  -37.061  -54.887  11.270 0.1000000015
27436  -36.249  -54.744  11.348 0.1000000015
28559  -35.832  -54.084  11.440 0.1000000015
30909  -36.469  -52.299  11.496 0.1000000015
29703  -36.572  -53.178  11.730 0.1000000015
28577  -38.220  -54.941  10.782 0.1000000015
29704  -37.528  -53.602  11.913 0.1000000015
28560  -36.855  -54.176  11.551 0.1000000015
29693  -37.185  -52.933  12.214 0.1000000015
7001  -32.759  -75.727  7.762 0.1000000015
7004  -35.278  -75.021  7.541 0.1000000015
7043  -33.577  -75.113  6.420 0.1000000015
7831  -34.499  -74.682  6.553 0.1000000015
7758  -35.021  -74.826  8.702 0.1000000015
8633  -34.925  -73.659  8.467 0.1000000015
6980  -34.529  -75.655  8.613 0.1000000015
7784  -36.223  -73.900  8.305 0.1000000015
7025  -35.292  -74.793  7.226 0.1000000015
7833  -36.496  -73.622  6.950 0.1000000015
8661  -36.258  -73.493  6.433 0.1000000015
14144  -39.341  -67.538  4.956 0.1000000015
12217  -36.964  -69.263  3.233 0.1000000015
11293  -37.897  -70.005  3.911 0.1000000015
11294  -36.825  -69.779  3.231 0.1000000015
21923  -44.772  -60.682  4.952 0.1000000015
19685  -44.704  -62.964  6.342 0.1000000015
15205  -41.012  -67.300  6.659 0.1000000015
15204  -40.446  -66.755  6.567 0.1000000015
13119  -40.667  -68.358  6.215 0.1000000015
14167  -40.021  -68.151  4.833 0.1000000015
13120  -40.915  -68.674  6.781 0.1000000015
12172  -40.019  -69.369  5.939 0.1000000015
11286  -38.268  -70.297  4.634 0.1000000015
11262  -38.625  -70.578  5.422 0.1000000015
9466  -37.212  -72.486  6.005 0.1000000015
9483  -37.530  -72.127  5.733 0.1000000015
10314  -34.620  -70.548  7.531 0.1000000015
11213  -35.341  -69.840  7.793 0.1000000015
10317  -37.327  -71.271  7.309 0.1000000015
10338  -37.900  -71.823  6.541 0.1000000015
18447  -44.282  -63.587  7.350 0.1000000015
16227  -43.096  -65.624  8.190 0.1000000015
14099  -41.518  -67.582  7.646 0.1000000015
13106  -40.297  -68.837  7.484 0.1000000015
10340  -38.738  -71.002  5.928 0.1000000015
9484  -37.969  -72.058  5.914 0.1000000015
19686  -45.379  -62.802  6.772 0.1000000015
23087  -42.974  -59.377  4.500 0.1000000015
15165  -43.091  -65.855  8.722 0.1000000015
14066  -42.198  -66.862  8.864 0.1000000015
13090  -41.379  -68.122  7.859 0.1000000015
13105  -39.777  -69.040  7.505 0.1000000015
11217  -38.803  -70.520  6.774 0.1000000015
23104  -41.036  -59.786  2.719 0.1000000015
14046  -37.343  -66.853  9.838 0.1000000015
13085  -36.786  -68.205  8.760 0.1000000015
14080  -38.430  -67.725  8.706 0.1000000015
12086  -31.863  -69.762  9.764 0.2000000030
13087  -38.702  -68.528  8.357 0.1000000015
14081  -39.503  -67.885  8.679 0.1000000015
18404  -42.632  -63.704  9.213 0.1000000015
15146  -41.982  -66.277  9.250 0.1000000015
15145  -40.934  -66.273  9.170 0.1000000015
23055  -38.648  -59.240  5.958 0.1000000015
23072  -37.692  -59.796  5.139 0.1000000015
24169  -39.168  -58.237  7.255 0.1000000015
23053  -37.167  -59.439  6.082 0.1000000015
21888  -42.303  -60.954  7.991 0.1000000015
21886  -40.940  -60.664  7.908 0.1000000015
24150  -36.110  -58.197  8.055 0.1000000015
25250  -42.657  -57.085  8.411 0.1000000015
16106  -43.576  -65.570  15.190 0.5000000000
9367  -39.634  -72.581  13.105 0.5000000000
9354  -40.096  -72.027  13.513 0.5000000000
16088  -43.414  -65.513  15.708 0.5000000000
16130  -42.674  -65.769  14.902 0.5000000000
11151  -40.064  -71.124  12.864 0.5000000000
17145  -43.420  -64.623  17.095 0.5000000000
16087  -42.921  -65.597  15.716 0.5000000000
12044  -40.116  -70.310  13.235 0.5000000000
17164  -42.912  -65.364  16.347 0.5000000000
17144  -42.393  -64.767  17.322 0.5000000000
17163  -41.874  -65.268  16.483 0.5000000000
17185  -41.538  -65.354  15.750 0.4000000060
11148  -37.487  -70.870  13.502 0.5000000000
10235  -36.962  -71.784  13.217 0.5000000000
12040  -36.914  -70.246  14.043 0.5000000000
12999  -35.912  -69.005  14.135 0.5000000000
13979  -35.513  -67.733  14.382 0.4000000060
16122  -34.745  -65.951  14.790 0.4000000060
11089  -39.279  -70.951  15.805 0.1000000015
9332  -39.735  -72.494  14.360 0.5000000000
17165  -43.864  -65.186  16.254 0.5000000000
16089  -44.029  -65.384  15.562 0.5000000000
15065  -42.053  -66.621  14.644 0.4000000060
10223  -40.264  -71.513  13.524 0.5000000000
18280  -43.901  -63.667  17.594 0.5000000000
17146  -44.343  -64.542  16.931 0.5000000000
19500  -44.432  -62.466  17.974 0.5000000000
19481  -44.198  -61.834  18.325 0.4000000060
19499  -43.335  -62.814  18.102 0.3000000119
18279  -42.889  -63.814  17.789 0.5000000000
18278  -41.841  -63.906  17.974 0.4000000060
17143  -41.318  -64.639  17.292 0.4000000060
16128  -40.556  -65.928  14.951 0.6999999881
19480  -43.659  -61.931  18.342 0.3000000119
19479  -42.733  -62.027  18.431 0.3000000119
19498  -42.327  -62.957  18.304 0.3000000119
17184  -40.703  -65.355  15.490 0.5000000000
16104  -39.922  -65.547  15.208 0.6000000238
14002  -39.773  -67.182  14.647 0.6000000238
13004  -40.133  -68.970  14.165 0.6000000238
11150  -39.189  -71.169  12.815 0.5000000000
10236  -37.811  -71.788  12.858 0.3000000119
18294  -40.319  -64.350  17.091 0.4000000060
16103  -39.573  -65.483  15.205 0.5000000000
15088  -39.436  -67.032  14.591 0.6000000238
14000  -38.482  -68.001  14.288 0.6000000238
11132  -37.870  -70.304  13.784 0.5000000000
19497  -41.292  -63.044  18.551 0.4000000060
18277  -40.746  -63.901  18.029 0.4000000060
17183  -39.509  -65.111  15.461 0.5000000000
17207  -38.923  -65.131  15.265 0.5000000000
15086  -38.028  -67.339  14.230 0.5000000000
13002  -38.117  -68.963  14.139 0.5000000000
12023  -37.102  -69.509  13.970 0.5000000000
19477  -40.754  -62.141  18.543 0.4000000060
18276  -39.730  -63.630  17.748 0.4000000060
18293  -39.391  -64.018  16.820 0.5000000000
17206  -38.321  -64.998  15.125 0.5000000000
16125  -37.456  -65.893  14.600 0.4000000060
13999  -37.492  -68.090  14.076 0.5000000000
13000  -36.741  -68.724  13.959 0.5000000000
18275  -38.846  -63.314  17.378 0.4000000060
18292  -38.611  -63.607  16.475 0.5000000000
17205  -37.621  -65.065  14.769 0.5000000000
13980  -36.527  -67.728  14.301 0.4000000060
12982  -36.160  -68.369  14.298 0.5000000000
18307  -37.703  -63.657  15.349 0.5000000000
17181  -36.670  -64.557  14.805 0.4000000060
16123  -35.660  -65.827  14.613 0.4000000060
15058  -35.026  -66.717  14.507 0.4000000060
18306  -36.742  -63.911  15.129 0.3000000119
17180  -35.939  -64.798  14.910 0.3000000119
17179  -34.746  -64.592  15.262 0.3000000119
16101  -34.097  -65.501  15.142 0.3000000119
11988  -38.821  -69.879  16.215 0.1000000015
11088  -38.123  -70.808  16.101 0.1000000015
11989  -39.876  -69.869  16.417 0.1000000015
11090  -40.280  -70.482  16.044 0.4000000060
11101  -39.893  -71.269  15.552 0.4000000060
10197  -40.045  -71.721  15.174 0.4000000060
10198  -40.339  -71.469  14.662 0.5000000000
11102  -40.535  -70.771  15.272 0.4000000060
11115  -40.576  -70.811  14.450 0.5000000000
10206  -40.451  -71.307  14.081 0.5000000000
16107  -44.336  -65.434  15.147 0.5000000000
16132  -44.665  -65.590  14.930 0.5000000000
16131  -43.843  -65.859  14.820 0.5000000000
15066  -43.162  -66.635  14.635 0.4000000060
11135  -40.741  -70.410  14.248 0.5000000000
11134  -40.487  -70.649  13.737 0.5000000000
18281  -44.863  -63.646  17.484 0.5000000000
17166  -44.655  -64.982  15.829 0.5000000000
19501  -45.541  -62.649  17.688 0.5000000000
13005  -40.822  -69.091  14.374 0.6000000238
20641  -45.350  -61.635  18.240 0.4000000060
20625  -44.828  -61.109  18.535 0.2000000030
21700  -44.566  -60.386  18.750 0.2000000030
20624  -44.083  -61.207  18.482 0.3000000119
19478  -41.747  -62.086  18.492 0.4000000060
20623  -43.149  -61.183  18.535 0.3000000119
21699  -43.633  -60.381  18.836 0.3000000119
21698  -42.668  -60.374  18.807 0.4000000060
20621  -41.208  -61.282  18.654 0.4000000060
21697  -41.693  -60.404  18.815 0.3000000119
19495  -39.171  -62.740  18.264 0.4000000060
19494  -38.368  -62.602  17.775 0.4000000060
21696  -40.688  -60.491  19.004 0.3000000119
21695  -39.551  -60.583  19.080 0.3000000119
20638  -38.001  -61.800  18.166 0.3000000119
19540  -37.901  -63.192  16.086 0.4000000060
19518  -37.240  -62.539  16.669 0.3000000119
18305  -35.543  -63.790  15.435 0.3000000119
21716  -37.414  -61.023  18.302 0.2000000030
20637  -36.902  -61.649  17.438 0.2000000030
20682  -35.788  -62.237  15.926 0.3000000119
21715  -36.238  -60.509  18.014 0.1000000015
20662  -35.904  -61.517  16.701 0.2000000030
19537  -35.187  -62.823  15.711 0.4000000060
25065  -35.408  -57.314  18.273 0.1000000015
11990  -40.916  -69.639  16.940 0.1000000015
11091  -41.019  -70.020  16.029 0.5000000000
11116  -40.992  -70.268  14.725 0.4000000060
17212  -45.106  -65.163  14.794 0.5000000000
15067  -44.326  -66.511  14.912 0.4000000060
12987  -42.351  -68.441  15.155 0.4000000060
12008  -41.408  -69.330  14.949 0.5000000000
17147  -45.074  -64.527  16.954 0.5000000000
12028  -40.927  -69.926  14.182 0.4000000060
20642  -46.310  -61.795  17.978 0.4000000060
21718  -46.126  -61.054  18.331 0.3000000119
21701  -45.505  -60.519  18.544 0.3000000119
22853  -46.087  -59.535  18.544 0.2000000030
22851  -44.173  -59.497  19.032 0.2000000030
24004  -45.695  -58.571  18.787 0.1000000015
24003  -44.709  -58.550  18.959 0.3000000119
22849  -42.213  -59.504  18.981 0.3000000119
24002  -43.728  -58.553  19.060 0.2000000030
24001  -42.755  -58.555  19.031 0.2000000030
23999  -40.762  -58.633  19.151 0.2000000030
22846  -39.030  -59.506  19.119 0.2000000030
21694  -38.235  -60.675  18.965 0.2000000030
25068  -38.811  -57.465  19.319 0.1000000015
22845  -37.888  -59.365  19.058 0.1000000015
22873  -36.311  -59.592  18.380 0.1000000015
21714  -35.585  -60.040  17.739 0.1000000015
25046  -37.808  -56.994  19.439 0.1000000015
23995  -36.512  -58.198  18.933 0.1000000015
22872  -35.631  -59.382  18.082 0.1000000015
25066  -36.102  -57.285  18.732 0.1000000015
26193  -35.999  -56.033  17.832 0.1000000015
28467  -36.859  -54.977  17.314 0.1000000015
11991  -41.936  -69.646  16.564 0.3000000119
11957  -43.236  -69.010  18.064 0.3000000119
11975  -42.682  -69.283  17.475 0.3000000119
11092  -41.477  -69.840  15.942 0.3000000119
11103  -41.246  -70.036  15.434 0.4000000060
12961  -44.269  -68.057  16.783 0.3000000119
11993  -43.339  -68.563  16.794 0.3000000119
11996  -42.380  -69.099  15.811 0.5000000000
12009  -42.019  -69.161  15.339 0.5000000000
16090  -45.404  -65.614  15.965 0.4000000060
15039  -44.607  -66.939  15.778 0.5000000000
13963  -43.809  -67.702  15.736 0.4000000060
13986  -43.434  -67.664  14.938 0.4000000060
18283  -46.677  -63.527  17.415 0.4000000060
18296  -46.016  -64.269  17.157 0.4000000060
17148  -45.418  -64.494  17.031 0.5000000000
17167  -45.440  -64.828  16.515 0.5000000000
20644  -48.144  -61.648  17.724 0.4000000060
20643  -47.225  -61.748  17.776 0.4000000060
19502  -46.513  -62.684  17.562 0.4000000060
21721  -48.585  -60.662  17.437 0.3000000119
21719  -46.955  -60.829  18.098 0.3000000119
22874  -47.587  -60.293  18.138 0.3000000119
21702  -46.373  -60.327  18.369 0.3000000119
22855  -47.812  -59.187  18.229 0.3000000119
22854  -47.181  -59.664  18.360 0.2000000030
24005  -46.668  -58.613  18.566 0.1000000015
25076  -46.239  -57.610  18.671 0.1000000015
25075  -45.281  -57.583  18.981 0.1000000015
25074  -44.257  -57.578  19.126 0.1000000015
25073  -43.295  -57.642  19.183 0.2000000030
26172  -44.823  -56.575  19.040 0.1000000015
25072  -42.355  -57.578  19.319 0.2000000030
25070  -40.367  -57.729  19.175 0.1000000015
25050  -40.917  -56.922  19.293 0.1000000015
25049  -40.005  -56.860  19.210 0.1000000015
26147  -39.611  -56.038  19.444 0.1000000015
25047  -38.389  -56.995  19.505 0.1000000015
25067  -37.084  -57.107  19.315 0.1000000015
27293  -38.206  -55.248  19.142 0.1000000015
27292  -37.598  -55.569  19.023 0.1000000015
28439  -37.460  -54.822  18.177 0.1000000015
28469  -38.307  -54.250  17.383 0.1000000015
28468  -37.262  -54.802  17.621 0.1000000015
28492  -38.514  -54.647  16.546 0.1000000015
27361  -39.157  -55.267  16.141 0.1000000015
26217  -40.178  -55.876  16.031 0.1000000015
12903  -42.590  -68.770  19.365 0.3000000119
11942  -41.700  -69.040  19.048 0.2000000030
12919  -43.905  -68.196  18.169 0.3000000119
13940  -44.773  -66.971  17.246 0.4000000060
14996  -44.684  -66.825  18.289 0.3000000119
18284  -47.536  -63.528  17.713 0.3000000119
17149  -46.627  -64.270  17.518 0.4000000060
16091  -45.702  -65.193  16.773 0.4000000060
14997  -45.119  -66.465  18.029 0.3000000119
19504  -48.608  -62.442  17.876 0.3000000119
16078  -46.242  -65.185  17.586 0.4000000060
14998  -45.866  -65.755  18.116 0.4000000060
14977  -45.591  -65.813  18.603 0.3000000119
19520  -49.085  -61.825  17.445 0.3000000119
20664  -48.871  -61.454  17.348 0.3000000119
20665  -49.598  -61.302  17.410 0.3000000119
21739  -49.282  -60.610  17.128 0.3000000119
22875  -48.213  -59.719  17.901 0.3000000119
25077  -47.229  -57.655  18.436 0.1000000015
25078  -47.944  -57.396  18.385 0.1000000015
26175  -47.615  -56.705  18.395 0.1000000015
27325  -47.258  -55.775  18.381 0.1000000015
26173  -45.798  -56.614  18.724 0.1000000015
27323  -45.396  -55.616  18.833 0.1000000015
27322  -44.439  -55.563  19.084 0.1000000015
26151  -43.214  -55.939  19.335 0.2000000030
27321  -43.639  -55.469  19.319 0.2000000030
27298  -42.953  -55.393  19.455 0.2000000030
26149  -41.496  -56.143  19.411 0.1000000015
27297  -42.086  -55.306  19.483 0.1000000015
27296  -41.075  -55.196  19.510 0.1000000015
28416  -40.588  -54.226  19.410 0.1000000015
27295  -40.076  -55.149  19.484 0.1000000015
28414  -38.610  -54.585  19.038 0.1000000015
28415  -39.548  -54.245  19.134 0.1000000015
28441  -38.821  -53.835  18.667 0.1000000015
29591  -38.607  -53.784  17.988 0.1000000015
28493  -39.202  -54.399  16.530 0.1000000015
29639  -39.389  -53.912  16.786 0.1000000015
27362  -39.749  -54.945  16.288 0.1000000015
28494  -39.830  -54.258  16.450 0.1000000015
26194  -40.452  -55.441  16.165 0.1000000015
27342  -40.363  -54.990  16.290 0.1000000015
26218  -41.205  -56.107  15.915 0.1000000015
26195  -40.774  -55.446  16.147 0.1000000015
25108  -41.843  -57.013  15.736 0.1000000015
12901  -40.953  -68.142  19.680 0.2000000030
12917  -41.280  -68.938  18.943 0.2000000030
13887  -41.637  -67.303  20.782 0.2000000030
12904  -43.463  -68.253  19.226 0.3000000119
14965  -42.457  -66.554  20.486 0.2000000030
13889  -43.424  -67.486  19.681 0.3000000119
13904  -44.010  -67.405  18.881 0.3000000119
16079  -46.750  -64.969  18.239 0.3000000119
14976  -44.696  -66.442  18.746 0.3000000119
18262  -48.734  -63.035  18.806 0.3000000119
18285  -48.134  -63.665  18.318 0.3000000119
16072  -46.961  -64.894  18.700 0.3000000119
16071  -46.440  -65.327  18.389 0.3000000119
14978  -46.086  -65.544  18.554 0.3000000119
19505  -49.447  -61.936  18.075 0.3000000119
19482  -49.099  -62.469  18.519 0.3000000119
16060  -47.054  -64.622  19.238 0.3000000119
16059  -46.322  -65.227  18.986 0.3000000119
16058  -45.440  -65.593  19.129 0.2000000030
16057  -44.594  -65.832  19.340 0.2000000030
20626  -49.951  -61.538  18.476 0.2000000030
20645  -50.028  -61.447  17.886 0.2000000030
20666  -50.085  -60.756  17.246 0.3000000119
21740  -49.873  -60.445  17.038 0.3000000119
22876  -49.235  -59.611  17.150 0.3000000119
24027  -48.899  -58.638  17.649 0.2000000030
25089  -47.906  -58.008  18.299 0.1000000015
25090  -48.575  -57.701  18.134 0.1000000015
26176  -48.301  -56.876  18.334 0.1000000015
28475  -48.536  -54.615  18.237 0.1000000015
28476  -49.451  -54.578  17.690 0.1000000015
30825  -50.107  -53.037  17.042 0.1000000015
28448  -47.751  -55.054  18.416 0.1000000015
29621  -48.049  -53.448  18.199 0.1000000015
32037  -48.749  -51.741  17.012 0.1000000015
30843  -49.802  -51.918  16.552 0.1000000015
33179  -50.043  -50.526  15.994 0.1000000015
27324  -46.346  -55.667  18.594 0.1000000015
28447  -46.933  -54.684  18.490 0.1000000015
30822  -47.262  -52.592  18.001 0.1000000015
30823  -48.300  -52.380  17.520 0.1000000015
32056  -48.597  -51.118  16.832 0.1000000015
33177  -48.601  -50.435  16.513 0.1000000015
28446  -45.912  -54.678  18.615 0.1000000015
28443  -43.387  -54.814  19.422 0.2000000030
28418  -42.702  -54.430  19.464 0.1000000015
28417  -41.630  -54.285  19.573 0.1000000015
29574  -41.079  -53.155  19.303 0.1000000015
29573  -40.159  -53.427  19.080 0.1000000015
29593  -39.923  -52.826  18.721 0.1000000015
29592  -39.387  -53.196  18.130 0.1000000015
29617  -39.073  -53.694  17.346 0.1000000015
30817  -39.693  -53.024  17.594 0.1000000015
29618  -39.863  -53.465  16.845 0.1000000015
28471  -40.487  -54.135  16.452 0.1000000015
27343  -40.989  -54.837  16.331 0.1000000015
27344  -41.618  -54.854  16.148 0.1000000015
18232  -42.418  -63.689  20.158 0.2000000030
16042  -43.001  -65.818  19.992 0.2000000030
14975  -43.937  -66.644  19.363 0.3000000119
13905  -44.414  -67.099  18.445 0.3000000119
17096  -41.760  -64.580  20.224 0.2000000030
14966  -43.242  -66.684  19.963 0.3000000119
18249  -48.537  -63.161  19.436 0.3000000119
17120  -48.008  -63.481  19.497 0.3000000119
17119  -47.531  -64.056  19.443 0.3000000119
16044  -47.083  -64.328  19.508 0.3000000119
18250  -49.097  -62.673  19.317 0.3000000119
18219  -48.911  -63.136  19.920 0.3000000119
17102  -47.688  -63.586  19.598 0.3000000119
17101  -47.026  -64.006  19.716 0.3000000119
17118  -45.971  -65.006  19.418 0.3000000119
20590  -50.155  -61.031  19.253 0.2000000030
19461  -49.364  -62.020  19.285 0.3000000119
17117  -45.257  -65.087  19.525 0.2000000030
20602  -50.477  -61.006  18.779 0.2000000030
20627  -50.439  -61.042  18.125 0.2000000030
21703  -50.802  -60.497  18.275 0.2000000030
21722  -50.726  -60.509  17.723 0.3000000119
22898  -49.598  -60.070  16.916 0.3000000119
22877  -49.762  -59.079  16.883 0.2000000030
21741  -50.593  -60.298  17.069 0.3000000119
24054  -50.759  -58.836  16.605 0.2000000030
24053  -50.208  -58.598  16.748 0.2000000030
25112  -50.162  -57.695  16.957 0.2000000030
26199  -50.187  -56.242  17.222 0.1000000015
30794  -45.908  -52.802  18.424 0.1000000015
32035  -47.439  -51.533  17.598 0.1000000015
33153  -47.594  -50.561  17.171 0.1000000015
29596  -45.469  -53.725  18.698 0.1000000015
32006  -46.109  -51.992  18.374 0.1000000015
33152  -46.605  -50.628  17.715 0.1000000015
29595  -44.632  -53.705  19.087 0.1000000015
30793  -45.012  -52.791  18.933 0.1000000015
32004  -44.192  -51.823  19.055 0.1000000015
33124  -44.885  -50.728  18.583 0.1000000015
29577  -43.856  -53.636  19.322 0.1000000015
30772  -43.535  -52.903  19.393 0.1000000015
32003  -43.028  -51.359  19.001 0.1000000015
30771  -42.748  -52.757  19.409 0.1000000015
29575  -42.199  -53.453  19.451 0.1000000015
30770  -41.866  -52.578  19.327 0.1000000015
31983  -41.515  -51.880  19.041 0.1000000015
30769  -41.262  -52.437  19.147 0.1000000015
29594  -40.410  -52.856  19.035 0.1000000015
20562  -40.960  -61.296  20.853 0.3000000119
19425  -43.364  -61.980  20.516 0.3000000119
19443  -42.940  -62.825  20.296 0.3000000119
18233  -43.415  -63.679  20.096 0.2000000030
17098  -43.937  -64.459  19.797 0.2000000030
17116  -44.360  -65.165  19.589 0.2000000030
19444  -43.870  -62.751  20.259 0.3000000119
18234  -44.426  -63.544  19.969 0.3000000119
17099  -44.930  -64.348  19.687 0.3000000119
19449  -48.603  -62.458  19.811 0.3000000119
19447  -46.745  -62.571  19.857 0.3000000119
19446  -45.847  -62.648  20.134 0.3000000119
18235  -45.450  -63.491  19.934 0.3000000119
21668  -49.259  -60.480  19.802 0.2000000030
20587  -47.993  -61.541  19.749 0.3000000119
21665  -46.589  -61.005  19.939 0.3000000119
21669  -50.053  -60.371  19.471 0.2000000030
22826  -50.402  -59.404  19.422 0.2000000030
21677  -50.855  -60.170  18.746 0.2000000030
21704  -51.161  -60.125  17.847 0.2000000030
22878  -51.435  -59.579  17.407 0.3000000119
22901  -51.448  -59.318  16.913 0.2000000030
33122  -42.597  -50.643  18.491 0.1000000015
32001  -41.177  -51.357  18.323 0.1000000015
32000  -40.479  -51.821  18.077 0.1000000015
30790  -39.980  -52.484  18.024 0.1000000015
21641  -40.505  -60.408  21.228 0.1000000015
22795  -41.028  -59.509  21.527 0.2000000030
21642  -41.474  -60.374  21.196 0.3000000119
20563  -41.942  -61.228  20.798 0.3000000119
21643  -42.443  -60.346  21.208 0.3000000119
20565  -43.860  -61.203  20.799 0.3000000119
20585  -46.035  -61.579  20.151 0.3000000119
20566  -44.956  -61.367  20.558 0.3000000119
22817  -47.147  -59.631  20.287 0.3000000119
21666  -47.238  -60.495  19.998 0.3000000119
21647  -46.208  -60.334  20.275 0.3000000119
20567  -45.598  -60.887  20.411 0.3000000119
22818  -47.845  -59.415  20.132 0.2000000030
22820  -49.699  -59.503  19.810 0.2000000030
23977  -50.099  -58.537  19.698 0.1000000015
22828  -51.272  -59.428  18.357 0.2000000030
25053  -50.350  -57.560  19.364 0.1000000015
22827  -50.970  -59.337  18.936 0.2000000030
23979  -51.447  -58.267  18.335 0.2000000030
24007  -51.621  -58.869  17.727 0.3000000119
21644  -43.408  -60.320  21.129 0.3000000119
21645  -44.354  -60.307  20.841 0.3000000119
23946  -46.268  -58.408  20.894 0.3000000119
21646  -45.266  -60.257  20.610 0.3000000119
23947  -47.026  -58.438  20.761 0.2000000030
23963  -47.685  -58.465  20.552 0.2000000030
25031  -48.062  -57.552  20.645 0.1000000015
25052  -49.696  -57.634  19.792 0.1000000015
26152  -49.938  -57.031  19.442 0.1000000015
25054  -51.001  -57.309  18.715 0.1000000015
23942  -42.502  -58.428  21.461 0.3000000119
22798  -43.873  -59.346  21.017 0.3000000119
23945  -45.388  -58.400  21.077 0.3000000119
22799  -44.820  -59.321  20.833 0.3000000119
26114  -46.595  -56.598  21.203 0.2000000030
25015  -46.006  -57.498  21.298 0.2000000030
27265  -47.225  -55.824  20.804 0.1000000015
28381  -47.119  -54.462  20.550 0.1000000015
27266  -47.936  -55.708  20.364 0.1000000015
26127  -48.469  -56.571  20.277 0.1000000015
26128  -49.374  -56.495  19.600 0.1000000015
27274  -48.620  -55.532  19.765 0.1000000015
26153  -50.351  -56.335  18.997 0.1000000015
25012  -43.089  -57.495  21.617 0.2000000030
25013  -44.050  -57.413  21.455 0.2000000030
23944  -44.438  -58.389  21.186 0.2000000030
26112  -44.707  -56.382  21.586 0.2000000030
27263  -45.425  -55.316  21.412 0.1000000015
26113  -45.728  -56.456  21.488 0.2000000030
28380  -46.057  -54.284  20.831 0.1000000015
28382  -47.531  -55.147  20.401 0.1000000015
28398  -47.960  -54.553  19.970 0.1000000015
28400  -49.854  -54.241  19.406 0.1000000015
27276  -50.191  -55.125  19.089 0.1000000015
29549  -47.469  -53.361  20.426 0.1000000015
29561  -47.998  -53.516  20.150 0.1000000015
29562  -48.643  -53.637  19.975 0.1000000015
29563  -49.471  -53.542  19.978 0.1000000015
30743  -47.633  -52.623  21.151 0.1000000015
30756  -48.566  -53.094  20.554 0.1000000015
15064  -41.005  -66.614  14.571 0.4000000060
17228  -42.153  -65.100  14.496 0.5000000000
17186  -42.371  -65.498  15.490 0.5000000000
17209  -41.860  -65.559  15.081 0.5000000000
16129  -41.703  -65.927  14.904 0.6000000238
13984  -41.337  -67.418  14.494 0.5000000000
13985  -42.338  -67.514  14.626 0.4000000060
10238  -39.476  -71.911  12.734 0.5000000000
13983  -40.371  -67.374  14.609 0.5000000000
12027  -40.433  -69.749  13.732 0.5000000000
12043  -39.469  -70.521  13.154 0.5000000000
10237  -38.685  -71.855  12.601 0.3000000119
8522  -38.935  -73.439  13.992 0.5000000000
12026  -39.690  -69.736  13.609 0.5000000000
17162  -40.937  -64.968  16.374 0.4000000060
11133  -38.102  -70.595  13.519 0.4000000060
12022  -36.439  -69.583  14.170 0.5000000000
13996  -34.929  -68.283  14.190 0.4000000060
15059  -36.092  -66.824  14.476 0.4000000060
16102  -35.043  -65.334  14.971 0.3000000119
15063  -39.909  -66.676  14.650 0.6000000238
17161  -40.036  -64.558  16.107 0.5000000000
16127  -39.329  -65.686  14.981 0.6000000238
14001  -39.336  -67.684  14.562 0.6000000238
12984  -39.912  -68.160  14.756 0.6000000238
12985  -40.664  -68.219  14.632 0.6000000238
13003  -39.188  -68.834  14.232 0.5000000000
12042  -38.951  -70.719  13.170 0.5000000000
15087  -38.752  -67.169  14.429 0.6000000238
15062  -38.987  -66.493  14.639 0.5000000000
12024  -37.720  -69.669  14.015 0.5000000000
12025  -38.631  -70.079  13.661 0.5000000000
19496  -40.220  -63.019  18.520 0.4000000060
18309  -39.081  -64.307  15.996 0.5000000000
16126  -38.298  -65.784  14.801 0.5000000000
15060  -37.186  -66.993  14.302 0.4000000060
15061  -38.141  -66.576  14.435 0.5000000000
13001  -37.406  -68.971  13.929 0.5000000000
19476  -39.858  -62.213  18.659 0.4000000060
20620  -40.190  -61.417  18.842 0.3000000119
17182  -38.705  -64.605  15.443 0.5000000000
18325  -38.172  -64.240  15.231 0.5000000000
13981  -37.036  -67.713  14.115 0.5000000000
18308  -38.382  -63.889  15.706 0.5000000000
16124  -36.583  -65.985  14.532 0.4000000060
17204  -36.815  -65.123  14.600 0.4000000060
19539  -37.049  -63.096  15.827 0.4000000060
18324  -37.641  -64.341  14.974 0.4000000060
17203  -36.246  -65.408  14.621 0.4000000060
15068  -44.893  -65.807  14.948 0.5000000000
18282  -45.730  -63.787  17.316 0.5000000000
12986  -41.465  -68.298  14.736 0.5000000000
22852  -45.117  -59.506  18.730 0.2000000030
20622  -42.187  -61.202  18.509 0.4000000060
22850  -43.189  -59.483  18.982 0.3000000119
22848  -41.218  -59.546  19.060 0.3000000119
20639  -38.596  -62.235  18.276 0.3000000119
19519  -38.094  -62.954  16.968 0.3000000119
20619  -38.962  -61.682  18.733 0.3000000119
20618  -38.267  -61.400  18.674 0.3000000119
19493  -37.697  -62.344  17.424 0.3000000119
21717  -37.941  -61.268  18.593 0.2000000030
20663  -36.607  -62.056  16.765 0.3000000119
19517  -36.488  -62.364  16.201 0.4000000060
19538  -36.155  -62.982  15.624 0.4000000060
20636  -36.206  -61.203  17.402 0.2000000030
21692  -36.662  -59.865  18.433 0.2000000030
21738  -35.859  -60.983  17.382 0.2000000030
25088  -34.835  -57.806  17.875 0.1000000015
26168  -36.548  -56.274  18.551 0.1000000015
15040  -45.081  -66.239  15.403 0.4000000060
13987  -44.174  -67.304  15.343 0.5000000000
12988  -42.978  -68.142  15.355 0.4000000060
24000  -41.771  -58.604  19.132 0.2000000030
22847  -40.166  -59.559  19.089 0.2000000030
25071  -41.320  -57.749  19.263 0.2000000030
23998  -39.729  -58.551  19.077 0.1000000015
25069  -39.449  -57.619  19.190 0.1000000015
23997  -38.593  -58.239  19.133 0.1000000015
21693  -37.229  -60.109  18.566 0.2000000030
23975  -37.955  -57.545  19.341 0.1000000015
25048  -39.184  -56.870  19.505 0.1000000015
23996  -37.466  -58.303  19.206 0.1000000015
22844  -36.922  -59.175  18.652 0.1000000015
22893  -35.207  -59.733  17.592 0.1000000015
26145  -37.857  -56.302  19.304 0.1000000015
23994  -35.626  -58.239  18.433 0.1000000015
26169  -37.210  -56.077  19.015 0.1000000015
27341  -36.844  -55.165  17.889 0.1000000015
28491  -37.653  -54.774  16.704 0.1000000015
11974  -41.798  -69.461  17.737 0.3000000119
12918  -43.213  -68.828  18.733 0.3000000119
11956  -42.464  -69.229  18.492 0.3000000119
11976  -43.439  -68.682  17.268 0.3000000119
11992  -42.880  -68.745  16.584 0.3000000119
12960  -43.694  -68.187  16.490 0.3000000119
13964  -44.228  -67.418  15.872 0.3000000119
12920  -44.344  -67.859  17.512 0.3000000119
13950  -44.710  -67.129  16.861 0.3000000119
12973  -43.287  -68.035  15.745 0.3000000119
15014  -45.456  -66.020  17.417 0.4000000060
15013  -45.046  -66.574  17.376 0.4000000060
15024  -44.994  -66.561  16.538 0.4000000060
19503  -47.483  -62.614  17.587 0.4000000060
21720  -47.859  -60.862  17.965 0.3000000119
24006  -47.516  -58.635  18.364 0.2000000030
26170  -42.985  -57.037  19.323 0.2000000030
26171  -43.663  -56.524  19.254 0.2000000030
26150  -42.571  -56.369  19.401 0.1000000015
25051  -41.734  -56.974  19.501 0.1000000015
26148  -40.537  -56.049  19.356 0.1000000015
26146  -38.712  -56.091  19.560 0.1000000015
27294  -39.117  -55.203  19.395 0.1000000015
28413  -38.238  -54.772  18.913 0.1000000015
27320  -37.719  -55.121  18.818 0.1000000015
28440  -38.030  -54.620  18.419 0.1000000015
29616  -38.647  -53.883  17.531 0.1000000015
29638  -39.100  -53.985  16.882 0.1000000015
12902  -41.595  -68.721  19.340 0.2000000030
11954  -41.153  -69.094  18.495 0.2000000030
13922  -44.236  -67.525  18.375 0.3000000119
17150  -47.277  -64.435  18.181 0.3000000119
17168  -45.995  -64.744  17.091 0.4000000060
19521  -49.227  -61.940  17.631 0.3000000119
24026  -48.193  -58.662  18.136 0.1000000015
27326  -48.219  -55.903  18.211 0.1000000015
26174  -46.742  -56.665  18.500 0.1000000015
28442  -39.519  -53.441  18.790 0.1000000015
12887  -42.183  -68.301  20.239 0.2000000030
13888  -42.763  -67.493  20.393 0.2000000030
12888  -43.020  -68.217  19.977 0.3000000119
17151  -47.800  -64.112  18.640 0.3000000119
17130  -47.494  -64.354  18.921 0.3000000119
20601  -49.821  -61.538  19.037 0.3000000119
24028  -49.640  -58.541  17.166 0.2000000030
25091  -49.441  -57.530  17.538 0.1000000015
26197  -48.985  -56.685  18.104 0.1000000015
27345  -49.159  -55.626  17.947 0.1000000015
29623  -49.828  -53.622  17.360 0.1000000015
29622  -48.978  -53.497  17.744 0.1000000015
30824  -49.455  -52.490  17.066 0.1000000015
28474  -47.711  -54.271  18.418 0.1000000015
32057  -49.252  -51.343  16.614 0.1000000015
32058  -50.091  -51.261  16.268 0.1000000015
33178  -49.448  -50.430  16.170 0.1000000015
29598  -47.165  -53.626  18.288 0.1000000015
29597  -46.333  -53.761  18.395 0.1000000015
30795  -46.649  -53.036  18.262 0.1000000015
32036  -48.150  -51.346  17.156 0.1000000015
33154  -48.188  -50.747  16.873 0.1000000015
34361  -48.883  -49.503  16.123 0.1000000015
28445  -44.979  -54.640  18.858 0.1000000015
28444  -44.078  -54.575  19.243 0.1000000015
28419  -43.436  -54.203  19.350 0.1000000015
30789  -39.666  -52.848  17.932 0.1000000015
19442  -42.141  -62.867  20.387 0.2000000030
17097  -42.861  -64.734  19.909 0.2000000030
16041  -42.107  -65.618  20.297 0.2000000030
17100  -46.003  -64.333  19.727 0.3000000119
19450  -49.086  -62.303  19.703 0.3000000119
19448  -47.726  -62.501  19.703 0.3000000119
18236  -46.450  -63.443  19.910 0.3000000119
18237  -47.387  -63.286  19.712 0.3000000119
20589  -49.517  -61.343  19.469 0.3000000119
21670  -50.504  -60.572  19.154 0.2000000030
20588  -48.847  -61.479  19.789 0.3000000119
21742  -51.235  -59.873  16.970 0.3000000119
26222  -50.001  -56.917  17.147 0.1000000015
26198  -49.611  -56.428  17.550 0.1000000015
30821  -46.525  -52.426  18.206 0.1000000015
32034  -46.642  -51.728  18.004 0.1000000015
34338  -47.628  -49.976  16.871 0.1000000015
32005  -45.345  -51.881  18.600 0.1000000015
33125  -45.922  -51.191  18.308 0.1000000015
30792  -44.220  -52.874  19.268 0.1000000015
31986  -43.838  -52.437  19.285 0.1000000015
31985  -43.308  -52.181  19.293 0.1000000015
31984  -42.411  -51.941  19.270 0.1000000015
32002  -42.057  -51.277  18.743 0.1000000015
30791  -40.675  -52.279  18.752 0.1000000015
19424  -42.451  -62.042  20.516 0.3000000119
19423  -41.459  -62.306  20.603 0.3000000119
20564  -42.907  -61.190  20.853 0.3000000119
19445  -44.886  -62.550  20.238 0.3000000119
20586  -47.034  -61.637  19.787 0.3000000119
20584  -45.426  -62.048  20.274 0.3000000119
21667  -48.356  -60.493  19.887 0.3000000119
22819  -48.864  -59.519  20.132 0.2000000030
24029  -51.748  -58.817  17.147 0.2000000030
24055  -51.474  -58.587  16.749 0.2000000030
25113  -50.983  -57.836  16.531 0.2000000030
21640  -39.527  -60.402  21.315 0.1000000015
19426  -44.185  -61.979  20.526 0.3000000119
22802  -47.262  -59.037  20.460 0.3000000119
22801  -46.624  -59.288  20.511 0.3000000119
23964  -48.466  -58.513  20.338 0.2000000030
23965  -49.347  -58.558  20.126 0.2000000030
23978  -50.773  -58.431  19.148 0.2000000030
22796  -41.986  -59.435  21.455 0.3000000119
22797  -42.948  -59.390  21.325 0.3000000119
22800  -45.740  -59.315  20.651 0.3000000119
25016  -46.854  -57.549  20.997 0.2000000030
25017  -47.446  -57.266  20.828 0.2000000030
25032  -48.939  -57.554  20.219 0.1000000015
26116  -47.738  -56.613  20.701 0.1000000015
26115  -47.169  -56.774  20.909 0.1000000015
23943  -43.464  -58.402  21.280 0.3000000119
25014  -45.056  -57.431  21.386 0.2000000030
27264  -46.378  -55.482  21.100 0.1000000015
28397  -47.566  -53.951  20.170 0.1000000015
27275  -49.429  -55.280  19.363 0.1000000015
26111  -43.558  -56.383  21.749 0.2000000030
28399  -48.941  -54.431  19.598 0.1000000015
30755  -48.034  -52.966  20.651 0.1000000015
9364  -37.297  -72.624  12.903 0.3000000119
7672  -36.231  -74.471  13.600 0.3000000119
8521  -36.670  -73.400  13.228 0.3000000119
4647  -33.218  -78.363  15.812 0.2000000030
3966  -32.062  -79.295  16.017 0.2000000030
6135  -35.956  -75.983  13.989 0.4000000060
5373  -34.964  -76.738  14.881 0.3000000119
6134  -35.387  -76.092  13.959 0.3000000119
5372  -34.358  -77.109  14.964 0.3000000119
9352  -36.658  -72.490  13.278 0.4000000060
7653  -35.448  -74.486  14.014 0.4000000060
5371  -33.381  -77.669  15.157 0.2000000030
9351  -36.037  -72.658  13.649 0.4000000060
8520  -35.701  -73.543  13.883 0.4000000060
6866  -34.511  -75.307  14.519 0.4000000060
10222  -36.256  -71.922  13.536 0.4000000060
11147  -36.392  -71.087  13.801 0.4000000060
7652  -34.732  -74.477  14.389 0.4000000060
6120  -33.551  -76.711  14.880 0.3000000119
5370  -32.276  -77.819  14.873 0.3000000119
10221  -35.626  -71.969  13.840 0.4000000060
8500  -35.039  -73.882  14.151 0.4000000060
6865  -33.489  -75.695  14.919 0.3000000119
6103  -32.930  -76.601  15.032 0.4000000060
11146  -35.711  -70.699  14.184 0.4000000060
8499  -34.313  -73.627  14.502 0.4000000060
6864  -32.371  -75.509  14.974 0.3000000119
12039  -36.191  -70.301  14.255 0.4000000060
10220  -34.840  -71.752  14.198 0.4000000060
9331  -34.459  -72.938  14.292 0.4000000060
8498  -33.334  -73.610  14.832 0.4000000060
11145  -35.437  -70.401  14.276 0.4000000060
9330  -33.644  -72.956  14.441 0.4000000060
8497  -32.559  -73.900  14.820 0.3000000119
12021  -35.454  -69.864  14.294 0.4000000060
9349  -34.126  -72.338  14.244 0.4000000060
9329  -32.663  -73.094  14.576 0.4000000060
11129  -34.744  -70.720  14.297 0.4000000060
10219  -33.661  -71.554  14.275 0.4000000060
9348  -32.966  -72.319  14.313 0.4000000060
8496  -31.830  -73.929  14.469 0.3000000119
11114  -34.690  -70.038  14.352 0.4000000060
10218  -32.076  -71.487  14.069 0.4000000060
8518  -31.192  -73.769  14.107 0.2000000030
12007  -34.534  -69.477  14.405 0.3000000119
11113  -33.953  -70.040  14.532 0.4000000060
11128  -33.195  -70.720  14.413 0.4000000060
9346  -30.701  -72.785  13.444 0.2000000030
8517  -30.612  -73.823  13.177 0.3000000119
12981  -34.319  -68.655  14.469 0.3000000119
12006  -33.601  -69.243  14.697 0.3000000119
10234  -31.164  -71.437  13.588 0.3000000119
10217  -31.115  -71.968  13.558 0.2000000030
7695  -30.637  -74.741  12.824 0.2000000030
13978  -34.302  -67.633  14.519 0.3000000119
12980  -33.354  -68.312  14.744 0.3000000119
11127  -31.928  -70.451  14.205 0.4000000060
10216  -30.655  -72.114  13.176 0.1000000015
15057  -33.949  -66.479  14.888 0.3000000119
12020  -31.656  -69.550  14.395 0.2000000030
11144  -31.139  -70.888  13.619 0.2000000030
9363  -30.582  -73.136  12.541 0.1000000015
8542  -31.036  -73.938  12.280 0.2000000030
12004  -31.440  -68.628  14.553 0.2000000030
12019  -30.729  -69.099  13.907 0.2000000030
11143  -30.572  -70.448  12.900 0.1000000015
10233  -30.531  -71.490  13.014 0.1000000015
10251  -30.584  -72.619  11.881 0.1000000015
9382  -30.800  -73.307  11.819 0.1000000015
13977  -33.117  -67.299  14.839 0.3000000119
12979  -32.256  -68.018  14.896 0.3000000119
15038  -33.476  -65.919  14.882 0.1000000015
12978  -31.443  -67.781  14.373 0.2000000030
12037  -30.717  -69.569  13.056 0.1000000015
11163  -30.519  -71.078  11.919 0.1000000015
10266  -30.495  -72.183  10.964 0.1000000015
10265  -30.647  -73.019  11.306 0.1000000015
15056  -32.824  -66.190  14.638 0.2000000030
13976  -32.067  -67.152  14.629 0.2000000030
13995  -31.142  -67.572  13.621 0.1000000015
12997  -30.906  -68.276  13.926 0.1000000015
12056  -30.666  -69.768  11.935 0.1000000015
9399  -31.061  -73.319  10.725 0.1000000015
8592  -31.777  -74.026  10.524 0.1000000015
15054  -31.410  -67.064  13.816 0.2000000030
14012  -31.104  -67.406  12.803 0.1000000015
13018  -31.323  -67.976  12.220 0.1000000015
12069  -31.240  -69.546  10.631 0.1000000015
11175  -30.693  -70.784  10.752 0.1000000015
9400  -31.768  -73.406  10.169 0.1000000015
7734  -32.395  -74.794  10.321 0.1000000015
9418  -32.338  -72.918  9.553 0.1000000015
11186  -31.517  -70.630  9.833 0.1000000015
24030  -51.989  -58.227  17.299 0.2000000030
18304  -34.396  -63.581  15.508 0.2000000030
16100  -33.276  -65.531  14.887 0.1000000015
16121  -32.629  -65.195  14.629 0.1000000015
15084  -31.314  -66.881  13.431 0.1000000015
16120  -31.975  -65.700  14.114 0.1000000015
15100  -31.518  -66.721  12.823 0.1000000015
9417  -31.362  -72.729  10.241 0.1000000015
13049  -31.781  -68.712  10.933 0.1000000015
6888  -35.696  -75.357  13.937 0.3000000119
6121  -34.615  -76.289  14.454 0.3000000119
6867  -35.125  -75.093  14.189 0.3000000119
8519  -34.955  -73.299  14.186 0.4000000060
11130  -35.564  -71.311  14.034 0.4000000060
7651  -33.743  -74.445  14.888 0.4000000060
7650  -32.821  -74.732  14.908 0.3000000119
9347  -31.706  -72.638  14.196 0.2000000030
11112  -32.796  -69.872  14.597 0.3000000119
12005  -32.488  -68.980  14.837 0.3000000119
10232  -30.530  -72.315  12.681 0.1000000015
11126  -30.948  -70.037  13.775 0.2000000030
8568  -31.129  -73.729  11.645 0.1000000015
10252  -30.494  -71.912  12.072 0.1000000015
13017  -30.854  -68.525  12.871 0.1000000015
17178  -33.439  -64.479  15.071 0.1000000015
15055  -31.684  -66.574  14.119 0.1000000015
8613  -32.442  -73.981  9.957 0.1000000015
13034  -31.253  -68.744  11.685 0.1000000015
7755  -32.983  -74.610  9.849 0.1000000015
14013  -31.817  -67.283  12.344 0.1000000015
15085  -31.656  -66.191  13.368 0.1000000015
8462  -38.438  -73.573  15.925 0.3000000119
7622  -38.207  -74.175  15.682 0.2000000030
7608  -37.248  -75.230  16.726 0.3000000119
6851  -37.447  -75.418  15.868 0.2000000030
9312  -39.606  -72.547  15.142 0.4000000060
8478  -39.070  -73.326  15.376 0.2000000030
8502  -39.357  -73.149  14.607 0.4000000060
7634  -38.273  -74.114  15.147 0.3000000119
6087  -37.141  -76.036  16.405 0.2000000030
8523  -39.443  -72.882  13.732 0.4000000060
7633  -37.844  -74.677  15.435 0.2000000030
6106  -37.124  -75.870  15.865 0.2000000030
6075  -36.332  -76.430  17.216 0.1000000015
6086  -36.419  -76.614  16.641 0.2000000030
5323  -36.274  -76.720  17.073 0.1000000015
7654  -37.971  -74.460  14.588 0.3000000119
6074  -35.541  -76.527  17.353 0.1000000015
6105  -36.626  -76.178  15.591 0.2000000030
5321  -34.939  -77.546  17.591 0.1000000015
5333  -35.736  -77.091  16.638 0.1000000015
5332  -34.749  -77.615  16.476 0.1000000015
4594  -33.314  -78.734  18.431 0.1000000015
4615  -34.277  -78.222  17.748 0.1000000015
4629  -34.300  -78.262  17.101 0.1000000015
3935  -32.952  -79.336  17.873 0.1000000015
4614  -33.579  -78.738  17.712 0.1000000015
7699  -38.515  -73.767  13.415 0.3000000119
6868  -36.737  -75.629  14.950 0.2000000030
6104  -35.968  -76.701  15.971 0.2000000030
6085  -36.062  -76.796  16.472 0.2000000030
5351  -35.155  -77.108  15.575 0.2000000030
4613  -32.802  -79.050  17.216 0.1000000015
3913  -32.475  -79.494  18.531 0.1000000015
8545  -38.453  -73.431  12.726 0.2000000030
7698  -37.942  -74.000  12.975 0.3000000119
6123  -36.384  -75.963  14.670 0.2000000030
4628  -33.456  -78.573  16.744 0.1000000015
3341  -31.864  -80.070  18.174 0.1000000015
3934  -32.243  -79.710  17.611 0.1000000015
7673  -37.262  -74.372  13.185 0.3000000119
6122  -35.712  -76.401  14.756 0.3000000119
9365  -38.137  -72.676  12.543 0.2000000030
5350  -34.282  -77.647  15.629 0.2000000030
5349  -33.788  -78.026  15.622 0.1000000015
3949  -31.576  -79.998  17.042 0.1000000015
3950  -32.102  -79.466  16.718 0.1000000015
4646  -32.356  -78.805  15.623 0.1000000015
3353  -31.077  -80.378  16.505 0.1000000015
8544  -37.604  -73.531  12.790 0.2000000030
3990  -31.775  -79.353  15.484 0.1000000015
4673  -32.628  -78.282  15.251 0.1000000015
3368  -30.613  -80.298  15.796 0.1000000015
3965  -31.441  -79.916  16.015 0.1000000015
4672  -31.833  -78.775  14.924 0.1000000015
5369  -31.310  -78.009  14.580 0.1000000015
3964  -29.436  -79.613  15.415 0.1000000015
3393  -30.892  -80.227  15.520 0.1000000015
3989  -31.090  -79.707  15.027 0.1000000015
4671  -30.915  -78.921  14.492 0.1000000015
6102  -32.329  -76.572  15.022 0.3000000119
3988  -30.324  -79.657  14.176 0.1000000015
9366  -39.036  -72.699  12.574 0.3000000119
8501  -38.742  -73.708  14.815 0.3000000119
7675  -38.465  -74.004  14.201 0.2000000030
6889  -36.656  -75.472  13.969 0.3000000119
4627  -32.643  -78.873  16.360 0.1000000015
6869  -37.338  -75.195  14.894 0.2000000030
6890  -37.475  -74.825  14.003 0.3000000119
4648  -34.060  -78.186  16.189 0.1000000015
3351  -30.121  -79.965  16.061 0.1000000015
3367  -29.739  -80.298  15.425 0.1000000015
3947  -29.829  -79.734  15.863 0.1000000015
3392  -30.269  -80.367  14.849 0.1000000015
6118  -31.661  -76.954  14.739 0.2000000030
5383  -30.272  -78.091  13.541 0.1000000015
4706  -29.796  -78.378  12.965 0.1000000015
5391  -30.117  -77.560  12.667 0.2000000030
4723  -29.747  -78.106  12.159 0.1000000015
6117  -30.678  -77.251  14.188 0.2000000030
6133  -30.349  -77.075  13.323 0.1000000015
4735  -29.815  -77.865  11.211 0.1000000015
6147  -30.445  -76.578  12.482 0.1000000015
6862  -30.980  -76.485  14.408 0.1000000015
5398  -30.431  -77.092  11.535 0.1000000015
6847  -32.106  -76.093  15.078 0.2000000030
6885  -30.636  -75.900  13.607 0.1000000015
6908  -30.674  -75.567  12.198 0.1000000015
6886  -31.083  -75.096  14.188 0.1000000015
6863  -31.403  -75.855  14.745 0.2000000030
7670  -30.839  -74.629  13.684 0.1000000015
7649  -31.755  -74.647  14.578 0.2000000030
5368  -30.656  -78.245  14.198 0.1000000015
9302  -39.212  -72.862  15.560 0.2000000030
7621  -37.686  -74.647  16.214 0.1000000015
11973  -41.169  -69.206  18.041 0.2000000030
12938  -40.654  -69.041  17.647 0.1000000015
18231  -41.451  -63.489  20.389 0.1000000015
13886  -40.594  -67.557  20.403 0.1000000015
12886  -41.310  -68.071  20.174 0.1000000015
18216  -40.099  -63.302  20.791 0.2000000030
18230  -40.720  -63.647  20.568 0.1000000015
14954  -39.418  -66.198  21.885 0.1000000015
18217  -40.842  -63.006  20.646 0.2000000030
17095  -40.913  -64.357  20.498 0.1000000015
16028  -40.584  -65.962  21.254 0.1000000015
14956  -41.019  -66.448  21.114 0.1000000015
13873  -40.004  -67.095  21.486 0.1000000015
9311  -39.299  -72.420  15.468 0.2000000030
13874  -40.762  -67.060  21.228 0.1000000015
14964  -41.659  -66.308  20.719 0.1000000015
19422  -40.471  -62.268  20.794 0.2000000030
13885  -39.605  -67.181  20.829 0.1000000015
16040  -41.007  -65.478  20.739 0.1000000015
17079  -39.797  -64.272  21.072 0.1000000015
9301  -38.827  -72.682  15.735 0.1000000015
25011  -42.104  -57.398  21.782 0.1000000015
23935  -40.979  -58.019  21.851 0.1000000015
23934  -40.289  -57.961  22.013 0.1000000015
23938  -38.898  -58.695  21.773 0.1000000015
23941  -41.510  -58.469  21.655 0.1000000015
26101  -40.551  -56.107  22.141 0.1000000015
25003  -39.911  -57.043  22.075 0.1000000015
25001  -37.959  -57.360  22.408 0.1000000015
25005  -41.837  -56.737  21.976 0.1000000015
25004  -41.088  -57.153  21.984 0.1000000015
23933  -39.363  -57.961  22.100 0.1000000015
23931  -37.500  -58.326  22.120 0.1000000015
26103  -42.564  -56.237  22.028 0.1000000015
26092  -38.523  -55.729  23.118 0.1000000015
27251  -40.245  -55.188  22.525 0.1000000015
26100  -39.386  -56.031  22.627 0.1000000015
26102  -41.569  -56.120  22.073 0.1000000015
25002  -38.871  -57.125  22.218 0.1000000015
26098  -37.678  -56.894  22.782 0.1000000015
26104  -43.203  -55.823  21.909 0.1000000015
28350  -39.450  -54.171  23.108 0.1000000015
27250  -39.499  -54.945  22.840 0.1000000015
26093  -39.062  -55.412  22.961 0.1000000015
28362  -40.826  -54.381  22.550 0.1000000015
27252  -41.203  -55.243  22.366 0.1000000015
27254  -43.050  -55.121  21.859 0.1000000015
25114  -52.029  -57.567  16.642 0.1000000015
26224  -51.647  -56.715  16.401 0.1000000015
28364  -42.649  -54.162  22.034 0.1000000015
27262  -44.372  -55.233  21.624 0.1000000015
24008  -51.980  -57.903  17.642 0.1000000015
26223  -50.638  -56.661  16.689 0.1000000015
25092  -52.594  -57.521  17.247 0.1000000015
28499  -51.773  -54.658  16.518 0.1000000015
27366  -51.295  -55.660  16.571 0.1000000015
28361  -39.977  -54.380  22.726 0.1000000015
28349  -38.769  -54.207  23.740 0.1000000015
27246  -38.164  -55.156  23.836 0.1000000015
22794  -40.095  -59.554  21.568 0.1000000015
22793  -39.194  -59.483  21.549 0.1000000015
23940  -40.601  -58.713  21.743 0.1000000015
26110  -42.843  -56.898  21.854 0.1000000015
23939  -39.737  -58.738  21.812 0.1000000015
22792  -38.491  -59.308  21.634 0.1000000015
23932  -38.457  -58.026  22.049 0.1000000015
27253  -42.150  -55.215  22.167 0.1000000015
28363  -41.739  -54.301  22.339 0.1000000015
27347  -50.568  -55.564  17.037 0.1000000015
19536  -34.198  -62.547  15.744 0.1000000015
20681  -35.007  -61.899  15.971 0.1000000015
9298  -35.799  -72.657  16.540 0.1000000015
8460  -36.517  -73.777  16.615 0.1000000015
10185  -36.333  -71.536  16.532 0.1000000015
8459  -35.426  -73.851  16.615 0.1000000015
9299  -36.941  -72.713  16.347 0.1000000015
10184  -35.051  -71.303  16.757 0.1000000015
10186  -37.460  -71.719  16.135 0.1000000015
10183  -34.145  -71.696  16.822 0.1000000015
11076  -34.657  -70.165  16.968 0.1000000015
11086  -35.685  -70.178  16.728 0.1000000015
11075  -33.602  -70.267  17.134 0.1000000015
11884  -35.420  -69.538  25.300 0.1000000015
11883  -34.715  -69.087  24.971 0.1000000015
11921  -34.144  -69.198  21.845 0.1000000015
11920  -33.661  -69.502  21.560 0.1000000015
11919  -32.712  -69.343  21.453 0.1000000015
12875  -31.981  -68.492  21.086 0.1000000015
8461  -37.493  -73.712  16.380 0.1000000015
11918  -31.573  -69.450  21.280 0.1000000015
12883  -31.112  -68.518  20.182 0.1000000015
10176  -34.144  -70.938  16.853 0.1000000015
7620  -37.053  -74.657  16.712 0.1000000015
11929  -30.813  -69.274  20.651 0.1000000015
12899  -30.545  -68.956  19.276 0.1000000015
11953  -31.330  -69.581  18.057 0.1000000015
11074  -32.632  -70.382  17.186 0.1000000015
11969  -32.971  -69.463  17.354 0.1000000015
11970  -33.874  -69.296  17.232 0.1000000015
11077  -35.089  -69.648  16.936 0.1000000015
6826  -36.746  -75.909  17.276 0.1000000015
11917  -30.600  -69.935  21.182 0.1000000015
11061  -30.355  -70.668  18.685 0.1000000015
11968  -32.073  -69.462  17.502 0.1000000015
12930  -33.238  -68.616  17.556 0.1000000015
11900  -34.639  -69.095  24.066 0.1000000015
11904  -34.732  -69.144  23.133 0.1000000015
12877  -33.910  -68.728  21.976 0.1000000015
11087  -36.959  -70.592  16.262 0.1000000015
9300  -37.967  -72.736  16.052 0.1000000015
12876  -33.299  -68.343  21.837 0.1000000015
12900  -31.182  -68.301  19.172 0.1000000015
12911  -30.997  -68.940  18.604 0.1000000015
11971  -34.684  -69.127  17.118 0.1000000015
12912  -31.802  -68.528  18.277 0.1000000015
12929  -32.522  -68.817  17.701 0.1000000015
12931  -34.133  -68.209  17.459 0.1000000015
12846  -34.350  -68.333  25.402 0.1000000015
12857  -34.217  -68.533  24.574 0.1000000015
13846  -34.229  -67.463  25.830 0.1000000015
13835  -34.647  -67.320  26.542 0.1000000015
12866  -33.990  -68.286  23.676 0.1000000015
12865  -33.678  -67.963  23.471 0.1000000015
10187  -38.451  -71.821  15.747 0.1000000015
12869  -33.616  -68.030  22.972 0.1000000015
11986  -36.648  -69.542  16.458 0.1000000015
13869  -32.443  -67.438  21.012 0.1000000015
12884  -31.786  -67.808  20.435 0.1000000015
13882  -31.519  -67.797  19.790 0.1000000015
12913  -32.660  -68.105  17.968 0.1000000015
12914  -33.376  -67.879  17.773 0.1000000015
13899  -31.821  -67.687  19.106 0.1000000015
13915  -32.296  -67.706  18.512 0.1000000015
14911  -34.304  -66.409  26.545 0.1000000015
11987  -37.690  -69.753  16.242 0.1000000015
13854  -33.683  -67.633  24.708 0.1000000015
14924  -33.796  -66.908  25.428 0.1000000015
15980  -34.078  -65.456  26.682 0.1000000015
15956  -34.641  -65.546  27.252 0.1000000015
12954  -36.432  -68.777  16.598 0.1000000015
13861  -33.573  -67.464  23.766 0.1000000015
14935  -33.600  -67.043  24.945 0.1000000015
11985  -35.952  -69.110  16.589 0.1000000015
13865  -33.250  -67.234  22.679 0.1000000015
13932  -34.267  -67.682  17.614 0.1000000015
11972  -35.356  -69.120  16.862 0.1000000015
13916  -32.950  -67.223  18.226 0.1000000015
13883  -32.080  -66.975  19.980 0.1000000015
14923  -33.646  -66.267  25.818 0.1000000015
14934  -33.432  -66.545  24.669 0.1000000015
12933  -35.928  -68.393  16.879 0.1000000015
10188  -39.170  -71.911  15.526 0.1000000015
13917  -34.003  -67.317  17.825 0.1000000015
13933  -34.671  -67.533  17.605 0.1000000015
14962  -32.518  -66.086  20.046 0.1000000015
13870  -32.884  -66.924  21.772 0.1000000015
13935  -36.472  -67.547  17.244 0.1000000015
12935  -37.877  -68.138  16.816 0.1000000015
13934  -35.566  -67.628  17.428 0.1000000015
14989  -33.607  -66.458  18.378 0.1000000015
13918  -34.504  -67.108  17.791 0.1000000015
15009  -35.198  -66.961  17.694 0.1000000015
14941  -33.115  -66.410  23.418 0.1000000015
14971  -32.518  -66.337  19.385 0.1000000015
14988  -32.828  -66.410  18.756 0.1000000015
14945  -32.940  -66.225  22.402 0.1000000015
14951  -32.660  -66.184  20.963 0.1000000015
16049  -32.839  -65.692  19.549 0.1000000015
13936  -37.430  -67.487  17.223 0.1000000015
14991  -35.643  -66.231  17.948 0.1000000015
15010  -36.074  -66.863  17.574 0.1000000015
16015  -32.989  -65.496  23.997 0.1000000015
16050  -33.619  -64.915  19.660 0.1000000015
16067  -34.162  -65.642  18.724 0.1000000015
16066  -33.245  -65.765  18.923 0.1000000015
14952  -32.850  -66.138  21.733 0.1000000015
15012  -37.976  -66.948  17.801 0.1000000015
14992  -36.614  -66.273  18.089 0.1000000015
16068  -35.214  -65.592  18.511 0.1000000015
15995  -33.469  -65.544  25.494 0.1000000015
16034  -32.828  -65.403  20.336 0.1000000015
14994  -38.425  -66.682  18.611 0.1000000015
16017  -33.032  -65.387  22.995 0.1000000015
14894  -34.760  -66.128  27.149 0.1000000015
18129  -36.654  -63.490  28.050 0.1000000015
16998  -35.722  -64.278  28.031 0.1000000015
16997  -34.680  -64.348  27.659 0.1000000015
15957  -35.331  -65.165  27.860 0.1000000015
12870  -34.168  -68.702  22.457 0.1000000015
12874  -31.383  -68.937  20.778 0.1000000015
12882  -30.351  -69.168  20.000 0.1000000015
11952  -30.596  -69.705  18.590 0.1000000015
11073  -31.710  -70.440  17.466 0.1000000015
10174  -32.303  -71.393  17.212 0.1000000015
12932  -35.052  -68.348  17.266 0.1000000015
13862  -33.731  -67.811  24.044 0.1000000015
13900  -32.290  -66.985  18.930 0.1000000015
12934  -36.878  -68.142  16.788 0.1000000015
14990  -34.616  -66.526  18.034 0.1000000015
15011  -37.024  -66.813  17.572 0.1000000015
16999  -36.429  -64.404  28.167 0.1000000015
6934  -23.694  -75.287  10.065 0.1000000015
7729  -23.821  -74.647  10.539 0.1000000015
5442  -24.501  -77.610  7.093 0.1000000015
6224  -24.540  -76.715  7.540 0.1000000015
6207  -24.136  -76.265  8.366 0.1000000015
5416  -23.401  -76.591  9.502 0.1000000015
5443  -25.136  -77.598  6.650 0.1000000015
4793  -26.291  -78.418  6.011 0.1000000015
7730  -24.241  -74.321  10.066 0.1000000015
7714  -24.078  -74.035  10.768 0.1000000015
6955  -24.075  -75.108  9.544 0.1000000015
6187  -24.129  -75.775  9.087 0.1000000015
6954  -23.848  -75.412  9.752 0.1000000015
6921  -23.335  -75.273  10.865 0.1000000015
6225  -25.479  -76.805  6.837 0.1000000015
6206  -23.840  -76.302  9.102 0.1000000015
5430  -23.628  -76.992  8.798 0.1000000015
5459  -26.542  -77.679  6.296 0.1000000015
4794  -26.785  -77.889  5.965 0.1000000015
4812  -26.908  -77.930  5.616 0.1000000015
7630  -28.471  -74.584  15.638 0.1000000015
9327  -26.221  -72.752  14.147 0.1000000015
8495  -28.101  -74.196  14.900 0.1000000015
8586  -24.519  -73.792  10.558 0.1000000015
8565  -24.402  -73.548  11.422 0.1000000015
8540  -25.880  -73.185  12.669 0.1000000015
9362  -25.422  -72.803  13.085 0.1000000015
8516  -26.370  -73.267  13.555 0.1000000015
8608  -24.778  -73.787  9.967 0.1000000015
8539  -24.889  -72.971  12.571 0.1000000015
8564  -23.855  -73.625  11.661 0.1000000015
6975  -24.455  -75.227  8.580 0.1000000015
7750  -24.700  -74.243  9.143 0.1000000015
6241  -26.129  -77.306  6.506 0.1000000015
6845  -28.624  -75.629  15.097 0.1000000015
8494  -27.517  -73.694  14.705 0.1000000015
6834  -29.097  -75.402  16.107 0.1000000015
8566  -25.530  -73.334  11.657 0.1000000015
7802  -24.851  -75.009  8.041 0.1000000015
6993  -24.917  -75.733  7.703 0.1000000015
6994  -25.866  -75.673  7.209 0.1000000015
6226  -26.169  -76.271  6.854 0.1000000015
6242  -26.699  -76.782  6.581 0.1000000015
8474  -27.872  -73.693  15.535 0.1000000015
7646  -26.991  -73.967  14.075 0.1000000015
7776  -25.173  -74.141  8.486 0.1000000015
8472  -26.860  -72.766  14.965 0.1000000015
8587  -25.181  -73.507  10.639 0.1000000015
8609  -25.502  -73.542  9.575 0.1000000015
9310  -26.905  -72.765  15.733 0.1000000015
8610  -26.642  -73.564  9.400 0.1000000015
8589  -27.340  -73.783  10.109 0.1000000015
7752  -27.984  -74.564  9.915 0.1000000015
7668  -26.782  -74.336  13.380 0.1000000015
8567  -26.413  -73.534  11.954 0.1000000015
8588  -26.445  -73.474  10.750 0.1000000015
7731  -26.990  -73.920  11.642 0.1000000015
7715  -26.872  -74.047  12.251 0.1000000015
7693  -26.929  -74.596  12.687 0.1000000015
7716  -27.257  -74.646  12.111 0.1000000015
8611  -27.614  -73.770  9.262 0.1000000015
7732  -27.536  -74.423  11.064 0.1000000015
3320  -31.913  -79.889  18.606 0.1000000015
3369  -31.025  -80.377  15.927 0.1000000015
3914  -33.201  -79.181  18.199 0.1000000015
3933  -31.720  -80.106  17.631 0.1000000015
4595  -33.933  -78.375  18.090 0.1000000015
5322  -35.891  -76.909  17.207 0.1000000015
5334  -36.144  -76.883  16.938 0.1000000015
6076  -36.923  -76.284  17.038 0.1000000015
6101  -31.836  -76.387  14.956 0.2000000030
6119  -32.699  -77.083  14.979 0.4000000060
6136  -36.197  -76.024  14.268 0.2000000030
6186  -23.751  -75.787  9.607 0.1000000015
6228  -33.938  -76.006  8.041 0.1000000015
6229  -34.186  -75.843  7.923 0.1000000015
6827  -37.215  -75.776  16.972 0.2000000030
6838  -37.329  -75.444  16.487 0.3000000119
6848  -32.755  -76.144  15.092 0.3000000119
6849  -33.208  -76.315  15.008 0.3000000119
6850  -37.052  -75.657  15.471 0.2000000030
6887  -35.035  -75.668  14.044 0.3000000119
6935  -23.949  -74.834  10.053 0.1000000015
6963  -34.796  -75.089  8.958 0.1000000015
7042  -32.835  -75.234  6.152 0.1000000015
7606  -36.531  -75.547  17.182 0.1000000015
7607  -36.882  -75.385  17.033 0.1000000015
7631  -33.053  -74.201  15.065 0.3000000119
7632  -33.250  -73.957  15.056 0.4000000060
7655  -38.361  -74.056  14.713 0.2000000030
7671  -31.167  -74.534  14.149 0.2000000030
7674  -37.994  -74.330  13.666 0.3000000119
7697  -37.596  -73.992  12.903 0.2000000030
7775  -24.867  -74.606  8.364 0.1000000015
7875  -33.408  -74.092  5.261 0.1000000015
8463  -38.964  -73.154  15.739 0.1000000015
8473  -27.178  -73.002  15.271 0.1000000015
8475  -32.945  -73.945  15.082 0.3000000119
8476  -33.022  -73.755  14.999 0.3000000119
8477  -38.548  -73.764  15.423 0.3000000119
8493  -26.904  -73.009  14.480 0.1000000015
8515  -25.875  -72.968  13.229 0.1000000015
8541  -26.520  -73.820  12.750 0.1000000015
8546  -39.219  -73.259  13.134 0.5000000000
8547  -39.468  -72.927  13.282 0.5000000000
8590  -31.144  -73.730  11.397 0.1000000015
9313  -40.049  -72.088  14.733 0.5000000000
9328  -31.926  -73.439  14.486 0.3000000119
9333  -40.193  -71.946  14.091 0.5000000000
9345  -26.148  -72.885  13.762 0.1000000015
9350  -35.160  -72.624  14.136 0.4000000060
9353  -39.834  -72.364  13.683 0.5000000000
9368  -39.901  -72.232  13.315 0.5000000000
9398  -30.957  -73.538  11.329 0.1000000015
9454  -37.526  -72.186  6.810 0.1000000015
9467  -37.649  -72.234  6.332 0.1000000015
9468  -38.190  -71.916  6.036 0.1000000015
9482  -36.608  -72.505  5.497 0.1000000015
10196  -39.607  -71.928  15.412 0.2000000030
10239  -39.983  -71.928  13.089 0.5000000000
10296  -33.034  -71.792  8.552 0.2000000030
10319  -38.498  -71.086  6.547 0.1000000015
10359  -38.542  -71.194  5.825 0.1000000015
10372  -36.730  -71.612  4.745 0.1000000015
11085  -35.119  -70.548  16.793 0.1000000015
11131  -35.962  -71.577  13.794 0.4000000060
11149  -38.408  -71.002  13.087 0.4000000060
11212  -34.622  -69.939  7.839 0.1000000015
11235  -38.710  -70.926  6.429 0.1000000015
11284  -36.824  -71.019  4.280 0.1000000015
11292  -37.273  -70.227  3.497 0.1000000015
11295  -37.242  -69.623  3.285 0.1000000015
11943  -41.980  -69.104  19.051 0.2000000030
11955  -41.542  -69.142  18.677 0.2000000030
11995  -41.783  -69.596  15.654 0.3000000119
12038  -35.739  -70.314  14.297 0.4000000060
12041  -37.427  -70.131  13.980 0.5000000000
12089  -34.603  -68.791  9.074 0.1000000015
12107  -35.120  -69.180  8.544 0.1000000015
12135  -40.533  -68.946  7.037 0.1000000015
12136  -40.905  -68.842  7.030 0.1000000015
12152  -40.712  -68.892  6.849 0.1000000015
12171  -39.486  -69.573  5.436 0.1000000015
12190  -38.235  -69.964  4.150 0.1000000015
12210  -36.333  -69.390  3.383 0.1000000015
12213  -39.188  -69.161  3.736 0.1000000015
12218  -37.365  -69.233  3.356 0.1000000015
12885  -40.969  -67.926  20.106 0.2000000030
12916  -40.806  -68.684  18.663 0.2000000030
12939  -44.111  -68.278  17.224 0.3000000119
12940  -44.506  -67.935  17.039 0.3000000119
12953  -36.058  -68.737  16.644 0.1000000015
12959  -43.116  -68.289  16.191 0.3000000119
12972  -42.782  -68.410  15.815 0.4000000060
12983  -36.611  -68.252  14.159 0.5000000000
12998  -35.104  -68.970  14.182 0.4000000060
13084  -36.251  -68.082  8.940 0.1000000015
13135  -39.857  -68.986  5.072 0.1000000015
13152  -37.406  -68.443  3.764 0.1000000015
13155  -40.007  -68.511  4.899 0.1000000015
13176  -38.753  -68.625  3.532 0.1000000015
13181  -37.152  -68.922  3.426 0.1000000015
13182  -37.445  -68.998  3.387 0.1000000015
13853  -33.575  -67.217  24.372 0.1000000015
13872  -39.345  -66.717  21.378 0.1000000015
13923  -44.539  -67.261  17.886 0.3000000119
13924  -44.854  -66.817  17.641 0.3000000119
13939  -44.621  -67.481  17.180 0.3000000119
13948  -44.055  -67.698  16.143 0.3000000119
13949  -44.456  -67.456  16.488 0.3000000119
13975  -31.512  -67.222  14.125 0.2000000030
13982  -39.852  -67.536  14.783 0.6000000238
13997  -35.526  -68.491  14.242 0.4000000060
13998  -36.896  -68.099  14.054 0.5000000000
14027  -35.302  -66.793  10.686 0.1000000015
14061  -37.144  -67.221  9.685 0.1000000015
14067  -42.572  -66.532  8.686 0.1000000015
14084  -42.311  -66.917  8.370 0.1000000015
14165  -38.793  -67.983  4.115 0.1000000015
14166  -39.592  -68.217  4.422 0.1000000015
14180  -39.382  -68.339  4.013 0.1000000015
14910  -33.836  -66.170  26.246 0.1000000015
14912  -34.833  -66.957  26.984 0.1000000015
15008  -34.746  -67.035  17.761 0.1000000015
15023  -44.659  -66.964  16.259 0.5000000000
15025  -45.506  -65.668  16.847 0.4000000060
15037  -33.227  -65.874  14.740 0.1000000015
15089  -39.707  -66.966  14.597 0.6000000238
15148  -43.226  -65.695  8.859 0.1000000015
15164  -42.796  -66.117  8.414 0.1000000015
15185  -41.300  -66.857  7.191 0.1000000015
15213  -38.921  -67.147  5.724 0.1000000015
15958  -35.985  -64.896  28.100 0.1000000015
15979  -33.746  -65.768  26.230 0.1000000015
16007  -33.188  -65.381  24.763 0.1000000015
16022  -32.903  -65.364  20.992 0.1000000015
16043  -46.613  -64.608  19.472 0.3000000119
16056  -43.763  -65.913  19.600 0.2000000030
16065  -32.764  -65.978  19.079 0.1000000015
16105  -42.999  -65.657  15.377 0.5000000000
16108  -45.176  -65.613  15.154 0.4000000060
16133  -45.031  -65.379  14.862 0.5000000000
16150  -42.308  -65.200  14.483 0.5000000000
16151  -42.545  -65.145  14.452 0.5000000000
16248  -43.311  -65.209  7.971 0.1000000015
17094  -40.353  -64.080  20.703 0.1000000015
17115  -43.573  -65.233  19.704 0.2000000030
17131  -48.022  -63.859  18.966 0.3000000119
17187  -44.794  -65.279  15.056 0.5000000000
17188  -45.069  -65.238  15.241 0.5000000000
17208  -41.238  -65.717  15.143 0.6000000238
17210  -42.268  -65.174  14.486 0.5000000000
17211  -44.924  -65.307  14.838 0.5000000000
17229  -42.299  -65.066  14.331 0.5000000000
17311  -44.404  -63.758  8.110 0.1000000015
17330  -41.833  -65.211  7.302 0.1000000015
17332  -43.173  -64.826  7.580 0.1000000015
17334  -44.300  -64.032  8.021 0.1000000015
18218  -48.666  -63.152  19.942 0.3000000119
18238  -48.383  -63.086  19.734 0.3000000119
18239  -48.776  -62.864  19.832 0.3000000119
18263  -49.152  -62.638  18.908 0.3000000119
18295  -45.648  -64.427  17.086 0.4000000060
18323  -37.123  -64.544  14.769 0.4000000060
18387  -38.053  -63.342  10.243 0.1000000015
18426  -43.927  -63.341  8.511 0.1000000015
18427  -44.546  -63.425  8.130 0.1000000015
18448  -44.621  -63.487  7.638 0.1000000015
18449  -45.230  -63.123  7.426 0.1000000015
18469  -43.760  -63.470  6.842 0.1000000015
18470  -44.793  -63.395  6.964 0.1000000015
18471  -45.164  -63.306  7.195 0.1000000015
19427  -48.842  -62.944  20.009 0.3000000119
19428  -48.917  -62.733  19.987 0.3000000119
19483  -49.419  -62.137  18.833 0.3000000119
19625  -39.000  -62.337  9.918 0.1000000015
19627  -40.942  -62.665  9.046 0.1000000015
19629  -42.581  -63.125  8.868 0.1000000015
19650  -43.663  -62.424  8.234 0.1000000015
19652  -44.938  -63.001  8.012 0.1000000015
19667  -44.378  -62.166  7.794 0.1000000015
19706  -44.457  -62.464  5.566 0.1000000015
20640  -44.583  -61.663  18.327 0.4000000060
20646  -50.263  -60.914  17.564 0.3000000119
20752  -40.821  -62.063  8.708 0.1000000015
20770  -43.812  -61.490  7.327 0.1000000015
20778  -45.122  -61.400  6.557 0.1000000015
20779  -45.356  -61.814  6.122 0.1000000015
20784  -44.444  -61.916  5.036 0.1000000015
20796  -44.903  -61.231  4.861 0.1000000015
21648  -46.794  -59.932  20.270 0.3000000119
21676  -50.600  -60.018  19.189 0.2000000030
21678  -51.142  -60.023  18.271 0.2000000030
21723  -51.089  -60.135  17.383 0.3000000119
21885  -40.184  -60.564  8.328 0.1000000015
21887  -41.664  -60.899  8.061 0.1000000015
21894  -42.035  -60.341  7.681 0.1000000015
21911  -44.968  -60.676  5.600 0.1000000015
21912  -45.221  -61.173  5.473 0.1000000015
21924  -45.129  -61.193  5.070 0.1000000015
21937  -43.724  -60.419  3.886 0.1000000015
21943  -40.603  -60.327  2.440 0.1000000015
21944  -41.595  -60.420  2.553 0.1000000015
22843  -36.189  -58.927  18.521 0.1000000015
22856  -51.371  -59.646  17.940 0.3000000119
22899  -50.109  -59.573  16.764 0.3000000119
22900  -50.975  -59.466  16.700 0.2000000030
23031  -40.689  -59.757  7.864 0.1000000015
23041  -41.702  -59.712  7.624 0.1000000015
23058  -42.111  -58.510  5.581 0.1000000015
23060  -44.091  -59.868  6.067 0.1000000015
23089  -44.118  -59.827  4.839 0.1000000015
23103  -40.639  -59.938  2.792 0.1000000015
23937  -38.200  -58.715  21.735 0.1000000015
23976  -38.435  -57.564  19.300 0.1000000015
24025  -35.075  -58.674  18.003 0.1000000015
24189  -38.740  -58.908  6.495 0.1000000015
24191  -41.293  -58.195  6.346 0.1000000015
24206  -38.888  -59.171  5.946 0.1000000015
24208  -42.438  -58.541  5.386 0.1000000015
24209  -43.071  -58.174  5.478 0.1000000015
24210  -43.662  -58.498  5.555 0.1000000015
24216  -42.303  -58.878  5.045 0.1000000015
25010  -41.416  -57.761  21.810 0.1000000015
25030  -47.424  -57.855  20.815 0.2000000030
25245  -36.470  -57.701  8.650 0.1000000015
25249  -42.013  -57.424  8.832 0.1000000015
25264  -37.755  -57.876  8.065 0.1000000015
25267  -40.482  -57.264  7.524 0.1000000015
25269  -42.934  -57.508  7.884 0.1000000015
25293  -43.222  -57.641  5.896 0.1000000015
26129  -49.812  -55.822  19.206 0.1000000015
26167  -35.759  -56.660  18.279 0.1000000015
26196  -41.361  -55.413  16.106 0.1000000015
26325  -37.544  -55.778  10.080 0.1000000015
26369  -43.044  -56.730  8.047 0.1000000015
26398  -43.436  -57.063  7.031 0.1000000015
27247  -38.863  -54.915  23.234 0.1000000015
27261  -43.590  -55.487  21.770 0.1000000015
27318  -36.597  -55.575  18.037 0.1000000015
27319  -37.190  -55.264  18.449 0.1000000015
27340  -36.520  -55.305  17.395 0.1000000015
27502  -40.183  -55.731  8.954 0.1000000015
27522  -42.282  -55.696  8.214 0.1000000015
28360  -39.626  -54.499  22.867 0.1000000015
28470  -38.804  -54.129  16.911 0.1000000015
28626  -41.085  -54.834  9.248 0.1000000015
29576  -43.095  -53.563  19.397 0.1000000015
29692  -36.834  -52.870  12.046 0.1000000015
33193  -49.792  -50.074  15.867 0.1000000015
33194  -50.364  -50.098  15.786 0.1000000015
