#!ascii label  , from subject 3700 vox2ras=TkReg
402
9352  -36.658  -72.490  13.278 0.0000000000
14025  -33.596  -67.070  11.335 0.0000000000
17205  -37.621  -65.065  14.769 0.0000000000
12020  -31.656  -69.550  14.395 0.0000000000
18303  -33.391  -63.184  15.246 0.0000000000
12028  -40.927  -69.926  14.182 0.0000000000
17144  -42.393  -64.767  17.322 0.0000000000
18284  -47.536  -63.528  17.713 0.0000000000
19519  -38.094  -62.954  16.968 0.0000000000
18305  -35.543  -63.790  15.435 0.0000000000
20636  -36.206  -61.203  17.402 0.0000000000
16130  -42.674  -65.769  14.902 0.0000000000
17212  -45.106  -65.163  14.794 0.0000000000
21721  -48.585  -60.662  17.437 0.0000000000
21718  -46.126  -61.054  18.331 0.0000000000
8498  -33.334  -73.610  14.832 0.0000000000
13018  -31.323  -67.976  12.220 0.0000000000
11163  -30.519  -71.078  11.919 0.0000000000
12087  -32.584  -69.464  9.404 0.0000000000
13001  -37.406  -68.971  13.929 0.0000000000
11129  -34.744  -70.720  14.297 0.0000000000
15056  -32.824  -66.190  14.638 0.0000000000
17226  -32.006  -64.763  13.264 0.0000000000
14002  -39.773  -67.182  14.647 0.0000000000
17161  -40.036  -64.558  16.107 0.0000000000
19477  -40.754  -62.141  18.543 0.0000000000
16078  -46.242  -65.185  17.586 0.0000000000
18281  -44.863  -63.646  17.484 0.0000000000
20623  -43.149  -61.183  18.535 0.0000000000
24000  -41.771  -58.604  19.132 0.0000000000
10217  -31.115  -71.968  13.558 0.0000000000
19600  -36.314  -62.345  11.278 0.0000000000
16186  -36.380  -65.178  10.754 0.0000000000
15143  -38.694  -66.301  9.494 0.0000000000
20618  -38.267  -61.400  18.674 0.0000000000
20637  -36.902  -61.649  17.438 0.0000000000
8519  -34.955  -73.299  14.186 0.0000000000
14024  -32.611  -67.212  11.842 0.0000000000
13049  -31.781  -68.712  10.933 0.0000000000
13051  -33.585  -68.128  10.327 0.0000000000
12088  -33.610  -68.989  9.107 0.0000000000
13052  -34.533  -67.828  9.966 0.0000000000
15060  -37.186  -66.993  14.302 0.0000000000
16124  -36.583  -65.985  14.532 0.0000000000
18304  -34.396  -63.581  15.508 0.0000000000
16101  -34.097  -65.501  15.142 0.0000000000
17178  -33.439  -64.479  15.071 0.0000000000
16120  -31.975  -65.700  14.114 0.0000000000
18322  -32.781  -63.750  14.544 0.0000000000
13003  -39.188  -68.834  14.232 0.0000000000
12985  -40.664  -68.219  14.632 0.0000000000
16087  -42.921  -65.597  15.716 0.0000000000
17209  -41.860  -65.559  15.081 0.0000000000
17143  -41.318  -64.639  17.292 0.0000000000
18277  -40.746  -63.901  18.029 0.0000000000
18278  -41.841  -63.906  17.974 0.0000000000
17149  -46.627  -64.270  17.518 0.0000000000
18296  -46.016  -64.269  17.157 0.0000000000
18283  -46.677  -63.527  17.415 0.0000000000
22852  -45.117  -59.506  18.730 0.0000000000
20625  -44.828  -61.109  18.535 0.0000000000
21699  -43.633  -60.381  18.836 0.0000000000
21698  -42.668  -60.374  18.807 0.0000000000
11128  -33.195  -70.720  14.413 0.0000000000
10218  -32.076  -71.487  14.069 0.0000000000
11144  -31.139  -70.888  13.619 0.0000000000
10266  -30.495  -72.183  10.964 0.0000000000
20740  -37.210  -61.003  10.594 0.0000000000
18374  -36.573  -63.236  10.875 0.0000000000
17288  -38.889  -64.384  9.670 0.0000000000
18308  -38.382  -63.889  15.706 0.0000000000
17181  -36.670  -64.557  14.805 0.0000000000
19539  -37.049  -63.096  15.827 0.0000000000
20682  -35.788  -62.237  15.926 0.0000000000
20681  -35.007  -61.899  15.971 0.0000000000
13985  -42.338  -67.514  14.626 0.0000000000
16131  -43.843  -65.859  14.820 0.0000000000
17165  -43.864  -65.186  16.254 0.0000000000
20644  -48.144  -61.648  17.724 0.0000000000
20642  -46.310  -61.795  17.978 0.0000000000
21719  -46.955  -60.829  18.098 0.0000000000
22853  -46.087  -59.535  18.544 0.0000000000
24004  -45.695  -58.571  18.787 0.0000000000
12997  -30.906  -68.276  13.926 0.0000000000
11143  -30.572  -70.448  12.900 0.0000000000
12056  -30.666  -69.768  11.935 0.0000000000
12069  -31.240  -69.546  10.631 0.0000000000
11187  -32.309  -70.421  9.195 0.0000000000
11188  -33.087  -70.133  8.637 0.0000000000
11200  -34.668  -69.584  8.144 0.0000000000
12108  -35.980  -68.723  8.654 0.0000000000
12040  -36.914  -70.246  14.043 0.0000000000
11130  -35.564  -71.311  14.034 0.0000000000
12007  -34.534  -69.477  14.405 0.0000000000
12980  -33.354  -68.312  14.744 0.0000000000
16123  -35.660  -65.827  14.613 0.0000000000
15057  -33.949  -66.479  14.888 0.0000000000
12979  -32.256  -68.018  14.896 0.0000000000
15054  -31.410  -67.064  13.816 0.0000000000
15100  -31.518  -66.721  12.823 0.0000000000
15102  -32.802  -65.617  12.270 0.0000000000
11132  -37.870  -70.304  13.784 0.0000000000
14000  -38.482  -68.001  14.288 0.0000000000
15062  -38.987  -66.493  14.639 0.0000000000
15064  -41.005  -66.614  14.571 0.0000000000
16104  -39.922  -65.547  15.208 0.0000000000
17207  -38.923  -65.131  15.265 0.0000000000
18293  -39.391  -64.018  16.820 0.0000000000
19495  -39.171  -62.740  18.264 0.0000000000
21695  -39.551  -60.583  19.080 0.0000000000
16091  -45.702  -65.193  16.773 0.0000000000
17147  -45.074  -64.527  16.954 0.0000000000
18280  -43.901  -63.667  17.594 0.0000000000
19501  -45.541  -62.649  17.688 0.0000000000
19500  -44.432  -62.466  17.974 0.0000000000
19499  -43.335  -62.814  18.102 0.0000000000
19478  -41.747  -62.086  18.492 0.0000000000
21696  -40.688  -60.491  19.004 0.0000000000
9349  -34.126  -72.338  14.244 0.0000000000
9329  -32.663  -73.094  14.576 0.0000000000
10233  -30.531  -71.490  13.014 0.0000000000
9363  -30.582  -73.136  12.541 0.0000000000
18342  -32.487  -63.641  13.598 0.0000000000
17245  -33.484  -64.000  12.470 0.0000000000
16176  -33.815  -65.140  11.839 0.0000000000
17261  -35.481  -64.116  11.229 0.0000000000
15111  -35.342  -66.029  10.987 0.0000000000
14044  -35.797  -67.083  10.354 0.0000000000
13070  -36.720  -67.668  9.377 0.0000000000
21694  -38.235  -60.675  18.965 0.0000000000
21717  -37.941  -61.268  18.593 0.0000000000
8520  -35.701  -73.543  13.883 0.0000000000
9351  -36.037  -72.658  13.649 0.0000000000
13036  -32.946  -67.887  11.272 0.0000000000
14042  -34.271  -67.459  10.597 0.0000000000
16125  -37.456  -65.893  14.600 0.0000000000
17202  -32.582  -64.471  14.534 0.0000000000
11135  -40.741  -70.410  14.248 0.0000000000
13005  -40.822  -69.091  14.374 0.0000000000
12027  -40.433  -69.749  13.732 0.0000000000
17164  -42.912  -65.364  16.347 0.0000000000
17163  -41.874  -65.268  16.483 0.0000000000
18285  -48.134  -63.665  18.318 0.0000000000
17150  -47.277  -64.435  18.181 0.0000000000
24003  -44.709  -58.550  18.959 0.0000000000
22851  -44.173  -59.497  19.032 0.0000000000
22850  -43.189  -59.483  18.982 0.0000000000
24002  -43.728  -58.553  19.060 0.0000000000
11112  -32.796  -69.872  14.597 0.0000000000
11127  -31.928  -70.451  14.205 0.0000000000
18386  -37.326  -63.347  10.559 0.0000000000
17287  -38.129  -64.552  9.766 0.0000000000
19540  -37.901  -63.192  16.086 0.0000000000
18307  -37.703  -63.657  15.349 0.0000000000
20663  -36.607  -62.056  16.765 0.0000000000
20662  -35.904  -61.517  16.701 0.0000000000
16089  -44.029  -65.384  15.562 0.0000000000
16107  -44.336  -65.434  15.147 0.0000000000
19504  -48.608  -62.442  17.876 0.0000000000
20643  -47.225  -61.748  17.776 0.0000000000
21720  -47.859  -60.862  17.965 0.0000000000
8497  -32.559  -73.900  14.820 0.0000000000
13017  -30.854  -68.525  12.871 0.0000000000
12070  -32.003  -68.936  10.077 0.0000000000
12086  -31.863  -69.762  9.764 0.0000000000
10282  -32.884  -71.048  8.719 0.0000000000
13068  -34.968  -68.276  9.502 0.0000000000
12106  -34.382  -69.246  8.577 0.0000000000
12090  -35.279  -68.622  9.036 0.0000000000
12129  -35.657  -69.332  8.303 0.0000000000
12023  -37.102  -69.509  13.970 0.0000000000
12981  -34.319  -68.655  14.469 0.0000000000
17203  -36.246  -65.408  14.621 0.0000000000
17180  -35.939  -64.798  14.910 0.0000000000
13977  -33.117  -67.299  14.839 0.0000000000
13976  -32.067  -67.152  14.629 0.0000000000
12978  -31.443  -67.781  14.373 0.0000000000
17201  -32.073  -64.831  14.018 0.0000000000
15085  -31.656  -66.191  13.368 0.0000000000
16165  -32.151  -65.245  12.841 0.0000000000
15101  -32.281  -66.140  12.476 0.0000000000
16166  -32.598  -65.219  12.565 0.0000000000
12984  -39.912  -68.160  14.756 0.0000000000
14001  -39.336  -67.684  14.562 0.0000000000
15087  -38.752  -67.169  14.429 0.0000000000
15088  -39.436  -67.032  14.591 0.0000000000
15065  -42.053  -66.621  14.644 0.0000000000
13984  -41.337  -67.418  14.494 0.0000000000
17184  -40.703  -65.355  15.490 0.0000000000
16128  -40.556  -65.928  14.951 0.0000000000
16103  -39.573  -65.483  15.205 0.0000000000
17183  -39.509  -65.111  15.461 0.0000000000
18309  -39.081  -64.307  15.996 0.0000000000
19496  -40.220  -63.019  18.520 0.0000000000
18276  -39.730  -63.630  17.748 0.0000000000
19476  -39.858  -62.213  18.659 0.0000000000
20620  -40.190  -61.417  18.842 0.0000000000
17148  -45.418  -64.494  17.031 0.0000000000
17146  -44.343  -64.542  16.931 0.0000000000
20641  -45.350  -61.635  18.240 0.0000000000
20624  -44.083  -61.207  18.482 0.0000000000
19481  -44.198  -61.834  18.325 0.0000000000
19480  -43.659  -61.931  18.342 0.0000000000
19479  -42.733  -62.027  18.431 0.0000000000
19498  -42.327  -62.957  18.304 0.0000000000
22849  -42.213  -59.504  18.981 0.0000000000
21697  -41.693  -60.404  18.815 0.0000000000
22848  -41.218  -59.546  19.060 0.0000000000
10220  -34.840  -71.752  14.198 0.0000000000
9348  -32.966  -72.319  14.313 0.0000000000
9347  -31.706  -72.638  14.196 0.0000000000
8518  -31.192  -73.769  14.107 0.0000000000
9346  -30.701  -72.785  13.444 0.0000000000
10265  -30.647  -73.019  11.306 0.0000000000
10251  -30.584  -72.619  11.881 0.0000000000
19555  -32.796  -62.591  14.518 0.0000000000
20709  -33.005  -61.503  14.013 0.0000000000
18358  -33.667  -63.330  12.278 0.0000000000
17258  -33.487  -64.584  12.258 0.0000000000
17259  -34.076  -64.193  12.007 0.0000000000
17274  -36.798  -64.247  10.651 0.0000000000
17262  -36.151  -63.857  10.933 0.0000000000
16178  -35.664  -65.075  10.993 0.0000000000
15112  -35.946  -65.637  10.860 0.0000000000
15124  -35.698  -66.545  10.655 0.0000000000
15125  -36.322  -66.178  10.571 0.0000000000
15142  -37.792  -66.316  9.737 0.0000000000
14046  -37.343  -66.853  9.838 0.0000000000
14062  -37.803  -67.171  9.281 0.0000000000
20638  -38.001  -61.800  18.166 0.0000000000
19493  -37.697  -62.344  17.424 0.0000000000
21716  -37.414  -61.023  18.302 0.0000000000
21715  -36.238  -60.509  18.014 0.0000000000
22874  -47.587  -60.293  18.138 0.0000000000
22875  -48.213  -59.719  17.901 0.0000000000
8499  -34.313  -73.627  14.502 0.0000000000
14013  -31.817  -67.283  12.344 0.0000000000
13035  -32.073  -68.102  11.642 0.0000000000
13050  -32.546  -68.435  10.708 0.0000000000
12071  -32.845  -68.753  9.907 0.0000000000
13067  -34.258  -68.404  9.590 0.0000000000
13053  -35.345  -67.701  9.878 0.0000000000
13999  -37.492  -68.090  14.076 0.0000000000
13981  -37.036  -67.713  14.115 0.0000000000
13980  -36.527  -67.728  14.301 0.0000000000
15059  -36.092  -66.824  14.476 0.0000000000
17179  -34.746  -64.592  15.262 0.0000000000
16100  -33.276  -65.531  14.887 0.0000000000
16121  -32.629  -65.195  14.629 0.0000000000
18321  -32.329  -64.178  14.115 0.0000000000
13004  -40.133  -68.970  14.165 0.0000000000
17228  -42.153  -65.100  14.496 0.0000000000
17186  -42.371  -65.498  15.490 0.0000000000
17185  -41.538  -65.354  15.750 0.0000000000
17162  -40.937  -64.968  16.374 0.0000000000
18294  -40.319  -64.350  17.091 0.0000000000
19497  -41.292  -63.044  18.551 0.0000000000
16072  -46.961  -64.894  18.700 0.0000000000
16079  -46.750  -64.969  18.239 0.0000000000
17168  -45.995  -64.744  17.091 0.0000000000
18282  -45.730  -63.787  17.316 0.0000000000
21701  -45.505  -60.519  18.544 0.0000000000
21700  -44.566  -60.386  18.750 0.0000000000
24001  -42.755  -58.555  19.031 0.0000000000
11113  -33.953  -70.040  14.532 0.0000000000
10219  -33.661  -71.554  14.275 0.0000000000
10234  -31.164  -71.437  13.588 0.0000000000
20732  -37.436  -61.980  10.749 0.0000000000
19601  -37.058  -62.487  10.846 0.0000000000
16187  -37.276  -65.301  10.288 0.0000000000
16203  -38.157  -65.374  9.684 0.0000000000
18325  -38.172  -64.240  15.231 0.0000000000
18324  -37.641  -64.341  14.974 0.0000000000
18306  -36.742  -63.911  15.129 0.0000000000
19518  -37.240  -62.539  16.669 0.0000000000
19517  -36.488  -62.364  16.201 0.0000000000
19538  -36.155  -62.982  15.624 0.0000000000
19537  -35.187  -62.823  15.711 0.0000000000
19536  -34.198  -62.547  15.744 0.0000000000
12986  -41.465  -68.298  14.736 0.0000000000
15066  -43.162  -66.635  14.635 0.0000000000
16106  -43.576  -65.570  15.190 0.0000000000
16088  -43.414  -65.513  15.708 0.0000000000
17145  -43.420  -64.623  17.095 0.0000000000
19503  -47.483  -62.614  17.587 0.0000000000
21702  -46.373  -60.327  18.369 0.0000000000
12019  -30.729  -69.099  13.907 0.0000000000
11126  -30.948  -70.037  13.775 0.0000000000
12037  -30.717  -69.569  13.056 0.0000000000
11175  -30.693  -70.784  10.752 0.0000000000
10280  -31.331  -71.813  9.981 0.0000000000
11199  -33.982  -69.847  8.065 0.0000000000
10314  -34.620  -70.548  7.531 0.0000000000
11213  -35.341  -69.840  7.793 0.0000000000
12130  -36.219  -69.434  8.037 0.0000000000
10235  -36.962  -71.784  13.217 0.0000000000
10222  -36.256  -71.922  13.536 0.0000000000
11147  -36.392  -71.087  13.801 0.0000000000
11146  -35.711  -70.699  14.184 0.0000000000
11145  -35.437  -70.401  14.276 0.0000000000
12021  -35.454  -69.864  14.294 0.0000000000
11114  -34.690  -70.038  14.352 0.0000000000
12006  -33.601  -69.243  14.697 0.0000000000
12005  -32.488  -68.980  14.837 0.0000000000
17204  -36.815  -65.123  14.600 0.0000000000
16102  -35.043  -65.334  14.971 0.0000000000
16122  -34.745  -65.951  14.790 0.0000000000
12004  -31.440  -68.628  14.553 0.0000000000
13995  -31.142  -67.572  13.621 0.0000000000
14012  -31.104  -67.406  12.803 0.0000000000
15055  -31.684  -66.574  14.119 0.0000000000
15084  -31.314  -66.881  13.431 0.0000000000
15108  -32.905  -66.602  11.842 0.0000000000
15109  -33.223  -65.957  11.858 0.0000000000
11148  -37.487  -70.870  13.502 0.0000000000
12024  -37.720  -69.669  14.015 0.0000000000
12025  -38.631  -70.079  13.661 0.0000000000
13002  -38.117  -68.963  14.139 0.0000000000
15086  -38.028  -67.339  14.230 0.0000000000
15061  -38.141  -66.576  14.435 0.0000000000
16126  -38.298  -65.784  14.801 0.0000000000
13983  -40.371  -67.374  14.609 0.0000000000
16129  -41.703  -65.927  14.904 0.0000000000
15063  -39.909  -66.676  14.650 0.0000000000
16127  -39.329  -65.686  14.981 0.0000000000
17206  -38.321  -64.998  15.125 0.0000000000
17182  -38.705  -64.605  15.443 0.0000000000
18292  -38.611  -63.607  16.475 0.0000000000
18275  -38.846  -63.314  17.378 0.0000000000
19494  -38.368  -62.602  17.775 0.0000000000
20639  -38.596  -62.235  18.276 0.0000000000
20619  -38.962  -61.682  18.733 0.0000000000
17167  -45.440  -64.828  16.515 0.0000000000
17166  -44.655  -64.982  15.829 0.0000000000
19502  -46.513  -62.684  17.562 0.0000000000
18279  -42.889  -63.814  17.789 0.0000000000
20622  -42.187  -61.202  18.509 0.0000000000
20621  -41.208  -61.282  18.654 0.0000000000
10221  -35.626  -71.969  13.840 0.0000000000
9331  -34.459  -72.938  14.292 0.0000000000
9330  -33.644  -72.956  14.441 0.0000000000
8496  -31.830  -73.929  14.469 0.0000000000
10216  -30.655  -72.114  13.176 0.0000000000
10252  -30.494  -71.912  12.072 0.0000000000
10232  -30.530  -72.315  12.681 0.0000000000
21692  -36.662  -59.865  18.433 0.0000000000
20661  -34.778  -61.066  16.402 0.0000000000
20680  -34.060  -61.626  16.034 0.0000000000
19535  -33.386  -62.100  15.439 0.0000000000
19574  -32.929  -62.566  13.408 0.0000000000
18357  -33.084  -63.428  12.826 0.0000000000
17244  -32.894  -64.410  12.776 0.0000000000
16175  -33.129  -65.151  12.236 0.0000000000
15110  -34.238  -66.012  11.405 0.0000000000
18373  -35.828  -63.179  11.242 0.0000000000
18372  -35.069  -63.250  11.561 0.0000000000
17260  -34.781  -63.974  11.672 0.0000000000
16177  -34.747  -64.931  11.381 0.0000000000
14026  -34.632  -66.812  10.919 0.0000000000
14043  -34.993  -67.331  10.426 0.0000000000
13054  -36.066  -67.559  9.824 0.0000000000
14045  -36.688  -67.051  10.065 0.0000000000
13069  -35.759  -68.049  9.275 0.0000000000
13085  -36.786  -68.205  8.760 0.0000000000
7632  -33.250  -73.957  15.056 0.0000000000
8475  -32.945  -73.945  15.082 0.0000000000
8476  -33.022  -73.755  14.999 0.0000000000
9328  -31.926  -73.439  14.486 0.0000000000
9350  -35.160  -72.624  14.136 0.0000000000
11131  -35.962  -71.577  13.794 0.0000000000
11212  -34.622  -69.939  7.839 0.0000000000
12038  -35.739  -70.314  14.297 0.0000000000
12041  -37.427  -70.131  13.980 0.0000000000
12089  -34.603  -68.791  9.074 0.0000000000
12107  -35.120  -69.180  8.544 0.0000000000
13084  -36.251  -68.082  8.940 0.0000000000
13975  -31.512  -67.222  14.125 0.0000000000
13982  -39.852  -67.536  14.783 0.0000000000
13998  -36.896  -68.099  14.054 0.0000000000
14027  -35.302  -66.793  10.686 0.0000000000
14061  -37.144  -67.221  9.685 0.0000000000
15037  -33.227  -65.874  14.740 0.0000000000
15089  -39.707  -66.966  14.597 0.0000000000
16105  -42.999  -65.657  15.377 0.0000000000
16133  -45.031  -65.379  14.862 0.0000000000
16149  -31.865  -65.443  13.320 0.0000000000
16150  -42.308  -65.200  14.483 0.0000000000
16151  -42.545  -65.145  14.452 0.0000000000
17187  -44.794  -65.279  15.056 0.0000000000
17188  -45.069  -65.238  15.241 0.0000000000
17208  -41.238  -65.717  15.143 0.0000000000
17210  -42.268  -65.174  14.486 0.0000000000
17211  -44.924  -65.307  14.838 0.0000000000
17227  -32.368  -64.371  13.216 0.0000000000
17229  -42.299  -65.066  14.331 0.0000000000
17243  -32.348  -64.768  12.868 0.0000000000
17273  -36.107  -64.505  10.913 0.0000000000
18295  -45.648  -64.427  17.086 0.0000000000
18323  -37.123  -64.544  14.769 0.0000000000
18341  -32.175  -64.324  13.647 0.0000000000
20640  -44.583  -61.663  18.327 0.0000000000
21738  -35.859  -60.983  17.382 0.0000000000
