#!ascii label  , from subject 3362 vox2ras=TkReg
1828
68444  53.334  -5.917  32.783 0.0000000000
50359  37.784  -22.545  43.484 0.0000000000
38425  22.787  -32.629  40.508 0.0000000000
38364  17.075  -32.652  44.806 0.0000000000
44959  31.522  -27.089  49.370 0.0000000000
47177  27.668  -25.372  39.144 0.0000000000
66245  47.905  -7.711  32.370 0.0000000000
76978  52.882  2.183  27.161 0.0000000000
64981  44.977  -8.176  39.038 0.0000000000
56785  39.220  -16.791  34.911 0.0000000000
51544  31.244  -21.633  31.828 0.0000000000
37178  25.130  -34.643  46.581 0.0000000000
38405  18.867  -32.669  42.076 0.0000000000
35142  20.968  -35.860  47.381 0.0000000000
39540  27.646  -31.603  44.679 0.0000000000
69484  47.559  -3.795  39.947 0.0000000000
52348  38.214  -20.464  49.747 0.0000000000
52416  41.821  -20.026  44.330 0.0000000000
55592  42.638  -17.303  40.160 0.0000000000
52483  39.705  -20.642  38.145 0.0000000000
53609  36.645  -19.702  33.064 0.0000000000
50439  34.652  -22.514  37.266 0.0000000000
43203  23.607  -29.395  33.241 0.0000000000
48441  24.173  -24.654  32.268 0.0000000000
71778  53.242  -2.824  29.972 0.0000000000
71792  49.792  -2.921  27.970 0.0000000000
41963  19.866  -30.156  35.588 0.0000000000
41944  15.997  -30.754  36.725 0.0000000000
47064  34.962  -24.593  47.981 0.0000000000
49318  32.827  -23.777  42.169 0.0000000000
45978  29.417  -26.213  44.674 0.0000000000
41904  25.487  -30.528  39.544 0.0000000000
65029  50.936  -8.582  35.323 0.0000000000
37126  18.309  -33.985  51.155 0.0000000000
39479  13.274  -32.078  48.484 0.0000000000
73781  51.987  -0.150  33.007 0.0000000000
71679  51.336  -2.817  35.917 0.0000000000
69575  49.584  -4.349  35.908 0.0000000000
67317  45.455  -6.465  35.285 0.0000000000
65046  42.333  -9.263  34.070 0.0000000000
60922  45.706  -12.239  41.971 0.0000000000
59885  43.025  -13.366  37.060 0.0000000000
61041  38.859  -12.574  31.321 0.0000000000
58947  35.667  -14.962  29.203 0.0000000000
49426  30.184  -22.967  35.729 0.0000000000
37156  25.588  -34.530  48.374 0.0000000000
36149  23.061  -35.029  46.292 0.0000000000
35123  23.505  -35.602  48.547 0.0000000000
38295  27.105  -33.014  47.761 0.0000000000
49239  39.215  -22.842  47.062 0.0000000000
50366  40.221  -22.089  43.695 0.0000000000
51419  41.125  -21.005  41.293 0.0000000000
51413  38.713  -21.756  41.368 0.0000000000
51444  36.764  -21.591  38.182 0.0000000000
50390  35.646  -22.341  40.392 0.0000000000
43241  20.221  -29.774  31.235 0.0000000000
43270  21.815  -29.048  29.458 0.0000000000
70775  53.460  -4.135  30.876 0.0000000000
69677  51.832  -4.180  30.079 0.0000000000
67395  52.826  -6.245  31.235 0.0000000000
39692  21.155  -31.393  37.546 0.0000000000
41942  17.931  -30.404  36.241 0.0000000000
39666  18.935  -31.813  39.018 0.0000000000
39580  17.147  -32.569  43.000 0.0000000000
39620  16.603  -31.993  41.323 0.0000000000
40745  14.114  -31.544  41.450 0.0000000000
40714  13.293  -31.506  43.352 0.0000000000
49210  35.093  -23.638  49.913 0.0000000000
45937  33.068  -24.925  48.928 0.0000000000
47096  32.255  -24.808  46.684 0.0000000000
44986  30.630  -27.325  47.300 0.0000000000
37228  25.574  -32.950  42.175 0.0000000000
40741  26.385  -31.165  41.905 0.0000000000
38471  24.584  -32.478  39.839 0.0000000000
39713  23.211  -31.881  36.933 0.0000000000
65056  49.315  -8.329  34.038 0.0000000000
62976  49.777  -10.656  34.438 0.0000000000
62994  47.783  -10.667  33.289 0.0000000000
39441  12.349  -31.992  50.328 0.0000000000
69553  51.028  -4.505  36.633 0.0000000000
71635  49.809  -2.635  38.431 0.0000000000
67272  46.136  -6.527  39.437 0.0000000000
68383  46.684  -5.384  37.685 0.0000000000
66183  45.323  -7.406  36.878 0.0000000000
66214  44.275  -7.313  34.843 0.0000000000
65014  43.340  -8.936  36.348 0.0000000000
55625  40.879  -17.548  37.579 0.0000000000
57785  42.683  -15.059  38.584 0.0000000000
57827  41.108  -14.623  36.196 0.0000000000
59938  41.056  -12.962  34.612 0.0000000000
58899  38.679  -14.699  33.065 0.0000000000
60000  37.660  -13.664  30.533 0.0000000000
56806  37.538  -16.656  32.170 0.0000000000
54666  34.616  -18.728  30.015 0.0000000000
48280  29.995  -24.371  40.325 0.0000000000
49358  31.239  -23.859  38.831 0.0000000000
49400  28.581  -24.178  37.269 0.0000000000
50560  24.710  -23.081  30.921 0.0000000000
73888  54.380  -0.096  25.048 0.0000000000
73872  52.987  0.002  25.174 0.0000000000
37213  24.535  -33.538  43.369 0.0000000000
38403  20.365  -32.658  41.661 0.0000000000
37216  21.147  -34.073  43.753 0.0000000000
36170  19.637  -34.582  44.285 0.0000000000
36143  18.378  -34.186  45.946 0.0000000000
42944  30.060  -29.023  48.938 0.0000000000
41820  29.433  -29.402  46.850 0.0000000000
39508  28.293  -31.313  46.974 0.0000000000
38336  26.440  -33.181  44.858 0.0000000000
71609  48.214  -2.380  40.012 0.0000000000
66098  45.864  -7.407  41.277 0.0000000000
53452  42.700  -19.297  42.035 0.0000000000
53482  41.507  -19.420  39.121 0.0000000000
53536  39.854  -19.604  36.368 0.0000000000
54616  38.507  -18.993  33.551 0.0000000000
52535  38.469  -20.379  35.467 0.0000000000
51516  35.521  -21.184  34.853 0.0000000000
50482  33.511  -21.936  34.341 0.0000000000
45144  24.783  -27.672  36.160 0.0000000000
47234  25.850  -25.150  35.733 0.0000000000
45202  23.680  -27.454  32.325 0.0000000000
73835  52.726  -0.675  29.261 0.0000000000
73854  51.761  -1.008  27.714 0.0000000000
71780  51.621  -2.413  28.946 0.0000000000
39641  17.592  -32.123  39.991 0.0000000000
49220  37.112  -23.349  48.560 0.0000000000
49273  36.181  -23.560  45.393 0.0000000000
49316  34.630  -23.063  42.541 0.0000000000
48197  33.512  -23.751  45.292 0.0000000000
48217  30.552  -24.397  43.227 0.0000000000
47144  28.253  -25.711  41.746 0.0000000000
43015  28.212  -29.128  44.801 0.0000000000
44141  26.861  -28.414  41.921 0.0000000000
45119  25.845  -27.766  39.162 0.0000000000
43167  24.057  -30.111  36.080 0.0000000000
42006  21.746  -30.298  33.824 0.0000000000
66210  52.232  -7.613  34.745 0.0000000000
65070  52.742  -8.454  32.567 0.0000000000
62991  51.945  -10.153  34.229 0.0000000000
35128  19.471  -36.088  49.071 0.0000000000
38313  17.371  -33.566  47.348 0.0000000000
38284  15.999  -33.241  49.617 0.0000000000
39516  14.544  -32.055  46.655 0.0000000000
74902  52.983  1.483  30.362 0.0000000000
72730  52.832  -1.351  31.257 0.0000000000
71739  52.315  -2.660  32.397 0.0000000000
69601  52.063  -4.605  34.002 0.0000000000
67314  51.499  -6.590  35.411 0.0000000000
68418  50.600  -5.982  35.088 0.0000000000
68446  48.481  -5.811  32.962 0.0000000000
70650  48.000  -3.698  37.926 0.0000000000
68419  47.378  -4.809  35.058 0.0000000000
68448  46.580  -5.819  32.485 0.0000000000
67362  44.787  -6.623  32.429 0.0000000000
66248  42.942  -7.716  31.953 0.0000000000
62927  44.932  -10.530  40.341 0.0000000000
58760  44.754  -14.744  41.077 0.0000000000
60953  44.303  -12.606  39.075 0.0000000000
62936  43.655  -10.786  38.208 0.0000000000
62961  42.372  -10.760  35.670 0.0000000000
63013  40.659  -10.535  32.797 0.0000000000
55721  36.482  -17.749  30.770 0.0000000000
49355  34.152  -23.246  39.978 0.0000000000
49396  32.151  -23.224  36.803 0.0000000000
50503  30.392  -22.222  33.302 0.0000000000
50489  26.969  -23.251  34.631 0.0000000000
51548  27.530  -21.864  32.751 0.0000000000
36117  24.527  -35.218  48.660 0.0000000000
37145  24.769  -34.562  49.053 0.0000000000
50339  38.192  -22.910  44.994 0.0000000000
50337  39.528  -22.672  45.675 0.0000000000
50358  38.729  -22.603  43.718 0.0000000000
51402  39.797  -21.952  42.336 0.0000000000
50379  37.613  -22.175  41.698 0.0000000000
50388  37.278  -21.948  41.030 0.0000000000
50380  36.594  -22.291  41.538 0.0000000000
69641  53.472  -4.952  31.528 0.0000000000
69656  53.373  -5.126  30.998 0.0000000000
68461  53.290  -6.147  31.478 0.0000000000
39636  22.437  -32.154  39.054 0.0000000000
40798  20.019  -31.377  38.107 0.0000000000
38453  21.131  -32.325  40.073 0.0000000000
39559  16.936  -32.505  43.553 0.0000000000
40727  16.023  -31.998  42.590 0.0000000000
39582  15.807  -31.959  43.719 0.0000000000
40729  14.168  -31.360  42.558 0.0000000000
40712  15.067  -31.690  44.021 0.0000000000
44943  31.074  -26.659  50.440 0.0000000000
45912  32.375  -25.674  50.444 0.0000000000
47006  33.306  -24.849  50.021 0.0000000000
44958  31.904  -26.364  49.277 0.0000000000
45946  31.535  -26.110  47.922 0.0000000000
44975  31.224  -27.119  48.368 0.0000000000
37250  24.905  -33.130  41.674 0.0000000000
38422  25.102  -32.681  41.167 0.0000000000
38450  23.869  -32.810  39.665 0.0000000000
38474  23.259  -32.412  38.368 0.0000000000
66244  48.616  -7.740  33.031 0.0000000000
64024  48.332  -9.438  33.470 0.0000000000
64025  47.679  -9.661  32.935 0.0000000000
72635  49.113  -1.626  37.978 0.0000000000
72617  50.193  -2.426  38.111 0.0000000000
72619  49.439  -1.956  38.778 0.0000000000
66150  45.782  -7.118  39.093 0.0000000000
67283  45.542  -7.139  37.923 0.0000000000
66167  45.221  -7.626  37.644 0.0000000000
66184  44.772  -7.763  36.626 0.0000000000
64996  44.350  -8.354  37.567 0.0000000000
56747  40.152  -17.166  36.320 0.0000000000
56745  41.033  -15.725  36.906 0.0000000000
57829  40.008  -15.842  35.571 0.0000000000
57845  40.152  -14.859  35.039 0.0000000000
57859  38.887  -15.676  33.901 0.0000000000
58900  38.141  -15.034  32.594 0.0000000000
56798  38.473  -16.686  33.485 0.0000000000
48281  28.970  -24.851  40.189 0.0000000000
48301  29.577  -24.265  39.120 0.0000000000
48316  27.858  -24.951  38.440 0.0000000000
75991  53.406  1.694  25.877 0.0000000000
75983  52.756  1.517  26.495 0.0000000000
37198  24.272  -33.970  44.451 0.0000000000
37215  22.324  -33.970  43.640 0.0000000000
37199  23.091  -34.245  44.549 0.0000000000
36139  21.484  -35.438  46.762 0.0000000000
37191  20.938  -34.867  45.240 0.0000000000
36152  20.136  -35.209  45.716 0.0000000000
36154  18.736  -34.292  45.166 0.0000000000
36141  19.604  -35.420  46.533 0.0000000000
41782  29.423  -29.781  49.019 0.0000000000
41802  29.553  -29.816  47.996 0.0000000000
40650  28.747  -30.739  48.139 0.0000000000
37166  26.185  -34.127  46.938 0.0000000000
37165  26.631  -33.363  46.467 0.0000000000
37177  26.039  -33.913  45.959 0.0000000000
37197  25.262  -33.558  44.196 0.0000000000
53394  41.461  -19.678  45.990 0.0000000000
53379  42.205  -18.485  46.622 0.0000000000
54458  42.868  -18.438  44.796 0.0000000000
54467  43.086  -18.145  44.261 0.0000000000
52429  42.377  -20.033  43.102 0.0000000000
52465  40.721  -20.839  40.359 0.0000000000
52463  41.798  -20.062  40.451 0.0000000000
52482  40.537  -20.268  38.463 0.0000000000
53496  40.630  -19.515  37.760 0.0000000000
52515  39.984  -20.177  36.859 0.0000000000
52534  39.082  -20.272  35.751 0.0000000000
52497  38.647  -20.959  37.170 0.0000000000
51445  36.070  -21.943  37.905 0.0000000000
51489  36.717  -21.348  36.513 0.0000000000
51491  35.364  -21.742  35.816 0.0000000000
50481  34.120  -21.721  34.468 0.0000000000
50451  34.760  -22.282  36.159 0.0000000000
44245  24.088  -28.570  34.475 0.0000000000
45177  24.088  -27.496  34.037 0.0000000000
44258  23.690  -28.762  32.790 0.0000000000
73834  52.956  -1.421  29.487 0.0000000000
72766  52.327  -1.302  28.676 0.0000000000
71779  52.530  -2.666  29.532 0.0000000000
69678  50.873  -4.111  29.817 0.0000000000
41988  19.599  -29.827  34.671 0.0000000000
41990  17.527  -30.435  34.106 0.0000000000
38404  19.532  -32.539  41.825 0.0000000000
38455  19.220  -32.356  40.425 0.0000000000
38430  18.285  -32.612  41.080 0.0000000000
40781  14.243  -32.161  39.384 0.0000000000
40804  14.642  -31.769  38.914 0.0000000000
47027  35.238  -24.653  48.985 0.0000000000
49221  36.365  -23.531  49.122 0.0000000000
48115  36.270  -24.086  48.236 0.0000000000
48114  37.441  -23.834  47.867 0.0000000000
48153  36.103  -24.046  46.822 0.0000000000
49274  35.129  -23.607  45.390 0.0000000000
48176  34.190  -24.058  45.931 0.0000000000
47098  30.638  -25.297  45.785 0.0000000000
47123  30.754  -24.340  44.624 0.0000000000
47125  29.500  -25.349  43.857 0.0000000000
47135  29.126  -25.049  42.862 0.0000000000
46006  28.712  -25.809  42.864 0.0000000000
40698  28.423  -30.563  45.669 0.0000000000
43001  29.299  -29.054  46.379 0.0000000000
41838  28.384  -29.980  45.281 0.0000000000
41875  26.142  -30.372  41.069 0.0000000000
43056  27.051  -29.355  42.417 0.0000000000
43083  26.430  -28.991  40.969 0.0000000000
45085  26.475  -27.783  40.685 0.0000000000
44173  25.927  -28.628  39.915 0.0000000000
44200  24.940  -28.823  37.776 0.0000000000
43115  24.994  -29.734  38.225 0.0000000000
40879  21.298  -30.606  36.063 0.0000000000
39751  22.555  -30.897  35.388 0.0000000000
41987  20.787  -30.069  34.685 0.0000000000
65028  51.491  -8.502  35.162 0.0000000000
65040  52.220  -8.626  34.406 0.0000000000
63995  51.575  -9.216  34.906 0.0000000000
62011  50.735  -11.484  34.145 0.0000000000
36103  18.835  -35.224  50.392 0.0000000000
36120  18.173  -34.862  48.059 0.0000000000
37149  17.735  -34.479  49.568 0.0000000000
39439  14.575  -32.371  50.444 0.0000000000
39478  14.278  -32.525  48.642 0.0000000000
39496  15.450  -32.809  47.884 0.0000000000
39497  14.289  -32.241  47.620 0.0000000000
40683  13.182  -31.663  46.216 0.0000000000
40673  12.401  -31.654  46.846 0.0000000000
75958  53.052  2.090  30.067 0.0000000000
74891  52.619  0.841  31.371 0.0000000000
73791  52.342  -0.176  31.855 0.0000000000
71758  52.772  -2.380  31.680 0.0000000000
72713  52.139  -1.370  32.550 0.0000000000
71701  51.567  -2.584  34.845 0.0000000000
70732  51.771  -3.776  33.789 0.0000000000
70711  51.556  -3.687  35.247 0.0000000000
68417  51.776  -5.749  34.970 0.0000000000
69573  51.426  -4.644  35.694 0.0000000000
69555  49.853  -4.132  36.639 0.0000000000
69574  50.318  -5.090  35.518 0.0000000000
69589  49.754  -4.772  34.866 0.0000000000
68430  50.034  -5.952  33.977 0.0000000000
69604  49.122  -4.731  34.155 0.0000000000
70609  47.850  -3.137  40.427 0.0000000000
70635  48.236  -3.423  39.037 0.0000000000
69507  47.272  -4.183  38.713 0.0000000000
67302  46.179  -6.125  36.069 0.0000000000
68408  47.251  -5.027  36.068 0.0000000000
68410  46.191  -5.766  35.024 0.0000000000
68433  46.783  -5.444  33.444 0.0000000000
68434  45.953  -5.839  33.222 0.0000000000
68449  45.888  -6.035  32.457 0.0000000000
67332  45.382  -6.304  33.918 0.0000000000
65045  42.840  -8.670  34.254 0.0000000000
66231  43.471  -7.726  33.535 0.0000000000
65058  42.797  -8.106  33.054 0.0000000000
65076  41.643  -8.927  32.458 0.0000000000
61940  45.387  -11.431  40.838 0.0000000000
56658  43.723  -16.484  41.741 0.0000000000
56657  44.232  -16.001  42.162 0.0000000000
56682  43.595  -16.161  40.938 0.0000000000
58824  43.223  -14.019  37.732 0.0000000000
58807  43.803  -14.130  38.896 0.0000000000
59877  43.600  -13.476  37.901 0.0000000000
61958  44.048  -11.716  38.558 0.0000000000
60963  43.502  -12.608  37.375 0.0000000000
62946  42.850  -10.748  36.420 0.0000000000
60974  42.624  -12.442  36.287 0.0000000000
61013  39.902  -12.916  33.319 0.0000000000
61011  41.025  -11.954  33.948 0.0000000000
62032  40.121  -11.452  32.519 0.0000000000
63026  39.901  -10.848  31.407 0.0000000000
62055  39.028  -11.613  30.446 0.0000000000
62056  38.669  -12.028  30.222 0.0000000000
58946  36.456  -14.462  29.741 0.0000000000
60017  36.785  -13.677  29.355 0.0000000000
53608  37.532  -19.383  33.163 0.0000000000
54630  37.755  -18.090  32.302 0.0000000000
54632  36.647  -19.033  31.723 0.0000000000
54686  34.511  -18.264  29.398 0.0000000000
49317  33.618  -23.302  42.368 0.0000000000
49327  34.291  -23.022  41.661 0.0000000000
49337  33.429  -23.602  40.499 0.0000000000
49397  30.983  -23.547  37.151 0.0000000000
49378  31.741  -23.540  37.975 0.0000000000
49409  31.028  -23.270  36.217 0.0000000000
49424  31.423  -22.979  35.179 0.0000000000
50467  30.232  -22.671  34.937 0.0000000000
48400  24.738  -24.665  34.047 0.0000000000
48377  25.970  -24.108  35.034 0.0000000000
49456  25.631  -23.816  33.874 0.0000000000
51567  26.056  -22.107  31.896 0.0000000000
51564  28.482  -21.349  31.497 0.0000000000
72778  50.660  -2.164  27.519 0.0000000000
72787  51.171  -1.512  26.534 0.0000000000
65086  52.555  -8.025  32.058 0.0000000000
37167  25.619  -34.670  47.593 0.0000000000
36148  23.821  -35.029  46.526 0.0000000000
36136  24.311  -35.220  47.129 0.0000000000
36127  23.078  -35.670  47.505 0.0000000000
35134  22.327  -36.034  48.171 0.0000000000
37155  26.209  -33.853  47.801 0.0000000000
51348  39.127  -21.441  48.021 0.0000000000
53351  39.347  -19.787  48.952 0.0000000000
51356  40.151  -21.508  47.174 0.0000000000
51364  40.589  -21.185  46.048 0.0000000000
51383  40.995  -21.062  44.399 0.0000000000
51391  42.013  -20.560  43.040 0.0000000000
51401  40.826  -21.687  42.856 0.0000000000
51421  39.615  -21.383  40.739 0.0000000000
51431  38.725  -21.322  39.444 0.0000000000
51465  38.216  -21.157  37.958 0.0000000000
51432  37.665  -21.557  39.288 0.0000000000
51433  36.692  -21.766  39.109 0.0000000000
50417  35.387  -22.288  38.487 0.0000000000
42044  21.919  -30.017  31.910 0.0000000000
43239  22.418  -29.611  31.607 0.0000000000
43257  21.018  -29.452  30.311 0.0000000000
70785  53.263  -3.550  30.296 0.0000000000
70786  52.656  -3.597  29.957 0.0000000000
70776  53.062  -4.133  30.311 0.0000000000
68477  52.253  -5.681  30.767 0.0000000000
40850  20.774  -30.867  36.662 0.0000000000
41941  19.100  -30.553  36.489 0.0000000000
40852  19.202  -31.013  37.090 0.0000000000
40824  18.740  -31.120  37.609 0.0000000000
40825  17.799  -31.031  37.808 0.0000000000
38381  18.559  -32.967  42.713 0.0000000000
39619  17.481  -32.425  41.139 0.0000000000
39601  17.320  -32.544  42.097 0.0000000000
40762  14.975  -31.410  40.731 0.0000000000
39604  12.568  -33.122  41.452 0.0000000000
47005  34.177  -24.464  49.519 0.0000000000
47048  33.944  -24.770  48.732 0.0000000000
48155  33.651  -24.591  47.033 0.0000000000
47067  32.105  -25.296  47.931 0.0000000000
45954  31.433  -25.750  47.303 0.0000000000
45956  30.273  -26.810  46.347 0.0000000000
38360  26.324  -32.369  42.990 0.0000000000
40711  27.422  -30.959  43.536 0.0000000000
39579  26.435  -31.836  42.506 0.0000000000
39618  25.594  -32.002  40.993 0.0000000000
40796  25.110  -31.379  39.424 0.0000000000
40820  24.468  -31.245  37.702 0.0000000000
39688  23.922  -32.170  37.948 0.0000000000
39691  21.970  -31.441  37.347 0.0000000000
66213  50.022  -7.966  34.716 0.0000000000
63997  50.075  -9.739  34.727 0.0000000000
63998  49.450  -9.923  34.316 0.0000000000
62977  49.201  -10.662  33.992 0.0000000000
39426  13.851  -31.888  51.628 0.0000000000
39461  12.247  -31.925  49.276 0.0000000000
39481  11.207  -31.881  47.918 0.0000000000
39462  11.132  -31.903  49.016 0.0000000000
72648  51.051  -2.374  36.355 0.0000000000
70688  51.243  -3.687  36.269 0.0000000000
71663  50.591  -2.857  37.372 0.0000000000
70647  50.175  -3.175  37.991 0.0000000000
70667  49.741  -3.684  37.231 0.0000000000
69485  46.694  -4.785  39.690 0.0000000000
69508  46.728  -4.917  38.632 0.0000000000
68372  46.430  -5.671  38.943 0.0000000000
67291  46.260  -6.322  37.041 0.0000000000
67303  45.745  -6.798  36.454 0.0000000000
67333  44.721  -6.742  34.449 0.0000000000
66198  44.548  -7.457  35.675 0.0000000000
65030  43.896  -7.911  35.722 0.0000000000
63999  42.777  -9.299  35.187 0.0000000000
55609  41.474  -17.161  38.620 0.0000000000
56698  42.774  -16.205  39.581 0.0000000000
56710  41.971  -15.712  38.311 0.0000000000
57798  41.980  -14.993  37.664 0.0000000000
58842  41.734  -14.100  36.472 0.0000000000
59919  41.910  -12.853  35.668 0.0000000000
59921  40.804  -13.787  35.084 0.0000000000
59940  39.960  -13.975  34.138 0.0000000000
59966  39.032  -13.724  32.719 0.0000000000
61042  38.414  -13.069  31.106 0.0000000000
58911  38.336  -14.430  32.382 0.0000000000
58926  37.329  -14.579  31.042 0.0000000000
57884  36.601  -15.698  30.686 0.0000000000
52575  35.448  -20.168  32.646 0.0000000000
53642  35.490  -19.433  31.541 0.0000000000
53644  33.828  -19.648  30.918 0.0000000000
53668  32.946  -19.268  30.024 0.0000000000
53712  32.132  -18.976  28.598 0.0000000000
48259  31.099  -24.099  41.677 0.0000000000
49338  32.370  -23.911  40.188 0.0000000000
48300  30.675  -24.155  39.533 0.0000000000
49380  29.811  -24.047  38.181 0.0000000000
49411  29.249  -23.549  36.688 0.0000000000
49502  24.550  -23.667  31.873 0.0000000000
48488  23.877  -24.223  29.219 0.0000000000
75999  54.338  1.762  24.943 0.0000000000
73871  53.776  0.381  25.254 0.0000000000
73890  52.827  -0.988  24.947 0.0000000000
37252  23.188  -32.814  41.573 0.0000000000
38426  21.686  -32.674  40.635 0.0000000000
37253  21.980  -33.053  42.047 0.0000000000
37254  20.937  -33.017  42.321 0.0000000000
37235  19.633  -33.183  43.318 0.0000000000
37189  22.578  -34.584  45.457 0.0000000000
37201  20.740  -34.668  44.593 0.0000000000
37218  19.272  -33.668  43.735 0.0000000000
37219  18.829  -33.566  43.858 0.0000000000
37204  18.059  -33.608  44.622 0.0000000000
38349  17.596  -33.212  45.083 0.0000000000
42943  30.901  -28.203  49.293 0.0000000000
44006  30.926  -28.096  48.538 0.0000000000
42962  30.089  -28.907  48.299 0.0000000000
41811  28.841  -30.324  46.987 0.0000000000
39525  28.064  -31.511  45.824 0.0000000000
38311  27.711  -32.294  47.174 0.0000000000
39510  27.682  -32.061  46.156 0.0000000000
39541  27.199  -32.283  44.523 0.0000000000
38361  26.047  -32.818  43.359 0.0000000000
37230  24.771  -33.359  42.384 0.0000000000
66264  46.726  -7.781  31.255 0.0000000000
64037  47.228  -9.340  32.177 0.0000000000
64051  46.152  -9.295  30.979 0.0000000000
71637  47.980  -1.674  38.961 0.0000000000
69464  46.954  -4.335  40.661 0.0000000000
68338  46.529  -5.443  40.703 0.0000000000
67254  46.166  -6.630  40.513 0.0000000000
66119  45.605  -7.988  40.025 0.0000000000
55546  43.645  -17.351  42.966 0.0000000000
54508  43.087  -17.944  41.504 0.0000000000
52442  42.190  -20.394  42.130 0.0000000000
53467  42.138  -19.460  40.567 0.0000000000
54522  42.108  -18.481  40.081 0.0000000000
54533  41.253  -18.574  38.646 0.0000000000
54543  40.515  -18.647  37.275 0.0000000000
55663  39.432  -17.834  35.352 0.0000000000
55679  38.985  -17.830  34.504 0.0000000000
54577  39.334  -18.971  34.873 0.0000000000
53585  38.303  -19.724  34.313 0.0000000000
53586  37.590  -19.782  33.953 0.0000000000
52498  38.012  -21.138  36.781 0.0000000000
52537  36.761  -20.751  35.217 0.0000000000
52563  36.369  -20.133  33.739 0.0000000000
52552  35.142  -20.834  33.760 0.0000000000
51518  34.018  -21.465  33.976 0.0000000000
50501  32.171  -22.022  32.962 0.0000000000
46112  26.014  -26.326  37.220 0.0000000000
48333  26.694  -25.358  36.932 0.0000000000
47219  25.481  -26.127  36.094 0.0000000000
47236  24.790  -25.977  34.961 0.0000000000
47279  23.741  -26.123  32.172 0.0000000000
44282  23.246  -28.333  31.214 0.0000000000
45214  23.272  -27.488  30.663 0.0000000000
74928  52.545  0.451  28.630 0.0000000000
74943  52.351  0.513  26.945 0.0000000000
73843  52.194  -0.657  28.210 0.0000000000
72767  51.652  -1.531  28.255 0.0000000000
71781  50.738  -2.730  28.633 0.0000000000
70787  51.704  -3.372  29.601 0.0000000000
70788  50.645  -3.343  29.167 0.0000000000
38454  20.137  -32.109  40.389 0.0000000000
39667  18.149  -32.017  39.086 0.0000000000
40801  17.417  -31.400  38.790 0.0000000000
39642  16.978  -32.009  40.602 0.0000000000
40802  16.325  -31.086  38.766 0.0000000000
51338  37.763  -21.491  49.248 0.0000000000
49229  38.163  -23.233  47.831 0.0000000000
49254  38.083  -23.425  46.513 0.0000000000
49288  36.856  -23.160  44.705 0.0000000000
50361  36.016  -22.733  42.927 0.0000000000
49289  35.858  -23.350  44.591 0.0000000000
49304  33.749  -23.291  43.298 0.0000000000
49305  32.913  -23.608  43.064 0.0000000000
48177  32.764  -24.303  46.108 0.0000000000
48215  32.294  -23.974  43.811 0.0000000000
48238  31.194  -24.123  42.647 0.0000000000
48239  30.218  -24.396  42.443 0.0000000000
47150  28.680  -25.115  41.124 0.0000000000
47151  28.015  -25.483  40.647 0.0000000000
44038  30.231  -28.202  47.114 0.0000000000
44055  29.267  -28.030  45.784 0.0000000000
45011  29.016  -27.206  45.091 0.0000000000
41852  27.576  -30.129  43.740 0.0000000000
44094  27.616  -28.764  43.321 0.0000000000
45030  28.405  -27.331  43.733 0.0000000000
46023  27.787  -26.550  42.030 0.0000000000
46038  27.191  -26.316  40.817 0.0000000000
46076  27.005  -26.260  39.364 0.0000000000
46078  25.826  -27.128  38.462 0.0000000000
44214  24.420  -28.710  36.070 0.0000000000
42003  23.756  -30.068  34.436 0.0000000000
40848  23.760  -31.230  36.486 0.0000000000
40921  23.169  -30.720  34.548 0.0000000000
42005  22.590  -30.340  33.589 0.0000000000
43223  20.410  -29.784  32.382 0.0000000000
67341  53.315  -6.731  33.179 0.0000000000
66242  53.391  -7.378  32.678 0.0000000000
65054  53.283  -7.981  33.050 0.0000000000
62974  51.295  -10.162  34.650 0.0000000000
62009  52.008  -10.846  33.752 0.0000000000
63009  47.265  -10.368  32.964 0.0000000000
37146  23.809  -34.755  48.990 0.0000000000
35114  22.387  -35.621  49.190 0.0000000000
35126  21.132  -36.288  48.999 0.0000000000
35116  20.860  -36.238  49.788 0.0000000000
35136  20.300  -36.138  48.182 0.0000000000
36129  18.903  -35.311  47.385 0.0000000000
37180  17.803  -33.814  46.620 0.0000000000
38338  16.820  -32.914  46.537 0.0000000000
37137  17.575  -33.735  50.325 0.0000000000
38301  16.576  -33.484  49.014 0.0000000000
39514  16.134  -32.738  47.085 0.0000000000
39528  15.301  -32.227  45.996 0.0000000000
39544  14.472  -31.727  45.382 0.0000000000
76970  52.862  2.182  28.087 0.0000000000
75969  52.904  1.604  28.888 0.0000000000
74919  52.913  0.799  29.709 0.0000000000
73819  53.052  -0.260  30.164 0.0000000000
75946  52.925  1.613  30.998 0.0000000000
73802  52.861  -0.197  30.971 0.0000000000
72745  53.332  -1.959  30.415 0.0000000000
72729  53.275  -2.362  31.066 0.0000000000
70763  53.365  -4.068  31.857 0.0000000000
69623  53.340  -4.846  32.361 0.0000000000
71740  51.795  -2.025  32.940 0.0000000000
70731  52.312  -4.141  33.264 0.0000000000
68445  53.091  -5.196  33.007 0.0000000000
68416  52.342  -5.914  34.325 0.0000000000
67313  52.087  -7.093  35.119 0.0000000000
66196  51.210  -7.675  35.348 0.0000000000
68395  51.205  -4.986  36.418 0.0000000000
68407  50.908  -5.648  35.810 0.0000000000
66212  50.608  -7.817  35.121 0.0000000000
67331  49.843  -7.402  34.482 0.0000000000
67345  49.033  -6.736  33.145 0.0000000000
67358  48.188  -6.704  32.584 0.0000000000
71636  49.075  -2.512  38.972 0.0000000000
70649  49.020  -3.389  38.178 0.0000000000
70668  48.751  -3.614  37.075 0.0000000000
69531  47.248  -4.517  37.533 0.0000000000
69557  47.562  -4.480  36.609 0.0000000000
69576  48.643  -4.227  35.688 0.0000000000
68432  47.974  -4.827  33.764 0.0000000000
68447  47.563  -5.688  32.665 0.0000000000
67359  47.216  -6.702  31.954 0.0000000000
67379  46.513  -6.982  31.411 0.0000000000
67380  45.683  -6.779  31.191 0.0000000000
66246  44.044  -7.023  32.927 0.0000000000
66266  44.261  -7.050  31.706 0.0000000000
64967  45.540  -8.608  40.491 0.0000000000
63937  44.819  -9.648  39.793 0.0000000000
58758  45.635  -13.431  41.782 0.0000000000
57768  43.903  -14.916  40.121 0.0000000000
59857  44.916  -13.756  40.390 0.0000000000
60944  45.187  -12.331  40.436 0.0000000000
61950  44.824  -11.512  40.123 0.0000000000
62928  44.522  -10.622  39.656 0.0000000000
63953  43.986  -9.172  38.424 0.0000000000
63954  43.513  -9.607  37.790 0.0000000000
63981  42.907  -9.609  35.961 0.0000000000
64000  42.271  -9.870  34.737 0.0000000000
61983  41.650  -11.988  34.927 0.0000000000
62996  41.327  -10.562  33.970 0.0000000000
64014  41.590  -9.745  33.513 0.0000000000
64028  40.753  -9.905  32.114 0.0000000000
61069  37.585  -12.895  29.430 0.0000000000
61084  37.290  -12.538  28.290 0.0000000000
55707  37.935  -17.534  32.515 0.0000000000
56809  37.113  -16.772  31.560 0.0000000000
56822  36.144  -16.760  30.364 0.0000000000
54665  35.444  -18.565  30.460 0.0000000000
55756  35.500  -17.393  29.773 0.0000000000
50372  35.059  -22.815  41.733 0.0000000000
50391  34.792  -22.656  40.131 0.0000000000
50399  34.592  -22.829  39.134 0.0000000000
49357  32.280  -23.817  38.951 0.0000000000
49377  33.059  -23.249  37.918 0.0000000000
50440  33.719  -22.753  36.965 0.0000000000
50452  33.555  -22.581  35.922 0.0000000000
50483  32.455  -22.249  33.775 0.0000000000
50502  31.335  -22.138  32.840 0.0000000000
48345  27.319  -24.349  36.454 0.0000000000
49429  27.497  -23.674  35.699 0.0000000000
50469  28.531  -22.869  35.350 0.0000000000
50525  25.961  -23.099  33.138 0.0000000000
50506  27.538  -22.312  33.576 0.0000000000
50487  28.498  -22.529  34.456 0.0000000000
50522  29.042  -22.075  33.091 0.0000000000
51546  29.445  -21.597  32.095 0.0000000000
73863  52.042  -0.290  26.473 0.0000000000
72802  51.322  -1.618  25.573 0.0000000000
72822  51.791  -1.961  24.915 0.0000000000
66259  53.031  -7.514  31.939 0.0000000000
50349  37.852  -22.842  44.351 0.0000000000
50348  38.791  -22.816  44.517 0.0000000000
50368  38.714  -22.265  42.787 0.0000000000
50369  37.639  -22.359  42.633 0.0000000000
50370  36.711  -22.495  42.386 0.0000000000
68460  53.504  -5.845  31.922 0.0000000000
38452  22.139  -32.384  39.816 0.0000000000
39560  16.559  -32.318  44.114 0.0000000000
39561  15.664  -31.912  44.475 0.0000000000
44950  31.466  -27.087  49.810 0.0000000000
44942  31.603  -26.481  50.300 0.0000000000
44941  32.066  -26.342  50.095 0.0000000000
44949  32.001  -26.397  49.717 0.0000000000
44966  31.482  -27.023  48.914 0.0000000000
37268  23.893  -32.889  40.887 0.0000000000
38423  24.085  -32.918  40.352 0.0000000000
38424  23.591  -32.813  40.225 0.0000000000
38451  23.129  -32.475  39.356 0.0000000000
65072  48.220  -8.697  32.935 0.0000000000
65073  47.583  -8.648  32.296 0.0000000000
66151  45.437  -7.494  38.508 0.0000000000
64995  44.927  -8.062  38.274 0.0000000000
64982  44.487  -8.660  38.661 0.0000000000
56770  39.818  -16.659  35.761 0.0000000000
57846  39.607  -15.497  34.850 0.0000000000
57847  39.080  -16.171  34.502 0.0000000000
56786  38.780  -16.802  34.223 0.0000000000
48303  28.035  -25.061  39.288 0.0000000000
48302  28.571  -24.679  39.203 0.0000000000
75982  53.220  1.999  26.369 0.0000000000
37187  25.139  -33.948  45.352 0.0000000000
37188  23.929  -34.477  45.755 0.0000000000
36140  20.542  -35.433  46.593 0.0000000000
35143  20.178  -35.876  47.164 0.0000000000
42925  28.892  -29.232  49.816 0.0000000000
52398  41.644  -19.781  45.184 0.0000000000
53393  42.071  -18.834  45.914 0.0000000000
53409  42.300  -19.111  44.654 0.0000000000
53425  42.451  -19.045  44.146 0.0000000000
52415  42.258  -19.690  43.872 0.0000000000
52474  39.753  -20.820  39.033 0.0000000000
52473  40.673  -20.626  39.653 0.0000000000
52495  40.207  -20.206  37.543 0.0000000000
52496  39.517  -20.584  37.332 0.0000000000
52484  38.923  -20.884  37.979 0.0000000000
50438  35.353  -22.242  37.639 0.0000000000
51468  36.033  -21.904  37.090 0.0000000000
50450  35.335  -22.180  36.887 0.0000000000
44257  23.908  -28.483  33.470 0.0000000000
43220  23.366  -29.253  32.494 0.0000000000
72754  53.125  -1.992  29.668 0.0000000000
72755  52.569  -1.768  29.133 0.0000000000
41964  18.761  -30.091  35.440 0.0000000000
37256  19.335  -32.765  42.635 0.0000000000
38429  19.017  -32.633  41.106 0.0000000000
47047  35.234  -24.567  48.425 0.0000000000
47026  35.711  -24.452  48.766 0.0000000000
48116  35.741  -24.322  48.326 0.0000000000
48132  35.600  -24.320  47.738 0.0000000000
48154  34.961  -24.174  46.769 0.0000000000
48133  34.582  -24.554  47.562 0.0000000000
45977  29.974  -25.817  44.942 0.0000000000
47111  30.345  -25.208  45.004 0.0000000000
47112  29.871  -25.450  44.523 0.0000000000
45991  28.784  -26.210  43.540 0.0000000000
40689  28.353  -31.008  45.698 0.0000000000
40699  28.202  -30.878  45.097 0.0000000000
41894  25.741  -30.416  40.321 0.0000000000
43070  26.351  -29.919  41.175 0.0000000000
43084  26.131  -29.572  40.682 0.0000000000
44159  26.284  -28.499  40.588 0.0000000000
43098  25.715  -29.626  39.752 0.0000000000
43114  25.436  -29.743  38.941 0.0000000000
41905  25.113  -30.554  38.754 0.0000000000
41962  20.744  -30.362  35.706 0.0000000000
40904  21.519  -30.386  35.295 0.0000000000
63979  51.444  -8.928  35.151 0.0000000000
63980  51.235  -9.000  35.246 0.0000000000
36095  19.100  -34.911  50.903 0.0000000000
37135  18.698  -34.723  50.832 0.0000000000
36104  18.247  -34.982  49.832 0.0000000000
37136  18.108  -34.279  50.527 0.0000000000
39460  13.328  -32.173  49.463 0.0000000000
39459  14.310  -32.578  49.576 0.0000000000
39498  13.250  -31.902  47.638 0.0000000000
39499  12.623  -31.714  47.443 0.0000000000
77937  53.142  3.875  30.343 0.0000000000
77938  52.888  3.747  30.574 0.0000000000
74881  52.065  1.033  32.150 0.0000000000
69590  49.006  -4.383  34.937 0.0000000000
70622  48.187  -3.199  39.876 0.0000000000
67316  46.121  -5.961  35.490 0.0000000000
68421  46.047  -5.777  34.231 0.0000000000
65059  42.110  -8.923  33.342 0.0000000000
60933  45.688  -12.105  41.501 0.0000000000
55574  43.359  -17.075  41.289 0.0000000000
55591  43.208  -16.891  40.660 0.0000000000
60973  43.019  -12.487  36.783 0.0000000000
59900  42.786  -12.908  36.580 0.0000000000
61028  39.559  -12.666  32.580 0.0000000000
61027  39.926  -12.120  32.736 0.0000000000
62033  39.777  -11.957  32.384 0.0000000000
62044  39.566  -11.614  31.663 0.0000000000
61053  38.694  -12.211  30.571 0.0000000000
53623  37.181  -19.252  32.559 0.0000000000
53624  36.589  -19.374  32.243 0.0000000000
49328  33.499  -23.446  41.460 0.0000000000
49329  32.724  -23.959  41.242 0.0000000000
49410  30.139  -23.322  36.539 0.0000000000
49425  30.945  -22.989  35.425 0.0000000000
48421  24.369  -24.905  33.162 0.0000000000
49457  25.008  -24.145  33.819 0.0000000000
49478  24.755  -24.125  33.112 0.0000000000
71791  50.281  -2.635  28.028 0.0000000000
71798  50.234  -2.597  27.263 0.0000000000
36135  25.012  -35.139  47.503 0.0000000000
36124  25.178  -35.169  48.185 0.0000000000
35122  23.964  -35.428  48.629 0.0000000000
36118  23.980  -35.514  48.375 0.0000000000
35133  23.031  -35.932  48.025 0.0000000000
35140  22.601  -35.880  47.624 0.0000000000
35124  22.798  -35.806  48.674 0.0000000000
37143  26.051  -33.834  48.431 0.0000000000
50309  39.121  -22.163  47.648 0.0000000000
51357  39.583  -21.775  47.552 0.0000000000
50319  39.529  -22.365  47.103 0.0000000000
50346  40.121  -22.204  45.132 0.0000000000
50336  40.178  -21.980  45.746 0.0000000000
51384  40.539  -21.684  44.764 0.0000000000
51374  40.658  -21.284  45.321 0.0000000000
51393  40.712  -21.596  43.937 0.0000000000
51392  41.405  -20.929  43.489 0.0000000000
51412  39.726  -21.586  41.540 0.0000000000
51422  38.742  -21.557  40.433 0.0000000000
51423  37.696  -21.687  40.239 0.0000000000
50389  36.590  -22.064  40.606 0.0000000000
51424  36.961  -21.752  39.843 0.0000000000
50397  36.300  -22.045  39.878 0.0000000000
51434  36.110  -21.981  38.626 0.0000000000
50398  35.622  -22.234  39.406 0.0000000000
43240  21.356  -29.766  31.503 0.0000000000
43258  20.027  -30.065  30.129 0.0000000000
68476  53.016  -5.873  31.035 0.0000000000
69657  52.927  -4.936  30.528 0.0000000000
67396  52.461  -6.265  31.186 0.0000000000
40851  19.865  -30.969  36.894 0.0000000000
40822  20.495  -31.235  37.453 0.0000000000
39665  19.848  -31.652  38.829 0.0000000000
40799  19.237  -31.430  38.278 0.0000000000
40800  18.372  -31.456  38.451 0.0000000000
38382  17.948  -33.030  42.960 0.0000000000
40744  15.044  -31.418  41.802 0.0000000000
40743  15.953  -31.663  42.044 0.0000000000
40763  14.108  -31.884  40.372 0.0000000000
40764  13.532  -32.444  40.485 0.0000000000
40730  13.092  -31.780  42.242 0.0000000000
39584  12.406  -32.645  42.277 0.0000000000
40731  12.552  -32.161  42.701 0.0000000000
48082  33.206  -24.029  50.643 0.0000000000
45920  33.216  -24.912  49.575 0.0000000000
45928  33.131  -24.930  49.191 0.0000000000
47028  34.152  -24.628  49.218 0.0000000000
47049  33.046  -24.931  48.676 0.0000000000
47066  33.035  -24.942  48.016 0.0000000000
45947  30.927  -26.740  47.541 0.0000000000
45955  30.820  -26.250  46.882 0.0000000000
38378  26.057  -32.379  42.099 0.0000000000
38448  24.861  -32.531  40.504 0.0000000000
38421  25.279  -32.451  40.999 0.0000000000
39635  24.807  -32.285  39.941 0.0000000000
39634  25.091  -31.973  40.092 0.0000000000
39660  24.590  -31.959  39.336 0.0000000000
39661  24.143  -32.198  38.673 0.0000000000
38490  23.853  -32.388  38.575 0.0000000000
39663  22.164  -31.950  38.337 0.0000000000
39690  22.870  -32.209  37.639 0.0000000000
40821  21.217  -31.157  37.129 0.0000000000
65043  49.620  -8.881  34.382 0.0000000000
64012  48.174  -10.088  33.579 0.0000000000
64011  48.853  -9.896  33.851 0.0000000000
62993  48.569  -10.706  33.643 0.0000000000
61997  48.922  -11.136  33.719 0.0000000000
39440  13.481  -32.150  50.470 0.0000000000
39442  11.181  -31.878  50.113 0.0000000000
71662  50.976  -2.870  36.694 0.0000000000
71648  50.254  -2.805  38.017 0.0000000000
71649  50.078  -2.982  38.207 0.0000000000
70648  49.866  -3.274  38.117 0.0000000000
68357  46.414  -5.814  39.902 0.0000000000
67292  45.700  -6.991  37.345 0.0000000000
66197  45.212  -7.209  36.179 0.0000000000
65013  43.948  -8.194  36.374 0.0000000000
65031  43.398  -8.511  35.460 0.0000000000
55624  41.189  -16.900  37.764 0.0000000000
57808  40.904  -15.398  36.481 0.0000000000
57807  41.450  -15.049  36.897 0.0000000000
58826  42.013  -14.429  37.059 0.0000000000
58857  41.356  -13.942  35.929 0.0000000000
58858  40.905  -14.172  35.567 0.0000000000
58889  39.616  -14.541  34.023 0.0000000000
58877  40.068  -14.436  34.564 0.0000000000
58898  39.246  -14.270  33.406 0.0000000000
59954  39.726  -13.561  33.539 0.0000000000
59967  38.631  -14.120  32.499 0.0000000000
57868  37.730  -15.712  32.430 0.0000000000
57874  37.180  -15.670  31.547 0.0000000000
57883  36.980  -15.176  30.977 0.0000000000
52576  34.802  -20.406  32.461 0.0000000000
52593  34.708  -20.077  31.854 0.0000000000
52594  33.883  -20.114  31.588 0.0000000000
53669  32.242  -19.511  29.774 0.0000000000
53692  32.773  -18.982  29.192 0.0000000000
53693  31.701  -19.408  29.174 0.0000000000
48279  31.145  -24.233  40.546 0.0000000000
48315  28.838  -24.369  38.209 0.0000000000
48314  29.403  -24.232  38.395 0.0000000000
49399  29.121  -24.041  37.503 0.0000000000
49398  30.009  -23.695  37.367 0.0000000000
74952  53.179  0.903  25.413 0.0000000000
74951  53.749  1.151  25.365 0.0000000000
73889  53.707  -0.622  25.083 0.0000000000
37231  23.862  -33.286  42.548 0.0000000000
37232  22.740  -33.214  42.812 0.0000000000
37233  21.590  -33.511  42.941 0.0000000000
37234  20.525  -33.388  43.187 0.0000000000
36160  20.542  -35.016  45.215 0.0000000000
37202  20.041  -34.798  44.227 0.0000000000
37217  19.989  -34.144  43.843 0.0000000000
36171  19.331  -34.120  44.155 0.0000000000
36172  19.083  -33.797  44.051 0.0000000000
37203  18.564  -33.776  44.491 0.0000000000
37192  18.342  -33.944  44.999 0.0000000000
37193  17.990  -33.817  45.480 0.0000000000
42924  29.773  -29.051  49.616 0.0000000000
43970  30.054  -27.577  50.326 0.0000000000
43979  30.375  -27.764  50.151 0.0000000000
42922  30.841  -28.147  49.524 0.0000000000
42923  30.556  -28.390  49.588 0.0000000000
42961  30.728  -28.375  48.757 0.0000000000
40658  28.968  -30.399  47.795 0.0000000000
40665  29.286  -30.065  47.796 0.0000000000
40666  28.753  -30.525  47.353 0.0000000000
40677  28.544  -30.731  46.884 0.0000000000
39524  28.301  -31.299  46.558 0.0000000000
38294  27.849  -32.020  47.662 0.0000000000
38293  28.074  -31.707  47.409 0.0000000000
37176  26.529  -33.256  45.593 0.0000000000
38325  27.147  -32.669  46.056 0.0000000000
39526  27.476  -32.208  45.389 0.0000000000
38335  26.756  -32.795  45.004 0.0000000000
38347  26.669  -32.581  43.969 0.0000000000
38348  26.341  -33.043  44.347 0.0000000000
37212  25.404  -33.175  43.150 0.0000000000
65091  46.487  -8.649  31.104 0.0000000000
67234  46.266  -6.281  41.570 0.0000000000
66118  45.785  -7.697  40.559 0.0000000000
66136  45.820  -7.267  39.857 0.0000000000
52371  40.193  -20.543  47.568 0.0000000000
54481  43.134  -18.282  43.308 0.0000000000
54494  43.098  -18.338  42.324 0.0000000000
54495  42.790  -18.709  41.634 0.0000000000
51400  41.702  -20.890  42.652 0.0000000000
51399  42.143  -20.477  42.563 0.0000000000
51409  41.991  -20.653  42.140 0.0000000000
52472  41.593  -20.107  39.742 0.0000000000
53481  41.808  -19.365  39.821 0.0000000000
54523  41.615  -18.477  39.361 0.0000000000
53512  40.309  -19.538  37.005 0.0000000000
54557  40.054  -18.718  36.578 0.0000000000
55643  39.778  -17.814  36.176 0.0000000000
54558  39.588  -18.817  35.852 0.0000000000
53537  39.485  -19.720  35.679 0.0000000000
53563  39.111  -19.890  35.089 0.0000000000
52548  38.166  -20.147  34.929 0.0000000000
52549  37.556  -20.203  34.684 0.0000000000
51466  37.610  -21.303  37.543 0.0000000000
51504  36.416  -21.189  35.885 0.0000000000
52538  36.131  -20.862  34.817 0.0000000000
52550  36.737  -20.295  34.342 0.0000000000
52551  35.770  -20.703  34.194 0.0000000000
51519  33.321  -21.658  33.647 0.0000000000
51532  32.776  -21.561  32.906 0.0000000000
46113  25.429  -26.715  36.682 0.0000000000
46125  25.064  -26.601  35.895 0.0000000000
45190  23.853  -27.443  33.113 0.0000000000
46145  24.429  -26.427  34.477 0.0000000000
46166  24.033  -26.511  33.450 0.0000000000
47266  24.322  -25.566  33.751 0.0000000000
46182  23.803  -26.621  32.598 0.0000000000
43256  22.126  -29.090  30.553 0.0000000000
43255  22.935  -29.045  30.976 0.0000000000
44305  22.759  -28.063  29.566 0.0000000000
45222  23.128  -27.497  29.785 0.0000000000
46203  23.432  -26.594  31.030 0.0000000000
74935  52.314  0.265  27.784 0.0000000000
72756  52.055  -1.745  28.769 0.0000000000
71790  51.010  -2.217  28.393 0.0000000000
69676  52.538  -4.347  30.263 0.0000000000
41965  17.634  -30.247  35.178 0.0000000000
41966  16.644  -30.760  34.824 0.0000000000
38402  21.282  -32.885  41.427 0.0000000000
38427  20.714  -32.598  40.864 0.0000000000
38456  18.541  -32.482  40.445 0.0000000000
39640  18.638  -32.212  39.752 0.0000000000
40779  16.141  -31.499  40.039 0.0000000000
39668  14.744  -31.806  38.452 0.0000000000
40803  15.269  -31.396  38.736 0.0000000000
50288  34.300  -22.636  50.504 0.0000000000
50287  35.144  -22.688  50.201 0.0000000000
50299  36.264  -22.743  49.556 0.0000000000
50298  37.052  -22.597  49.099 0.0000000000
50297  37.794  -22.456  48.617 0.0000000000
49219  37.849  -23.074  48.254 0.0000000000
48152  37.048  -23.935  46.715 0.0000000000
48130  37.739  -23.759  47.146 0.0000000000
49255  37.371  -23.548  46.228 0.0000000000
49272  37.074  -23.381  45.534 0.0000000000
49275  34.291  -23.615  45.088 0.0000000000
49290  34.892  -23.345  44.450 0.0000000000
49291  33.807  -23.448  44.348 0.0000000000
49292  33.059  -23.592  43.866 0.0000000000
48156  32.736  -24.759  46.897 0.0000000000
48199  31.631  -24.137  44.640 0.0000000000
48216  31.228  -24.148  43.696 0.0000000000
47143  28.832  -24.999  41.895 0.0000000000
42975  30.050  -28.868  47.844 0.0000000000
44022  30.317  -28.431  47.581 0.0000000000
42987  29.868  -28.786  47.076 0.0000000000
43014  28.691  -29.059  45.602 0.0000000000
44054  29.792  -28.156  46.530 0.0000000000
44072  28.576  -28.195  45.052 0.0000000000
40726  26.874  -31.068  42.801 0.0000000000
41853  27.140  -30.196  43.017 0.0000000000
44119  27.447  -28.376  42.759 0.0000000000
44093  27.875  -28.141  43.437 0.0000000000
45047  27.697  -27.601  42.681 0.0000000000
45065  27.883  -27.072  42.492 0.0000000000
45066  27.315  -27.415  42.184 0.0000000000
45106  26.301  -27.553  39.941 0.0000000000
45105  26.669  -26.967  40.421 0.0000000000
46056  27.057  -26.290  39.993 0.0000000000
46057  26.701  -26.730  39.724 0.0000000000
46077  26.482  -26.687  38.948 0.0000000000
43131  24.683  -29.685  37.360 0.0000000000
44213  24.692  -28.725  36.841 0.0000000000
43150  24.202  -29.236  35.882 0.0000000000
43168  24.045  -29.775  35.634 0.0000000000
39712  23.722  -31.776  37.129 0.0000000000
40847  24.210  -31.329  36.997 0.0000000000
39732  23.402  -31.532  36.514 0.0000000000
40903  22.263  -30.557  34.790 0.0000000000
40902  22.837  -30.995  35.046 0.0000000000
40923  22.376  -30.473  34.102 0.0000000000
42026  21.213  -30.075  32.808 0.0000000000
42027  20.632  -29.907  33.020 0.0000000000
67342  52.911  -6.731  33.756 0.0000000000
66226  53.326  -7.430  33.166 0.0000000000
66227  52.889  -7.569  33.802 0.0000000000
63994  51.963  -9.473  34.426 0.0000000000
64010  52.321  -9.453  33.889 0.0000000000
62975  50.515  -10.442  34.660 0.0000000000
62010  51.354  -11.432  33.866 0.0000000000
64038  46.621  -9.617  31.670 0.0000000000
64026  47.033  -10.017  32.458 0.0000000000
63023  46.613  -10.360  32.208 0.0000000000
36110  22.283  -35.434  49.511 0.0000000000
35105  21.899  -35.755  49.780 0.0000000000
35125  21.962  -35.918  48.850 0.0000000000
35115  21.645  -36.040  49.553 0.0000000000
35117  20.015  -36.218  49.904 0.0000000000
35127  20.352  -36.305  49.214 0.0000000000
35137  19.328  -35.929  48.083 0.0000000000
36119  18.726  -35.544  48.517 0.0000000000
37168  17.671  -33.975  47.797 0.0000000000
38326  17.161  -33.307  46.952 0.0000000000
39438  15.611  -32.698  50.344 0.0000000000
39437  16.296  -32.834  50.572 0.0000000000
38265  16.299  -33.147  50.110 0.0000000000
38264  17.032  -33.260  50.345 0.0000000000
38283  16.767  -33.426  49.674 0.0000000000
39515  15.330  -32.414  46.919 0.0000000000
39527  16.190  -32.471  46.250 0.0000000000
39529  14.546  -31.866  45.885 0.0000000000
40694  13.223  -31.560  45.375 0.0000000000
39500  11.100  -32.063  47.087 0.0000000000
77959  53.466  3.730  28.397 0.0000000000
76969  53.083  2.757  28.865 0.0000000000
74918  52.993  1.496  29.965 0.0000000000
76936  52.539  2.675  31.399 0.0000000000
75934  52.593  1.857  31.543 0.0000000000
72746  53.136  -1.000  30.535 0.0000000000
70764  52.946  -3.245  31.960 0.0000000000
70752  53.198  -4.283  32.279 0.0000000000
72701  51.898  -1.502  33.406 0.0000000000
71719  51.685  -2.310  33.737 0.0000000000
69600  52.517  -4.690  33.407 0.0000000000
68428  52.851  -5.929  33.577 0.0000000000
69586  52.253  -5.260  34.185 0.0000000000
67329  51.999  -6.533  35.095 0.0000000000
67315  50.901  -6.796  35.248 0.0000000000
67330  50.247  -6.926  34.727 0.0000000000
67343  50.034  -6.429  34.328 0.0000000000
68431  49.274  -5.625  33.532 0.0000000000
71623  48.135  -2.040  39.782 0.0000000000
72606  48.789  -1.983  39.314 0.0000000000
71622  48.551  -2.343  39.541 0.0000000000
70634  48.892  -3.006  38.886 0.0000000000
70669  47.887  -3.961  37.069 0.0000000000
69532  46.935  -4.727  38.126 0.0000000000
68382  46.964  -4.983  37.370 0.0000000000
69577  47.847  -4.454  35.766 0.0000000000
69591  48.205  -4.423  34.891 0.0000000000
67360  46.231  -6.316  31.821 0.0000000000
67361  45.470  -6.356  32.031 0.0000000000
67381  45.013  -6.642  31.612 0.0000000000
67401  44.990  -6.878  30.895 0.0000000000
66230  44.120  -7.185  33.971 0.0000000000
65074  42.848  -7.857  32.425 0.0000000000
66247  43.375  -7.521  32.442 0.0000000000
66267  43.495  -7.513  31.395 0.0000000000
62919  45.257  -10.389  40.897 0.0000000000
63936  45.219  -9.539  40.400 0.0000000000
57727  44.662  -15.177  41.677 0.0000000000
57726  45.100  -14.785  42.216 0.0000000000
58759  45.316  -14.099  41.439 0.0000000000
57770  42.872  -15.496  39.169 0.0000000000
57769  43.346  -15.275  39.610 0.0000000000
57784  43.154  -14.924  39.048 0.0000000000
59876  43.975  -13.614  38.800 0.0000000000
58792  43.916  -14.364  39.393 0.0000000000
59869  44.584  -13.429  39.840 0.0000000000
59856  45.254  -13.265  40.656 0.0000000000
59868  44.951  -12.874  40.193 0.0000000000
60945  44.695  -12.413  39.857 0.0000000000
61951  44.417  -11.621  39.372 0.0000000000
62935  44.161  -10.740  38.913 0.0000000000
63945  44.288  -9.655  39.128 0.0000000000
63946  43.771  -9.975  38.617 0.0000000000
62941  43.294  -10.751  37.346 0.0000000000
62947  42.601  -11.263  36.131 0.0000000000
62960  42.665  -10.264  35.893 0.0000000000
63982  42.589  -9.954  35.493 0.0000000000
62978  41.957  -10.761  35.113 0.0000000000
59920  41.365  -13.285  35.344 0.0000000000
60984  41.743  -12.431  35.280 0.0000000000
60997  41.353  -12.410  34.664 0.0000000000
62017  40.615  -11.378  33.383 0.0000000000
62016  41.046  -11.224  33.889 0.0000000000
62997  40.905  -10.769  33.501 0.0000000000
63012  41.130  -10.249  33.308 0.0000000000
64027  41.228  -9.698  32.717 0.0000000000
63039  39.623  -10.841  30.687 0.0000000000
59999  38.125  -13.398  31.005 0.0000000000
61055  37.705  -13.228  29.993 0.0000000000
60030  36.480  -13.500  28.710 0.0000000000
61085  36.641  -13.012  28.075 0.0000000000
54599  38.522  -18.163  33.376 0.0000000000
55695  38.362  -17.567  33.100 0.0000000000
54646  36.821  -18.203  31.266 0.0000000000
55708  37.484  -17.561  31.942 0.0000000000
55720  37.022  -17.636  31.379 0.0000000000
56810  36.710  -16.821  30.995 0.0000000000
53665  35.153  -19.096  31.025 0.0000000000
54648  35.604  -18.919  31.071 0.0000000000
55758  34.497  -17.540  29.015 0.0000000000
55757  35.181  -17.625  29.542 0.0000000000
56840  34.725  -16.711  28.944 0.0000000000
49315  35.345  -22.989  42.976 0.0000000000
50371  35.719  -22.704  42.196 0.0000000000
49336  34.174  -23.108  40.797 0.0000000000
50382  34.934  -22.716  41.004 0.0000000000
49339  31.561  -24.025  39.613 0.0000000000
49395  32.977  -22.991  37.081 0.0000000000
50419  34.009  -22.820  37.767 0.0000000000
50441  32.990  -22.846  36.538 0.0000000000
50453  32.581  -22.876  35.802 0.0000000000
50466  31.032  -22.819  34.731 0.0000000000
50465  31.964  -22.879  34.832 0.0000000000
50484  31.259  -22.604  33.896 0.0000000000
50520  30.302  -21.932  32.517 0.0000000000
48346  26.743  -24.970  36.563 0.0000000000
48363  26.347  -24.536  35.650 0.0000000000
49442  26.487  -23.676  34.823 0.0000000000
49430  26.826  -23.977  35.508 0.0000000000
49441  27.134  -23.376  34.985 0.0000000000
50470  28.011  -23.163  35.487 0.0000000000
50488  27.572  -22.945  34.804 0.0000000000
49501  25.036  -23.159  32.036 0.0000000000
50543  25.551  -22.610  31.951 0.0000000000
51566  26.642  -21.872  32.080 0.0000000000
50524  26.563  -22.387  32.799 0.0000000000
50523  27.134  -22.122  32.938 0.0000000000
51535  27.930  -21.946  33.255 0.0000000000
50505  28.579  -22.146  33.474 0.0000000000
51534  28.137  -21.848  33.040 0.0000000000
51545  30.283  -21.654  31.802 0.0000000000
73909  54.629  -0.607  24.571 0.0000000000
73853  52.022  -0.334  27.354 0.0000000000
73864  51.626  -0.939  26.950 0.0000000000
73874  51.670  -0.996  26.207 0.0000000000
72801  52.115  -1.385  25.101 0.0000000000
65069  53.204  -7.879  32.631 0.0000000000
66258  53.354  -7.196  32.208 0.0000000000
37157  25.187  -34.775  48.816 0.0000000000
36116  25.174  -35.014  48.603 0.0000000000
36108  23.994  -35.000  48.942 0.0000000000
49270  38.783  -23.155  46.019 0.0000000000
50329  39.658  -22.440  46.359 0.0000000000
50338  38.836  -23.010  45.262 0.0000000000
50347  39.518  -22.587  44.842 0.0000000000
50357  39.519  -22.435  44.065 0.0000000000
50367  39.679  -22.311  43.208 0.0000000000
50378  38.350  -22.137  42.092 0.0000000000
51414  38.009  -21.865  40.944 0.0000000000
68475  53.387  -5.603  31.356 0.0000000000
39664  20.962  -31.659  38.269 0.0000000000
39637  21.586  -32.006  39.197 0.0000000000
39638  20.524  -31.937  39.427 0.0000000000
38363  17.508  -32.948  43.985 0.0000000000
39581  16.301  -32.287  43.152 0.0000000000
40728  15.318  -31.724  42.928 0.0000000000
40713  14.241  -31.404  43.671 0.0000000000
46984  32.917  -24.734  50.585 0.0000000000
45921  32.571  -25.674  49.923 0.0000000000
45929  32.476  -25.632  49.488 0.0000000000
45938  32.288  -25.536  48.820 0.0000000000
45939  31.636  -26.457  48.640 0.0000000000
44976  30.914  -27.229  47.848 0.0000000000
38400  25.247  -32.801  41.491 0.0000000000
37267  24.443  -32.833  40.967 0.0000000000
37283  24.555  -32.728  40.650 0.0000000000
38449  24.387  -32.774  40.164 0.0000000000
38473  23.643  -32.492  38.887 0.0000000000
65057  48.870  -8.774  33.761 0.0000000000
39428  11.377  -31.922  51.187 0.0000000000
72650  50.017  -1.232  37.111 0.0000000000
72633  50.344  -2.323  37.840 0.0000000000
72634  49.998  -1.824  37.898 0.0000000000
72618  50.016  -2.237  38.257 0.0000000000
67282  45.930  -6.546  38.240 0.0000000000
66168  44.958  -7.804  37.156 0.0000000000
64997  43.621  -8.912  37.007 0.0000000000
55642  40.367  -17.738  36.734 0.0000000000
56726  41.009  -16.751  37.364 0.0000000000
56746  40.623  -16.438  36.622 0.0000000000
56769  40.240  -16.046  35.903 0.0000000000
57828  40.443  -15.232  35.702 0.0000000000
57858  39.353  -15.153  34.093 0.0000000000
58890  39.169  -14.866  33.687 0.0000000000
57867  38.289  -15.729  33.076 0.0000000000
56805  38.054  -16.653  32.800 0.0000000000
48331  28.100  -24.403  37.345 0.0000000000
77000  53.799  2.205  25.835 0.0000000000
75992  52.889  1.236  25.827 0.0000000000
74953  52.523  0.525  25.902 0.0000000000
37214  23.480  -33.730  43.556 0.0000000000
36138  22.527  -35.580  46.922 0.0000000000
36150  22.018  -35.017  46.132 0.0000000000
36151  21.008  -35.076  45.858 0.0000000000
36161  19.898  -35.058  44.779 0.0000000000
36162  19.263  -34.527  44.670 0.0000000000
36153  19.320  -35.008  45.451 0.0000000000
36142  18.772  -34.886  46.189 0.0000000000
42945  29.713  -29.433  48.968 0.0000000000
41791  29.766  -29.417  48.231 0.0000000000
41792  29.450  -29.901  48.429 0.0000000000
39489  28.403  -31.050  47.338 0.0000000000
37154  26.700  -33.458  47.193 0.0000000000
38312  27.157  -32.803  46.909 0.0000000000
37186  26.132  -33.557  44.883 0.0000000000
52383  40.911  -20.290  46.471 0.0000000000
53380  41.580  -18.967  46.875 0.0000000000
54457  43.283  -17.846  45.192 0.0000000000
53424  42.543  -19.034  43.682 0.0000000000
53439  42.671  -19.193  42.773 0.0000000000
52464  41.265  -20.569  40.632 0.0000000000
52481  41.201  -20.087  39.000 0.0000000000
53495  41.074  -19.483  38.448 0.0000000000
52516  39.372  -20.352  36.451 0.0000000000
52517  38.598  -20.757  36.262 0.0000000000
51467  36.748  -21.543  37.361 0.0000000000
51490  35.774  -21.699  36.277 0.0000000000
51506  35.056  -21.634  35.326 0.0000000000
50463  34.159  -22.084  35.064 0.0000000000
45145  24.440  -28.187  35.705 0.0000000000
45159  24.737  -27.084  35.637 0.0000000000
45160  24.397  -27.583  35.165 0.0000000000
44272  23.727  -28.118  32.759 0.0000000000
69658  52.019  -4.926  30.421 0.0000000000
69659  51.109  -4.802  30.326 0.0000000000
41943  16.652  -30.584  36.098 0.0000000000
38428  19.792  -32.502  41.046 0.0000000000
40780  14.846  -31.517  39.682 0.0000000000
48091  35.054  -24.231  49.598 0.0000000000
49222  35.709  -23.659  49.537 0.0000000000
48103  35.634  -24.219  49.238 0.0000000000
48102  36.159  -24.031  48.696 0.0000000000
48101  36.932  -23.789  48.283 0.0000000000
49230  37.531  -23.517  48.168 0.0000000000
48131  36.752  -24.095  47.447 0.0000000000
49257  35.642  -23.813  46.107 0.0000000000
48175  34.974  -23.914  46.048 0.0000000000
47097  31.445  -25.017  46.390 0.0000000000
47110  30.986  -24.516  45.434 0.0000000000
47124  30.171  -24.644  44.080 0.0000000000
47134  29.911  -24.745  43.294 0.0000000000
47136  28.625  -25.575  42.414 0.0000000000
41821  29.042  -29.931  46.777 0.0000000000
42988  29.587  -29.292  46.885 0.0000000000
41830  28.635  -29.896  46.050 0.0000000000
40742  26.157  -30.916  41.361 0.0000000000
41864  26.743  -30.264  42.193 0.0000000000
41874  26.413  -30.351  41.515 0.0000000000
43069  26.614  -29.421  41.472 0.0000000000
44158  26.556  -28.448  41.146 0.0000000000
44187  25.579  -28.809  39.108 0.0000000000
39715  22.356  -31.205  36.319 0.0000000000
39734  22.772  -31.317  35.900 0.0000000000
40878  22.119  -30.750  35.769 0.0000000000
41986  21.627  -30.273  34.645 0.0000000000
42007  20.803  -29.953  33.609 0.0000000000
43186  20.181  -29.754  34.029 0.0000000000
43187  19.462  -29.670  33.795 0.0000000000
65041  51.804  -8.658  34.876 0.0000000000
62973  51.703  -9.786  34.595 0.0000000000
61995  50.219  -11.360  34.269 0.0000000000
35109  19.333  -35.608  50.435 0.0000000000
36111  18.713  -35.553  49.503 0.0000000000
36112  18.115  -35.069  49.041 0.0000000000
37158  17.611  -34.426  48.723 0.0000000000
39458  15.246  -32.836  49.598 0.0000000000
38302  15.827  -33.237  48.904 0.0000000000
39477  15.118  -32.915  48.832 0.0000000000
40682  13.904  -31.716  46.432 0.0000000000
40671  13.861  -31.870  47.081 0.0000000000
40672  13.203  -31.754  46.948 0.0000000000
76959  53.169  2.743  29.720 0.0000000000
76947  53.141  2.921  30.412 0.0000000000
75945  53.023  2.139  30.638 0.0000000000
69587  51.758  -4.644  34.658 0.0000000000
68406  51.244  -5.364  35.985 0.0000000000
69554  50.432  -4.478  36.473 0.0000000000
69588  50.235  -5.423  34.725 0.0000000000
69602  50.165  -5.630  34.293 0.0000000000
69603  49.878  -5.225  34.137 0.0000000000
70608  48.240  -2.712  40.031 0.0000000000
70621  48.591  -2.852  39.460 0.0000000000
68398  46.781  -5.656  36.549 0.0000000000
68409  46.672  -5.527  35.537 0.0000000000
68420  46.808  -5.300  34.495 0.0000000000
67346  45.352  -6.275  32.907 0.0000000000
66215  43.671  -7.859  34.557 0.0000000000
65092  42.350  -8.188  31.144 0.0000000000
65075  42.398  -8.249  32.157 0.0000000000
65093  41.738  -8.594  31.520 0.0000000000
62912  45.399  -10.381  41.404 0.0000000000
61931  45.399  -10.926  41.184 0.0000000000
56635  43.831  -16.682  42.426 0.0000000000
56681  44.076  -15.796  41.477 0.0000000000
57749  44.225  -15.266  40.829 0.0000000000
58809  42.951  -14.477  38.037 0.0000000000
58808  43.466  -14.330  38.589 0.0000000000
60954  43.909  -12.663  38.191 0.0000000000
61959  43.660  -11.736  37.737 0.0000000000
61966  43.195  -11.716  37.010 0.0000000000
61972  42.787  -11.753  36.442 0.0000000000
61973  42.445  -11.720  35.932 0.0000000000
59953  40.105  -13.080  33.659 0.0000000000
60998  40.851  -12.642  34.197 0.0000000000
61012  40.280  -12.407  33.419 0.0000000000
63025  40.334  -10.549  31.840 0.0000000000
62043  39.951  -11.099  31.868 0.0000000000
63052  39.248  -10.777  29.614 0.0000000000
61068  38.016  -12.195  29.077 0.0000000000
58945  37.085  -14.203  30.353 0.0000000000
60016  37.179  -13.599  29.804 0.0000000000
54617  38.111  -18.563  32.965 0.0000000000
54618  37.592  -18.987  32.606 0.0000000000
54631  37.237  -18.586  31.946 0.0000000000
54667  34.050  -18.780  29.656 0.0000000000
54687  33.685  -18.552  29.142 0.0000000000
49379  30.707  -23.767  38.056 0.0000000000
49408  31.702  -23.121  35.703 0.0000000000
50485  30.323  -22.513  34.118 0.0000000000
48379  24.913  -24.874  34.640 0.0000000000
48399  25.160  -24.248  34.155 0.0000000000
49455  26.258  -23.505  34.060 0.0000000000
50559  25.376  -22.249  30.739 0.0000000000
51565  27.527  -21.513  31.814 0.0000000000
72777  51.196  -1.586  27.415 0.0000000000
65071  52.131  -9.035  32.484 0.0000000000
37179  24.342  -34.942  46.462 0.0000000000
36137  23.442  -35.420  47.006 0.0000000000
36125  24.505  -35.427  47.985 0.0000000000
36126  23.714  -35.546  47.796 0.0000000000
35141  21.902  -35.957  47.459 0.0000000000
38296  26.498  -33.509  48.226 0.0000000000
52358  38.421  -20.828  49.117 0.0000000000
52357  38.918  -20.625  48.663 0.0000000000
51347  39.753  -21.149  47.697 0.0000000000
50328  40.202  -21.778  46.446 0.0000000000
51365  40.518  -21.141  46.627 0.0000000000
52399  41.096  -20.494  45.618 0.0000000000
52417  41.302  -20.561  44.816 0.0000000000
52431  41.503  -20.574  44.100 0.0000000000
52430  41.929  -20.332  43.613 0.0000000000
51411  40.632  -21.476  41.781 0.0000000000
51420  40.508  -21.125  40.939 0.0000000000
51429  40.264  -21.025  40.306 0.0000000000
51430  39.652  -21.141  39.919 0.0000000000
52475  39.095  -20.952  38.647 0.0000000000
51442  38.363  -21.222  38.631 0.0000000000
51443  37.543  -21.421  38.459 0.0000000000
42024  23.072  -29.937  32.958 0.0000000000
43221  22.886  -29.667  32.250 0.0000000000
42061  20.027  -30.626  29.606 0.0000000000
43272  20.374  -30.305  29.466 0.0000000000
68478  51.301  -5.578  30.693 0.0000000000
41940  20.177  -30.573  36.274 0.0000000000
41920  18.803  -30.923  37.027 0.0000000000
41921  18.260  -30.788  37.033 0.0000000000
41922  17.292  -30.641  37.046 0.0000000000
41923  16.431  -30.675  37.078 0.0000000000
40826  16.793  -30.857  37.873 0.0000000000
38406  18.139  -32.657  42.012 0.0000000000
39602  16.547  -32.229  42.334 0.0000000000
40761  15.758  -31.486  41.173 0.0000000000
40746  13.364  -31.971  41.099 0.0000000000
39583  12.822  -32.367  41.556 0.0000000000
48092  34.311  -24.180  49.888 0.0000000000
47004  34.941  -24.526  49.336 0.0000000000
47065  34.313  -24.741  48.087 0.0000000000
48134  33.919  -24.750  47.684 0.0000000000
47081  32.887  -24.879  47.318 0.0000000000
47082  32.055  -25.168  47.314 0.0000000000
45945  32.159  -25.375  48.247 0.0000000000
47083  31.422  -25.544  46.990 0.0000000000
45965  30.682  -25.671  46.235 0.0000000000
45966  30.091  -26.241  45.687 0.0000000000
45967  29.518  -26.687  45.269 0.0000000000
39557  27.516  -31.358  44.018 0.0000000000
39558  27.073  -31.822  43.609 0.0000000000
39599  26.030  -31.966  41.647 0.0000000000
38399  25.580  -32.579  41.610 0.0000000000
40759  26.059  -31.429  41.402 0.0000000000
40760  25.839  -31.085  40.939 0.0000000000
40777  25.498  -31.267  40.213 0.0000000000
40797  24.689  -31.252  38.580 0.0000000000
39687  24.329  -31.793  38.282 0.0000000000
38491  23.562  -32.380  38.181 0.0000000000
39689  23.447  -32.231  37.585 0.0000000000
39714  22.746  -31.624  36.697 0.0000000000
40849  21.666  -30.969  36.563 0.0000000000
65042  50.362  -8.776  34.918 0.0000000000
65044  49.216  -9.412  34.098 0.0000000000
61996  49.372  -11.466  33.933 0.0000000000
39480  12.249  -31.737  48.213 0.0000000000
70665  50.765  -3.516  36.897 0.0000000000
70666  50.364  -3.556  37.397 0.0000000000
70689  49.443  -3.884  36.644 0.0000000000
67318  44.709  -6.943  35.088 0.0000000000
66199  43.928  -7.772  35.262 0.0000000000
59820  45.768  -12.941  42.434 0.0000000000
55608  42.256  -16.891  39.385 0.0000000000
56709  42.366  -16.093  38.949 0.0000000000
56725  41.296  -16.075  37.547 0.0000000000
57786  42.298  -15.111  38.153 0.0000000000
58825  42.620  -14.216  37.374 0.0000000000
58841  42.280  -13.939  36.801 0.0000000000
59886  42.586  -13.698  36.867 0.0000000000
59901  42.270  -13.278  36.262 0.0000000000
59902  41.676  -13.622  36.023 0.0000000000
58876  40.489  -14.317  35.043 0.0000000000
59939  40.497  -13.451  34.345 0.0000000000
59981  38.951  -13.137  32.123 0.0000000000
59982  38.452  -13.675  31.809 0.0000000000
59983  37.893  -14.004  31.249 0.0000000000
58912  37.787  -14.679  31.919 0.0000000000
58927  36.872  -14.808  30.575 0.0000000000
53610  36.056  -19.823  32.702 0.0000000000
53625  35.864  -19.690  32.161 0.0000000000
52592  35.294  -20.012  32.107 0.0000000000
53643  34.615  -19.584  31.273 0.0000000000
53666  34.598  -19.148  30.644 0.0000000000
53667  33.820  -19.181  30.208 0.0000000000
53691  33.459  -18.953  29.652 0.0000000000
48278  31.890  -24.137  41.129 0.0000000000
49359  30.410  -24.001  38.756 0.0000000000
49427  29.323  -23.012  35.974 0.0000000000
48463  23.645  -24.723  30.779 0.0000000000
48462  24.012  -24.337  31.462 0.0000000000
49520  24.012  -23.884  30.795 0.0000000000
49539  24.037  -23.716  29.675 0.0000000000
48518  24.257  -24.395  28.745 0.0000000000
50570  24.850  -22.660  29.848 0.0000000000
74962  54.254  0.934  25.150 0.0000000000
75990  53.960  1.756  25.406 0.0000000000
72821  52.540  -1.840  24.769 0.0000000000
71799  49.804  -2.989  27.626 0.0000000000
38401  22.178  -32.873  41.215 0.0000000000
37255  20.043  -32.655  42.597 0.0000000000
37200  21.875  -34.275  44.590 0.0000000000
37190  21.504  -34.688  45.332 0.0000000000
37236  18.993  -33.200  43.091 0.0000000000
37237  18.567  -33.262  43.306 0.0000000000
37220  18.294  -33.402  43.866 0.0000000000
36163  18.964  -33.977  44.396 0.0000000000
44952  30.715  -27.124  50.260 0.0000000000
44951  31.056  -27.177  50.171 0.0000000000
43991  31.195  -27.749  49.387 0.0000000000
44005  31.251  -27.796  48.942 0.0000000000
42974  30.526  -28.459  48.307 0.0000000000
41801  29.653  -29.599  47.939 0.0000000000
41810  29.419  -29.761  47.391 0.0000000000
40688  28.478  -30.763  46.239 0.0000000000
39469  28.263  -31.376  47.655 0.0000000000
38310  28.125  -31.679  47.172 0.0000000000
38323  28.009  -31.874  46.926 0.0000000000
38324  27.663  -32.237  46.662 0.0000000000
39509  28.011  -31.737  46.576 0.0000000000
38380  25.667  -32.916  42.703 0.0000000000
37196  25.870  -33.192  43.903 0.0000000000
38362  25.767  -32.927  43.135 0.0000000000
37229  25.342  -33.146  42.253 0.0000000000
37251  24.236  -33.047  41.648 0.0000000000
66263  47.319  -7.782  31.762 0.0000000000
65090  47.057  -8.651  31.648 0.0000000000
71610  47.809  -2.618  40.380 0.0000000000
69463  47.392  -3.551  40.712 0.0000000000
69443  47.317  -3.415  40.933 0.0000000000
66137  45.473  -7.759  39.401 0.0000000000
55561  43.469  -17.326  42.049 0.0000000000
55575  43.034  -17.569  40.875 0.0000000000
52441  42.417  -20.037  42.318 0.0000000000
52452  42.438  -19.792  41.795 0.0000000000
52453  42.015  -20.256  41.447 0.0000000000
53453  42.472  -19.368  41.389 0.0000000000
54509  42.620  -18.439  40.884 0.0000000000
55593  41.958  -17.655  39.583 0.0000000000
55610  41.046  -17.993  38.256 0.0000000000
54534  40.825  -18.653  38.031 0.0000000000
54598  38.775  -18.686  33.849 0.0000000000
53584  38.857  -19.453  34.435 0.0000000000
53606  38.597  -19.253  33.917 0.0000000000
53607  38.186  -19.296  33.620 0.0000000000
53587  36.986  -19.809  33.675 0.0000000000
52518  37.714  -20.986  36.137 0.0000000000
51488  37.367  -21.303  36.866 0.0000000000
52519  37.044  -20.959  35.842 0.0000000000
52536  37.630  -20.551  35.390 0.0000000000
52564  35.752  -20.287  33.327 0.0000000000
52565  34.864  -20.684  33.110 0.0000000000
52566  34.401  -20.710  32.758 0.0000000000
51517  34.782  -21.336  34.436 0.0000000000
51530  34.540  -21.093  33.692 0.0000000000
51531  33.905  -21.116  33.111 0.0000000000
51542  33.236  -20.934  32.469 0.0000000000
47179  26.755  -26.066  38.188 0.0000000000
48317  27.366  -25.331  38.118 0.0000000000
47199  26.618  -25.796  37.420 0.0000000000
47218  26.095  -25.632  36.385 0.0000000000
47235  25.269  -25.574  35.437 0.0000000000
46126  24.756  -26.525  35.279 0.0000000000
47247  24.735  -25.426  34.630 0.0000000000
47278  23.960  -25.629  32.632 0.0000000000
47298  23.888  -25.188  32.022 0.0000000000
43238  23.178  -29.143  31.721 0.0000000000
44273  23.494  -28.383  32.115 0.0000000000
44293  22.911  -28.334  30.328 0.0000000000
45203  23.461  -27.491  31.538 0.0000000000
46183  23.646  -26.650  31.868 0.0000000000
47299  23.656  -25.663  31.572 0.0000000000
75976  52.553  1.287  27.725 0.0000000000
73844  51.890  -1.068  28.055 0.0000000000
72768  50.878  -1.934  27.964 0.0000000000
39639  19.511  -31.992  39.671 0.0000000000
40827  15.650  -31.114  37.506 0.0000000000
40778  16.868  -31.511  39.387 0.0000000000
50286  35.827  -22.427  49.961 0.0000000000
52349  37.474  -20.802  50.039 0.0000000000
51349  38.421  -21.556  48.602 0.0000000000
50310  38.511  -22.434  48.093 0.0000000000
49240  38.749  -23.127  47.223 0.0000000000
48129  38.224  -23.466  47.230 0.0000000000
49253  38.789  -23.231  46.662 0.0000000000
49271  37.975  -23.169  45.684 0.0000000000
49287  37.564  -23.036  45.071 0.0000000000
50350  37.125  -22.870  43.975 0.0000000000
50360  36.750  -22.681  43.321 0.0000000000
49301  36.445  -23.044  44.048 0.0000000000
49302  35.693  -23.026  43.701 0.0000000000
49303  34.671  -23.184  43.553 0.0000000000
48198  32.649  -23.799  44.816 0.0000000000
48178  31.896  -24.339  45.481 0.0000000000
48237  32.081  -23.963  42.885 0.0000000000
48258  31.974  -23.998  41.958 0.0000000000
48260  30.227  -24.361  41.350 0.0000000000
48240  29.509  -24.572  41.956 0.0000000000
48261  29.349  -24.646  41.142 0.0000000000
48282  28.281  -25.067  39.835 0.0000000000
47162  27.799  -25.392  39.776 0.0000000000
44020  31.153  -27.661  48.587 0.0000000000
44037  30.601  -27.897  47.592 0.0000000000
43000  29.813  -28.797  46.835 0.0000000000
44987  30.310  -27.383  46.701 0.0000000000
44997  29.846  -27.286  46.140 0.0000000000
44998  29.526  -27.085  45.619 0.0000000000
45029  28.762  -26.878  44.337 0.0000000000
40710  27.748  -30.869  44.264 0.0000000000
41839  27.987  -30.060  44.521 0.0000000000
43036  27.425  -29.353  43.187 0.0000000000
43035  27.799  -29.132  43.912 0.0000000000
44073  28.277  -28.274  44.215 0.0000000000
45992  28.444  -26.841  43.200 0.0000000000
46007  28.361  -26.409  42.636 0.0000000000
45084  26.757  -27.401  41.311 0.0000000000
46024  27.280  -26.706  41.598 0.0000000000
46037  27.684  -26.111  41.387 0.0000000000
47152  27.468  -25.814  40.158 0.0000000000
47163  27.372  -25.793  39.522 0.0000000000
47178  27.209  -25.742  38.706 0.0000000000
46097  26.193  -26.459  38.000 0.0000000000
46098  25.603  -27.029  37.676 0.0000000000
45120  25.394  -28.034  38.302 0.0000000000
45131  25.119  -27.819  37.247 0.0000000000
44228  24.215  -28.804  35.389 0.0000000000
43202  23.883  -29.436  34.012 0.0000000000
41919  24.682  -30.511  37.953 0.0000000000
41937  24.473  -30.573  36.997 0.0000000000
41960  24.153  -30.382  36.376 0.0000000000
40876  23.045  -31.282  35.537 0.0000000000
40900  23.579  -30.780  35.450 0.0000000000
41984  23.764  -30.366  35.084 0.0000000000
41985  23.482  -30.481  34.589 0.0000000000
42004  23.330  -30.202  33.916 0.0000000000
42025  22.219  -30.170  32.576 0.0000000000
43222  21.144  -29.927  32.201 0.0000000000
43242  19.463  -30.223  31.077 0.0000000000
67357  53.445  -6.640  32.400 0.0000000000
65055  52.758  -8.629  33.484 0.0000000000
63996  50.845  -9.480  35.062 0.0000000000
61994  50.966  -11.041  34.484 0.0000000000
62992  51.539  -10.774  34.251 0.0000000000
62995  47.179  -10.812  33.132 0.0000000000
38278  24.545  -33.867  49.116 0.0000000000
35113  23.252  -35.459  48.817 0.0000000000
36109  23.057  -35.272  49.030 0.0000000000
35135  21.440  -36.095  48.181 0.0000000000
35106  21.290  -35.862  50.154 0.0000000000
36128  19.618  -35.827  47.437 0.0000000000
36130  18.298  -34.507  46.982 0.0000000000
38337  17.431  -33.345  46.025 0.0000000000
38350  17.005  -32.741  45.663 0.0000000000
37150  17.415  -33.850  49.931 0.0000000000
37159  17.214  -33.911  49.259 0.0000000000
37169  17.156  -33.797  48.590 0.0000000000
38315  15.711  -33.130  48.398 0.0000000000
38314  16.547  -33.388  47.966 0.0000000000
38327  16.592  -33.065  47.226 0.0000000000
39542  16.201  -32.222  45.222 0.0000000000
40700  15.020  -31.795  44.607 0.0000000000
40701  14.302  -31.558  44.795 0.0000000000
40702  13.292  -31.511  44.401 0.0000000000
40693  13.951  -31.591  45.690 0.0000000000
40662  12.016  -31.599  47.539 0.0000000000
40674  11.715  -31.806  46.541 0.0000000000
76977  53.176  2.918  27.723 0.0000000000
75968  53.075  2.165  29.466 0.0000000000
75959  52.986  1.628  29.643 0.0000000000
73818  53.220  -1.215  29.885 0.0000000000
76935  52.876  3.112  30.863 0.0000000000
75933  52.968  2.479  30.916 0.0000000000
74903  52.923  0.718  30.615 0.0000000000
71770  53.407  -3.005  30.634 0.0000000000
71757  53.343  -3.187  31.339 0.0000000000
70754  51.872  -2.968  33.011 0.0000000000
70753  52.662  -3.945  32.673 0.0000000000
69624  52.940  -4.670  32.838 0.0000000000
68427  53.236  -6.194  33.171 0.0000000000
67328  52.427  -6.654  34.467 0.0000000000
66194  52.048  -7.451  35.057 0.0000000000
66195  51.784  -7.600  35.151 0.0000000000
68396  51.021  -5.139  36.500 0.0000000000
66228  49.588  -7.866  34.253 0.0000000000
67344  49.656  -6.832  34.017 0.0000000000
66229  49.203  -7.727  33.688 0.0000000000
72620  48.691  -1.708  38.956 0.0000000000
72605  48.980  -2.153  39.190 0.0000000000
70633  49.401  -2.986  38.614 0.0000000000
70690  48.954  -3.932  36.314 0.0000000000
68397  47.099  -5.034  36.955 0.0000000000
69556  48.262  -4.086  36.410 0.0000000000
69605  48.574  -4.578  34.415 0.0000000000
67378  46.947  -7.285  31.574 0.0000000000
67347  44.705  -6.651  33.440 0.0000000000
64966  45.692  -8.395  41.102 0.0000000000
64973  45.251  -8.662  39.773 0.0000000000
64974  44.711  -8.911  39.339 0.0000000000
58744  45.725  -13.564  42.149 0.0000000000
59839  45.760  -12.987  41.920 0.0000000000
56697  43.161  -16.209  40.212 0.0000000000
57750  43.614  -15.534  40.337 0.0000000000
58793  43.470  -14.703  39.147 0.0000000000
58778  44.624  -14.335  40.443 0.0000000000
58777  45.111  -13.905  40.688 0.0000000000
59840  45.604  -13.126  41.441 0.0000000000
60934  45.615  -12.397  41.091 0.0000000000
61939  45.643  -11.846  41.250 0.0000000000
63964  43.189  -9.744  36.829 0.0000000000
60983  42.202  -12.405  35.766 0.0000000000
61982  41.926  -11.584  35.298 0.0000000000
61999  41.441  -11.437  34.554 0.0000000000
61998  41.691  -11.091  34.958 0.0000000000
62979  41.696  -10.606  34.628 0.0000000000
64001  41.744  -10.028  34.198 0.0000000000
64013  41.995  -9.545  33.989 0.0000000000
65060  41.635  -9.306  33.014 0.0000000000
64040  41.170  -9.249  31.820 0.0000000000
61054  38.261  -12.691  30.277 0.0000000000
60029  37.054  -13.217  29.127 0.0000000000
55680  38.627  -17.659  33.747 0.0000000000
57875  36.883  -16.241  31.211 0.0000000000
57899  35.899  -15.738  29.827 0.0000000000
53641  36.201  -19.250  31.760 0.0000000000
54647  36.280  -18.699  31.186 0.0000000000
54664  36.066  -18.217  30.568 0.0000000000
54685  35.094  -18.296  29.822 0.0000000000
55738  35.439  -18.079  29.932 0.0000000000
55737  35.767  -17.675  30.103 0.0000000000
56839  35.509  -16.826  29.660 0.0000000000
50381  35.752  -22.505  41.248 0.0000000000
50418  34.645  -22.591  38.142 0.0000000000
49356  33.477  -23.546  39.288 0.0000000000
50400  33.982  -23.055  38.452 0.0000000000
50464  33.054  -22.479  34.956 0.0000000000
48332  27.210  -25.055  37.415 0.0000000000
48344  27.907  -24.200  36.701 0.0000000000
48362  27.011  -24.133  35.814 0.0000000000
49413  27.773  -24.029  36.387 0.0000000000
49412  28.363  -23.952  36.680 0.0000000000
49428  28.486  -23.321  36.013 0.0000000000
49477  25.195  -23.356  32.678 0.0000000000
50507  26.686  -23.061  33.933 0.0000000000
50468  29.371  -22.706  35.144 0.0000000000
50486  29.428  -22.479  34.277 0.0000000000
50504  29.552  -22.233  33.524 0.0000000000
51547  28.531  -21.740  32.594 0.0000000000
50521  29.544  -21.966  32.857 0.0000000000
50519  30.791  -21.917  32.221 0.0000000000
73873  52.197  -0.657  25.586 0.0000000000
71836  52.120  -2.602  24.836 0.0000000000
71807  49.743  -3.005  27.000 0.0000000000
67374  53.336  -6.685  31.849 0.0000000000
67375  52.840  -6.637  31.482 0.0000000000
66260  52.329  -7.522  31.789 0.0000000000
35112  23.824  -35.377  48.739 0.0000000000
35132  23.448  -35.733  48.094 0.0000000000
36102  19.451  -35.367  50.742 0.0000000000
36155  18.387  -34.024  45.372 0.0000000000
37185  26.479  -33.224  45.107 0.0000000000
37211  25.819  -33.003  43.392 0.0000000000
37248  25.591  -32.845  41.963 0.0000000000
37249  25.348  -32.956  41.764 0.0000000000
37266  24.953  -32.863  41.352 0.0000000000
37269  23.429  -32.805  40.773 0.0000000000
37282  24.734  -32.718  40.954 0.0000000000
38379  25.828  -32.708  42.388 0.0000000000
38398  25.873  -32.347  41.721 0.0000000000
38447  25.223  -32.284  40.657 0.0000000000
38472  24.161  -32.524  39.283 0.0000000000
38492  23.315  -32.376  37.905 0.0000000000
39450  28.369  -31.237  48.068 0.0000000000
39495  16.162  -33.054  47.526 0.0000000000
39543  15.069  -31.931  45.181 0.0000000000
39600  25.766  -32.262  41.520 0.0000000000
39603  13.039  -32.712  40.893 0.0000000000
39617  25.868  -31.681  41.248 0.0000000000
39659  24.931  -31.786  39.627 0.0000000000
39662  22.812  -32.313  38.509 0.0000000000
39711  24.170  -31.729  37.570 0.0000000000
39733  23.089  -31.542  36.191 0.0000000000
39735  22.553  -31.063  35.768 0.0000000000
39750  22.728  -31.098  35.517 0.0000000000
40657  29.825  -30.079  48.133 0.0000000000
40663  11.675  -31.747  47.196 0.0000000000
40715  12.577  -31.912  43.206 0.0000000000
40823  19.579  -31.182  37.574 0.0000000000
40875  23.401  -31.138  35.860 0.0000000000
40877  22.857  -31.188  35.483 0.0000000000
40901  23.342  -30.883  35.113 0.0000000000
40922  22.767  -30.668  34.276 0.0000000000
41886  25.958  -30.367  40.755 0.0000000000
41938  24.099  -30.857  36.534 0.0000000000
41939  20.746  -30.592  36.194 0.0000000000
41961  23.812  -30.593  35.921 0.0000000000
42045  21.586  -30.027  32.176 0.0000000000
42942  31.089  -28.016  49.281 0.0000000000
42960  31.097  -28.081  49.103 0.0000000000
43149  24.339  -29.661  36.398 0.0000000000
43185  23.984  -29.537  34.810 0.0000000000
43977  31.228  -27.548  49.617 0.0000000000
43978  30.987  -27.799  49.678 0.0000000000
43992  31.055  -27.941  49.450 0.0000000000
44021  30.795  -27.936  48.034 0.0000000000
44118  27.743  -27.843  42.980 0.0000000000
44188  25.221  -29.027  38.501 0.0000000000
44294  22.359  -28.513  29.771 0.0000000000
44945  30.067  -27.300  50.296 0.0000000000
44965  31.814  -26.377  48.958 0.0000000000
45012  28.596  -27.589  44.478 0.0000000000
45046  28.102  -27.337  42.994 0.0000000000
47046  35.792  -24.316  48.570 0.0000000000
47198  27.078  -25.609  37.950 0.0000000000
47246  25.013  -25.055  34.939 0.0000000000
48113  38.067  -23.498  47.486 0.0000000000
48151  37.560  -23.683  46.673 0.0000000000
48330  28.675  -24.257  37.578 0.0000000000
48364  25.687  -24.912  35.444 0.0000000000
48378  25.417  -24.534  34.814 0.0000000000
48442  23.829  -24.884  31.624 0.0000000000
49241  38.351  -23.462  46.982 0.0000000000
49252  39.254  -22.887  46.813 0.0000000000
49256  36.562  -23.714  46.142 0.0000000000
49269  39.277  -22.972  46.317 0.0000000000
49381  29.317  -24.204  38.065 0.0000000000
49443  25.855  -24.002  34.641 0.0000000000
49521  23.676  -24.179  30.069 0.0000000000
49540  23.726  -24.174  29.702 0.0000000000
50300  35.618  -23.065  49.802 0.0000000000
50318  40.033  -21.945  46.925 0.0000000000
50320  38.833  -22.705  47.587 0.0000000000
50327  40.396  -21.541  46.109 0.0000000000
50335  40.424  -21.581  45.909 0.0000000000
50356  40.142  -22.134  44.411 0.0000000000
50508  26.152  -23.391  33.718 0.0000000000
50542  26.179  -22.209  32.175 0.0000000000
50544  24.939  -23.104  31.684 0.0000000000
51375  40.418  -21.806  45.265 0.0000000000
51390  42.182  -20.411  42.909 0.0000000000
51398  42.274  -20.289  42.719 0.0000000000
51403  39.034  -21.816  42.074 0.0000000000
51410  41.527  -21.081  41.884 0.0000000000
51505  35.850  -21.287  35.472 0.0000000000
51549  26.951  -22.028  32.639 0.0000000000
52356  39.639  -20.300  48.199 0.0000000000
52384  40.548  -20.705  47.043 0.0000000000
52454  41.489  -20.711  41.315 0.0000000000
52471  41.902  -19.828  40.094 0.0000000000
53408  42.386  -19.268  44.053 0.0000000000
53564  38.664  -19.943  34.809 0.0000000000
54468  42.607  -18.719  44.288 0.0000000000
57797  42.524  -14.747  37.974 0.0000000000
60923  45.691  -12.576  41.611 0.0000000000
61099  36.695  -12.853  27.478 0.0000000000
66211  51.912  -8.211  34.898 0.0000000000
66243  53.192  -7.685  32.378 0.0000000000
66268  42.820  -7.801  31.331 0.0000000000
68429  50.319  -6.059  34.481 0.0000000000
71634  50.088  -2.496  38.235 0.0000000000
72714  51.945  -1.593  32.972 0.0000000000
76990  53.093  2.110  26.617 0.0000000000
77927  52.920  3.512  30.696 0.0000000000
