#!ascii label  , from subject 3668 vox2ras=TkReg
1359
62683  -44.032  -32.405  25.403 0.0000000000
75131  -57.458  -21.423  18.676 0.0000000000
67897  -52.374  -28.189  21.205 0.0000000000
39316  -18.340  -55.738  46.979 0.0000000000
59250  -42.238  -35.764  29.771 0.0000000000
45551  -32.664  -48.685  42.431 0.0000000000
44605  -42.695  -49.734  39.664 0.0000000000
51594  -44.707  -42.646  36.445 0.0000000000
55832  -46.775  -38.710  35.522 0.0000000000
45567  -24.031  -49.208  41.135 0.0000000000
45508  -28.283  -48.652  44.762 0.0000000000
46621  -27.649  -48.190  39.166 0.0000000000
47636  -36.775  -47.752  35.878 0.0000000000
48564  -41.496  -45.671  36.165 0.0000000000
64699  -47.910  -31.245  31.103 0.0000000000
63649  -51.349  -32.563  28.573 0.0000000000
69996  -54.889  -25.300  20.027 0.0000000000
64818  -47.778  -30.647  23.232 0.0000000000
76201  -53.993  -19.648  14.377 0.0000000000
35359  -14.838  -58.587  48.677 0.0000000000
59203  -47.410  -34.700  33.472 0.0000000000
62622  -42.728  -33.384  27.184 0.0000000000
46657  -32.240  -47.498  37.400 0.0000000000
44583  -37.472  -50.030  40.792 0.0000000000
63726  -55.464  -31.488  24.970 0.0000000000
82088  -59.232  -14.197  11.660 0.0000000000
51630  -42.187  -42.710  34.133 0.0000000000
54808  -43.115  -40.156  34.058 0.0000000000
46599  -25.516  -48.673  39.933 0.0000000000
49490  -38.787  -45.101  33.849 0.0000000000
50496  -40.858  -43.780  34.020 0.0000000000
50456  -43.077  -44.220  36.717 0.0000000000
62605  -46.138  -33.030  28.617 0.0000000000
63610  -50.204  -32.341  30.365 0.0000000000
62650  -47.471  -32.913  26.610 0.0000000000
72184  -56.111  -23.198  19.426 0.0000000000
71085  -58.539  -24.374  22.219 0.0000000000
75145  -59.872  -20.401  18.458 0.0000000000
39326  -15.401  -55.214  44.877 0.0000000000
37264  -16.381  -57.153  47.475 0.0000000000
58027  -44.368  -36.589  32.422 0.0000000000
57989  -47.457  -36.337  34.122 0.0000000000
60340  -45.083  -34.946  31.470 0.0000000000
62571  -45.108  -33.228  30.687 0.0000000000
61519  -42.337  -34.291  28.347 0.0000000000
45528  -30.023  -48.593  43.575 0.0000000000
46544  -30.592  -48.152  46.318 0.0000000000
46556  -32.550  -48.528  45.392 0.0000000000
45515  -35.176  -48.951  44.009 0.0000000000
48560  -29.398  -46.440  35.856 0.0000000000
47650  -32.331  -46.750  35.660 0.0000000000
45646  -40.256  -49.478  37.661 0.0000000000
45658  -37.368  -49.081  37.689 0.0000000000
44586  -39.986  -49.875  40.418 0.0000000000
44532  -39.504  -49.761  42.766 0.0000000000
42530  -20.334  -52.012  44.117 0.0000000000
42498  -21.916  -51.632  46.980 0.0000000000
42471  -22.326  -51.756  49.166 0.0000000000
66886  -50.110  -29.112  22.135 0.0000000000
64795  -51.548  -30.674  24.267 0.0000000000
65875  -53.315  -29.710  23.440 0.0000000000
82107  -60.093  -13.183  10.756 0.0000000000
38197  -17.041  -55.980  50.753 0.0000000000
52653  -45.994  -41.933  38.754 0.0000000000
53734  -47.594  -40.473  38.100 0.0000000000
53764  -45.664  -40.890  36.022 0.0000000000
56877  -44.019  -38.331  33.838 0.0000000000
44528  -23.878  -49.635  43.387 0.0000000000
44498  -25.770  -49.901  45.680 0.0000000000
45523  -25.342  -49.108  42.866 0.0000000000
45571  -27.566  -48.811  41.626 0.0000000000
46587  -30.226  -48.388  41.031 0.0000000000
48577  -34.618  -46.625  34.494 0.0000000000
48579  -36.429  -46.590  34.043 0.0000000000
47638  -39.678  -47.166  35.731 0.0000000000
45663  -42.227  -47.808  37.420 0.0000000000
48529  -42.957  -45.703  38.000 0.0000000000
50427  -44.091  -44.048  38.757 0.0000000000
44559  -21.409  -50.070  41.032 0.0000000000
63576  -49.539  -31.788  33.613 0.0000000000
63544  -52.721  -31.793  35.159 0.0000000000
64673  -51.428  -31.617  32.488 0.0000000000
64690  -53.426  -31.353  31.336 0.0000000000
67915  -53.385  -27.140  20.476 0.0000000000
67852  -55.725  -28.325  23.193 0.0000000000
69946  -56.755  -26.081  23.823 0.0000000000
30285  -11.377  -63.173  51.852 0.0000000000
63751  -46.574  -31.456  24.265 0.0000000000
66905  -46.832  -29.084  21.022 0.0000000000
68917  -49.823  -26.169  19.389 0.0000000000
71127  -51.201  -24.725  18.674 0.0000000000
72196  -52.480  -23.159  18.348 0.0000000000
74133  -54.341  -21.829  17.367 0.0000000000
76162  -55.541  -21.085  16.170 0.0000000000
76174  -51.802  -20.450  15.439 0.0000000000
37220  -15.930  -57.468  51.419 0.0000000000
35320  -14.450  -58.997  51.677 0.0000000000
33345  -12.868  -61.459  52.290 0.0000000000
60268  -50.439  -35.001  39.250 0.0000000000
55805  -48.980  -38.724  37.730 0.0000000000
59150  -49.335  -36.200  36.625 0.0000000000
61453  -49.178  -33.856  34.994 0.0000000000
63585  -47.045  -32.120  32.134 0.0000000000
63625  -45.700  -32.477  29.590 0.0000000000
63685  -43.419  -32.766  26.939 0.0000000000
45480  -27.975  -49.120  47.387 0.0000000000
46640  -29.743  -47.714  38.327 0.0000000000
45619  -32.294  -48.562  39.852 0.0000000000
46674  -34.561  -47.342  36.477 0.0000000000
45641  -34.757  -48.646  38.926 0.0000000000
45579  -35.248  -49.223  41.612 0.0000000000
45536  -37.413  -49.550  43.000 0.0000000000
39337  -17.617  -54.621  44.943 0.0000000000
40372  -19.205  -53.176  44.393 0.0000000000
39318  -19.621  -54.458  46.759 0.0000000000
63688  -50.245  -32.218  25.860 0.0000000000
62656  -53.194  -32.415  26.422 0.0000000000
63669  -57.290  -31.377  27.509 0.0000000000
65862  -56.007  -29.484  23.617 0.0000000000
76194  -57.808  -19.768  15.175 0.0000000000
78130  -58.807  -18.011  14.788 0.0000000000
79134  -59.476  -16.619  14.353 0.0000000000
80130  -57.257  -15.814  12.200 0.0000000000
81077  -60.981  -14.690  13.574 0.0000000000
51652  -41.192  -42.449  33.148 0.0000000000
52749  -42.132  -41.449  33.384 0.0000000000
52766  -40.587  -41.383  32.065 0.0000000000
50515  -39.722  -43.708  33.056 0.0000000000
51651  -40.408  -43.067  32.919 0.0000000000
51629  -41.356  -43.133  33.807 0.0000000000
62648  -45.254  -32.719  26.788 0.0000000000
62626  -47.064  -33.306  27.738 0.0000000000
62668  -45.722  -32.565  25.883 0.0000000000
73165  -57.217  -22.227  19.571 0.0000000000
72168  -58.116  -23.029  20.437 0.0000000000
74096  -58.207  -21.630  20.010 0.0000000000
75123  -59.338  -20.705  20.226 0.0000000000
75143  -57.893  -21.205  18.340 0.0000000000
38247  -16.795  -55.873  45.867 0.0000000000
38239  -16.308  -56.679  46.508 0.0000000000
38228  -17.140  -56.648  47.493 0.0000000000
59235  -43.668  -36.051  31.092 0.0000000000
59223  -44.677  -35.773  31.987 0.0000000000
60352  -43.091  -35.528  30.097 0.0000000000
60367  -43.465  -34.819  29.691 0.0000000000
60366  -42.627  -35.071  29.364 0.0000000000
43473  -24.008  -50.858  48.091 0.0000000000
45529  -31.016  -48.575  43.456 0.0000000000
46563  -31.687  -48.115  44.907 0.0000000000
45512  -32.258  -48.489  44.205 0.0000000000
46566  -33.463  -48.643  44.905 0.0000000000
45532  -33.858  -48.631  43.376 0.0000000000
45625  -41.601  -49.562  38.525 0.0000000000
44613  -39.881  -49.895  38.574 0.0000000000
44603  -40.664  -49.886  39.319 0.0000000000
44566  -41.325  -49.874  41.273 0.0000000000
43510  -22.917  -50.777  45.247 0.0000000000
43494  -23.083  -51.102  46.184 0.0000000000
43472  -23.457  -51.094  47.917 0.0000000000
61412  -51.787  -33.743  38.523 0.0000000000
66908  -50.629  -28.659  21.607 0.0000000000
66869  -51.814  -29.489  22.747 0.0000000000
66888  -52.629  -28.894  22.248 0.0000000000
51577  -45.472  -42.458  37.790 0.0000000000
52674  -46.007  -41.734  37.720 0.0000000000
52689  -45.373  -41.960  36.350 0.0000000000
54827  -43.343  -39.186  33.777 0.0000000000
55873  -42.647  -38.590  32.700 0.0000000000
56911  -42.889  -37.984  32.545 0.0000000000
44543  -23.813  -49.442  42.300 0.0000000000
44529  -24.844  -49.492  43.436 0.0000000000
45543  -24.874  -49.121  42.241 0.0000000000
46601  -27.110  -47.950  40.059 0.0000000000
46583  -26.605  -48.668  40.515 0.0000000000
46585  -28.317  -48.466  40.824 0.0000000000
45573  -29.472  -48.513  41.808 0.0000000000
46603  -29.081  -48.201  39.983 0.0000000000
48617  -35.176  -45.939  32.970 0.0000000000
49477  -39.835  -45.321  34.580 0.0000000000
48582  -39.175  -46.157  34.900 0.0000000000
47639  -40.364  -46.824  36.006 0.0000000000
46680  -40.724  -47.435  36.401 0.0000000000
47622  -41.807  -46.664  36.959 0.0000000000
47623  -42.404  -46.579  37.371 0.0000000000
48547  -42.398  -45.652  37.133 0.0000000000
50471  -43.343  -43.518  36.249 0.0000000000
49452  -43.398  -44.343  37.484 0.0000000000
50458  -44.305  -43.432  37.399 0.0000000000
51543  -45.159  -42.894  39.135 0.0000000000
44560  -22.491  -49.696  41.128 0.0000000000
64658  -49.055  -31.522  33.034 0.0000000000
64646  -50.817  -31.436  33.716 0.0000000000
64686  -49.595  -31.576  31.686 0.0000000000
63630  -50.564  -32.564  29.256 0.0000000000
64703  -51.941  -31.863  30.877 0.0000000000
63612  -52.277  -31.732  29.998 0.0000000000
64717  -54.081  -31.299  29.994 0.0000000000
63632  -52.830  -31.853  29.157 0.0000000000
68901  -54.797  -26.182  20.345 0.0000000000
68875  -55.516  -26.867  21.664 0.0000000000
69969  -56.097  -26.180  21.455 0.0000000000
71074  -59.450  -23.829  23.596 0.0000000000
70016  -50.960  -25.377  19.045 0.0000000000
71137  -49.808  -24.208  18.585 0.0000000000
73174  -51.040  -22.622  17.976 0.0000000000
74116  -51.505  -22.012  17.647 0.0000000000
74118  -53.284  -21.975  17.800 0.0000000000
75156  -52.610  -21.269  16.637 0.0000000000
75173  -53.223  -20.987  16.110 0.0000000000
36331  -14.661  -57.843  47.240 0.0000000000
34387  -13.889  -59.337  49.057 0.0000000000
38180  -17.690  -56.446  51.913 0.0000000000
37231  -16.569  -56.644  50.756 0.0000000000
37214  -16.316  -57.330  51.969 0.0000000000
34353  -15.015  -59.867  52.127 0.0000000000
33348  -14.473  -60.833  52.340 0.0000000000
34351  -13.543  -60.645  52.419 0.0000000000
32352  -14.097  -61.649  52.368 0.0000000000
31332  -13.268  -62.647  52.487 0.0000000000
54789  -47.521  -39.420  36.535 0.0000000000
54771  -48.612  -39.499  38.114 0.0000000000
55823  -47.756  -38.636  36.157 0.0000000000
59182  -47.680  -35.384  34.083 0.0000000000
57978  -48.472  -36.604  35.109 0.0000000000
59170  -48.623  -35.547  34.895 0.0000000000
60295  -49.081  -35.125  35.773 0.0000000000
60314  -48.571  -34.304  34.420 0.0000000000
62552  -48.550  -32.988  33.546 0.0000000000
61489  -47.426  -33.440  32.836 0.0000000000
62591  -43.792  -33.451  29.058 0.0000000000
62583  -45.490  -32.457  30.506 0.0000000000
63623  -44.240  -33.042  28.775 0.0000000000
63643  -44.615  -32.910  28.476 0.0000000000
63661  -43.036  -33.115  27.024 0.0000000000
45507  -26.994  -49.113  44.876 0.0000000000
44500  -27.080  -49.590  46.546 0.0000000000
45494  -27.696  -49.100  46.092 0.0000000000
47618  -30.750  -47.146  37.135 0.0000000000
47617  -29.919  -47.228  37.137 0.0000000000
47600  -31.063  -47.376  37.754 0.0000000000
46624  -31.013  -47.977  39.301 0.0000000000
46626  -32.883  -48.342  39.099 0.0000000000
47653  -35.306  -46.877  35.113 0.0000000000
47634  -34.920  -47.068  35.958 0.0000000000
46676  -36.240  -47.863  36.514 0.0000000000
44610  -37.294  -49.778  39.713 0.0000000000
45642  -35.826  -48.923  38.849 0.0000000000
45623  -35.837  -49.424  39.807 0.0000000000
45602  -35.092  -49.130  40.696 0.0000000000
45580  -36.083  -49.646  41.669 0.0000000000
45555  -36.385  -49.476  42.423 0.0000000000
45556  -37.242  -49.652  42.423 0.0000000000
47582  -45.717  -47.056  39.777 0.0000000000
41459  -19.826  -52.545  44.201 0.0000000000
41427  -19.874  -53.051  45.260 0.0000000000
40355  -19.323  -53.429  44.966 0.0000000000
41378  -22.517  -52.481  50.868 0.0000000000
64791  -47.317  -31.081  23.863 0.0000000000
63752  -47.644  -31.534  24.543 0.0000000000
64793  -49.377  -31.095  24.490 0.0000000000
64772  -52.882  -31.105  24.806 0.0000000000
63723  -52.446  -31.760  25.254 0.0000000000
63693  -54.676  -32.032  26.046 0.0000000000
63667  -54.867  -32.078  27.256 0.0000000000
63694  -55.805  -31.834  26.283 0.0000000000
67831  -56.675  -27.405  24.620 0.0000000000
66858  -55.845  -28.580  23.469 0.0000000000
66860  -57.763  -28.269  24.115 0.0000000000
76191  -54.468  -20.340  14.961 0.0000000000
76179  -57.190  -20.535  15.703 0.0000000000
76202  -55.010  -19.627  14.372 0.0000000000
77168  -57.342  -18.647  14.277 0.0000000000
78159  -57.473  -17.505  13.465 0.0000000000
78144  -58.933  -17.416  14.427 0.0000000000
79153  -58.139  -16.701  13.362 0.0000000000
81106  -57.545  -14.861  11.149 0.0000000000
80145  -56.944  -15.456  11.454 0.0000000000
81107  -58.534  -14.682  11.711 0.0000000000
80132  -59.220  -15.379  12.966 0.0000000000
81090  -60.060  -14.678  12.913 0.0000000000
82089  -59.934  -13.776  11.959 0.0000000000
82091  -61.488  -13.411  11.156 0.0000000000
51611  -43.494  -42.556  35.331 0.0000000000
52703  -44.076  -41.741  35.285 0.0000000000
52721  -42.660  -41.808  34.149 0.0000000000
53801  -41.960  -40.624  32.931 0.0000000000
45596  -24.683  -48.921  40.404 0.0000000000
49509  -38.728  -44.444  33.124 0.0000000000
49491  -39.796  -44.647  33.922 0.0000000000
49478  -40.991  -45.069  35.308 0.0000000000
49464  -42.449  -45.054  36.274 0.0000000000
50483  -42.154  -43.678  35.076 0.0000000000
51610  -42.763  -42.918  34.898 0.0000000000
63627  -47.654  -32.254  30.092 0.0000000000
64716  -48.304  -31.953  30.386 0.0000000000
63647  -47.676  -32.828  29.804 0.0000000000
62608  -48.999  -33.025  28.406 0.0000000000
62609  -50.078  -32.844  28.269 0.0000000000
72165  -55.915  -23.925  19.716 0.0000000000
71094  -56.928  -25.034  20.962 0.0000000000
71111  -57.316  -24.098  20.449 0.0000000000
72138  -58.966  -23.536  21.835 0.0000000000
76165  -60.307  -19.874  17.534 0.0000000000
37272  -15.423  -57.164  46.675 0.0000000000
36324  -15.540  -57.882  48.230 0.0000000000
57987  -45.472  -37.265  34.005 0.0000000000
57976  -46.800  -37.469  34.804 0.0000000000
58004  -45.603  -36.577  33.349 0.0000000000
59201  -45.752  -35.777  32.681 0.0000000000
60325  -46.223  -34.891  32.426 0.0000000000
61487  -46.130  -33.538  31.788 0.0000000000
60355  -45.310  -34.327  31.130 0.0000000000
61510  -44.054  -34.017  29.708 0.0000000000
61531  -42.658  -34.018  28.143 0.0000000000
45509  -29.369  -48.470  44.562 0.0000000000
45495  -28.923  -48.379  45.647 0.0000000000
46553  -30.281  -47.994  45.552 0.0000000000
46545  -31.344  -48.379  46.116 0.0000000000
45488  -34.748  -49.579  44.888 0.0000000000
48561  -30.604  -46.441  35.763 0.0000000000
47631  -32.073  -46.967  36.389 0.0000000000
45673  -38.645  -48.583  36.537 0.0000000000
46662  -37.290  -48.677  37.004 0.0000000000
45659  -38.452  -49.197  37.324 0.0000000000
44612  -38.866  -49.835  38.902 0.0000000000
44585  -39.015  -49.829  40.515 0.0000000000
45583  -38.531  -49.643  41.871 0.0000000000
44565  -40.333  -49.759  41.268 0.0000000000
43542  -20.730  -51.195  42.554 0.0000000000
43527  -20.911  -51.388  43.544 0.0000000000
42497  -21.395  -51.911  46.583 0.0000000000
41397  -21.733  -52.132  48.760 0.0000000000
42481  -22.321  -51.674  48.337 0.0000000000
65870  -49.213  -30.159  22.891 0.0000000000
64820  -49.722  -30.416  23.653 0.0000000000
65872  -50.838  -29.883  23.152 0.0000000000
65858  -52.100  -30.204  23.723 0.0000000000
64798  -54.254  -30.404  24.163 0.0000000000
77163  -52.404  -18.568  14.007 0.0000000000
77165  -54.513  -18.957  14.014 0.0000000000
78154  -52.927  -17.579  13.043 0.0000000000
82105  -58.085  -14.036  10.421 0.0000000000
82106  -58.940  -13.882  10.832 0.0000000000
82127  -57.910  -13.476  9.726 0.0000000000
82128  -59.288  -13.097  9.765 0.0000000000
39300  -18.492  -55.133  48.854 0.0000000000
38214  -17.565  -55.936  49.106 0.0000000000
53703  -47.543  -40.803  40.356 0.0000000000
52654  -46.590  -41.657  38.920 0.0000000000
53750  -46.758  -40.689  37.024 0.0000000000
54798  -46.469  -39.381  35.795 0.0000000000
53762  -44.275  -40.704  34.884 0.0000000000
54810  -44.473  -39.404  34.546 0.0000000000
55845  -45.265  -38.732  34.882 0.0000000000
56894  -44.357  -37.762  33.659 0.0000000000
58026  -43.619  -37.171  32.329 0.0000000000
43511  -23.894  -50.542  45.368 0.0000000000
44485  -25.263  -50.230  46.093 0.0000000000
44512  -24.917  -49.842  44.445 0.0000000000
44513  -25.867  -49.662  44.607 0.0000000000
45525  -26.903  -48.804  43.577 0.0000000000
45569  -25.719  -48.991  41.059 0.0000000000
45545  -26.750  -48.862  42.506 0.0000000000
45526  -27.910  -48.666  43.713 0.0000000000
45547  -28.717  -48.639  42.707 0.0000000000
45549  -30.694  -48.517  42.550 0.0000000000
45550  -31.683  -48.587  42.440 0.0000000000
48578  -35.588  -46.676  34.256 0.0000000000
47654  -36.333  -46.886  34.807 0.0000000000
48600  -37.942  -45.933  34.024 0.0000000000
48581  -38.196  -46.508  34.679 0.0000000000
46692  -38.041  -47.687  35.582 0.0000000000
45674  -39.489  -48.225  36.400 0.0000000000
45661  -40.690  -48.667  37.142 0.0000000000
45648  -42.260  -48.635  37.918 0.0000000000
45627  -43.583  -49.253  39.267 0.0000000000
45649  -43.285  -48.535  38.385 0.0000000000
47603  -44.631  -47.161  38.668 0.0000000000
47580  -44.491  -45.959  38.711 0.0000000000
49451  -42.969  -45.015  37.428 0.0000000000
49444  -43.434  -44.852  38.364 0.0000000000
49424  -44.459  -44.816  39.801 0.0000000000
50395  -45.430  -43.986  40.426 0.0000000000
44541  -21.911  -50.087  42.035 0.0000000000
63542  -50.789  -32.505  35.106 0.0000000000
63561  -51.367  -31.593  34.353 0.0000000000
64647  -51.732  -31.175  33.782 0.0000000000
65751  -53.513  -30.999  33.508 0.0000000000
64687  -50.615  -31.867  31.775 0.0000000000
64674  -52.373  -31.355  32.363 0.0000000000
67914  -52.592  -27.410  20.376 0.0000000000
67883  -53.421  -28.461  22.004 0.0000000000
68861  -54.875  -27.876  22.249 0.0000000000
68847  -56.242  -27.466  23.528 0.0000000000
68831  -56.984  -26.725  25.006 0.0000000000
69971  -57.230  -25.527  22.330 0.0000000000
69948  -58.059  -25.834  24.576 0.0000000000
63776  -43.526  -32.011  23.507 0.0000000000
63750  -45.438  -31.800  24.372 0.0000000000
63777  -44.698  -31.723  23.384 0.0000000000
64815  -45.292  -31.130  22.789 0.0000000000
64837  -46.639  -30.468  22.484 0.0000000000
65905  -47.311  -29.636  21.574 0.0000000000
66884  -48.646  -29.339  21.718 0.0000000000
66907  -49.490  -28.739  21.433 0.0000000000
67895  -49.952  -28.145  20.943 0.0000000000
67913  -51.478  -27.590  20.289 0.0000000000
68898  -51.777  -26.712  19.693 0.0000000000
69993  -52.392  -26.036  19.387 0.0000000000
70019  -53.824  -25.333  19.300 0.0000000000
72194  -50.669  -23.361  18.198 0.0000000000
71140  -52.139  -23.788  18.374 0.0000000000
72181  -53.797  -23.739  19.036 0.0000000000
72198  -54.092  -23.147  18.884 0.0000000000
73179  -55.279  -22.488  18.754 0.0000000000
75141  -55.777  -21.673  17.445 0.0000000000
75160  -56.453  -21.262  16.829 0.0000000000
75175  -54.759  -21.158  16.394 0.0000000000
76176  -53.850  -20.623  15.659 0.0000000000
76189  -52.383  -20.124  14.839 0.0000000000
77162  -51.164  -18.887  14.425 0.0000000000
37247  -17.019  -56.344  49.164 0.0000000000
36305  -15.883  -57.597  49.842 0.0000000000
36304  -15.296  -58.273  50.011 0.0000000000
35316  -15.572  -58.813  52.303 0.0000000000
36285  -14.954  -58.467  51.584 0.0000000000
35338  -14.723  -58.789  50.190 0.0000000000
35327  -13.971  -59.370  51.154 0.0000000000
34360  -12.788  -60.451  51.698 0.0000000000
33349  -12.059  -61.534  51.614 0.0000000000
32349  -12.488  -62.365  51.991 0.0000000000
61425  -51.105  -33.967  37.954 0.0000000000
56826  -49.436  -38.179  38.755 0.0000000000
56867  -48.184  -37.369  35.405 0.0000000000
57962  -49.105  -37.027  36.590 0.0000000000
59151  -49.596  -35.729  37.191 0.0000000000
60297  -50.218  -34.581  37.102 0.0000000000
61455  -50.497  -33.979  35.850 0.0000000000
62538  -49.753  -33.041  34.846 0.0000000000
63575  -48.719  -32.101  33.360 0.0000000000
64684  -47.722  -31.303  31.862 0.0000000000
62561  -46.470  -32.867  31.997 0.0000000000
63596  -46.047  -31.954  31.067 0.0000000000
63608  -46.725  -31.687  30.806 0.0000000000
63644  -45.323  -32.883  28.887 0.0000000000
62624  -44.832  -32.708  27.469 0.0000000000
62666  -43.770  -32.550  25.935 0.0000000000
60376  -40.614  -35.228  28.436 0.0000000000
60390  -40.880  -34.493  27.984 0.0000000000
61529  -41.193  -33.814  27.498 0.0000000000
62620  -40.809  -33.101  27.051 0.0000000000
63659  -41.351  -32.831  26.494 0.0000000000
63683  -41.741  -32.725  26.043 0.0000000000
63714  -42.239  -32.564  25.574 0.0000000000
63748  -43.069  -32.376  24.401 0.0000000000
45481  -28.922  -48.576  46.848 0.0000000000
47579  -28.010  -48.029  38.301 0.0000000000
47597  -28.680  -47.684  37.775 0.0000000000
46622  -28.818  -48.099  38.828 0.0000000000
46604  -30.123  -48.429  40.078 0.0000000000
45598  -31.591  -48.482  40.760 0.0000000000
45576  -32.398  -48.647  41.468 0.0000000000
48575  -32.606  -46.400  34.884 0.0000000000
47632  -32.907  -47.133  36.219 0.0000000000
47621  -33.271  -47.452  36.753 0.0000000000
46661  -36.491  -48.497  37.387 0.0000000000
46644  -34.468  -48.206  38.167 0.0000000000
45640  -33.745  -48.537  38.938 0.0000000000
45621  -33.950  -48.807  39.721 0.0000000000
45601  -34.164  -48.859  40.636 0.0000000000
45552  -33.631  -48.770  42.456 0.0000000000
45533  -34.819  -48.848  43.324 0.0000000000
45516  -35.958  -49.488  43.640 0.0000000000
39327  -16.513  -55.371  45.075 0.0000000000
39328  -17.844  -55.168  45.652 0.0000000000
42547  -18.563  -52.488  42.816 0.0000000000
40393  -17.784  -53.328  43.599 0.0000000000
40370  -17.593  -54.001  44.459 0.0000000000
39329  -18.732  -54.815  45.862 0.0000000000
39317  -18.942  -55.053  46.664 0.0000000000
39301  -19.145  -54.595  48.830 0.0000000000
41388  -21.818  -52.201  50.015 0.0000000000
63717  -47.144  -31.941  25.168 0.0000000000
62651  -48.661  -32.641  26.289 0.0000000000
62630  -51.265  -32.750  27.220 0.0000000000
63721  -50.641  -31.732  25.316 0.0000000000
62654  -51.632  -32.573  26.487 0.0000000000
62612  -52.570  -32.584  27.767 0.0000000000
63651  -53.585  -32.280  28.109 0.0000000000
66872  -54.409  -28.876  23.147 0.0000000000
65861  -54.903  -29.579  23.707 0.0000000000
64799  -55.331  -30.539  24.096 0.0000000000
75161  -57.543  -21.138  17.417 0.0000000000
75178  -58.360  -20.826  16.794 0.0000000000
76196  -59.341  -19.377  15.709 0.0000000000
76204  -56.580  -19.383  14.424 0.0000000000
77154  -58.274  -18.755  14.925 0.0000000000
77156  -59.930  -18.652  15.827 0.0000000000
78132  -60.160  -17.802  15.744 0.0000000000
79126  -60.910  -16.625  15.751 0.0000000000
79172  -56.771  -16.456  12.494 0.0000000000
80113  -58.841  -15.927  13.289 0.0000000000
81063  -60.728  -15.258  14.624 0.0000000000
82090  -60.806  -13.277  11.547 0.0000000000
52747  -40.797  -42.173  32.635 0.0000000000
51662  -40.283  -42.310  32.196 0.0000000000
62667  -44.635  -32.472  25.809 0.0000000000
62649  -46.342  -32.928  26.773 0.0000000000
74107  -57.051  -21.774  19.011 0.0000000000
74108  -57.625  -21.788  19.587 0.0000000000
75122  -58.740  -21.061  19.872 0.0000000000
75132  -58.134  -21.235  19.206 0.0000000000
75133  -59.220  -20.607  19.510 0.0000000000
38240  -17.450  -56.121  46.643 0.0000000000
38229  -17.889  -56.006  47.694 0.0000000000
43483  -24.630  -50.767  47.502 0.0000000000
43496  -24.747  -50.605  46.540 0.0000000000
45530  -31.981  -48.625  43.366 0.0000000000
45531  -32.920  -48.623  43.351 0.0000000000
45513  -33.114  -48.487  44.203 0.0000000000
44614  -40.760  -49.720  38.306 0.0000000000
44604  -41.800  -49.805  39.512 0.0000000000
43481  -23.359  -51.223  47.093 0.0000000000
66909  -51.749  -28.656  21.670 0.0000000000
66910  -52.369  -28.587  21.719 0.0000000000
51576  -45.004  -42.870  37.262 0.0000000000
52673  -45.567  -42.180  37.199 0.0000000000
52688  -44.630  -42.233  35.924 0.0000000000
54848  -41.600  -38.996  31.882 0.0000000000
54839  -42.479  -39.108  32.794 0.0000000000
45542  -24.384  -49.182  41.743 0.0000000000
46602  -28.072  -47.943  40.023 0.0000000000
48584  -40.888  -45.751  35.734 0.0000000000
48583  -40.225  -46.113  35.415 0.0000000000
48563  -40.809  -46.168  36.030 0.0000000000
47640  -41.266  -46.692  36.505 0.0000000000
48546  -41.850  -46.111  36.856 0.0000000000
48565  -42.034  -45.601  36.631 0.0000000000
51593  -43.955  -42.817  36.084 0.0000000000
51575  -44.369  -43.113  36.809 0.0000000000
45566  -23.283  -49.325  40.749 0.0000000000
44561  -23.295  -49.513  41.506 0.0000000000
64685  -48.649  -31.257  31.710 0.0000000000
64671  -49.460  -31.440  32.456 0.0000000000
63648  -50.729  -32.691  28.521 0.0000000000
63631  -51.760  -32.159  29.261 0.0000000000
63650  -52.320  -32.392  28.483 0.0000000000
68886  -55.455  -26.350  20.906 0.0000000000
69980  -55.976  -25.791  20.787 0.0000000000
71063  -60.560  -24.222  24.529 0.0000000000
71125  -49.386  -24.635  18.700 0.0000000000
74130  -52.032  -21.548  17.195 0.0000000000
75155  -51.642  -21.224  16.538 0.0000000000
36323  -14.883  -58.293  48.101 0.0000000000
36322  -14.241  -58.318  47.653 0.0000000000
35358  -14.077  -58.865  48.399 0.0000000000
37215  -16.984  -57.029  52.359 0.0000000000
36283  -17.116  -57.624  52.446 0.0000000000
33347  -13.840  -61.078  52.504 0.0000000000
31334  -14.374  -62.185  52.245 0.0000000000
55822  -47.050  -39.087  36.120 0.0000000000
55833  -47.270  -38.614  35.815 0.0000000000
59183  -48.337  -34.769  34.509 0.0000000000
60313  -48.052  -34.263  33.930 0.0000000000
61464  -48.334  -33.753  33.796 0.0000000000
60327  -47.582  -34.162  33.263 0.0000000000
62604  -43.683  -33.302  28.281 0.0000000000
62592  -44.572  -32.966  29.414 0.0000000000
63642  -43.904  -32.929  28.102 0.0000000000
47619  -31.687  -47.254  37.166 0.0000000000
46642  -31.872  -47.696  38.164 0.0000000000
47635  -36.007  -47.406  35.684 0.0000000000
44599  -37.171  -49.950  40.279 0.0000000000
45624  -36.597  -49.853  40.020 0.0000000000
45603  -35.842  -49.695  40.775 0.0000000000
45604  -36.669  -50.033  40.871 0.0000000000
45581  -37.078  -49.923  41.659 0.0000000000
47581  -45.134  -46.182  39.153 0.0000000000
40333  -20.560  -53.237  47.124 0.0000000000
64792  -48.248  -31.129  24.042 0.0000000000
64819  -48.792  -30.627  23.511 0.0000000000
64773  -53.765  -31.047  24.753 0.0000000000
63724  -53.321  -31.656  25.304 0.0000000000
63725  -54.252  -31.586  25.272 0.0000000000
66848  -57.482  -27.711  24.579 0.0000000000
66847  -57.009  -27.870  24.528 0.0000000000
76192  -55.560  -20.304  14.971 0.0000000000
79152  -57.174  -16.963  13.010 0.0000000000
81129  -58.093  -14.362  10.887 0.0000000000
81089  -59.100  -14.932  12.481 0.0000000000
81108  -59.405  -14.446  12.149 0.0000000000
82078  -60.412  -14.086  12.545 0.0000000000
52702  -43.267  -42.088  34.865 0.0000000000
52767  -41.328  -40.875  32.443 0.0000000000
53814  -41.553  -40.402  32.418 0.0000000000
50513  -38.407  -44.257  32.629 0.0000000000
50495  -40.202  -43.890  33.641 0.0000000000
50494  -39.380  -44.264  33.405 0.0000000000
50481  -40.563  -44.483  34.317 0.0000000000
50469  -41.891  -44.418  35.511 0.0000000000
50482  -41.422  -43.985  34.644 0.0000000000
51609  -42.031  -43.327  34.469 0.0000000000
51592  -43.243  -43.113  35.679 0.0000000000
63646  -47.076  -32.785  29.574 0.0000000000
62606  -46.633  -33.196  28.727 0.0000000000
62627  -48.251  -33.054  27.544 0.0000000000
62628  -49.360  -32.856  27.377 0.0000000000
72166  -56.736  -23.518  19.913 0.0000000000
72154  -59.249  -22.863  21.504 0.0000000000
72139  -59.556  -22.928  22.221 0.0000000000
73130  -60.184  -22.171  22.423 0.0000000000
76156  -60.400  -19.680  18.677 0.0000000000
75164  -60.094  -20.355  17.948 0.0000000000
37273  -15.951  -57.198  46.979 0.0000000000
37263  -15.578  -57.581  47.403 0.0000000000
37254  -16.151  -57.419  48.270 0.0000000000
58003  -44.515  -37.194  33.219 0.0000000000
59224  -45.479  -35.142  32.078 0.0000000000
60341  -45.804  -34.434  31.703 0.0000000000
61509  -43.205  -34.340  29.292 0.0000000000
61521  -43.515  -33.908  29.218 0.0000000000
61520  -43.105  -34.005  28.653 0.0000000000
45510  -30.381  -48.379  44.528 0.0000000000
46555  -31.858  -48.252  45.490 0.0000000000
45514  -33.997  -48.627  44.371 0.0000000000
45499  -34.513  -49.112  44.734 0.0000000000
48562  -31.236  -46.549  35.801 0.0000000000
47630  -31.195  -46.859  36.372 0.0000000000
47649  -31.659  -46.694  35.872 0.0000000000
45660  -39.587  -48.886  37.037 0.0000000000
45645  -39.193  -49.578  37.917 0.0000000000
44602  -39.502  -49.921  39.588 0.0000000000
44601  -38.555  -49.934  39.824 0.0000000000
43543  -21.572  -50.697  42.938 0.0000000000
43528  -21.648  -50.938  44.171 0.0000000000
42506  -22.351  -51.319  46.429 0.0000000000
41405  -21.776  -51.923  47.819 0.0000000000
42490  -22.291  -51.610  47.604 0.0000000000
43462  -23.551  -50.957  48.455 0.0000000000
42482  -23.002  -51.227  48.758 0.0000000000
65890  -49.621  -29.680  22.407 0.0000000000
65871  -50.058  -29.963  23.070 0.0000000000
65891  -50.530  -29.609  22.643 0.0000000000
65874  -52.698  -29.774  23.287 0.0000000000
65859  -52.964  -30.079  23.783 0.0000000000
64797  -53.340  -30.470  24.257 0.0000000000
65860  -53.843  -29.683  23.659 0.0000000000
77173  -52.622  -17.974  13.513 0.0000000000
81145  -56.921  -13.887  9.652 0.0000000000
39291  -18.278  -55.123  49.533 0.0000000000
38181  -18.177  -56.191  51.867 0.0000000000
52635  -46.091  -42.001  39.645 0.0000000000
52636  -46.697  -41.593  39.849 0.0000000000
53749  -46.132  -41.033  36.711 0.0000000000
53732  -46.379  -41.305  37.400 0.0000000000
54787  -46.271  -40.443  36.276 0.0000000000
54788  -46.750  -40.062  36.529 0.0000000000
54797  -45.829  -40.162  35.719 0.0000000000
53782  -43.723  -40.931  34.623 0.0000000000
55860  -43.515  -38.678  33.600 0.0000000000
55843  -43.974  -38.803  34.038 0.0000000000
55844  -44.764  -38.746  34.532 0.0000000000
56878  -44.401  -38.177  34.050 0.0000000000
56893  -43.754  -38.089  33.354 0.0000000000
58025  -42.950  -37.375  32.152 0.0000000000
44496  -24.438  -50.104  44.916 0.0000000000
44511  -24.049  -49.815  44.398 0.0000000000
44530  -25.363  -49.496  43.989 0.0000000000
45524  -25.855  -49.027  43.466 0.0000000000
45506  -26.354  -49.029  44.170 0.0000000000
45597  -25.197  -48.951  40.657 0.0000000000
45570  -26.662  -48.933  41.430 0.0000000000
45546  -27.717  -48.746  42.647 0.0000000000
45574  -30.380  -48.434  41.770 0.0000000000
46588  -30.815  -48.390  41.151 0.0000000000
48598  -35.910  -46.338  33.489 0.0000000000
48597  -34.906  -46.381  33.690 0.0000000000
49508  -38.076  -44.837  32.846 0.0000000000
49489  -37.725  -45.529  33.316 0.0000000000
48601  -38.649  -45.839  34.402 0.0000000000
47657  -39.526  -46.779  35.346 0.0000000000
47656  -38.671  -47.131  35.210 0.0000000000
46678  -38.923  -47.769  35.859 0.0000000000
46679  -39.920  -47.592  36.164 0.0000000000
46681  -41.219  -47.337  36.672 0.0000000000
46664  -41.073  -47.887  36.805 0.0000000000
45662  -41.584  -48.281  37.265 0.0000000000
47601  -43.020  -46.512  37.932 0.0000000000
47602  -43.931  -46.375  38.341 0.0000000000
48530  -43.615  -45.589  38.414 0.0000000000
50441  -43.893  -43.980  37.861 0.0000000000
49434  -44.208  -44.713  39.378 0.0000000000
49425  -44.891  -44.575  40.155 0.0000000000
49435  -44.529  -44.053  39.476 0.0000000000
51544  -45.628  -42.475  39.341 0.0000000000
51525  -45.375  -42.892  39.666 0.0000000000
44510  -23.338  -49.926  44.045 0.0000000000
63543  -51.681  -32.261  35.243 0.0000000000
63560  -50.371  -32.029  34.450 0.0000000000
64661  -51.161  -31.411  33.067 0.0000000000
64648  -52.894  -31.010  33.881 0.0000000000
64662  -52.048  -30.973  33.063 0.0000000000
63609  -49.109  -32.202  30.502 0.0000000000
64701  -49.821  -31.905  31.079 0.0000000000
64688  -51.665  -31.860  31.768 0.0000000000
64689  -52.552  -31.594  31.541 0.0000000000
65774  -53.047  -31.302  32.401 0.0000000000
65775  -53.785  -31.145  32.109 0.0000000000
65785  -53.997  -31.167  31.438 0.0000000000
65796  -54.928  -30.971  30.602 0.0000000000
67898  -53.471  -27.687  21.158 0.0000000000
67899  -54.255  -27.425  21.345 0.0000000000
69955  -56.180  -26.557  22.317 0.0000000000
68862  -55.646  -27.537  22.541 0.0000000000
69945  -56.329  -26.723  23.264 0.0000000000
68848  -56.477  -26.734  24.061 0.0000000000
69934  -56.836  -26.332  24.551 0.0000000000
71095  -57.540  -24.852  21.350 0.0000000000
69982  -57.020  -25.428  21.704 0.0000000000
71084  -57.970  -25.132  22.718 0.0000000000
71061  -58.541  -25.454  24.273 0.0000000000
31337  -11.646  -62.915  51.802 0.0000000000
31343  -10.788  -62.431  51.404 0.0000000000
31336  -10.992  -62.898  51.581 0.0000000000
64835  -44.846  -30.731  22.049 0.0000000000
64836  -45.729  -30.648  22.294 0.0000000000
65885  -45.361  -30.323  21.728 0.0000000000
65904  -46.422  -29.702  21.378 0.0000000000
65906  -47.925  -29.610  21.819 0.0000000000
67893  -48.323  -28.380  20.671 0.0000000000
67894  -48.920  -28.287  20.810 0.0000000000
67911  -49.268  -27.644  20.309 0.0000000000
68896  -49.570  -26.942  19.801 0.0000000000
68897  -50.634  -26.888  19.760 0.0000000000
68918  -50.801  -26.072  19.400 0.0000000000
68919  -51.556  -25.905  19.325 0.0000000000
70017  -51.865  -25.340  19.027 0.0000000000
70018  -52.865  -25.381  19.016 0.0000000000
71128  -52.247  -24.542  18.695 0.0000000000
73175  -51.980  -22.592  18.009 0.0000000000
72195  -51.610  -23.263  18.197 0.0000000000
72180  -52.885  -23.791  18.736 0.0000000000
72197  -53.457  -23.026  18.581 0.0000000000
74132  -53.791  -21.700  17.309 0.0000000000
74119  -54.084  -22.049  17.804 0.0000000000
74120  -54.911  -21.949  17.613 0.0000000000
74121  -55.711  -22.029  18.417 0.0000000000
75158  -54.523  -21.528  16.874 0.0000000000
75172  -52.226  -20.987  15.948 0.0000000000
76175  -52.825  -20.563  15.510 0.0000000000
76190  -53.413  -20.254  14.884 0.0000000000
34386  -13.357  -59.481  48.862 0.0000000000
38206  -17.395  -55.822  49.889 0.0000000000
37240  -16.782  -56.446  50.000 0.0000000000
37221  -16.366  -56.939  51.392 0.0000000000
37239  -16.328  -56.959  50.127 0.0000000000
37230  -16.104  -57.213  50.738 0.0000000000
36295  -15.651  -57.819  50.760 0.0000000000
35317  -16.427  -58.575  52.391 0.0000000000
35315  -14.674  -59.304  52.064 0.0000000000
36280  -14.847  -58.689  51.942 0.0000000000
35328  -14.563  -58.864  51.016 0.0000000000
35337  -14.146  -59.282  50.344 0.0000000000
34350  -13.157  -61.014  52.539 0.0000000000
34356  -13.385  -60.165  52.064 0.0000000000
34355  -12.968  -60.724  52.351 0.0000000000
33350  -12.577  -61.134  51.935 0.0000000000
33344  -12.451  -61.756  51.874 0.0000000000
30282  -13.480  -63.069  52.565 0.0000000000
60269  -51.030  -34.730  39.627 0.0000000000
61411  -51.246  -34.138  39.056 0.0000000000
60278  -50.699  -34.503  38.737 0.0000000000
53712  -47.599  -40.802  39.620 0.0000000000
54754  -47.831  -40.379  40.006 0.0000000000
54763  -47.979  -40.244  39.323 0.0000000000
55796  -49.211  -38.739  38.821 0.0000000000
55797  -49.277  -38.507  39.542 0.0000000000
56834  -49.408  -37.992  38.212 0.0000000000
57977  -47.599  -36.994  34.751 0.0000000000
56866  -47.473  -38.035  35.474 0.0000000000
59160  -49.041  -36.169  35.840 0.0000000000
57969  -48.716  -37.062  35.775 0.0000000000
57963  -49.413  -36.522  37.171 0.0000000000
57955  -49.374  -37.198  37.560 0.0000000000
59141  -49.819  -35.729  38.222 0.0000000000
60305  -49.430  -34.581  35.651 0.0000000000
60296  -49.793  -34.737  36.439 0.0000000000
61439  -50.250  -34.240  36.062 0.0000000000
61454  -49.824  -33.933  35.444 0.0000000000
62524  -50.117  -33.402  35.300 0.0000000000
61466  -49.376  -33.597  34.922 0.0000000000
62551  -48.026  -32.967  33.142 0.0000000000
63558  -48.917  -32.573  33.764 0.0000000000
63574  -48.098  -32.514  33.108 0.0000000000
63586  -47.871  -31.795  32.625 0.0000000000
63598  -47.375  -31.655  32.058 0.0000000000
61500  -45.611  -33.786  31.270 0.0000000000
62560  -46.067  -33.091  31.669 0.0000000000
62572  -45.662  -32.956  31.171 0.0000000000
63606  -45.150  -32.486  29.862 0.0000000000
63607  -45.942  -32.042  30.302 0.0000000000
63626  -46.797  -32.142  30.131 0.0000000000
63686  -43.830  -32.647  27.276 0.0000000000
63663  -44.281  -32.694  27.674 0.0000000000
62623  -44.429  -32.622  27.338 0.0000000000
62647  -44.183  -32.576  26.866 0.0000000000
62646  -43.329  -32.693  26.398 0.0000000000
61541  -40.602  -33.623  27.263 0.0000000000
62601  -41.272  -33.475  27.259 0.0000000000
62644  -40.572  -32.471  26.347 0.0000000000
63682  -40.899  -32.279  25.901 0.0000000000
62681  -42.748  -32.538  25.120 0.0000000000
44486  -25.639  -50.160  46.742 0.0000000000
46552  -29.555  -48.090  45.809 0.0000000000
46542  -29.277  -48.236  46.192 0.0000000000
46543  -29.760  -48.119  46.354 0.0000000000
47598  -29.510  -47.501  37.708 0.0000000000
46639  -29.221  -47.777  38.116 0.0000000000
46623  -29.908  -47.960  39.175 0.0000000000
46606  -31.952  -48.542  40.005 0.0000000000
46605  -31.271  -48.398  40.400 0.0000000000
45599  -32.119  -48.589  40.501 0.0000000000
48576  -33.627  -46.547  34.687 0.0000000000
47633  -33.925  -47.183  36.208 0.0000000000
46659  -34.121  -47.686  37.160 0.0000000000
45657  -36.550  -48.941  38.193 0.0000000000
46645  -35.532  -48.436  38.160 0.0000000000
45622  -34.955  -48.944  39.771 0.0000000000
45578  -34.356  -48.969  41.571 0.0000000000
45577  -33.397  -48.779  41.516 0.0000000000
45553  -34.573  -48.929  42.474 0.0000000000
45535  -36.626  -49.427  43.059 0.0000000000
45534  -35.788  -49.109  43.176 0.0000000000
45558  -38.901  -49.623  42.355 0.0000000000
45538  -38.866  -49.701  42.810 0.0000000000
45650  -44.042  -48.473  38.759 0.0000000000
39336  -17.061  -54.773  44.626 0.0000000000
42549  -20.018  -51.730  43.053 0.0000000000
42529  -19.730  -52.302  43.632 0.0000000000
41458  -19.223  -52.845  43.826 0.0000000000
41457  -18.618  -53.014  43.559 0.0000000000
41481  -18.109  -52.781  43.029 0.0000000000
40394  -18.295  -53.163  43.584 0.0000000000
40371  -18.605  -53.423  44.199 0.0000000000
40354  -18.664  -54.211  45.285 0.0000000000
40339  -19.298  -54.573  46.041 0.0000000000
39309  -19.441  -54.612  47.695 0.0000000000
63526  -53.633  -31.962  36.080 0.0000000000
63716  -46.133  -31.988  25.176 0.0000000000
63719  -48.829  -32.012  25.409 0.0000000000
62671  -48.326  -32.346  25.606 0.0000000000
63687  -49.448  -32.267  25.833 0.0000000000
62652  -49.805  -32.616  26.510 0.0000000000
62653  -50.742  -32.604  26.518 0.0000000000
64794  -50.495  -30.682  24.226 0.0000000000
64769  -50.165  -31.272  24.837 0.0000000000
64770  -51.062  -31.187  24.826 0.0000000000
63691  -52.867  -32.146  25.859 0.0000000000
63690  -52.028  -32.307  25.785 0.0000000000
62655  -52.482  -32.513  26.460 0.0000000000
62631  -52.124  -32.662  27.160 0.0000000000
62632  -52.994  -32.597  27.122 0.0000000000
63666  -53.883  -32.435  26.797 0.0000000000
63668  -56.099  -31.630  27.690 0.0000000000
67872  -54.634  -28.449  22.716 0.0000000000
67871  -53.762  -28.752  22.617 0.0000000000
67851  -54.836  -28.764  23.164 0.0000000000
64800  -56.461  -30.409  23.804 0.0000000000
76180  -58.183  -20.356  15.933 0.0000000000
76181  -59.400  -20.070  16.379 0.0000000000
77166  -55.461  -18.643  14.012 0.0000000000
77169  -57.810  -18.615  14.500 0.0000000000
77155  -59.345  -18.613  15.354 0.0000000000
78131  -59.484  -17.510  14.959 0.0000000000
79125  -60.155  -16.656  15.114 0.0000000000
80087  -60.748  -15.961  15.050 0.0000000000
80098  -60.313  -15.744  14.573 0.0000000000
80129  -56.376  -15.915  11.953 0.0000000000
79173  -57.500  -16.268  12.783 0.0000000000
80131  -58.276  -15.603  12.597 0.0000000000
81076  -60.567  -15.167  14.039 0.0000000000
81064  -61.119  -14.998  14.672 0.0000000000
52720  -41.873  -42.219  33.541 0.0000000000
52748  -41.422  -41.601  32.875 0.0000000000
50514  -38.942  -43.814  32.787 0.0000000000
51650  -39.550  -43.405  32.530 0.0000000000
51628  -40.738  -43.491  33.582 0.0000000000
62625  -45.863  -32.995  27.979 0.0000000000
73164  -56.621  -22.583  19.358 0.0000000000
73151  -57.736  -22.419  20.033 0.0000000000
73152  -58.500  -22.355  20.455 0.0000000000
75134  -59.601  -20.296  20.021 0.0000000000
76154  -59.345  -20.536  19.203 0.0000000000
75144  -59.012  -20.766  18.703 0.0000000000
38246  -15.827  -55.963  45.542 0.0000000000
37255  -16.788  -56.850  48.355 0.0000000000
59222  -43.972  -36.432  31.909 0.0000000000
59200  -44.955  -36.343  32.767 0.0000000000
59236  -44.464  -35.286  31.142 0.0000000000
60353  -44.045  -34.965  30.371 0.0000000000
60378  -42.619  -34.514  28.869 0.0000000000
45511  -31.378  -48.460  44.277 0.0000000000
46564  -32.457  -48.263  44.875 0.0000000000
46557  -33.151  -48.631  45.171 0.0000000000
44587  -41.055  -49.989  40.386 0.0000000000
44588  -42.097  -49.990  40.433 0.0000000000
43493  -22.410  -51.053  45.843 0.0000000000
42499  -22.660  -51.469  47.011 0.0000000000
65892  -51.116  -29.623  22.818 0.0000000000
66887  -51.399  -29.243  22.416 0.0000000000
66870  -52.330  -29.434  22.777 0.0000000000
51559  -45.562  -42.420  38.509 0.0000000000
52690  -45.807  -41.749  36.972 0.0000000000
53748  -45.592  -41.261  36.132 0.0000000000
54826  -42.691  -39.905  33.447 0.0000000000
55859  -43.012  -38.682  33.212 0.0000000000
56892  -43.206  -38.234  33.050 0.0000000000
44544  -24.346  -49.409  42.846 0.0000000000
46600  -26.360  -48.284  39.906 0.0000000000
46582  -26.119  -48.823  40.239 0.0000000000
46584  -27.393  -48.504  40.725 0.0000000000
45572  -28.515  -48.664  41.744 0.0000000000
46586  -29.287  -48.437  40.920 0.0000000000
49476  -39.121  -45.592  34.449 0.0000000000
47658  -39.955  -46.714  35.631 0.0000000000
46665  -41.744  -47.313  37.048 0.0000000000
46666  -42.351  -47.280  37.391 0.0000000000
50457  -43.774  -43.657  36.939 0.0000000000
50442  -44.518  -43.496  38.098 0.0000000000
50428  -44.666  -43.450  38.974 0.0000000000
51558  -45.061  -42.941  38.300 0.0000000000
44542  -22.775  -49.745  42.193 0.0000000000
63577  -50.115  -31.574  33.591 0.0000000000
64659  -49.695  -31.510  33.137 0.0000000000
64660  -50.291  -31.501  33.028 0.0000000000
64672  -50.436  -31.652  32.392 0.0000000000
63611  -51.288  -32.117  30.144 0.0000000000
64704  -52.849  -31.573  30.699 0.0000000000
64705  -53.677  -31.336  30.480 0.0000000000
63613  -53.201  -31.503  29.925 0.0000000000
63614  -53.718  -31.384  29.927 0.0000000000
63633  -53.975  -31.624  29.368 0.0000000000
68900  -53.930  -26.610  20.226 0.0000000000
68885  -54.690  -26.881  21.013 0.0000000000
69956  -56.675  -25.996  22.888 0.0000000000
71073  -58.772  -24.642  23.389 0.0000000000
71062  -59.525  -24.558  24.257 0.0000000000
78123  -61.757  -17.403  17.090 0.0000000000
66922  -47.121  -28.509  20.414 0.0000000000
70014  -49.075  -25.426  18.993 0.0000000000
70015  -50.056  -25.420  19.038 0.0000000000
71126  -50.307  -24.770  18.722 0.0000000000
71138  -50.476  -24.105  18.469 0.0000000000
73176  -52.863  -22.498  18.150 0.0000000000
74117  -52.424  -21.990  17.733 0.0000000000
74131  -52.948  -21.589  17.267 0.0000000000
75157  -53.554  -21.325  16.746 0.0000000000
34380  -13.707  -59.558  49.626 0.0000000000
38187  -17.704  -55.933  51.466 0.0000000000
38186  -16.857  -56.441  51.396 0.0000000000
38178  -16.637  -56.818  51.736 0.0000000000
34354  -15.750  -59.327  52.238 0.0000000000
34352  -14.223  -60.312  52.229 0.0000000000
35314  -13.960  -60.047  52.109 0.0000000000
33346  -13.310  -61.327  52.507 0.0000000000
32350  -13.051  -62.057  52.348 0.0000000000
32351  -13.534  -61.854  52.405 0.0000000000
31333  -13.823  -62.539  52.375 0.0000000000
54778  -47.684  -39.941  37.421 0.0000000000
54770  -47.988  -40.061  38.473 0.0000000000
55814  -48.098  -39.121  36.767 0.0000000000
55815  -48.640  -38.666  36.878 0.0000000000
59169  -48.056  -36.213  34.493 0.0000000000
59161  -49.341  -35.570  36.390 0.0000000000
60304  -48.932  -34.444  35.041 0.0000000000
61465  -48.831  -33.665  34.323 0.0000000000
61478  -47.928  -33.529  33.303 0.0000000000
62562  -47.485  -32.847  32.678 0.0000000000
62582  -44.681  -33.151  30.149 0.0000000000
63624  -44.951  -32.851  29.207 0.0000000000
63662  -43.587  -32.855  27.488 0.0000000000
44514  -26.376  -49.700  45.240 0.0000000000
44499  -26.689  -49.667  45.956 0.0000000000
45493  -27.184  -49.396  45.603 0.0000000000
45483  -30.904  -48.623  46.776 0.0000000000
45482  -30.012  -48.459  47.033 0.0000000000
47629  -30.249  -46.933  36.442 0.0000000000
47628  -29.560  -47.005  36.567 0.0000000000
47599  -30.282  -47.399  37.771 0.0000000000
46641  -30.655  -47.646  38.428 0.0000000000
46625  -32.181  -48.286  39.354 0.0000000000
47652  -34.296  -46.864  35.331 0.0000000000
46675  -35.229  -47.491  36.555 0.0000000000
45643  -36.940  -49.441  38.965 0.0000000000
45554  -35.512  -49.104  42.454 0.0000000000
42513  -20.703  -52.026  45.045 0.0000000000
41440  -20.149  -52.557  44.831 0.0000000000
41439  -19.600  -52.930  44.591 0.0000000000
40340  -19.919  -53.712  46.063 0.0000000000
40332  -19.994  -53.908  47.417 0.0000000000
42461  -23.033  -51.855  50.354 0.0000000000
41389  -22.512  -51.953  50.369 0.0000000000
64790  -46.789  -31.063  23.765 0.0000000000
63753  -48.537  -31.543  24.786 0.0000000000
63754  -49.102  -31.554  24.999 0.0000000000
64771  -51.991  -31.189  24.789 0.0000000000
63692  -53.704  -32.096  25.933 0.0000000000
63695  -56.952  -31.509  26.525 0.0000000000
68829  -56.397  -27.583  23.766 0.0000000000
66846  -56.517  -27.919  24.121 0.0000000000
66859  -56.674  -28.514  23.887 0.0000000000
65863  -57.193  -29.376  23.490 0.0000000000
76177  -54.968  -20.792  15.911 0.0000000000
76178  -56.124  -20.871  15.836 0.0000000000
76193  -56.752  -19.943  14.841 0.0000000000
78142  -57.091  -18.154  13.780 0.0000000000
78143  -58.089  -17.887  14.139 0.0000000000
79133  -58.718  -16.996  14.006 0.0000000000
79154  -58.974  -16.386  13.731 0.0000000000
81105  -56.573  -14.813  10.819 0.0000000000
80146  -57.699  -15.265  11.846 0.0000000000
81091  -60.697  -14.297  12.834 0.0000000000
82108  -61.012  -12.711  10.511 0.0000000000
52722  -43.357  -41.451  34.621 0.0000000000
53781  -43.030  -40.694  34.226 0.0000000000
53802  -42.518  -40.900  33.612 0.0000000000
54825  -42.143  -40.087  32.933 0.0000000000
46618  -25.140  -47.927  39.227 0.0000000000
46620  -26.761  -47.957  39.276 0.0000000000
49525  -37.466  -44.589  32.073 0.0000000000
49463  -41.760  -45.092  35.758 0.0000000000
50470  -42.676  -43.813  35.802 0.0000000000
64715  -47.786  -31.649  30.523 0.0000000000
64700  -48.728  -31.541  30.947 0.0000000000
63628  -48.370  -32.773  29.963 0.0000000000
62607  -47.904  -33.304  29.001 0.0000000000
62594  -48.801  -33.047  29.285 0.0000000000
63629  -49.456  -32.728  29.787 0.0000000000
62595  -49.585  -32.877  29.007 0.0000000000
62610  -50.932  -32.788  27.973 0.0000000000
71109  -55.350  -24.639  19.985 0.0000000000
69997  -55.747  -25.294  20.371 0.0000000000
71110  -56.537  -24.737  20.436 0.0000000000
71096  -58.370  -23.976  21.411 0.0000000000
72167  -57.533  -23.298  20.181 0.0000000000
72127  -59.191  -23.709  22.759 0.0000000000
72128  -59.894  -22.993  23.192 0.0000000000
76138  -60.464  -19.613  20.135 0.0000000000
77131  -61.240  -18.691  18.769 0.0000000000
77137  -60.778  -18.796  17.708 0.0000000000
37271  -14.460  -57.267  46.471 0.0000000000
37262  -15.044  -57.503  46.909 0.0000000000
36332  -15.173  -57.913  47.736 0.0000000000
56865  -46.312  -38.124  35.056 0.0000000000
56880  -46.116  -37.558  34.499 0.0000000000
57988  -46.563  -36.791  34.066 0.0000000000
58005  -46.400  -36.165  33.298 0.0000000000
59181  -47.097  -36.089  33.593 0.0000000000
59202  -46.791  -35.339  33.195 0.0000000000
60326  -46.947  -34.376  32.861 0.0000000000
60342  -46.440  -34.179  32.208 0.0000000000
61499  -45.034  -33.724  30.708 0.0000000000
60354  -44.786  -34.616  30.808 0.0000000000
61498  -44.547  -34.228  30.302 0.0000000000
61511  -44.584  -33.751  30.198 0.0000000000
62581  -44.196  -33.501  29.636 0.0000000000
62590  -43.357  -33.729  28.497 0.0000000000
62603  -42.955  -33.724  27.856 0.0000000000
45496  -29.676  -48.192  45.208 0.0000000000
46562  -30.967  -48.096  44.966 0.0000000000
46554  -31.129  -48.098  45.595 0.0000000000
45484  -31.610  -48.881  46.373 0.0000000000
45498  -33.619  -48.900  45.129 0.0000000000
46677  -37.521  -48.129  36.212 0.0000000000
45672  -37.849  -48.786  36.908 0.0000000000
45644  -38.108  -49.586  38.307 0.0000000000
44611  -37.940  -49.697  39.300 0.0000000000
44600  -37.783  -49.866  40.082 0.0000000000
44584  -38.206  -49.889  40.621 0.0000000000
44562  -37.848  -49.950  41.254 0.0000000000
44563  -38.476  -49.756  41.255 0.0000000000
44564  -39.296  -49.658  41.386 0.0000000000
44545  -39.736  -49.619  41.996 0.0000000000
44546  -40.513  -49.871  42.043 0.0000000000
44533  -40.658  -50.048  42.748 0.0000000000
42531  -20.993  -51.567  44.415 0.0000000000
42514  -21.405  -51.526  45.119 0.0000000000
41415  -20.918  -52.499  46.709 0.0000000000
41404  -21.181  -52.607  47.875 0.0000000000
41416  -21.427  -52.108  47.208 0.0000000000
42491  -22.863  -51.433  47.798 0.0000000000
42472  -22.824  -51.650  49.764 0.0000000000
65869  -48.394  -30.249  22.815 0.0000000000
64821  -50.453  -30.195  23.584 0.0000000000
65857  -51.182  -30.191  23.704 0.0000000000
64796  -52.465  -30.608  24.286 0.0000000000
64774  -54.596  -31.059  24.624 0.0000000000
77164  -53.565  -18.906  13.968 0.0000000000
77174  -53.281  -18.217  13.539 0.0000000000
77175  -54.191  -18.380  13.640 0.0000000000
81127  -56.137  -14.155  9.909 0.0000000000
81128  -57.326  -14.272  10.345 0.0000000000
38230  -18.296  -55.644  48.048 0.0000000000
39299  -18.184  -55.369  49.106 0.0000000000
38215  -17.910  -55.539  49.395 0.0000000000
53718  -47.155  -41.239  39.171 0.0000000000
53719  -47.632  -40.725  38.736 0.0000000000
52675  -46.381  -41.608  38.305 0.0000000000
53733  -46.886  -41.023  37.860 0.0000000000
54777  -47.053  -40.455  37.180 0.0000000000
52704  -44.846  -41.802  35.711 0.0000000000
53763  -45.060  -41.089  35.605 0.0000000000
54796  -44.693  -40.141  34.944 0.0000000000
54809  -43.787  -40.034  34.270 0.0000000000
55830  -45.103  -39.310  35.040 0.0000000000
55831  -45.878  -38.856  35.196 0.0000000000
56864  -45.845  -38.341  34.997 0.0000000000
56879  -45.410  -38.133  34.608 0.0000000000
57986  -44.784  -37.644  33.977 0.0000000000
56912  -43.520  -37.672  32.799 0.0000000000
58046  -43.516  -36.655  31.711 0.0000000000
59234  -42.290  -36.306  30.485 0.0000000000
43512  -24.369  -50.583  45.924 0.0000000000
44497  -24.922  -50.244  45.425 0.0000000000
45568  -24.815  -49.011  41.229 0.0000000000
45544  -25.858  -48.960  42.272 0.0000000000
45527  -28.994  -48.599  43.665 0.0000000000
45548  -29.710  -48.537  42.677 0.0000000000
48616  -34.191  -45.993  33.147 0.0000000000
47655  -37.385  -47.360  35.289 0.0000000000
48619  -36.925  -45.766  32.985 0.0000000000
48599  -36.990  -46.072  33.494 0.0000000000
48580  -37.240  -46.609  34.345 0.0000000000
46691  -37.650  -47.743  35.671 0.0000000000
46663  -40.272  -48.143  36.614 0.0000000000
45647  -41.236  -49.135  37.725 0.0000000000
45626  -42.591  -49.378  38.796 0.0000000000
46647  -42.954  -47.424  37.842 0.0000000000
46648  -43.930  -47.662  38.394 0.0000000000
46649  -44.564  -47.970  38.782 0.0000000000
47566  -45.448  -45.871  39.793 0.0000000000
49443  -43.029  -45.169  37.980 0.0000000000
48521  -44.288  -45.482  38.885 0.0000000000
48522  -44.808  -45.497  39.402 0.0000000000
49426  -45.300  -45.126  40.629 0.0000000000
50410  -45.145  -43.512  39.831 0.0000000000
50411  -45.503  -43.419  40.363 0.0000000000
43556  -21.183  -50.663  41.903 0.0000000000
43544  -22.196  -50.375  43.517 0.0000000000
44526  -22.237  -50.067  42.822 0.0000000000
43530  -23.351  -50.283  44.694 0.0000000000
62526  -51.526  -32.847  35.948 0.0000000000
64624  -52.258  -31.471  34.509 0.0000000000
64625  -53.147  -31.360  34.671 0.0000000000
64702  -50.919  -32.003  31.023 0.0000000000
65762  -53.088  -31.178  32.968 0.0000000000
65786  -54.685  -30.983  31.239 0.0000000000
67882  -52.710  -28.537  21.798 0.0000000000
67884  -54.272  -27.926  21.874 0.0000000000
68874  -54.888  -27.451  21.780 0.0000000000
67873  -55.654  -28.046  22.980 0.0000000000
68830  -56.434  -27.097  24.394 0.0000000000
67832  -57.419  -27.265  24.870 0.0000000000
69981  -56.654  -25.441  21.146 0.0000000000
69970  -56.637  -25.857  21.986 0.0000000000
69957  -57.363  -25.621  23.327 0.0000000000
71072  -58.055  -25.362  23.721 0.0000000000
71060  -58.066  -25.541  24.126 0.0000000000
69947  -57.629  -25.769  24.234 0.0000000000
69935  -57.596  -26.094  24.811 0.0000000000
32361  -11.595  -61.741  51.525 0.0000000000
63749  -44.270  -32.220  24.644 0.0000000000
63715  -45.231  -32.164  25.194 0.0000000000
63778  -45.751  -31.346  23.563 0.0000000000
63789  -44.566  -31.273  22.545 0.0000000000
64816  -46.104  -30.879  23.011 0.0000000000
64817  -46.888  -30.791  23.264 0.0000000000
64838  -47.219  -30.492  22.836 0.0000000000
65886  -46.091  -30.183  21.832 0.0000000000
65887  -46.800  -29.989  21.940 0.0000000000
65888  -47.577  -30.073  22.367 0.0000000000
65889  -48.595  -29.697  22.117 0.0000000000
66885  -49.112  -29.257  21.847 0.0000000000
66906  -48.197  -28.992  21.260 0.0000000000
67896  -51.082  -28.112  21.026 0.0000000000
67912  -50.335  -27.598  20.312 0.0000000000
68899  -52.913  -26.677  19.928 0.0000000000
69994  -53.373  -26.027  19.551 0.0000000000
69995  -54.203  -25.804  19.835 0.0000000000
70020  -54.367  -25.276  19.633 0.0000000000
72193  -49.537  -23.486  18.295 0.0000000000
71139  -51.387  -24.006  18.347 0.0000000000
71129  -53.364  -24.579  18.989 0.0000000000
71130  -54.509  -24.599  19.431 0.0000000000
71131  -55.201  -24.010  19.449 0.0000000000
72182  -54.660  -23.433  19.134 0.0000000000
73162  -55.110  -22.816  19.026 0.0000000000
73177  -53.641  -22.416  18.175 0.0000000000
73178  -54.551  -22.581  18.494 0.0000000000
73163  -55.769  -22.596  19.067 0.0000000000
74106  -56.298  -22.099  18.909 0.0000000000
74122  -56.457  -21.844  18.613 0.0000000000
75142  -56.765  -21.490  18.138 0.0000000000
75159  -55.388  -21.349  16.593 0.0000000000
75174  -54.159  -21.030  16.288 0.0000000000
76200  -52.972  -19.511  14.398 0.0000000000
76199  -52.061  -19.390  14.517 0.0000000000
78139  -51.590  -18.211  14.024 0.0000000000
38221  -17.452  -56.296  48.423 0.0000000000
37246  -16.374  -57.001  49.242 0.0000000000
36314  -15.887  -57.637  48.923 0.0000000000
36313  -15.366  -58.197  49.007 0.0000000000
36282  -16.256  -57.858  52.479 0.0000000000
37213  -15.774  -57.710  51.818 0.0000000000
36281  -15.403  -58.175  52.107 0.0000000000
36286  -15.441  -57.954  51.487 0.0000000000
36294  -15.098  -58.340  50.881 0.0000000000
35348  -14.824  -58.718  49.288 0.0000000000
35347  -14.278  -59.154  49.477 0.0000000000
34361  -13.270  -59.822  51.381 0.0000000000
32355  -11.780  -62.140  51.716 0.0000000000
31330  -12.246  -63.121  52.090 0.0000000000
31331  -12.748  -62.872  52.403 0.0000000000
61394  -51.805  -34.269  39.457 0.0000000000
54743  -47.798  -40.219  40.626 0.0000000000
54764  -48.584  -39.665  39.106 0.0000000000
56854  -47.891  -38.218  35.929 0.0000000000
56855  -48.425  -38.004  36.139 0.0000000000
56845  -49.055  -37.958  37.159 0.0000000000
56835  -49.547  -37.201  38.348 0.0000000000
60277  -50.130  -34.996  38.517 0.0000000000
60286  -49.881  -34.965  37.574 0.0000000000
60287  -50.467  -34.516  37.761 0.0000000000
61440  -50.796  -34.114  36.632 0.0000000000
62525  -50.791  -33.294  35.575 0.0000000000
62539  -50.396  -32.664  35.034 0.0000000000
63559  -49.373  -32.368  34.037 0.0000000000
62537  -49.090  -32.919  34.088 0.0000000000
63587  -48.488  -31.589  32.943 0.0000000000
64670  -48.449  -31.346  32.451 0.0000000000
61488  -46.891  -33.575  32.474 0.0000000000
62573  -46.430  -32.271  31.582 0.0000000000
63597  -46.968  -31.637  31.538 0.0000000000
64698  -47.310  -31.358  31.234 0.0000000000
64714  -47.312  -31.542  30.737 0.0000000000
63645  -46.110  -32.803  29.047 0.0000000000
63664  -45.060  -32.834  28.176 0.0000000000
59263  -41.191  -35.643  28.929 0.0000000000
60377  -41.745  -34.910  28.626 0.0000000000
60391  -41.655  -34.277  28.060 0.0000000000
61530  -42.089  -33.964  27.855 0.0000000000
62602  -41.740  -33.576  27.343 0.0000000000
62621  -41.970  -33.303  27.037 0.0000000000
63660  -42.229  -33.098  26.676 0.0000000000
63684  -42.732  -32.882  26.364 0.0000000000
63713  -41.388  -32.104  25.354 0.0000000000
62645  -43.010  -32.789  26.243 0.0000000000
62665  -43.030  -32.732  25.847 0.0000000000
62682  -43.485  -32.504  25.220 0.0000000000
43497  -25.094  -50.609  47.098 0.0000000000
44487  -26.547  -49.803  47.031 0.0000000000
47578  -27.157  -47.920  38.428 0.0000000000
45575  -31.371  -48.478  41.381 0.0000000000
47651  -33.294  -46.838  35.496 0.0000000000
47620  -32.512  -47.347  36.883 0.0000000000
46658  -32.859  -47.698  37.423 0.0000000000
46660  -35.398  -47.891  37.395 0.0000000000
46646  -36.110  -48.693  38.142 0.0000000000
46643  -33.169  -48.139  38.396 0.0000000000
45639  -33.197  -48.395  39.014 0.0000000000
45620  -32.933  -48.612  39.608 0.0000000000
45600  -33.158  -48.765  40.567 0.0000000000
45582  -37.885  -49.772  41.841 0.0000000000
45557  -38.042  -49.658  42.445 0.0000000000
40353  -17.932  -54.498  45.087 0.0000000000
39308  -18.713  -55.275  47.889 0.0000000000
62669  -46.756  -32.590  25.813 0.0000000000
62670  -47.737  -32.499  25.715 0.0000000000
63718  -48.036  -31.989  25.196 0.0000000000
62629  -50.364  -32.795  27.306 0.0000000000
64768  -49.742  -31.344  24.852 0.0000000000
63722  -51.549  -31.781  25.272 0.0000000000
63689  -51.139  -32.239  25.858 0.0000000000
62611  -51.771  -32.695  27.880 0.0000000000
63652  -55.008  -31.741  28.597 0.0000000000
66889  -53.361  -28.834  22.518 0.0000000000
66871  -53.599  -29.141  23.085 0.0000000000
66856  -54.022  -29.268  23.419 0.0000000000
66857  -54.583  -28.993  23.389 0.0000000000
63755  -55.929  -30.937  24.306 0.0000000000
63756  -56.534  -31.119  24.474 0.0000000000
63727  -56.661  -31.533  25.378 0.0000000000
75162  -58.542  -20.953  17.701 0.0000000000
75177  -57.419  -20.925  16.472 0.0000000000
75179  -59.001  -20.739  17.087 0.0000000000
76164  -60.005  -20.280  16.987 0.0000000000
76182  -60.132  -19.862  16.758 0.0000000000
77144  -60.311  -19.033  16.500 0.0000000000
76203  -55.995  -19.492  14.399 0.0000000000
77167  -56.526  -18.797  14.177 0.0000000000
77152  -56.959  -19.199  14.456 0.0000000000
76195  -58.758  -19.530  15.496 0.0000000000
77143  -59.738  -19.184  15.871 0.0000000000
78122  -60.884  -17.673  16.801 0.0000000000
79118  -61.486  -16.916  16.362 0.0000000000
79127  -61.711  -16.289  15.711 0.0000000000
80114  -59.677  -15.696  13.679 0.0000000000
80099  -60.789  -15.365  14.901 0.0000000000
82079  -60.771  -13.914  12.337 0.0000000000
30280  -12.363  -63.522  52.426 0.0000000000
35319  -13.948  -59.611  51.790 0.0000000000
37217  -18.344  -56.376  51.889 0.0000000000
38179  -17.028  -56.645  51.895 0.0000000000
38222  -18.031  -55.676  48.627 0.0000000000
38223  -18.400  -55.446  48.360 0.0000000000
39307  -18.334  -55.693  47.651 0.0000000000
41482  -18.749  -52.708  43.228 0.0000000000
43463  -23.846  -50.861  49.022 0.0000000000
46565  -33.135  -48.467  44.858 0.0000000000
47637  -39.238  -47.255  35.477 0.0000000000
48512  -44.510  -45.138  39.698 0.0000000000
49488  -37.223  -45.711  33.102 0.0000000000
53711  -47.153  -41.163  40.058 0.0000000000
54779  -48.485  -39.254  37.337 0.0000000000
54795  -44.269  -40.297  34.668 0.0000000000
55824  -48.260  -38.625  36.465 0.0000000000
56827  -49.558  -37.774  39.225 0.0000000000
58002  -43.842  -37.512  32.938 0.0000000000
61477  -47.360  -33.815  32.943 0.0000000000
61479  -48.429  -33.490  33.722 0.0000000000
62593  -48.364  -33.132  29.489 0.0000000000
63641  -43.346  -33.252  27.642 0.0000000000
63665  -45.567  -32.941  28.547 0.0000000000
63720  -49.692  -31.686  25.203 0.0000000000
63779  -46.406  -31.066  23.593 0.0000000000
64669  -47.960  -31.360  32.379 0.0000000000
64675  -53.027  -31.375  31.986 0.0000000000
64683  -47.333  -31.382  31.526 0.0000000000
64691  -54.063  -31.230  31.005 0.0000000000
64706  -54.446  -31.154  30.475 0.0000000000
64707  -54.995  -31.003  30.217 0.0000000000
65873  -51.692  -29.745  23.073 0.0000000000
67830  -56.448  -27.743  23.929 0.0000000000
68884  -53.947  -27.151  20.847 0.0000000000
68902  -55.395  -25.814  20.456 0.0000000000
69998  -56.249  -25.342  20.669 0.0000000000
71050  -58.800  -25.638  24.567 0.0000000000
71108  -54.895  -24.841  19.851 0.0000000000
72152  -57.955  -23.770  20.773 0.0000000000
72179  -49.367  -24.050  18.560 0.0000000000
72183  -55.467  -23.332  19.272 0.0000000000
74098  -59.594  -21.014  20.827 0.0000000000
75140  -55.200  -21.740  17.057 0.0000000000
75146  -60.241  -20.102  18.189 0.0000000000
75163  -59.574  -20.584  17.597 0.0000000000
75176  -56.792  -20.973  16.205 0.0000000000
76147  -59.522  -20.425  19.380 0.0000000000
76163  -55.856  -21.214  16.354 0.0000000000
77153  -57.491  -19.143  14.704 0.0000000000
