#!ascii label  , from subject 4020 vox2ras=TkReg
1296
61896  22.234  -23.483  71.204 0.0000000000
57434  14.600  -26.510  51.806 0.0000000000
56061  11.822  -26.845  66.678 0.0000000000
64305  20.630  -20.159  64.664 0.0000000000
63132  11.431  -20.721  59.701 0.0000000000
59585  16.852  -25.205  70.533 0.0000000000
64232  16.825  -20.566  71.353 0.0000000000
58402  23.881  -25.357  68.519 0.0000000000
56035  19.029  -26.804  67.602 0.0000000000
52856  16.165  -30.425  66.141 0.0000000000
67933  16.021  -17.154  68.769 0.0000000000
64345  16.442  -20.182  62.575 0.0000000000
66750  11.556  -18.636  67.158 0.0000000000
54975  13.394  -28.733  61.857 0.0000000000
58537  15.685  -26.098  60.672 0.0000000000
59628  16.468  -24.090  66.940 0.0000000000
66734  20.395  -18.095  69.714 0.0000000000
60867  19.435  -23.132  57.934 0.0000000000
63214  16.838  -21.579  55.266 0.0000000000
64523  11.776  -20.571  52.870 0.0000000000
70442  13.644  -15.624  57.453 0.0000000000
60752  19.419  -23.993  71.101 0.0000000000
61873  19.480  -22.158  71.802 0.0000000000
59595  23.307  -24.331  69.987 0.0000000000
58404  21.480  -25.529  68.569 0.0000000000
58373  21.073  -25.200  69.970 0.0000000000
57218  18.219  -26.337  69.155 0.0000000000
66739  14.408  -18.941  68.414 0.0000000000
56065  13.457  -27.579  64.522 0.0000000000
58465  13.766  -25.954  63.769 0.0000000000
59619  14.031  -25.311  67.626 0.0000000000
66721  19.066  -18.569  72.707 0.0000000000
64235  19.096  -19.785  70.571 0.0000000000
54941  13.953  -28.771  66.917 0.0000000000
51838  14.877  -30.642  64.009 0.0000000000
53894  13.618  -29.354  65.021 0.0000000000
51870  12.819  -31.090  62.013 0.0000000000
60808  18.332  -23.309  63.316 0.0000000000
60840  18.188  -24.379  59.997 0.0000000000
61968  20.384  -21.730  61.537 0.0000000000
63113  14.191  -21.587  61.418 0.0000000000
63146  16.869  -20.973  59.106 0.0000000000
62022  14.180  -22.119  57.430 0.0000000000
63247  13.827  -21.793  53.487 0.0000000000
64463  12.552  -20.694  56.647 0.0000000000
57223  14.046  -25.581  69.081 0.0000000000
61909  14.407  -23.428  69.681 0.0000000000
61886  17.493  -22.552  71.529 0.0000000000
64225  19.024  -20.307  72.442 0.0000000000
60784  24.689  -24.214  66.799 0.0000000000
59646  24.112  -24.803  63.916 0.0000000000
58429  21.945  -24.950  66.689 0.0000000000
57237  20.097  -26.399  66.307 0.0000000000
53863  17.350  -28.577  67.414 0.0000000000
56039  15.705  -28.223  68.930 0.0000000000
66762  19.255  -17.754  66.165 0.0000000000
65601  18.549  -18.717  63.262 0.0000000000
66785  15.943  -19.000  65.341 0.0000000000
64290  13.255  -20.795  65.544 0.0000000000
64328  11.660  -20.781  63.474 0.0000000000
61881  24.470  -22.329  71.662 0.0000000000
58471  28.427  -24.846  63.609 0.0000000000
58423  29.355  -24.828  66.495 0.0000000000
58382  26.684  -24.721  69.167 0.0000000000
59576  26.662  -24.339  70.928 0.0000000000
51903  13.172  -31.098  59.338 0.0000000000
53957  13.956  -29.087  58.872 0.0000000000
56102  13.846  -27.560  61.305 0.0000000000
59663  16.568  -24.597  63.717 0.0000000000
61934  19.137  -22.129  65.739 0.0000000000
61905  16.824  -21.990  69.322 0.0000000000
63027  19.482  -21.001  68.544 0.0000000000
65545  20.322  -18.596  66.965 0.0000000000
67923  18.998  -16.688  69.251 0.0000000000
57343  15.217  -27.300  58.180 0.0000000000
58604  16.462  -26.024  56.883 0.0000000000
58633  17.539  -25.647  54.445 0.0000000000
65651  18.993  -18.860  60.049 0.0000000000
63199  18.748  -21.821  56.184 0.0000000000
59829  17.526  -23.944  51.869 0.0000000000
62119  15.306  -22.692  51.199 0.0000000000
62122  13.060  -22.115  50.397 0.0000000000
69132  12.671  -16.719  64.694 0.0000000000
66843  13.513  -18.297  61.732 0.0000000000
69165  15.617  -17.234  61.210 0.0000000000
68036  12.756  -18.016  58.668 0.0000000000
66901  12.201  -18.313  55.936 0.0000000000
60735  20.650  -23.597  71.453 0.0000000000
60722  20.512  -23.098  72.027 0.0000000000
61870  21.983  -22.036  72.226 0.0000000000
60748  22.986  -23.832  70.836 0.0000000000
58372  21.811  -25.351  69.971 0.0000000000
60749  21.772  -24.160  70.795 0.0000000000
59582  20.156  -24.595  70.488 0.0000000000
56265  13.632  -27.799  50.687 0.0000000000
57445  14.145  -26.260  50.797 0.0000000000
57249  12.595  -26.724  66.400 0.0000000000
58431  13.409  -26.426  65.844 0.0000000000
58432  12.912  -26.530  66.569 0.0000000000
57264  25.557  -25.532  62.580 0.0000000000
56054  13.179  -27.822  66.505 0.0000000000
53883  13.639  -29.565  66.010 0.0000000000
54946  13.413  -28.634  65.815 0.0000000000
54951  13.463  -28.478  64.794 0.0000000000
63070  19.774  -21.779  64.071 0.0000000000
61959  19.625  -22.651  62.884 0.0000000000
63077  20.493  -21.255  63.181 0.0000000000
61980  12.733  -22.344  61.012 0.0000000000
63166  14.528  -21.989  59.059 0.0000000000
62009  12.383  -22.290  58.814 0.0000000000
63205  13.248  -21.104  57.239 0.0000000000
64432  12.372  -20.558  58.508 0.0000000000
59599  15.461  -25.424  69.748 0.0000000000
59572  15.882  -24.189  70.682 0.0000000000
59571  16.337  -24.226  70.978 0.0000000000
63001  19.222  -21.227  71.950 0.0000000000
66707  19.902  -18.735  74.457 0.0000000000
58415  24.080  -24.941  67.674 0.0000000000
58427  23.879  -24.161  66.877 0.0000000000
58416  22.921  -25.293  67.646 0.0000000000
57225  19.682  -26.184  67.674 0.0000000000
58430  20.782  -25.689  66.724 0.0000000000
57232  19.396  -26.632  66.888 0.0000000000
54925  18.280  -28.047  67.895 0.0000000000
57215  17.861  -25.825  69.934 0.0000000000
56031  16.672  -27.816  69.289 0.0000000000
58392  16.423  -26.047  69.652 0.0000000000
56033  15.146  -27.202  69.435 0.0000000000
67941  17.583  -17.568  67.755 0.0000000000
66764  17.463  -18.309  66.389 0.0000000000
67959  16.276  -17.782  67.313 0.0000000000
65532  12.297  -19.278  68.078 0.0000000000
64258  13.272  -20.060  67.587 0.0000000000
64274  12.347  -20.713  66.259 0.0000000000
63073  12.172  -21.538  64.557 0.0000000000
65568  11.550  -19.679  65.481 0.0000000000
58412  27.276  -25.513  67.617 0.0000000000
52908  12.922  -30.489  60.784 0.0000000000
53933  13.639  -28.891  60.476 0.0000000000
54974  13.467  -28.291  61.562 0.0000000000
59641  15.355  -24.391  65.741 0.0000000000
58463  15.681  -24.934  64.438 0.0000000000
59650  16.337  -24.412  64.846 0.0000000000
60793  18.047  -23.440  65.259 0.0000000000
61936  17.751  -23.310  66.598 0.0000000000
61897  16.296  -22.270  70.530 0.0000000000
61907  15.282  -22.458  69.138 0.0000000000
63021  16.488  -21.817  69.955 0.0000000000
65515  20.070  -19.317  70.129 0.0000000000
64246  19.002  -20.657  69.340 0.0000000000
64245  20.116  -20.262  69.147 0.0000000000
63037  20.151  -20.689  68.104 0.0000000000
65529  20.507  -18.583  67.953 0.0000000000
67939  20.343  -16.862  67.142 0.0000000000
67922  20.033  -16.950  69.325 0.0000000000
59648  22.567  -24.882  63.724 0.0000000000
59670  23.034  -25.145  62.381 0.0000000000
53893  16.755  -30.332  64.718 0.0000000000
52896  16.566  -30.805  62.627 0.0000000000
52887  15.882  -30.734  63.724 0.0000000000
51869  14.223  -31.397  62.550 0.0000000000
50771  14.715  -32.431  62.160 0.0000000000
52897  12.778  -30.232  61.708 0.0000000000
51882  12.214  -31.978  60.704 0.0000000000
57316  14.749  -27.131  60.403 0.0000000000
56147  14.074  -28.164  58.277 0.0000000000
57331  15.388  -26.951  59.318 0.0000000000
60854  19.021  -24.020  59.156 0.0000000000
58571  17.027  -25.529  58.141 0.0000000000
59743  18.577  -24.817  57.510 0.0000000000
58619  17.431  -25.656  55.499 0.0000000000
59758  19.318  -24.348  56.490 0.0000000000
65619  17.464  -19.584  62.813 0.0000000000
65633  19.093  -19.291  61.892 0.0000000000
64362  17.922  -19.931  61.545 0.0000000000
63183  16.264  -21.150  57.338 0.0000000000
64448  18.240  -21.056  57.914 0.0000000000
63213  17.820  -21.605  55.194 0.0000000000
62060  18.621  -22.303  54.599 0.0000000000
62074  17.395  -21.824  53.389 0.0000000000
60944  17.241  -23.085  51.621 0.0000000000
62089  16.254  -22.394  52.477 0.0000000000
63263  12.044  -21.565  53.127 0.0000000000
62092  13.099  -22.297  52.482 0.0000000000
63279  12.407  -21.889  51.504 0.0000000000
70374  13.894  -16.183  63.884 0.0000000000
67996  13.380  -17.740  63.441 0.0000000000
68004  14.318  -17.436  63.004 0.0000000000
70417  15.670  -15.774  58.760 0.0000000000
69194  14.735  -16.998  58.861 0.0000000000
69183  14.234  -17.838  59.956 0.0000000000
70421  12.857  -17.262  58.435 0.0000000000
66889  11.464  -18.149  57.875 0.0000000000
69216  12.510  -16.540  57.128 0.0000000000
59569  18.244  -24.500  71.186 0.0000000000
60738  18.043  -23.378  71.521 0.0000000000
60723  19.695  -23.036  71.970 0.0000000000
58385  23.618  -25.066  69.278 0.0000000000
58403  22.673  -25.389  68.535 0.0000000000
58386  22.380  -25.254  69.448 0.0000000000
58387  21.245  -25.471  69.345 0.0000000000
58406  19.262  -25.187  68.559 0.0000000000
57227  18.530  -26.132  68.407 0.0000000000
59598  19.076  -25.181  69.370 0.0000000000
58376  18.500  -25.441  70.368 0.0000000000
69073  15.421  -16.749  70.238 0.0000000000
67934  15.048  -18.134  68.787 0.0000000000
69084  14.409  -17.340  69.401 0.0000000000
69085  13.624  -17.139  69.160 0.0000000000
67937  12.365  -17.655  68.198 0.0000000000
54959  12.750  -28.271  62.980 0.0000000000
56078  12.814  -27.495  62.855 0.0000000000
57255  13.536  -26.759  64.195 0.0000000000
59643  13.980  -25.485  65.508 0.0000000000
60789  15.152  -23.973  67.052 0.0000000000
65501  18.277  -20.023  71.589 0.0000000000
65511  17.774  -20.016  70.943 0.0000000000
65503  19.047  -18.985  71.922 0.0000000000
66729  19.989  -18.356  70.881 0.0000000000
67918  20.285  -17.178  70.494 0.0000000000
69068  20.316  -16.078  70.333 0.0000000000
53873  14.872  -29.734  66.985 0.0000000000
52878  15.041  -30.669  64.796 0.0000000000
51830  14.391  -30.560  64.999 0.0000000000
51839  14.511  -30.351  64.388 0.0000000000
50756  13.691  -31.277  62.447 0.0000000000
50773  13.100  -31.713  62.371 0.0000000000
52888  13.548  -29.947  63.180 0.0000000000
53905  13.249  -29.147  63.091 0.0000000000
59673  17.143  -24.028  62.491 0.0000000000
59715  16.505  -24.878  60.213 0.0000000000
60822  18.166  -23.927  61.581 0.0000000000
60826  19.400  -22.958  60.892 0.0000000000
61986  20.169  -22.491  60.325 0.0000000000
64365  15.100  -20.548  61.650 0.0000000000
64384  16.250  -20.644  60.848 0.0000000000
63129  15.441  -20.796  60.254 0.0000000000
63165  15.085  -21.800  58.550 0.0000000000
63202  15.464  -21.576  56.480 0.0000000000
63231  14.826  -21.539  54.395 0.0000000000
63217  13.661  -21.346  55.885 0.0000000000
63233  12.694  -21.193  55.169 0.0000000000
64494  12.170  -20.611  55.057 0.0000000000
71728  13.666  -14.898  57.325 0.0000000000
71739  13.189  -15.213  56.503 0.0000000000
72989  13.321  -14.103  56.056 0.0000000000
56049  12.753  -26.799  68.162 0.0000000000
58409  12.653  -25.366  68.957 0.0000000000
59590  13.076  -24.473  70.233 0.0000000000
61877  15.725  -23.259  71.094 0.0000000000
63009  16.733  -21.211  71.698 0.0000000000
61885  18.033  -22.540  71.859 0.0000000000
63002  18.328  -21.211  71.989 0.0000000000
64226  18.175  -20.525  71.815 0.0000000000
66716  18.961  -18.930  73.318 0.0000000000
58441  25.069  -25.193  65.382 0.0000000000
58457  24.729  -25.101  64.392 0.0000000000
58442  24.034  -24.860  65.860 0.0000000000
58417  21.652  -25.273  67.693 0.0000000000
58445  20.634  -26.076  66.015 0.0000000000
57244  21.099  -26.486  64.865 0.0000000000
53882  16.838  -29.894  65.564 0.0000000000
53871  16.696  -29.387  66.706 0.0000000000
54923  17.514  -28.002  68.714 0.0000000000
54927  16.915  -28.523  68.467 0.0000000000
54933  15.536  -29.376  68.043 0.0000000000
54934  14.796  -28.984  67.932 0.0000000000
56041  13.718  -27.089  68.515 0.0000000000
66800  20.276  -18.286  65.488 0.0000000000
65581  19.876  -18.630  64.211 0.0000000000
66802  18.822  -18.199  64.740 0.0000000000
66803  17.796  -18.558  64.456 0.0000000000
65584  16.147  -19.601  64.021 0.0000000000
65546  15.125  -19.421  67.235 0.0000000000
65565  15.190  -19.710  65.318 0.0000000000
64325  14.718  -20.438  63.537 0.0000000000
64326  13.522  -21.021  63.214 0.0000000000
63096  12.767  -21.622  62.329 0.0000000000
64367  11.684  -20.949  61.813 0.0000000000
60733  23.203  -23.196  71.237 0.0000000000
58455  26.790  -25.555  64.410 0.0000000000
58434  31.332  -24.666  65.170 0.0000000000
59636  30.261  -24.533  66.096 0.0000000000
58452  29.841  -25.267  64.840 0.0000000000
58453  28.802  -25.292  64.743 0.0000000000
58438  28.175  -25.528  65.668 0.0000000000
58440  26.017  -25.417  65.544 0.0000000000
58414  25.149  -24.769  67.818 0.0000000000
58401  24.999  -25.233  68.553 0.0000000000
59592  26.857  -24.755  69.990 0.0000000000
58384  24.812  -25.276  69.372 0.0000000000
59578  24.284  -24.210  70.643 0.0000000000
60747  24.082  -23.817  71.009 0.0000000000
54992  13.757  -28.374  59.827 0.0000000000
57300  14.346  -26.987  61.378 0.0000000000
58482  13.733  -26.132  62.729 0.0000000000
58499  14.470  -26.184  62.141 0.0000000000
59675  16.123  -24.820  62.451 0.0000000000
60809  17.449  -24.096  63.672 0.0000000000
61941  18.610  -22.452  64.896 0.0000000000
63062  19.654  -21.544  65.112 0.0000000000
60770  13.934  -24.107  68.780 0.0000000000
60768  14.994  -22.762  68.014 0.0000000000
60766  16.739  -23.258  68.306 0.0000000000
63019  17.895  -20.890  69.525 0.0000000000
61914  17.960  -22.296  68.501 0.0000000000
60776  17.724  -23.298  67.898 0.0000000000
61925  19.121  -22.272  66.893 0.0000000000
63049  20.414  -20.593  66.826 0.0000000000
64287  20.574  -19.848  65.764 0.0000000000
66760  20.193  -17.586  66.722 0.0000000000
69095  18.737  -16.346  67.541 0.0000000000
67924  17.946  -17.040  69.372 0.0000000000
69069  19.708  -15.927  69.936 0.0000000000
69070  18.540  -16.408  69.980 0.0000000000
69072  16.336  -16.717  70.094 0.0000000000
51880  16.573  -31.947  61.231 0.0000000000
51867  15.290  -31.639  62.607 0.0000000000
58572  16.253  -25.759  58.638 0.0000000000
56162  15.937  -27.242  57.412 0.0000000000
57421  16.079  -26.572  52.748 0.0000000000
64341  20.296  -20.032  62.437 0.0000000000
64360  19.729  -20.252  61.325 0.0000000000
64404  20.885  -20.232  59.224 0.0000000000
64407  17.608  -20.452  59.784 0.0000000000
63162  19.257  -21.014  58.323 0.0000000000
62020  19.802  -22.229  57.348 0.0000000000
60901  19.148  -23.666  55.091 0.0000000000
58644  18.300  -24.950  53.107 0.0000000000
58668  15.482  -25.912  51.458 0.0000000000
58676  16.645  -24.715  50.796 0.0000000000
62090  14.606  -21.981  52.708 0.0000000000
62120  14.614  -22.578  50.840 0.0000000000
69108  12.196  -16.416  66.347 0.0000000000
70353  12.787  -15.413  65.440 0.0000000000
67973  10.800  -17.767  65.565 0.0000000000
65586  11.998  -18.965  64.225 0.0000000000
65622  12.515  -19.265  62.404 0.0000000000
65637  12.366  -19.482  61.255 0.0000000000
68025  14.466  -17.572  61.294 0.0000000000
66849  13.414  -18.383  60.667 0.0000000000
65674  12.176  -19.694  59.083 0.0000000000
65692  12.318  -19.471  58.069 0.0000000000
66902  11.596  -18.986  56.401 0.0000000000
66929  11.187  -18.882  54.241 0.0000000000
68082  12.214  -17.612  53.447 0.0000000000
60734  21.467  -23.552  71.347 0.0000000000
61884  21.211  -23.103  71.837 0.0000000000
61883  22.195  -22.633  71.718 0.0000000000
60750  20.840  -24.220  71.035 0.0000000000
56251  13.605  -27.815  51.837 0.0000000000
57446  13.746  -26.963  51.213 0.0000000000
56066  11.447  -27.176  65.951 0.0000000000
58448  12.068  -26.365  65.746 0.0000000000
58421  12.028  -25.814  67.081 0.0000000000
58473  26.546  -25.705  63.029 0.0000000000
57263  26.019  -25.844  62.375 0.0000000000
58474  25.611  -25.355  63.270 0.0000000000
56055  12.600  -27.098  67.044 0.0000000000
56060  11.998  -27.340  66.157 0.0000000000
56059  13.213  -27.578  65.663 0.0000000000
63069  20.464  -21.102  64.374 0.0000000000
61989  12.028  -22.094  60.405 0.0000000000
61997  12.359  -22.260  59.604 0.0000000000
63151  11.905  -21.385  59.320 0.0000000000
63167  12.355  -21.568  58.449 0.0000000000
64410  11.897  -20.460  59.185 0.0000000000
58379  16.174  -25.276  70.031 0.0000000000
59587  15.872  -24.954  70.117 0.0000000000
59570  17.221  -24.631  71.058 0.0000000000
56034  19.319  -26.538  67.298 0.0000000000
56044  19.065  -26.970  66.964 0.0000000000
56045  18.399  -27.502  67.401 0.0000000000
58377  17.355  -25.563  70.275 0.0000000000
58391  16.882  -26.182  69.613 0.0000000000
58393  15.744  -25.770  69.711 0.0000000000
67942  16.693  -17.848  67.979 0.0000000000
67958  16.906  -17.703  67.066 0.0000000000
65533  11.693  -19.619  67.783 0.0000000000
64251  11.919  -20.289  68.013 0.0000000000
64260  11.823  -20.270  67.129 0.0000000000
64275  11.823  -20.372  66.010 0.0000000000
65550  11.510  -19.461  66.521 0.0000000000
53923  13.390  -29.296  61.268 0.0000000000
59640  16.227  -24.071  66.071 0.0000000000
60787  17.340  -23.620  66.170 0.0000000000
61937  17.218  -23.367  66.674 0.0000000000
63014  16.536  -21.167  70.764 0.0000000000
63015  16.106  -21.926  70.240 0.0000000000
64238  16.704  -20.522  70.985 0.0000000000
64240  19.909  -19.877  69.803 0.0000000000
65519  20.473  -19.002  68.914 0.0000000000
66737  20.374  -17.877  68.561 0.0000000000
52865  16.098  -30.351  65.033 0.0000000000
50772  13.896  -31.958  62.318 0.0000000000
49594  14.127  -33.224  62.312 0.0000000000
51881  12.409  -31.433  61.222 0.0000000000
58538  15.069  -26.699  60.667 0.0000000000
57332  15.074  -27.004  59.877 0.0000000000
58555  15.386  -26.428  59.911 0.0000000000
60853  19.387  -23.443  58.963 0.0000000000
59742  19.350  -24.031  57.680 0.0000000000
59759  18.620  -24.961  56.534 0.0000000000
65620  16.962  -19.825  62.715 0.0000000000
64343  17.950  -19.674  62.302 0.0000000000
64363  16.798  -20.043  61.586 0.0000000000
63201  16.582  -21.370  56.343 0.0000000000
63200  17.726  -21.422  56.294 0.0000000000
63228  18.023  -21.123  54.242 0.0000000000
63229  17.161  -21.403  54.207 0.0000000000
62075  16.528  -22.247  53.262 0.0000000000
63230  16.071  -22.136  54.160 0.0000000000
63280  11.835  -21.327  51.886 0.0000000000
70360  14.257  -14.935  64.300 0.0000000000
70373  14.655  -15.411  63.754 0.0000000000
69143  14.536  -16.684  63.510 0.0000000000
69142  15.358  -16.203  63.071 0.0000000000
70432  14.337  -15.878  57.937 0.0000000000
70418  15.024  -16.052  58.691 0.0000000000
69205  14.120  -16.639  58.389 0.0000000000
70419  13.500  -17.031  58.564 0.0000000000
70434  12.929  -16.559  58.185 0.0000000000
69207  12.557  -16.694  57.848 0.0000000000
70443  13.087  -16.005  57.341 0.0000000000
59568  18.887  -24.266  71.016 0.0000000000
60737  19.015  -23.663  71.461 0.0000000000
60736  19.885  -23.531  71.476 0.0000000000
61871  21.265  -22.323  72.102 0.0000000000
58388  20.320  -25.306  69.357 0.0000000000
58405  20.276  -25.603  68.440 0.0000000000
58389  19.530  -25.221  69.548 0.0000000000
60751  20.033  -23.972  70.912 0.0000000000
58375  19.473  -25.239  70.217 0.0000000000
59583  19.284  -24.573  70.672 0.0000000000
59584  18.611  -24.804  70.850 0.0000000000
69074  14.569  -16.801  70.185 0.0000000000
69076  13.322  -16.321  69.414 0.0000000000
69086  12.919  -16.627  68.566 0.0000000000
56077  13.267  -27.518  63.564 0.0000000000
59632  13.496  -26.224  66.576 0.0000000000
59631  13.709  -25.589  66.180 0.0000000000
59630  14.590  -24.308  66.700 0.0000000000
65499  19.019  -18.978  72.372 0.0000000000
66725  19.868  -18.036  71.419 0.0000000000
69057  20.228  -16.376  71.277 0.0000000000
54940  14.498  -29.254  67.084 0.0000000000
52858  14.443  -30.202  66.171 0.0000000000
53874  14.194  -29.621  66.556 0.0000000000
52868  14.018  -30.197  65.314 0.0000000000
52879  14.150  -29.772  64.071 0.0000000000
51853  14.219  -30.830  62.991 0.0000000000
51854  13.379  -30.798  62.546 0.0000000000
54958  13.338  -28.375  63.786 0.0000000000
60816  17.514  -23.763  62.657 0.0000000000
59686  17.262  -24.218  62.063 0.0000000000
60815  18.626  -23.517  62.401 0.0000000000
61958  20.211  -21.878  62.491 0.0000000000
60820  19.541  -22.903  61.585 0.0000000000
61978  20.007  -22.393  61.170 0.0000000000
61977  20.495  -21.696  60.624 0.0000000000
64366  14.628  -20.982  61.602 0.0000000000
63112  14.899  -20.938  61.059 0.0000000000
63130  14.559  -21.265  60.362 0.0000000000
62007  14.182  -22.366  58.331 0.0000000000
62006  14.686  -22.168  57.821 0.0000000000
63184  15.182  -21.734  57.477 0.0000000000
63185  14.618  -21.954  57.226 0.0000000000
63216  14.613  -21.622  55.606 0.0000000000
63203  14.408  -21.740  56.722 0.0000000000
63218  12.892  -21.165  56.273 0.0000000000
64476  12.166  -21.027  55.826 0.0000000000
64493  12.224  -21.047  55.265 0.0000000000
64477  12.463  -20.231  56.037 0.0000000000
71717  14.643  -14.642  57.694 0.0000000000
71718  14.018  -14.421  57.349 0.0000000000
71720  13.441  -14.345  56.791 0.0000000000
72983  13.599  -13.793  56.819 0.0000000000
57230  12.849  -26.159  69.195 0.0000000000
58396  12.729  -25.292  69.964 0.0000000000
57217  13.414  -25.443  70.190 0.0000000000
59562  16.081  -23.770  71.074 0.0000000000
59563  16.174  -23.528  70.971 0.0000000000
60741  15.937  -23.137  71.016 0.0000000000
61887  16.954  -22.365  70.860 0.0000000000
60724  18.870  -22.905  71.907 0.0000000000
60725  18.380  -22.748  71.874 0.0000000000
63003  17.423  -21.179  72.068 0.0000000000
65500  18.918  -19.427  72.369 0.0000000000
65494  19.167  -19.439  73.335 0.0000000000
59637  25.245  -25.185  66.053 0.0000000000
59639  24.282  -24.821  66.097 0.0000000000
58428  23.185  -24.780  66.761 0.0000000000
58443  22.682  -24.956  65.682 0.0000000000
58444  21.443  -25.820  65.556 0.0000000000
57245  20.494  -26.587  65.488 0.0000000000
57253  19.753  -27.062  65.193 0.0000000000
56064  19.304  -27.482  65.272 0.0000000000
53870  17.352  -28.629  66.983 0.0000000000
53864  16.976  -28.798  67.662 0.0000000000
56029  18.252  -27.048  68.743 0.0000000000
56030  17.599  -27.378  69.028 0.0000000000
56038  16.277  -28.418  68.798 0.0000000000
54928  15.880  -28.910  68.396 0.0000000000
54929  15.242  -28.517  68.545 0.0000000000
57222  14.774  -26.563  69.362 0.0000000000
57228  14.308  -26.913  68.774 0.0000000000
57229  13.919  -26.330  68.665 0.0000000000
56042  13.212  -26.659  68.699 0.0000000000
66781  19.867  -17.805  65.667 0.0000000000
66801  19.859  -18.032  64.868 0.0000000000
66782  19.100  -18.080  65.541 0.0000000000
66784  17.037  -18.662  65.517 0.0000000000
66804  16.842  -18.961  64.681 0.0000000000
65583  16.811  -19.298  64.063 0.0000000000
66738  14.963  -18.757  68.461 0.0000000000
66747  15.281  -19.028  68.046 0.0000000000
66748  14.828  -19.206  68.127 0.0000000000
64273  13.313  -20.262  66.664 0.0000000000
64289  14.520  -20.310  66.171 0.0000000000
64306  14.309  -20.103  64.846 0.0000000000
64307  13.569  -20.864  64.316 0.0000000000
63074  11.766  -21.463  64.083 0.0000000000
61962  12.490  -22.096  63.725 0.0000000000
63081  12.175  -21.620  63.267 0.0000000000
63097  11.892  -21.670  62.287 0.0000000000
64350  11.888  -20.885  62.650 0.0000000000
61869  25.192  -22.045  72.127 0.0000000000
58489  28.092  -25.478  62.398 0.0000000000
58472  27.528  -25.630  63.470 0.0000000000
59623  29.974  -24.251  66.524 0.0000000000
58422  29.822  -24.655  66.318 0.0000000000
58436  30.120  -24.854  65.822 0.0000000000
58437  29.130  -25.223  65.707 0.0000000000
58439  27.133  -25.731  65.605 0.0000000000
58399  27.161  -25.243  68.667 0.0000000000
58413  26.078  -25.193  67.675 0.0000000000
58400  25.993  -24.824  68.531 0.0000000000
59593  25.721  -24.755  70.175 0.0000000000
59594  24.548  -24.642  70.052 0.0000000000
59577  25.375  -24.244  71.049 0.0000000000
60731  24.991  -23.311  71.278 0.0000000000
60732  23.831  -23.255  71.374 0.0000000000
50839  12.462  -32.112  58.447 0.0000000000
51902  13.546  -31.038  59.123 0.0000000000
54983  13.471  -28.145  60.694 0.0000000000
56115  14.230  -27.428  60.657 0.0000000000
57266  13.287  -26.779  63.133 0.0000000000
57267  13.204  -27.235  62.780 0.0000000000
58480  15.618  -25.154  63.678 0.0000000000
58481  14.457  -25.507  63.182 0.0000000000
58498  15.405  -25.216  62.558 0.0000000000
59664  15.998  -24.687  63.015 0.0000000000
60810  16.913  -24.161  63.306 0.0000000000
60800  18.110  -23.383  64.308 0.0000000000
61940  19.003  -21.850  65.109 0.0000000000
60762  12.886  -23.924  69.540 0.0000000000
59609  13.721  -24.942  68.636 0.0000000000
60761  13.704  -23.843  69.396 0.0000000000
61906  15.948  -21.955  69.170 0.0000000000
61917  14.953  -22.580  68.580 0.0000000000
60758  15.587  -22.499  68.580 0.0000000000
60767  15.907  -22.793  67.923 0.0000000000
61916  16.304  -22.572  68.761 0.0000000000
64236  18.613  -20.039  70.576 0.0000000000
64243  17.653  -20.707  70.155 0.0000000000
64242  18.212  -20.600  69.834 0.0000000000
63028  18.234  -21.123  69.011 0.0000000000
61913  18.939  -22.035  68.127 0.0000000000
61926  18.129  -23.027  67.515 0.0000000000
64256  20.437  -19.662  67.814 0.0000000000
64270  20.573  -19.538  66.675 0.0000000000
65563  20.490  -18.857  65.975 0.0000000000
69080  19.400  -16.189  68.073 0.0000000000
69094  19.319  -16.217  67.476 0.0000000000
69081  18.882  -16.151  68.187 0.0000000000
67931  18.401  -17.010  68.365 0.0000000000
58475  24.851  -25.252  63.166 0.0000000000
59658  24.000  -24.845  63.187 0.0000000000
51866  16.233  -31.494  62.327 0.0000000000
51837  15.211  -30.840  63.681 0.0000000000
51852  14.945  -31.036  63.171 0.0000000000
50823  12.574  -31.909  59.447 0.0000000000
50824  11.741  -32.630  59.036 0.0000000000
56146  14.591  -27.619  58.411 0.0000000000
56164  13.815  -28.318  57.599 0.0000000000
56163  14.337  -27.735  57.624 0.0000000000
56182  14.293  -27.826  56.887 0.0000000000
59714  17.551  -24.594  59.769 0.0000000000
58554  16.128  -25.431  59.702 0.0000000000
58553  17.052  -25.457  59.006 0.0000000000
58587  17.018  -25.502  57.272 0.0000000000
58588  16.339  -26.091  57.769 0.0000000000
57370  16.313  -27.001  56.701 0.0000000000
57371  15.573  -27.345  56.893 0.0000000000
57383  15.937  -26.789  55.669 0.0000000000
58618  18.284  -24.956  55.087 0.0000000000
58634  16.610  -26.023  54.967 0.0000000000
57406  16.127  -26.703  53.248 0.0000000000
58645  17.494  -25.453  53.322 0.0000000000
65600  19.473  -18.621  63.460 0.0000000000
65616  20.231  -19.272  62.928 0.0000000000
65617  19.270  -19.123  62.521 0.0000000000
64361  18.948  -19.625  61.354 0.0000000000
64381  19.328  -19.495  60.485 0.0000000000
64380  20.317  -19.861  60.032 0.0000000000
65649  19.938  -19.538  59.564 0.0000000000
64408  16.605  -20.921  60.076 0.0000000000
64431  17.845  -20.743  58.880 0.0000000000
63181  18.741  -21.287  57.511 0.0000000000
64430  18.754  -20.796  58.558 0.0000000000
63161  19.749  -21.319  58.306 0.0000000000
63180  19.602  -21.664  56.974 0.0000000000
62033  19.696  -22.425  56.366 0.0000000000
62034  19.262  -22.148  56.148 0.0000000000
60928  18.495  -23.418  53.107 0.0000000000
60914  18.871  -23.125  53.919 0.0000000000
59828  18.320  -24.065  52.539 0.0000000000
58657  17.742  -25.016  52.178 0.0000000000
58667  16.685  -25.375  51.281 0.0000000000
58666  17.051  -24.586  51.388 0.0000000000
60945  16.448  -23.106  51.252 0.0000000000
60963  14.769  -23.348  50.063 0.0000000000
63246  14.914  -21.762  53.243 0.0000000000
62077  14.349  -21.941  53.003 0.0000000000
63278  13.107  -22.009  51.405 0.0000000000
62105  13.659  -22.317  51.716 0.0000000000
62121  13.687  -22.165  50.758 0.0000000000
62133  13.752  -22.584  49.888 0.0000000000
70352  13.349  -14.939  64.963 0.0000000000
70362  12.680  -16.000  64.880 0.0000000000
69122  12.170  -16.521  65.324 0.0000000000
66807  11.692  -18.577  64.832 0.0000000000
67985  12.475  -17.749  64.543 0.0000000000
66833  13.318  -18.600  62.820 0.0000000000
66822  13.034  -18.535  63.406 0.0000000000
65621  12.930  -18.977  62.749 0.0000000000
66844  12.898  -18.790  61.449 0.0000000000
69164  16.478  -17.050  60.776 0.0000000000
69151  16.353  -16.592  61.861 0.0000000000
69152  15.446  -16.581  62.144 0.0000000000
69166  14.938  -17.165  61.617 0.0000000000
68035  13.325  -18.048  59.201 0.0000000000
68034  13.846  -18.125  59.848 0.0000000000
66860  13.360  -18.501  59.836 0.0000000000
66850  12.897  -18.947  60.415 0.0000000000
66861  12.872  -18.842  59.268 0.0000000000
66871  12.477  -18.986  58.634 0.0000000000
66862  12.540  -18.469  58.607 0.0000000000
68053  12.577  -17.997  57.022 0.0000000000
66888  11.715  -18.448  57.630 0.0000000000
66915  12.091  -18.968  55.197 0.0000000000
66914  11.704  -18.158  54.951 0.0000000000
70463  12.789  -16.020  55.414 0.0000000000
60756  22.739  -24.278  70.283 0.0000000000
59596  22.396  -24.856  70.135 0.0000000000
60757  22.316  -24.403  70.475 0.0000000000
59580  21.736  -24.883  70.372 0.0000000000
59581  20.983  -24.793  70.531 0.0000000000
58374  20.290  -25.187  70.096 0.0000000000
57457  14.440  -26.178  50.152 0.0000000000
57248  13.269  -26.819  65.318 0.0000000000
57241  12.974  -26.717  66.041 0.0000000000
59620  13.481  -26.019  66.957 0.0000000000
53904  13.357  -29.261  64.031 0.0000000000
61948  19.364  -22.381  63.632 0.0000000000
60807  19.079  -23.214  62.893 0.0000000000
63078  20.015  -22.082  63.298 0.0000000000
61979  13.570  -22.223  60.823 0.0000000000
63131  14.201  -22.013  60.512 0.0000000000
61987  13.767  -22.346  60.013 0.0000000000
61995  13.923  -22.316  59.208 0.0000000000
62023  13.434  -22.297  57.812 0.0000000000
62035  13.963  -21.783  57.025 0.0000000000
62037  13.150  -21.750  57.647 0.0000000000
63186  13.248  -21.075  58.172 0.0000000000
64450  12.617  -20.314  57.568 0.0000000000
58394  14.923  -25.702  69.627 0.0000000000
59601  14.717  -24.904  69.605 0.0000000000
60739  17.039  -23.423  71.218 0.0000000000
64224  19.754  -20.575  72.670 0.0000000000
64216  19.489  -19.970  73.188 0.0000000000
65487  19.193  -19.216  74.056 0.0000000000
65486  19.634  -19.184  74.497 0.0000000000
59615  24.567  -24.245  67.199 0.0000000000
59627  24.434  -24.354  66.633 0.0000000000
58418  20.586  -25.779  67.729 0.0000000000
57231  19.776  -26.277  67.036 0.0000000000
57238  19.519  -26.777  66.576 0.0000000000
56046  18.187  -27.867  67.448 0.0000000000
54931  17.781  -28.308  67.554 0.0000000000
57219  17.376  -26.463  69.503 0.0000000000
57220  16.423  -26.870  69.658 0.0000000000
56032  15.680  -27.502  69.395 0.0000000000
57221  15.645  -26.732  69.720 0.0000000000
67956  18.642  -17.500  66.652 0.0000000000
66763  18.469  -18.137  66.276 0.0000000000
67957  17.940  -17.903  66.998 0.0000000000
66765  16.006  -18.402  66.673 0.0000000000
66740  13.283  -18.864  68.914 0.0000000000
64257  13.884  -19.743  67.814 0.0000000000
64250  12.541  -20.111  68.119 0.0000000000
64259  12.446  -20.309  67.393 0.0000000000
64291  12.567  -21.030  65.669 0.0000000000
63072  12.808  -21.387  64.784 0.0000000000
63065  12.143  -21.210  65.447 0.0000000000
64292  11.556  -20.424  65.157 0.0000000000
64308  11.452  -20.606  64.328 0.0000000000
58410  28.647  -24.821  67.128 0.0000000000
52919  12.815  -30.443  59.835 0.0000000000
53934  13.231  -29.718  60.234 0.0000000000
53922  13.422  -28.574  60.994 0.0000000000
56089  13.569  -27.778  62.161 0.0000000000
59652  14.777  -25.101  64.911 0.0000000000
58464  14.760  -25.464  64.496 0.0000000000
59651  15.156  -24.786  64.901 0.0000000000
59662  17.003  -24.443  64.335 0.0000000000
60802  17.006  -24.090  65.215 0.0000000000
60786  17.875  -23.506  65.941 0.0000000000
61935  18.509  -23.008  66.126 0.0000000000
61898  15.544  -22.547  70.099 0.0000000000
61908  14.716  -22.840  69.532 0.0000000000
63022  15.774  -21.973  69.729 0.0000000000
65516  19.578  -19.505  70.388 0.0000000000
64241  19.390  -19.988  70.124 0.0000000000
63026  19.942  -20.656  68.589 0.0000000000
66746  20.348  -17.726  67.537 0.0000000000
67929  19.886  -16.967  68.034 0.0000000000
67930  19.323  -16.634  68.594 0.0000000000
59647  23.279  -24.666  63.932 0.0000000000
59659  23.138  -24.793  63.151 0.0000000000
52876  16.262  -30.672  64.188 0.0000000000
51850  15.967  -30.909  62.825 0.0000000000
51892  12.396  -32.033  60.460 0.0000000000
51891  12.532  -31.520  60.255 0.0000000000
56131  14.105  -27.966  59.173 0.0000000000
55007  13.830  -28.979  58.271 0.0000000000
56129  15.243  -27.254  58.987 0.0000000000
57342  15.542  -26.936  58.595 0.0000000000
59713  18.321  -24.317  59.412 0.0000000000
59732  17.743  -24.936  58.460 0.0000000000
59744  17.670  -25.228  57.656 0.0000000000
58586  17.919  -25.314  56.911 0.0000000000
58620  16.683  -26.187  56.015 0.0000000000
58602  18.021  -25.149  56.034 0.0000000000
58601  18.844  -24.847  55.761 0.0000000000
58617  18.727  -24.613  55.295 0.0000000000
65618  18.252  -19.278  62.770 0.0000000000
64382  18.443  -19.744  60.402 0.0000000000
63163  17.087  -21.072  58.194 0.0000000000
63182  17.513  -21.160  57.380 0.0000000000
62048  18.972  -22.476  55.608 0.0000000000
63212  18.377  -21.769  55.025 0.0000000000
63242  18.255  -21.375  53.741 0.0000000000
60929  17.762  -23.031  52.535 0.0000000000
62087  17.455  -22.594  52.502 0.0000000000
62102  16.768  -22.620  51.858 0.0000000000
62103  15.820  -22.487  51.716 0.0000000000
63248  12.824  -21.584  54.009 0.0000000000
63261  13.391  -22.145  52.933 0.0000000000
63262  12.875  -22.060  53.141 0.0000000000
62106  12.655  -22.292  51.957 0.0000000000
63294  13.097  -21.669  51.005 0.0000000000
69131  13.420  -16.536  64.267 0.0000000000
67984  13.136  -17.271  64.187 0.0000000000
69144  13.799  -16.985  63.898 0.0000000000
67995  14.032  -17.238  63.497 0.0000000000
68005  13.884  -17.929  62.487 0.0000000000
69180  16.290  -16.700  59.822 0.0000000000
69181  15.631  -17.215  60.003 0.0000000000
69182  14.694  -17.495  60.327 0.0000000000
69195  13.816  -17.375  59.048 0.0000000000
69196  13.106  -17.550  58.630 0.0000000000
68046  12.226  -18.086  58.529 0.0000000000
69209  11.965  -17.528  58.185 0.0000000000
69217  12.235  -17.203  57.605 0.0000000000
68062  12.292  -17.248  56.995 0.0000000000
58371  17.741  -25.119  71.064 0.0000000000
61872  20.361  -22.239  71.824 0.0000000000
57226  19.058  -25.946  67.904 0.0000000000
58407  18.575  -25.400  68.826 0.0000000000
58390  18.769  -25.502  69.622 0.0000000000
57214  18.147  -25.903  69.704 0.0000000000
58370  18.133  -25.238  70.939 0.0000000000
69082  15.846  -17.049  69.690 0.0000000000
69083  15.215  -17.269  69.577 0.0000000000
67935  13.931  -18.115  69.109 0.0000000000
69075  13.871  -16.668  69.820 0.0000000000
67936  12.950  -17.898  69.063 0.0000000000
67944  11.800  -17.575  67.211 0.0000000000
53914  13.197  -29.153  62.277 0.0000000000
54967  13.276  -28.198  62.360 0.0000000000
58447  13.944  -25.940  65.070 0.0000000000
58446  14.344  -25.494  64.936 0.0000000000
59642  14.465  -25.114  65.356 0.0000000000
59629  15.697  -24.184  66.806 0.0000000000
64231  17.576  -20.337  71.444 0.0000000000
64237  17.443  -20.404  70.727 0.0000000000
65505  17.896  -19.971  71.179 0.0000000000
65510  18.177  -19.814  70.924 0.0000000000
65509  19.172  -19.156  70.789 0.0000000000
66726  19.552  -18.292  71.715 0.0000000000
66730  19.580  -18.610  71.128 0.0000000000
65508  19.800  -18.968  70.651 0.0000000000
52857  15.262  -30.436  66.287 0.0000000000
52866  15.497  -30.682  65.387 0.0000000000
52867  14.717  -30.587  65.430 0.0000000000
50755  13.963  -31.306  62.498 0.0000000000
52889  12.991  -30.057  62.515 0.0000000000
59687  16.529  -24.803  61.750 0.0000000000
58536  16.294  -25.460  60.719 0.0000000000
59702  16.701  -24.807  60.774 0.0000000000
59701  17.391  -24.422  61.068 0.0000000000
60828  18.228  -24.312  60.503 0.0000000000
60814  19.415  -23.174  62.262 0.0000000000
60821  19.148  -23.538  61.615 0.0000000000
60827  19.060  -23.912  60.778 0.0000000000
60838  19.620  -23.322  60.021 0.0000000000
61994  20.023  -22.256  59.350 0.0000000000
64346  15.433  -20.480  62.503 0.0000000000
65636  16.390  -20.224  61.473 0.0000000000
63111  15.609  -20.757  61.109 0.0000000000
63147  15.879  -21.317  59.338 0.0000000000
63148  14.840  -21.278  59.465 0.0000000000
63164  16.013  -21.159  58.313 0.0000000000
63215  15.727  -21.661  55.380 0.0000000000
63232  13.722  -21.455  54.744 0.0000000000
63204  13.620  -21.516  56.733 0.0000000000
63249  12.092  -21.265  54.429 0.0000000000
64510  11.692  -20.718  53.967 0.0000000000
70431  15.133  -15.307  58.248 0.0000000000
70441  13.895  -15.372  57.495 0.0000000000
71729  13.335  -14.846  56.977 0.0000000000
74223  13.412  -13.743  55.712 0.0000000000
57435  13.653  -26.923  52.419 0.0000000000
56056  12.001  -26.554  67.468 0.0000000000
57236  12.003  -25.994  67.640 0.0000000000
57235  12.623  -26.103  68.197 0.0000000000
59602  12.743  -24.573  69.718 0.0000000000
60753  13.803  -23.870  69.735 0.0000000000
59589  14.525  -24.284  69.556 0.0000000000
60743  15.063  -23.262  69.827 0.0000000000
61889  15.532  -22.902  70.374 0.0000000000
61888  16.045  -22.929  70.858 0.0000000000
61874  18.561  -22.121  71.992 0.0000000000
61875  17.753  -21.896  72.037 0.0000000000
61876  17.098  -21.800  71.855 0.0000000000
64227  17.221  -20.696  71.798 0.0000000000
66722  18.942  -18.924  72.827 0.0000000000
66708  19.172  -18.896  74.153 0.0000000000
58456  25.803  -25.301  64.311 0.0000000000
58458  23.542  -24.939  64.744 0.0000000000
58459  22.406  -25.253  64.565 0.0000000000
58460  21.294  -25.925  64.321 0.0000000000
57251  20.967  -26.370  64.566 0.0000000000
53881  17.944  -29.204  66.079 0.0000000000
56036  18.565  -27.319  68.197 0.0000000000
54926  17.831  -28.163  68.258 0.0000000000
54932  17.408  -28.562  68.015 0.0000000000
54924  17.226  -28.071  69.036 0.0000000000
53861  16.820  -28.827  68.078 0.0000000000
53862  16.565  -28.997  68.101 0.0000000000
53865  16.121  -29.349  67.687 0.0000000000
53872  15.717  -29.740  66.875 0.0000000000
53866  15.402  -29.517  67.583 0.0000000000
54935  14.211  -28.449  67.680 0.0000000000
56040  14.666  -27.787  68.786 0.0000000000
56047  14.327  -28.282  68.073 0.0000000000
56048  13.617  -27.814  67.761 0.0000000000
65580  20.474  -18.953  64.933 0.0000000000
65599  20.425  -19.400  63.766 0.0000000000
66819  19.373  -18.057  64.139 0.0000000000
66820  18.637  -18.099  63.849 0.0000000000
66783  18.143  -18.424  65.519 0.0000000000
66821  18.099  -18.446  63.721 0.0000000000
65602  17.555  -18.964  63.518 0.0000000000
65603  16.684  -19.680  63.299 0.0000000000
64323  16.274  -20.187  63.232 0.0000000000
67943  15.821  -17.912  67.853 0.0000000000
65564  15.431  -19.681  66.328 0.0000000000
64271  14.746  -19.730  67.093 0.0000000000
66786  15.642  -19.352  64.723 0.0000000000
65585  15.360  -19.767  64.223 0.0000000000
64324  15.785  -20.400  63.247 0.0000000000
64347  14.396  -20.953  62.315 0.0000000000
63094  14.053  -21.515  62.136 0.0000000000
63079  13.159  -21.716  63.959 0.0000000000
64327  13.253  -21.440  62.761 0.0000000000
63095  13.589  -21.612  62.074 0.0000000000
63115  12.519  -22.099  61.644 0.0000000000
61982  11.773  -22.042  61.448 0.0000000000
64387  11.341  -21.026  61.002 0.0000000000
61895  22.772  -23.117  71.252 0.0000000000
63008  22.971  -22.095  71.956 0.0000000000
61882  23.296  -22.592  71.595 0.0000000000
63006  24.648  -21.567  72.195 0.0000000000
59635  30.691  -24.498  65.880 0.0000000000
58454  27.839  -25.655  64.577 0.0000000000
58426  26.474  -25.461  66.653 0.0000000000
59613  25.723  -24.901  66.918 0.0000000000
59614  25.253  -24.468  67.238 0.0000000000
59605  27.402  -24.910  69.438 0.0000000000
58383  25.858  -24.799  69.280 0.0000000000
60746  24.696  -23.894  70.977 0.0000000000
59579  23.660  -24.110  70.671 0.0000000000
53945  13.236  -29.893  59.486 0.0000000000
53944  13.696  -29.212  59.520 0.0000000000
56116  13.846  -27.736  60.167 0.0000000000
58519  15.030  -26.322  61.286 0.0000000000
56090  13.170  -27.604  62.613 0.0000000000
57284  13.446  -27.406  62.527 0.0000000000
57283  13.869  -26.992  62.280 0.0000000000
58500  13.989  -26.436  62.406 0.0000000000
57282  14.197  -26.722  61.957 0.0000000000
58518  15.805  -25.677  61.602 0.0000000000
59674  16.714  -24.221  62.725 0.0000000000
60817  17.035  -23.886  63.108 0.0000000000
60801  17.373  -24.116  64.744 0.0000000000
61949  18.726  -22.740  63.956 0.0000000000
63071  18.976  -22.087  64.171 0.0000000000
63061  20.367  -20.869  65.520 0.0000000000
58420  12.745  -25.693  67.748 0.0000000000
58419  13.563  -25.517  68.242 0.0000000000
59608  14.216  -24.534  68.248 0.0000000000
61918  14.673  -22.850  68.751 0.0000000000
60769  14.462  -23.648  68.285 0.0000000000
59618  14.417  -24.255  67.647 0.0000000000
60780  14.859  -23.742  67.562 0.0000000000
60779  15.523  -23.585  67.446 0.0000000000
60778  16.577  -23.437  67.335 0.0000000000
63013  17.040  -20.858  70.495 0.0000000000
63020  17.453  -21.235  69.988 0.0000000000
64247  18.470  -20.773  69.365 0.0000000000
63029  17.559  -21.873  69.154 0.0000000000
61915  17.169  -22.579  68.797 0.0000000000
60765  17.561  -23.129  68.256 0.0000000000
61927  17.245  -23.053  67.023 0.0000000000
63038  19.746  -21.435  67.485 0.0000000000
63050  19.800  -21.521  66.268 0.0000000000
66780  20.185  -18.088  66.148 0.0000000000
66761  19.862  -17.516  66.253 0.0000000000
67954  19.999  -16.878  66.569 0.0000000000
69107  18.748  -16.822  66.858 0.0000000000
67940  18.278  -17.177  67.339 0.0000000000
67932  17.269  -17.401  68.650 0.0000000000
67925  16.873  -17.101  69.463 0.0000000000
57279  25.284  -25.520  62.351 0.0000000000
58512  24.993  -25.645  61.503 0.0000000000
59669  23.763  -24.922  62.603 0.0000000000
52877  15.540  -30.736  64.279 0.0000000000
51851  15.598  -30.869  63.166 0.0000000000
50770  15.622  -32.226  62.110 0.0000000000
55021  13.632  -29.094  57.741 0.0000000000
58573  15.587  -26.150  59.018 0.0000000000
58589  15.820  -26.292  58.334 0.0000000000
57357  15.768  -27.054  57.794 0.0000000000
57372  14.781  -27.453  56.927 0.0000000000
56199  14.735  -28.176  55.894 0.0000000000
57422  15.486  -26.507  52.638 0.0000000000
65598  21.038  -19.700  63.206 0.0000000000
64340  20.831  -19.698  62.894 0.0000000000
63093  20.654  -20.992  61.974 0.0000000000
64342  19.544  -19.500  61.831 0.0000000000
63110  20.548  -20.860  60.919 0.0000000000
61993  20.258  -21.718  59.422 0.0000000000
63145  19.954  -21.749  58.799 0.0000000000
64383  17.012  -20.047  60.735 0.0000000000
65672  18.825  -19.163  59.782 0.0000000000
64406  18.655  -20.081  59.426 0.0000000000
65671  19.451  -19.456  59.456 0.0000000000
65690  20.427  -19.955  58.801 0.0000000000
62005  19.706  -22.315  58.440 0.0000000000
60879  19.614  -23.274  56.926 0.0000000000
60890  19.591  -23.478  55.868 0.0000000000
59794  18.846  -24.513  54.553 0.0000000000
60902  18.851  -23.107  54.901 0.0000000000
59793  19.273  -24.050  54.458 0.0000000000
58632  18.362  -25.066  53.981 0.0000000000
58658  16.445  -26.066  52.478 0.0000000000
57433  15.291  -26.278  51.994 0.0000000000
58678  14.864  -25.830  50.570 0.0000000000
58677  15.765  -25.214  50.370 0.0000000000
63245  15.756  -22.215  53.030 0.0000000000
63276  15.409  -22.147  52.005 0.0000000000
62091  13.923  -22.184  52.609 0.0000000000
62104  14.856  -22.109  51.891 0.0000000000
70334  12.616  -15.448  67.963 0.0000000000
69096  12.315  -16.476  67.539 0.0000000000
67961  11.640  -17.290  66.054 0.0000000000
66768  11.151  -18.339  66.448 0.0000000000
66789  11.290  -19.066  65.577 0.0000000000
66808  11.424  -19.233  65.077 0.0000000000
65608  11.514  -20.001  63.727 0.0000000000
66823  12.568  -18.446  63.929 0.0000000000
65607  12.047  -19.238  63.535 0.0000000000
65623  11.738  -19.985  62.903 0.0000000000
65638  12.114  -20.172  62.036 0.0000000000
65656  11.653  -20.203  61.100 0.0000000000
64386  11.450  -20.454  60.302 0.0000000000
68015  14.478  -17.481  62.110 0.0000000000
68016  14.096  -17.843  61.676 0.0000000000
68026  13.937  -17.786  60.783 0.0000000000
65655  12.224  -19.724  60.089 0.0000000000
64385  11.608  -20.148  59.762 0.0000000000
64451  12.129  -19.911  57.317 0.0000000000
65693  11.856  -18.939  57.807 0.0000000000
65714  11.735  -19.443  57.271 0.0000000000
65731  11.963  -19.680  56.440 0.0000000000
65745  12.143  -19.701  55.588 0.0000000000
65761  11.823  -19.722  54.494 0.0000000000
65776  11.653  -19.837  53.586 0.0000000000
70453  12.830  -15.903  56.430 0.0000000000
69227  12.559  -16.817  56.277 0.0000000000
68075  12.289  -17.582  54.370 0.0000000000
66928  11.955  -18.339  53.903 0.0000000000
65794  11.780  -19.460  52.742 0.0000000000
50807  12.646  -32.040  60.062 0.0000000000
50808  12.175  -32.445  60.212 0.0000000000
51829  14.665  -30.617  64.752 0.0000000000
51865  16.663  -31.163  62.008 0.0000000000
51918  13.508  -31.141  58.916 0.0000000000
52859  14.010  -29.961  66.050 0.0000000000
52886  16.256  -30.719  63.192 0.0000000000
52929  13.610  -30.856  58.938 0.0000000000
54930  18.188  -28.016  67.649 0.0000000000
54966  13.508  -28.143  62.055 0.0000000000
55006  14.022  -28.599  58.863 0.0000000000
56037  17.947  -27.612  68.595 0.0000000000
56043  19.291  -26.657  67.113 0.0000000000
56050  12.309  -26.373  67.834 0.0000000000
56053  18.185  -27.674  67.142 0.0000000000
56067  11.464  -27.092  66.190 0.0000000000
56101  14.124  -27.361  61.127 0.0000000000
56130  14.695  -27.455  59.511 0.0000000000
56145  15.073  -27.355  58.682 0.0000000000
56148  13.784  -28.503  58.135 0.0000000000
56161  16.150  -27.220  57.166 0.0000000000
56165  13.663  -28.627  57.953 0.0000000000
56180  15.905  -27.358  57.104 0.0000000000
56181  15.655  -27.323  57.351 0.0000000000
57216  13.739  -25.415  69.714 0.0000000000
57224  13.159  -25.703  70.089 0.0000000000
57233  18.517  -27.624  67.431 0.0000000000
57234  18.356  -27.740  67.426 0.0000000000
57240  18.474  -27.663  67.183 0.0000000000
57242  12.461  -26.449  66.159 0.0000000000
57243  11.741  -26.147  67.100 0.0000000000
57250  11.706  -26.634  66.358 0.0000000000
57256  11.655  -26.776  66.321 0.0000000000
57257  11.408  -26.869  66.034 0.0000000000
57301  14.010  -27.203  61.690 0.0000000000
57356  16.257  -26.849  57.332 0.0000000000
57358  14.993  -27.367  57.618 0.0000000000
57385  14.751  -27.684  56.485 0.0000000000
58378  16.505  -25.455  70.068 0.0000000000
58380  13.938  -25.064  69.603 0.0000000000
58381  13.296  -25.143  70.278 0.0000000000
58395  14.433  -25.295  69.528 0.0000000000
58408  12.942  -25.111  68.402 0.0000000000
58433  11.846  -26.122  66.389 0.0000000000
58449  11.695  -26.513  65.999 0.0000000000
58450  31.350  -24.783  64.859 0.0000000000
58462  16.033  -24.724  64.507 0.0000000000
58466  11.664  -26.579  65.761 0.0000000000
58467  11.512  -26.664  65.937 0.0000000000
58479  16.102  -24.866  64.252 0.0000000000
58517  16.399  -25.265  61.233 0.0000000000
58556  15.076  -26.850  60.225 0.0000000000
58603  17.206  -25.572  56.427 0.0000000000
58646  16.614  -25.964  53.812 0.0000000000
58656  18.401  -24.586  52.792 0.0000000000
58659  15.668  -26.195  52.127 0.0000000000
58669  14.653  -25.989  51.183 0.0000000000
59564  15.882  -23.333  70.632 0.0000000000
59565  15.628  -23.301  70.380 0.0000000000
59573  15.612  -24.077  70.241 0.0000000000
59574  15.353  -23.745  69.739 0.0000000000
59586  16.466  -24.996  70.519 0.0000000000
59588  15.414  -24.574  69.854 0.0000000000
59597  19.116  -24.876  69.052 0.0000000000
59600  15.160  -25.182  69.721 0.0000000000
59606  18.868  -24.961  68.782 0.0000000000
59607  18.807  -25.043  69.117 0.0000000000
59610  12.812  -24.559  69.007 0.0000000000
59616  16.442  -23.883  67.211 0.0000000000
59617  16.170  -24.006  67.276 0.0000000000
59626  25.079  -24.553  66.640 0.0000000000
59638  24.672  -24.862  66.117 0.0000000000
59649  16.923  -24.358  64.655 0.0000000000
59688  15.974  -25.155  62.103 0.0000000000
59730  19.288  -23.747  58.346 0.0000000000
59731  18.702  -24.262  58.782 0.0000000000
59775  19.132  -24.264  55.312 0.0000000000
59776  18.682  -24.497  55.072 0.0000000000
59811  19.313  -23.780  54.032 0.0000000000
59812  19.011  -24.260  53.482 0.0000000000
60726  15.971  -23.183  71.010 0.0000000000
60727  15.965  -23.189  70.912 0.0000000000
60728  15.762  -23.050  70.458 0.0000000000
60729  15.381  -23.173  70.092 0.0000000000
60740  16.287  -23.328  70.978 0.0000000000
60742  15.398  -22.911  70.186 0.0000000000
60754  12.872  -24.063  70.015 0.0000000000
60759  15.186  -22.510  68.544 0.0000000000
60760  14.281  -23.478  69.078 0.0000000000
60771  13.219  -24.098  68.997 0.0000000000
60774  24.817  -24.159  67.046 0.0000000000
60775  24.611  -24.097  66.950 0.0000000000
60777  17.338  -23.403  67.760 0.0000000000
60785  24.461  -24.126  66.746 0.0000000000
60788  16.867  -23.700  66.562 0.0000000000
60790  14.969  -23.859  67.182 0.0000000000
60794  17.427  -23.796  65.509 0.0000000000
60795  16.861  -23.952  65.728 0.0000000000
60839  18.742  -24.150  59.719 0.0000000000
60891  19.209  -23.148  55.457 0.0000000000
60913  19.184  -23.579  54.469 0.0000000000
60915  18.228  -22.607  53.246 0.0000000000
60916  17.929  -22.201  52.784 0.0000000000
60930  17.500  -22.448  52.776 0.0000000000
60946  15.813  -23.009  51.098 0.0000000000
60961  16.059  -23.435  50.868 0.0000000000
61878  15.816  -23.013  71.129 0.0000000000
61890  15.147  -22.979  70.118 0.0000000000
61899  14.914  -22.948  70.004 0.0000000000
61900  14.791  -23.145  69.871 0.0000000000
61928  16.963  -23.257  66.873 0.0000000000
61950  12.627  -21.957  64.164 0.0000000000
61951  12.053  -22.055  64.059 0.0000000000
61952  11.927  -21.898  63.809 0.0000000000
61960  19.094  -22.956  63.400 0.0000000000
61961  12.912  -22.085  63.813 0.0000000000
61963  12.111  -22.046  63.728 0.0000000000
61969  19.850  -22.451  61.993 0.0000000000
61970  11.990  -22.201  61.944 0.0000000000
61971  11.739  -21.974  61.871 0.0000000000
61981  12.124  -22.234  61.255 0.0000000000
61985  20.399  -21.718  59.795 0.0000000000
61988  12.925  -22.389  60.213 0.0000000000
61990  11.855  -22.073  60.996 0.0000000000
61996  13.112  -22.348  59.415 0.0000000000
62008  13.273  -22.328  58.610 0.0000000000
62019  19.840  -22.056  56.616 0.0000000000
62021  14.669  -22.079  57.448 0.0000000000
62024  12.724  -22.096  58.062 0.0000000000
62032  20.061  -22.038  56.495 0.0000000000
62036  13.567  -21.844  57.235 0.0000000000
62047  19.449  -22.899  55.825 0.0000000000
62061  17.071  -21.531  53.731 0.0000000000
62062  16.803  -21.762  53.746 0.0000000000
62072  18.398  -22.080  53.819 0.0000000000
62073  18.161  -21.762  53.257 0.0000000000
62076  14.598  -21.900  52.985 0.0000000000
62088  17.032  -22.515  52.667 0.0000000000
62093  12.436  -22.180  52.580 0.0000000000
62101  17.337  -22.675  52.127 0.0000000000
62107  11.964  -22.094  52.160 0.0000000000
63051  11.877  -20.936  65.893 0.0000000000
63052  11.739  -20.886  65.528 0.0000000000
63063  19.122  -21.852  64.658 0.0000000000
63064  12.679  -21.162  65.382 0.0000000000
63066  11.630  -21.130  64.903 0.0000000000
63080  13.006  -21.815  63.332 0.0000000000
63114  13.233  -21.920  61.555 0.0000000000
63116  11.669  -21.585  61.574 0.0000000000
63128  20.746  -20.892  59.949 0.0000000000
63133  11.459  -21.287  60.218 0.0000000000
63134  11.676  -21.699  60.925 0.0000000000
63144  20.335  -21.219  59.129 0.0000000000
63149  14.431  -22.018  59.798 0.0000000000
63150  11.684  -20.731  59.419 0.0000000000
63160  20.225  -20.962  58.678 0.0000000000
63179  19.737  -21.832  56.653 0.0000000000
63197  19.831  -22.020  56.495 0.0000000000
63198  19.564  -21.918  56.448 0.0000000000
63227  18.302  -21.438  54.184 0.0000000000
63234  12.290  -21.026  54.960 0.0000000000
63243  18.030  -21.148  53.605 0.0000000000
63244  17.610  -21.127  53.834 0.0000000000
63259  15.624  -22.199  52.332 0.0000000000
63260  15.173  -21.980  52.548 0.0000000000
63277  15.259  -22.050  52.189 0.0000000000
64248  13.707  -19.568  68.030 0.0000000000
64249  13.294  -19.746  68.032 0.0000000000
64272  14.270  -19.950  67.181 0.0000000000
64288  14.840  -19.844  66.794 0.0000000000
64320  21.430  -19.627  62.902 0.0000000000
64321  21.269  -19.643  63.138 0.0000000000
64322  20.923  -20.279  63.470 0.0000000000
64339  21.111  -19.610  62.933 0.0000000000
64344  17.312  -19.986  62.277 0.0000000000
64348  13.694  -21.339  62.490 0.0000000000
64349  13.333  -21.502  62.421 0.0000000000
64364  16.071  -20.395  61.607 0.0000000000
64403  20.691  -20.021  58.735 0.0000000000
64405  19.374  -20.146  59.062 0.0000000000
64409  11.578  -20.393  59.478 0.0000000000
64427  20.790  -20.279  58.719 0.0000000000
64428  20.420  -20.421  58.811 0.0000000000
64429  19.746  -20.505  58.749 0.0000000000
64449  17.897  -20.926  58.162 0.0000000000
64464  12.128  -20.101  56.884 0.0000000000
64491  18.361  -21.128  53.932 0.0000000000
64492  18.252  -20.971  54.076 0.0000000000
64508  18.230  -21.153  53.701 0.0000000000
64509  18.215  -20.960  53.828 0.0000000000
65493  19.632  -19.513  73.830 0.0000000000
65504  18.561  -19.557  71.421 0.0000000000
65520  14.057  -19.427  68.072 0.0000000000
65521  13.584  -19.291  68.233 0.0000000000
65522  12.808  -19.405  68.242 0.0000000000
65523  12.079  -19.914  68.318 0.0000000000
65530  15.067  -19.331  67.714 0.0000000000
65531  14.643  -19.430  67.776 0.0000000000
65547  14.705  -19.645  67.324 0.0000000000
65548  11.448  -18.143  65.980 0.0000000000
65549  11.228  -18.046  66.318 0.0000000000
65566  10.964  -18.249  65.887 0.0000000000
65567  10.758  -17.935  65.866 0.0000000000
65582  17.239  -18.931  64.177 0.0000000000
65587  11.586  -19.590  64.545 0.0000000000
65597  21.522  -19.627  63.152 0.0000000000
65604  15.960  -20.000  63.608 0.0000000000
65605  15.470  -20.169  63.640 0.0000000000
65606  12.664  -18.800  63.112 0.0000000000
65614  21.312  -19.594  63.060 0.0000000000
65615  20.806  -19.552  63.106 0.0000000000
65634  18.562  -19.348  62.015 0.0000000000
65635  16.552  -20.078  61.345 0.0000000000
65650  19.455  -19.238  59.834 0.0000000000
65652  16.669  -19.982  61.139 0.0000000000
65653  16.468  -20.245  61.143 0.0000000000
65654  11.895  -19.894  59.594 0.0000000000
65669  20.716  -19.793  58.795 0.0000000000
65670  20.449  -19.649  59.098 0.0000000000
65673  11.727  -20.061  59.414 0.0000000000
65689  20.717  -20.036  58.713 0.0000000000
65691  19.960  -19.826  58.960 0.0000000000
65713  12.202  -19.780  57.569 0.0000000000
65762  11.206  -19.372  53.947 0.0000000000
66709  18.991  -19.110  73.828 0.0000000000
66741  12.559  -18.674  68.542 0.0000000000
66749  12.074  -18.598  67.797 0.0000000000
66766  11.097  -18.001  65.965 0.0000000000
66767  10.643  -17.917  66.118 0.0000000000
66787  10.819  -17.920  65.922 0.0000000000
66788  10.767  -18.153  65.704 0.0000000000
66805  16.215  -19.297  64.536 0.0000000000
66806  15.849  -19.515  64.380 0.0000000000
66834  13.023  -18.761  62.238 0.0000000000
66847  19.309  -19.039  59.872 0.0000000000
66848  19.205  -18.913  59.818 0.0000000000
66858  19.210  -19.058  59.659 0.0000000000
66859  19.041  -18.925  59.688 0.0000000000
66872  11.964  -18.497  58.255 0.0000000000
66873  11.420  -18.074  58.100 0.0000000000
66887  12.318  -18.255  56.890 0.0000000000
66941  11.205  -18.549  53.510 0.0000000000
67926  16.244  -16.990  69.487 0.0000000000
67945  11.468  -18.098  67.119 0.0000000000
67955  19.334  -17.131  66.498 0.0000000000
67960  10.827  -17.619  65.792 0.0000000000
67962  11.494  -17.729  67.036 0.0000000000
67974  11.381  -17.420  65.130 0.0000000000
67997  12.866  -17.766  64.006 0.0000000000
68037  12.259  -17.759  58.454 0.0000000000
68047  11.803  -17.849  58.321 0.0000000000
68054  12.290  -17.836  57.331 0.0000000000
68055  11.560  -17.727  57.947 0.0000000000
68061  12.548  -17.753  56.619 0.0000000000
69079  19.694  -16.540  67.896 0.0000000000
69093  19.752  -16.563  67.574 0.0000000000
69105  19.833  -16.575  67.055 0.0000000000
69106  19.335  -16.571  66.904 0.0000000000
69153  14.945  -16.939  62.592 0.0000000000
69193  15.624  -16.582  59.173 0.0000000000
69197  12.482  -17.451  58.390 0.0000000000
69198  12.096  -17.606  58.353 0.0000000000
69206  14.009  -16.893  58.663 0.0000000000
69208  12.267  -17.181  58.077 0.0000000000
69218  11.966  -17.433  57.964 0.0000000000
69228  12.241  -16.889  57.017 0.0000000000
70322  19.021  -15.805  68.132 0.0000000000
70323  18.873  -15.900  67.859 0.0000000000
70332  19.125  -15.851  67.817 0.0000000000
70333  18.945  -15.927  67.600 0.0000000000
70420  13.190  -17.061  58.471 0.0000000000
70433  13.565  -16.561  58.245 0.0000000000
70435  12.679  -16.999  58.290 0.0000000000
71719  13.642  -14.390  57.123 0.0000000000
71727  14.089  -15.053  57.526 0.0000000000
71730  13.388  -14.308  56.559 0.0000000000
72978  13.874  -13.921  57.097 0.0000000000
72979  13.612  -14.011  56.946 0.0000000000
72984  13.427  -13.995  56.622 0.0000000000
74194  13.761  -13.550  57.017 0.0000000000
74208  13.461  -13.733  56.227 0.0000000000
