#!ascii label  , from subject 4020 vox2ras=TkReg
853
96887  27.412  6.219  -18.893 0.2500000000
96885  28.340  6.060  -19.983 0.2500000000
95777  28.279  5.400  -19.631 0.7500000000
100151  27.145  9.784  -18.174 0.2500000000
99103  26.972  8.904  -18.149 0.1250000000
100150  27.409  9.441  -18.960 0.3750000000
99102  27.319  8.313  -18.890 0.2500000000
96873  27.029  6.664  -18.624 0.2500000000
98017  28.601  6.964  -19.805 0.7500000000
96886  27.684  6.518  -19.281 0.3750000000
95789  28.684  5.336  -20.427 0.8750000000
94701  29.793  4.819  -21.251 0.8750000000
99117  27.747  8.771  -19.642 0.3750000000
98018  27.833  7.652  -19.429 0.3750000000
99116  28.349  8.067  -20.185 0.8750000000
96923  30.186  6.869  -22.190 1.0000000000
98027  29.348  7.056  -21.405 1.0000000000
98028  28.850  7.241  -20.822 0.8750000000
95799  29.847  5.508  -21.455 1.0000000000
96896  28.788  6.187  -20.567 0.8750000000
95798  30.495  5.566  -21.835 1.0000000000
101177  27.688  10.104  -18.552 0.2500000000
100165  28.248  9.354  -20.507 0.7500000000
99128  28.527  8.368  -21.192 0.8750000000
98054  30.236  7.626  -22.407 1.0000000000
98040  29.561  7.465  -21.998 1.0000000000
99139  29.089  8.490  -21.950 1.0000000000
96921  31.710  6.663  -22.233 1.0000000000
96922  30.837  6.586  -22.534 1.0000000000
95811  31.519  5.615  -22.187 1.0000000000
96907  30.487  6.219  -22.118 1.0000000000
101178  27.013  10.437  -17.888 0.1250000000
100166  27.779  9.704  -19.777 0.6250000000
100178  28.687  9.463  -21.530 1.0000000000
96906  31.946  7.262  -21.999 1.0000000000
98053  30.905  7.696  -22.601 1.0000000000
99138  29.667  8.174  -22.269 1.0000000000
99151  29.555  8.773  -22.293 1.0000000000
95776  33.033  6.036  -19.916 1.0000000000
96920  32.087  6.086  -21.754 1.0000000000
103317  30.180  12.194  -18.586 0.2500000000
102257  28.283  10.787  -19.118 0.3750000000
101198  27.905  10.305  -19.429 0.5000000000
102278  28.827  11.582  -21.458 1.0000000000
102256  28.301  11.310  -19.875 0.6250000000
101212  28.568  10.506  -21.029 1.0000000000
100187  29.646  9.884  -22.294 1.0000000000
101223  29.105  10.505  -21.732 1.0000000000
98039  31.745  7.775  -21.505 1.0000000000
99148  31.409  8.322  -21.961 1.0000000000
100198  30.511  9.813  -21.985 1.0000000000
98025  31.888  7.792  -20.441 1.0000000000
96894  32.536  6.749  -20.302 1.0000000000
98016  32.670  7.623  -19.363 1.0000000000
98015  33.676  7.238  -18.810 1.0000000000
104431  29.586  13.050  -19.047 0.5000000000
104432  28.953  12.959  -19.551 0.3750000000
103333  28.535  11.962  -19.649 0.5000000000
104448  28.490  13.135  -19.790 0.5000000000
103355  28.951  12.670  -21.685 0.8750000000
104483  29.314  13.749  -21.405 1.0000000000
101232  30.256  10.604  -22.227 1.0000000000
102277  29.428  11.481  -22.102 1.0000000000
100176  31.723  9.263  -19.961 1.0000000000
100186  30.833  9.837  -21.592 1.0000000000
99115  32.753  8.681  -18.936 1.0000000000
99126  32.024  8.567  -19.685 1.0000000000
99113  34.274  7.869  -18.353 0.8750000000
104430  30.528  13.258  -18.823 0.5000000000
105566  28.120  13.732  -19.045 0.5000000000
106655  29.053  14.344  -19.032 0.6250000000
105587  29.942  14.708  -20.388 0.6250000000
105597  29.574  14.625  -21.184 1.0000000000
105598  28.957  14.550  -21.232 0.7500000000
103343  30.329  12.744  -21.270 1.0000000000
101173  32.687  10.254  -18.625 1.0000000000
101194  32.052  10.414  -19.425 1.0000000000
101210  31.128  10.395  -20.886 1.0000000000
101211  30.846  10.949  -21.149 1.0000000000
100146  33.099  9.472  -18.545 1.0000000000
100177  31.429  9.658  -20.603 1.0000000000
100145  33.866  9.354  -18.026 0.8750000000
99097  34.115  8.663  -18.181 0.8750000000
105577  29.973  14.268  -19.259 0.8750000000
103330  31.653  11.588  -18.880 1.0000000000
103331  31.352  12.155  -19.475 1.0000000000
102232  32.229  11.018  -18.799 1.0000000000
102255  30.921  11.541  -20.734 1.0000000000
102230  33.866  11.694  -17.346 1.0000000000
100162  35.322  9.924  -17.669 1.0000000000
101172  33.687  10.158  -17.910 1.0000000000
102252  33.807  10.871  -17.422 1.0000000000
102250  34.957  10.480  -17.297 1.0000000000
104446  31.639  12.477  -18.634 1.0000000000
104427  33.604  13.273  -18.155 1.0000000000
104445  32.071  11.959  -18.268 1.0000000000
104426  34.643  13.456  -18.003 1.0000000000
103312  34.336  12.471  -17.839 1.0000000000
103297  35.635  12.885  -17.796 1.0000000000
102229  35.190  11.599  -17.473 1.0000000000
103311  35.417  12.536  -17.916 1.0000000000
101170  36.044  11.094  -17.952 0.8750000000
107691  32.595  16.140  -18.492 1.0000000000
106622  31.914  15.028  -18.220 0.3750000000
105562  32.971  14.146  -18.404 1.0000000000
105560  34.976  14.502  -18.042 1.0000000000
108696  32.174  17.612  -19.222 0.8750000000
108675  32.931  17.348  -18.756 1.0000000000
107690  33.641  16.205  -18.307 1.0000000000
108674  34.151  17.257  -18.507 1.0000000000
106642  33.881  15.378  -18.147 1.0000000000
106619  34.691  15.321  -18.315 1.0000000000
106640  36.436  15.183  -18.548 1.0000000000
109585  31.899  17.494  -19.540 0.7500000000
108673  35.256  17.217  -18.550 1.0000000000
107689  34.682  16.098  -18.567 1.0000000000
109602  32.958  18.291  -19.182 1.0000000000
109584  33.727  18.268  -18.637 1.0000000000
114335  30.721  22.624  -19.948 0.1250000000
114313  31.194  23.609  -19.671 0.1250000000
114334  31.382  23.567  -20.724 0.2500000000
114355  31.834  23.827  -21.481 0.3750000000
114356  31.399  24.457  -21.445 0.2500000000
115316  31.582  24.630  -21.684 0.2500000000
115315  32.388  24.310  -21.756 0.3750000000
115298  31.039  25.259  -21.297 0.2500000000
115317  31.245  25.263  -21.597 0.2500000000
116238  30.228  25.690  -22.285 0.2500000000
116222  31.896  25.157  -21.853 0.2500000000
116237  31.217  25.981  -21.983 0.2500000000
116223  31.070  25.472  -21.688 0.2500000000
116236  32.249  25.808  -22.268 0.3750000000
117089  32.494  26.419  -22.797 0.2500000000
95765  27.035  5.939  -18.295 0.1250000000
98004  27.298  7.281  -18.914 0.2500000000
98006  26.730  8.390  -18.013 0.1250000000
95797  32.494  5.552  -21.421 1.0000000000
104447  30.998  13.464  -19.441 0.8750000000
103313  33.314  12.186  -18.029 1.0000000000
95749  27.564  4.887  -18.006 0.1250000000
94689  28.809  4.727  -20.104 0.6250000000
93603  30.138  3.663  -20.924 0.7500000000
100126  26.288  9.074  -17.255 0.1250000000
93615  30.728  3.445  -21.468 1.0000000000
97989  26.608  7.174  -18.026 0.1250000000
94710  31.488  4.647  -22.275 1.0000000000
94698  32.618  4.512  -21.496 1.0000000000
95787  32.918  5.559  -20.564 1.0000000000
102237  27.921  10.411  -18.208 0.3750000000
103318  29.128  11.748  -19.269 0.2500000000
103334  28.425  11.130  -19.112 0.2500000000
100161  35.900  9.813  -17.903 0.8750000000
105545  32.061  14.099  -17.980 0.1250000000
104429  31.939  13.059  -18.320 0.3750000000
101191  35.783  10.360  -17.814 0.8750000000
107692  31.899  16.096  -18.501 0.5000000000
108676  31.943  17.048  -18.983 0.8750000000
106644  32.424  15.083  -18.281 0.3750000000
105563  32.307  13.994  -18.183 0.8750000000
105559  35.990  14.301  -18.317 1.0000000000
108695  32.464  17.896  -19.178 1.0000000000
107688  35.858  16.209  -18.517 1.0000000000
109603  32.220  18.038  -19.960 0.8750000000
110524  33.785  19.496  -19.279 1.0000000000
109583  34.762  18.280  -18.532 1.0000000000
114314  30.532  22.999  -18.934 0.1250000000
113351  30.268  21.825  -20.334 0.1250000000
112384  31.333  21.412  -21.379 0.6250000000
114333  32.217  23.189  -20.866 0.6250000000
114354  32.941  23.404  -21.194 0.5000000000
116221  32.921  25.173  -21.814 0.5000000000
115281  30.704  25.536  -20.958 0.2500000000
116208  30.093  25.486  -21.660 0.2500000000
117092  29.827  26.026  -22.300 0.1250000000
117104  32.693  27.010  -23.320 0.2500000000
116235  33.491  25.988  -22.425 0.3750000000
117091  30.640  26.521  -22.455 0.1250000000
95764  27.646  5.247  -18.424 0.1250000000
95778  27.699  5.722  -19.009 0.3750000000
95763  28.096  5.023  -19.070 0.5000000000
98005  26.810  7.802  -18.341 0.1250000000
94688  29.498  4.501  -20.650 0.7500000000
95788  29.179  5.397  -21.032 0.8750000000
94687  30.196  4.220  -21.148 1.0000000000
94700  30.587  4.591  -21.667 1.0000000000
98041  28.993  7.715  -21.524 1.0000000000
96895  29.295  6.297  -21.170 1.0000000000
94709  32.103  4.716  -22.229 1.0000000000
95810  32.130  5.527  -21.971 1.0000000000
101197  28.146  10.487  -20.215 0.8750000000
100188  29.365  9.550  -22.191 1.0000000000
98038  32.098  7.228  -20.970 1.0000000000
99150  30.115  8.543  -22.394 1.0000000000
100200  29.753  9.142  -22.352 1.0000000000
96905  32.239  6.627  -21.422 1.0000000000
103344  28.386  12.586  -20.346 0.5000000000
103356  28.576  12.452  -21.134 0.8750000000
102290  29.691  10.876  -22.279 1.0000000000
98026  31.579  8.294  -20.984 1.0000000000
99149  30.757  8.627  -22.182 1.0000000000
99136  31.084  8.868  -21.318 1.0000000000
99127  31.567  8.726  -20.496 1.0000000000
99114  33.391  8.119  -18.546 1.0000000000
106664  28.688  14.799  -20.841 0.6250000000
103354  29.692  12.731  -21.693 1.0000000000
103332  30.903  12.489  -20.445 1.0000000000
101220  30.956  10.373  -21.396 1.0000000000
101221  30.797  10.762  -21.844 1.0000000000
102266  30.627  11.686  -21.236 1.0000000000
99098  33.446  8.867  -18.477 0.8750000000
99112  35.053  7.732  -18.301 0.8750000000
104465  30.426  13.753  -20.688 1.0000000000
101193  34.164  10.457  -17.440 1.0000000000
100164  31.813  9.899  -19.927 1.0000000000
101196  30.918  10.957  -20.561 1.0000000000
100144  34.896  9.372  -17.858 0.8750000000
103314  32.429  11.729  -18.320 1.0000000000
102253  31.482  11.136  -19.365 1.0000000000
102231  33.159  11.123  -18.117 1.0000000000
102254  31.190  11.498  -20.137 1.0000000000
102251  34.441  10.885  -17.050 1.0000000000
104428  32.498  12.835  -18.218 0.7500000000
105561  33.956  14.508  -18.226 1.0000000000
104425  35.652  13.408  -17.996 1.0000000000
106643  33.208  15.246  -18.223 1.0000000000
105542  34.395  14.973  -18.129 1.0000000000
107671  34.185  15.762  -18.254 1.0000000000
106620  34.273  15.368  -18.223 1.0000000000
106641  35.437  15.283  -18.380 1.0000000000
110512  33.567  18.892  -19.127 1.0000000000
113335  29.926  22.110  -19.377 0.1250000000
113350  31.048  21.994  -20.628 0.3750000000
117090  31.561  26.355  -22.639 0.2500000000
117088  33.171  26.583  -22.912 0.2500000000
94654  27.535  4.410  -17.877 0.1250000000
94666  27.774  4.315  -18.284 0.1250000000
94676  28.660  4.368  -19.516 0.6250000000
94675  29.320  4.163  -20.018 0.7500000000
93614  31.487  3.794  -21.943 1.0000000000
110525  32.944  19.287  -19.575 1.0000000000
111425  34.162  19.721  -19.211 1.0000000000
110510  35.244  19.291  -18.823 1.0000000000
112368  30.006  21.113  -19.940 0.3750000000
113348  32.817  22.598  -20.763 0.7500000000
113349  31.802  22.350  -20.718 0.7500000000
114332  32.655  23.106  -20.862 0.7500000000
117103  33.881  26.817  -23.253 0.2500000000
89058  32.892  -0.035  -20.494 0.7500000000
89056  34.721  0.083  -19.927 0.7500000000
89071  31.501  0.164  -20.259 0.7500000000
90189  30.995  0.478  -20.021 0.7500000000
90186  34.564  0.743  -20.261 0.7500000000
89069  32.557  0.708  -20.677 0.7500000000
90201  31.329  0.949  -20.485 0.7500000000
90187  33.722  1.033  -20.615 0.7500000000
90199  32.941  1.209  -21.011 0.7500000000
92451  30.502  2.718  -20.934 0.7500000000
93604  29.684  3.471  -20.499 0.6250000000
90213  32.612  1.681  -21.406 0.7500000000
91312  31.726  2.124  -21.287 0.8750000000
92450  31.286  2.471  -21.139 0.8750000000
91288  34.138  1.491  -20.355 0.7500000000
91298  33.594  1.694  -20.763 0.7500000000
91299  33.274  1.881  -21.329 0.7500000000
92462  32.268  2.860  -21.540 0.8750000000
92439  33.994  2.316  -19.934 0.7500000000
92449  33.475  2.508  -20.943 0.7500000000
93612  32.998  3.424  -21.425 0.8750000000
93622  31.833  4.083  -22.226 0.8750000000
93592  33.578  3.362  -20.053 0.7500000000
94697  32.963  3.872  -21.076 0.8750000000
94673  34.257  4.359  -19.027 0.8750000000
95786  33.345  4.867  -20.096 0.8750000000
95775  33.560  5.350  -19.418 0.8750000000
96870  36.585  6.391  -18.610 0.3750000000
96881  35.887  6.625  -18.660 0.6250000000
96882  35.111  6.207  -18.508 0.7500000000
96883  34.064  6.251  -18.773 0.7500000000
98002  37.187  7.379  -18.597 0.5000000000
98003  36.349  7.306  -18.530 0.5000000000
98013  35.487  7.177  -18.475 0.7500000000
98014  34.603  7.082  -18.540 0.7500000000
100122  38.322  9.634  -17.793 0.1250000000
99093  37.809  8.257  -19.001 0.3750000000
99094  36.942  8.184  -18.747 0.6250000000
99095  35.936  8.117  -18.325 0.6250000000
101129  39.278  10.519  -17.024 0.1250000000
100140  38.052  9.405  -18.849 0.1250000000
101167  38.375  10.923  -18.465 0.1250000000
100159  37.100  9.790  -19.363 0.6250000000
100160  36.416  9.786  -18.765 0.6250000000
102208  39.412  11.837  -17.648 0.1250000000
103293  39.915  12.583  -18.295 0.1250000000
102226  38.250  11.346  -19.041 0.1250000000
102227  37.806  11.096  -19.488 0.5000000000
101189  36.953  10.400  -19.270 0.6250000000
101190  36.355  10.629  -18.416 0.7500000000
102207  40.438  12.236  -17.797 0.1250000000
103308  37.470  11.978  -19.245 0.5000000000
103328  37.039  11.592  -19.129 0.6250000000
102249  36.459  11.267  -18.469 0.7500000000
109622  31.516  18.906  -20.435 0.5000000000
110526  32.269  19.363  -20.499 0.7500000000
103309  36.765  12.332  -18.880 0.6250000000
104423  36.780  13.038  -19.347 0.6250000000
104424  36.488  13.256  -18.371 0.8750000000
104443  37.435  13.270  -20.098 0.5000000000
105557  36.978  13.952  -19.502 0.6250000000
109621  31.823  18.673  -20.505 0.7500000000
105558  36.786  14.105  -18.745 0.8750000000
108672  36.206  17.156  -18.704 0.8750000000
107686  37.322  15.495  -19.338 0.8750000000
107687  36.873  16.159  -18.921 0.8750000000
108694  36.666  17.201  -19.202 0.8750000000
109581  36.349  17.711  -19.038 0.8750000000
105575  36.878  13.495  -20.608 0.3750000000
104444  36.960  13.304  -19.823 0.5000000000
105576  36.881  13.940  -20.150 0.5000000000
106638  37.697  14.766  -19.694 0.6250000000
104480  36.962  13.408  -21.705 0.2500000000
105584  36.780  13.502  -20.944 0.3750000000
106654  37.441  14.915  -20.518 0.5000000000
110543  31.757  19.598  -21.014 0.6250000000
111451  32.269  20.238  -21.039 0.7500000000
111435  32.678  20.071  -20.218 0.8750000000
111436  32.410  19.868  -20.680 0.7500000000
109601  35.849  18.920  -19.395 0.7500000000
109600  36.669  18.232  -19.562 0.8750000000
107704  37.403  16.075  -19.822 0.7500000000
105585  36.530  14.070  -20.965 0.3750000000
106661  37.039  15.078  -21.221 0.5000000000
108707  37.213  17.096  -20.369 0.7500000000
104481  36.510  13.702  -21.536 0.2500000000
111468  31.625  20.375  -21.326 0.6250000000
111434  33.927  20.322  -19.735 0.8750000000
111424  34.586  19.813  -19.095 0.8750000000
112367  34.883  20.822  -19.914 0.7500000000
110523  35.649  19.594  -19.453 0.8750000000
109620  36.933  19.064  -20.120 0.7500000000
107717  36.588  15.616  -22.139 0.2500000000
107716  37.080  16.074  -21.670 0.5000000000
105609  36.576  14.052  -22.479 0.2500000000
112405  31.173  20.805  -21.584 0.5000000000
112404  31.707  20.842  -21.526 0.5000000000
112383  32.254  21.414  -20.816 0.6250000000
112382  33.369  21.631  -20.629 0.7500000000
112381  34.380  21.414  -20.400 0.7500000000
112380  35.536  21.232  -20.257 0.7500000000
113346  35.138  22.361  -20.663 0.7500000000
111447  36.251  20.437  -20.174 0.7500000000
110542  36.679  19.716  -20.462 0.7500000000
109631  37.661  18.299  -21.650 0.5000000000
110575  37.178  19.272  -22.225 0.3750000000
110541  37.151  19.332  -20.591 0.6250000000
107720  36.956  16.360  -22.441 0.2500000000
108715  37.677  17.154  -22.126 0.3750000000
109637  37.358  18.267  -22.612 0.3750000000
114331  34.796  22.873  -20.948 0.7500000000
113370  35.717  22.439  -20.935 0.7500000000
113369  36.277  22.223  -21.286 0.7500000000
112403  37.159  21.349  -21.532 0.6250000000
111486  37.287  20.214  -22.130 0.3750000000
107730  36.737  16.457  -23.068 0.1250000000
109645  37.058  18.171  -23.480 0.1250000000
113371  33.636  23.039  -21.109 0.6250000000
114353  34.211  23.404  -21.173 0.7500000000
114352  35.417  23.051  -21.256 0.6250000000
112422  37.404  21.141  -22.345 0.3750000000
113386  36.786  22.186  -22.168 0.3750000000
112379  36.455  21.340  -20.690 0.7500000000
110580  37.053  19.468  -23.166 0.2500000000
111489  37.176  20.089  -22.699 0.3750000000
111466  37.262  20.472  -21.526 0.6250000000
109652  36.461  18.185  -24.669 0.1250000000
109651  36.854  18.494  -24.068 0.1250000000
108724  36.942  17.031  -23.701 0.1250000000
113372  33.362  22.915  -20.956 0.6250000000
115312  36.107  23.815  -21.769 0.3750000000
114368  36.610  23.381  -22.093 0.3750000000
113404  36.692  22.391  -24.188 0.2500000000
113385  37.166  21.748  -22.524 0.3750000000
110586  36.650  19.365  -24.223 0.1250000000
111491  36.894  20.481  -23.403 0.3750000000
112430  37.189  21.205  -23.028 0.3750000000
108742  35.733  17.315  -24.844 0.1250000000
116234  34.646  25.465  -22.409 0.3750000000
115314  33.581  24.357  -21.464 0.3750000000
115313  35.018  24.464  -21.664 0.3750000000
115325  36.151  24.510  -22.643 0.3750000000
114381  36.654  23.430  -23.581 0.3750000000
115324  36.636  23.809  -22.076 0.3750000000
113397  37.138  22.195  -23.096 0.3750000000
114369  36.627  23.220  -22.521 0.3750000000
111500  35.584  20.462  -26.215 0.1250000000
111495  36.575  20.471  -24.120 0.1250000000
112435  36.436  21.382  -24.668 0.2500000000
109660  35.824  18.301  -25.579 0.1250000000
116248  35.867  25.870  -23.629 0.2500000000
115333  36.285  24.592  -24.151 0.2500000000
116233  35.400  25.382  -22.833 0.3750000000
115326  35.400  25.063  -22.271 0.3750000000
115339  36.671  23.898  -25.260 0.1250000000
114389  36.689  23.539  -24.885 0.1250000000
113412  35.623  22.362  -26.094 0.1250000000
116250  34.286  26.136  -22.732 0.3750000000
115340  36.393  24.504  -25.297 0.1250000000
116256  35.801  25.689  -24.923 0.1250000000
115347  35.865  24.245  -26.174 0.1250000000
116264  35.977  25.290  -25.977 0.1250000000
112441  35.289  21.415  -26.581 0.1250000000
115348  35.396  23.941  -26.832 0.1250000000
116265  35.899  26.231  -25.986 0.1250000000
115354  35.373  24.156  -27.391 0.1250000000
116273  36.069  25.968  -26.929 0.1250000000
113423  34.519  22.658  -27.758 0.1250000000
113418  34.227  21.719  -27.605 0.1250000000
93613  32.300  3.780  -21.911 0.8750000000
95774  34.484  5.222  -18.551 0.6250000000
104422  37.463  12.712  -19.607 0.6250000000
106639  37.082  14.947  -19.091 0.8750000000
107712  37.421  16.039  -20.845 0.5000000000
105594  36.635  14.552  -21.412 0.3750000000
111450  33.043  20.796  -20.492 0.8750000000
111449  33.707  21.027  -20.386 0.7500000000
112366  35.334  20.729  -19.851 0.7500000000
110522  36.233  19.429  -19.871 0.7500000000
108711  37.458  17.171  -21.179 0.5000000000
109619  37.424  18.352  -20.494 0.7500000000
112440  35.969  21.381  -25.677 0.1250000000
116272  36.004  25.034  -26.878 0.1250000000
114401  35.111  23.354  -27.497 0.1250000000
100141  37.400  9.059  -19.136 0.5000000000
100142  36.653  9.016  -18.741 0.6250000000
99096  35.010  8.468  -18.167 0.7500000000
104462  37.468  13.285  -20.975 0.2500000000
108693  36.979  17.177  -19.725 0.7500000000
113411  36.186  22.408  -25.138 0.1250000000
104479  37.957  13.680  -21.860 0.1250000000
87969  33.656  -0.921  -19.960 0.7500000000
87970  32.615  -1.452  -19.864 0.7500000000
89060  31.070  -0.299  -19.702 0.7500000000
89050  34.312  -0.418  -19.529 0.7500000000
90179  35.801  0.415  -19.370 0.7500000000
91303  29.674  1.858  -20.059 0.6250000000
91301  31.444  1.894  -20.796 0.7500000000
91287  35.162  1.435  -20.027 0.6250000000
92438  35.224  2.412  -19.560 0.7500000000
92427  35.480  2.871  -19.302 0.6250000000
93591  34.479  3.378  -19.448 0.6250000000
94664  35.088  4.411  -18.841 0.5000000000
95761  36.395  5.398  -19.063 0.3750000000
95762  35.498  5.244  -18.668 0.5000000000
98001  38.019  7.497  -18.474 0.1250000000
99076  38.529  8.682  -17.639 0.1250000000
100121  38.849  10.133  -17.225 0.1250000000
101127  40.940  11.041  -16.485 0.1250000000
102225  41.507  12.284  -18.318 0.1250000000
103305  40.392  12.954  -18.621 0.1250000000
103306  39.326  12.827  -18.676 0.1250000000
104421  38.400  13.058  -19.355 0.1250000000
104442  38.528  13.298  -20.098 0.2500000000
110544  31.256  19.674  -20.679 0.5000000000
105608  37.122  13.807  -22.922 0.1250000000
104498  37.028  13.521  -22.339 0.2500000000
106687  36.422  14.994  -23.346 0.1250000000
107731  36.118  16.112  -23.513 0.1250000000
107741  35.751  16.277  -24.349 0.1250000000
112385  30.581  21.093  -21.115 0.3750000000
107744  35.552  16.472  -25.265 0.1250000000
108751  35.348  17.416  -25.626 0.1250000000
107753  35.041  16.829  -25.829 0.1250000000
110598  34.932  19.661  -26.837 0.1250000000
115280  30.955  24.777  -20.320 0.1250000000
117102  35.144  27.031  -23.792 0.2500000000
117114  35.535  26.773  -24.797 0.1250000000
117998  35.236  27.664  -25.547 0.1250000000
116280  35.769  24.902  -27.318 0.1250000000
115361  35.078  24.324  -28.393 0.1250000000
112445  34.529  21.341  -27.230 0.1250000000
115362  34.249  23.737  -28.621 0.1250000000
96884  33.282  6.554  -19.464 0.7500000000
103310  36.350  12.449  -18.074 0.7500000000
102228  36.149  11.689  -18.015 0.7500000000
94686  32.942  5.017  -21.131 0.8750000000
92463  31.565  2.786  -21.437 0.8750000000
93621  31.968  4.286  -22.269 0.8750000000
100143  35.855  9.071  -18.181 0.6250000000
110511  34.284  19.150  -18.872 0.8750000000
109582  35.797  18.160  -18.854 0.8750000000
116220  33.977  25.179  -21.801 0.3750000000
117978  34.137  27.641  -23.981 0.1250000000
89070  32.075  0.370  -20.581 0.7500000000
89059  31.909  -0.568  -20.373 0.7500000000
89057  33.844  0.241  -19.998 0.7500000000
89049  35.164  -0.386  -19.301 0.7500000000
90180  35.274  0.488  -19.919 0.7500000000
90190  30.226  0.539  -19.757 0.7500000000
90202  30.604  0.970  -20.180 0.7500000000
90188  33.344  0.616  -20.539 0.7500000000
90200  32.147  1.199  -20.847 0.7500000000
90198  33.360  1.455  -20.940 0.7500000000
91302  30.535  1.796  -20.285 0.7500000000
92452  29.668  2.567  -20.338 0.6250000000
91310  32.775  1.989  -21.606 0.8750000000
92448  33.757  1.962  -20.451 0.7500000000
92461  32.962  2.701  -21.647 0.8750000000
92440  33.534  2.850  -20.421 0.7500000000
94674  33.587  4.216  -19.647 0.7500000000
94685  33.191  4.347  -20.644 0.8750000000
96869  37.382  6.595  -18.374 0.2500000000
96871  35.914  5.985  -18.783 0.5000000000
99092  38.268  8.517  -18.402 0.2500000000
101146  38.956  10.876  -17.475 0.1250000000
101145  40.306  11.544  -17.026 0.1250000000
101147  38.204  10.294  -18.329 0.1250000000
100158  37.699  9.872  -19.314 0.5000000000
101168  38.156  10.455  -19.176 0.1250000000
102209  38.631  11.595  -18.137 0.1250000000
100174  37.577  10.190  -19.412 0.5000000000
103295  38.881  12.096  -18.019 0.1250000000
103307  38.419  12.310  -18.706 0.1250000000
102247  37.297  11.013  -19.320 0.6250000000
103329  36.637  11.738  -18.611 0.6250000000
107705  36.969  16.669  -19.403 0.7500000000
106667  36.620  15.055  -21.725 0.3750000000
111432  35.829  20.090  -19.693 0.7500000000
107721  36.474  15.612  -22.770 0.1250000000
106668  36.469  14.860  -22.254 0.2500000000
106675  36.539  14.755  -22.786 0.1250000000
113347  33.985  22.481  -20.979 0.7500000000
113345  35.881  21.969  -20.701 0.7500000000
110560  36.946  19.736  -20.839 0.6250000000
110559  37.277  19.530  -21.284 0.3750000000
108723  37.398  17.168  -22.997 0.1250000000
110585  36.980  18.894  -23.761 0.1250000000
109646  36.788  17.784  -24.062 0.1250000000
113396  37.230  21.577  -22.755 0.3750000000
108735  36.368  17.059  -24.260 0.1250000000
112431  36.823  21.371  -23.736 0.2500000000
110591  36.315  19.105  -25.175 0.1250000000
111499  36.230  20.234  -25.148 0.1250000000
110592  35.618  19.446  -25.778 0.1250000000
109668  35.108  18.109  -26.035 0.1250000000
109661  35.286  18.790  -26.245 0.1250000000
117101  35.673  26.516  -24.077 0.2500000000
116249  34.810  25.984  -23.243 0.2500000000
114396  36.061  23.345  -25.630 0.1250000000
114397  35.422  23.268  -26.499 0.1250000000
113417  34.741  22.267  -27.108 0.1250000000
117113  35.839  26.248  -24.319 0.1250000000
116257  35.718  26.412  -25.377 0.1250000000
111504  34.788  20.657  -26.861 0.1250000000
117119  35.676  27.018  -25.883 0.1250000000
87959  33.454  -1.762  -19.376 0.7500000000
87958  34.333  -1.399  -19.097 0.7500000000
87971  31.534  -1.431  -19.705 0.7500000000
93590  35.181  3.046  -19.372 0.6250000000
94663  36.038  4.477  -19.065 0.5000000000
104420  39.450  13.320  -19.288 0.1250000000
104440  40.669  13.371  -20.080 0.1250000000
89061  30.044  -0.376  -19.448 0.5000000000
86804  33.796  -2.551  -18.949 0.6250000000
89048  36.136  -0.461  -18.748 0.3750000000
90170  37.052  0.814  -18.201 0.2500000000
90178  36.349  0.635  -18.744 0.3750000000
111470  30.842  20.552  -21.097 0.2500000000
91277  35.916  1.420  -19.429 0.5000000000
92437  35.721  2.035  -19.482 0.5000000000
89039  36.637  -0.764  -18.071 0.5000000000
87956  36.123  -1.282  -18.254 0.6250000000
93581  35.466  3.543  -19.185 0.5000000000
85671  33.962  -3.447  -18.335 0.6250000000
89062  29.513  -0.357  -18.893 0.3750000000
86822  30.183  -1.799  -18.831 0.3750000000
86819  32.871  -2.514  -19.127 0.6250000000
86820  31.895  -2.595  -19.341 0.6250000000
87943  36.309  -1.658  -17.567 0.3750000000
87944  35.829  -1.890  -18.068 0.5000000000
86803  34.687  -2.478  -18.462 0.6250000000
90191  29.504  0.450  -19.201 0.2500000000
89026  36.819  -0.872  -17.384 0.3750000000
89038  37.214  -0.109  -17.792 0.2500000000
93593  29.265  3.433  -19.813 0.3750000000
91276  36.626  1.660  -18.709 0.2500000000
92426  36.013  2.527  -19.170 0.3750000000
92425  37.038  2.695  -18.718 0.2500000000
94662  36.930  4.614  -19.223 0.2500000000
102236  28.718  10.693  -18.608 0.1250000000
103316  31.177  12.358  -18.599 0.2500000000
95760  37.054  5.578  -18.711 0.2500000000
103319  28.522  10.981  -18.936 0.2500000000
93594  28.723  3.530  -19.180 0.2500000000
91286  35.544  1.811  -19.642 0.5000000000
87972  30.641  -1.191  -19.301 0.5000000000
91278  35.649  0.914  -19.807 0.5000000000
91289  30.088  1.300  -19.972 0.3750000000
92441  29.257  2.552  -19.535 0.2500000000
91290  29.539  1.433  -19.475 0.3750000000
93580  36.440  3.611  -18.911 0.2500000000
87957  35.402  -1.459  -18.578 0.5000000000
89047  36.818  -0.033  -18.406 0.2500000000
90158  37.588  1.003  -17.297 0.2500000000
87973  29.842  -1.074  -19.090 0.3750000000
86787  35.701  -2.622  -17.577 0.3750000000
86802  35.361  -2.266  -18.138 0.5000000000
93579  37.253  3.752  -18.628 0.2500000000
84584  32.036  -4.523  -18.660 0.5000000000
85657  34.368  -3.774  -17.705 0.3750000000
84582  32.930  -4.077  -19.108 0.5000000000
83448  31.878  -4.887  -18.418 0.3750000000
85674  30.915  -3.692  -18.507 0.5000000000
85687  32.358  -3.477  -19.055 0.5000000000
85673  31.605  -3.618  -18.976 0.5000000000
86806  31.192  -3.020  -19.014 0.3750000000
83411  30.143  -5.590  -16.755 0.1250000000
83429  31.314  -4.944  -17.818 0.3750000000
86807  30.435  -2.741  -18.342 0.2500000000
81066  30.844  -7.404  -16.772 0.1250000000
82283  30.800  -5.775  -17.277 0.2500000000
83428  32.047  -5.434  -18.127 0.3750000000
84549  35.226  -3.989  -17.042 0.2500000000
83427  33.011  -5.254  -18.128 0.3750000000
84551  33.772  -4.386  -17.805 0.5000000000
82265  29.570  -6.245  -16.361 0.1250000000
84532  29.541  -4.343  -16.908 0.1250000000
85660  29.292  -3.323  -17.260 0.1250000000
104461  38.836  13.359  -20.955 0.1250000000
86821  31.144  -2.029  -18.835 0.3750000000
85670  34.685  -3.248  -18.044 0.3750000000
85686  33.197  -3.389  -18.829 0.5000000000
86823  29.621  -1.465  -18.718 0.2500000000
86786  36.369  -2.668  -16.880 0.2500000000
83463  32.143  -4.906  -18.526 0.5000000000
84567  33.272  -4.211  -18.509 0.5000000000
84569  30.925  -4.101  -18.301 0.5000000000
85656  35.111  -3.530  -17.530 0.3750000000
84553  30.642  -4.208  -17.849 0.2500000000
85658  30.399  -3.510  -18.008 0.1250000000
82264  30.404  -6.445  -16.685 0.1250000000
83430  30.508  -4.962  -17.281 0.2500000000
83431  29.933  -4.906  -16.914 0.1250000000
83412  29.517  -5.290  -16.411 0.1250000000
86790  29.600  -2.769  -17.728 0.1250000000
81067  29.784  -7.198  -16.303 0.1250000000
82282  31.512  -5.970  -17.614 0.3750000000
84550  34.610  -4.488  -17.172 0.2500000000
84554  30.047  -4.440  -17.328 0.1250000000
85659  29.745  -3.756  -17.643 0.1250000000
81088  31.658  -6.856  -17.374 0.2500000000
82280  33.234  -6.278  -17.397 0.2500000000
92428  29.181  2.231  -18.742 0.2500000000
81089  31.049  -6.513  -17.164 0.1250000000
82281  32.318  -6.138  -17.644 0.2500000000
92415  28.944  2.049  -18.123 0.1250000000
109604  31.227  17.850  -20.133 0.1250000000
109586  31.628  17.367  -19.704 0.1250000000
108697  30.525  17.501  -19.664 0.1250000000
109605  30.375  18.075  -19.688 0.1250000000
110545  30.897  19.434  -20.102 0.1250000000
110527  31.012  18.800  -20.047 0.1250000000
109606  29.530  18.290  -19.283 0.1250000000
111437  30.447  20.151  -19.046 0.1250000000
108677  30.968  17.044  -19.096 0.1250000000
110528  30.374  19.027  -19.438 0.1250000000
110513  30.027  19.222  -18.509 0.1250000000
110506  29.425  19.547  -17.281 0.1250000000
87974  29.505  -0.940  -18.661 0.1250000000
91266  28.721  1.321  -17.882 0.1250000000
104410  32.130  13.240  -17.839 0.1250000000
106621  31.768  15.104  -17.845 0.1250000000
108678  29.773  17.263  -18.462 0.1250000000
109578  29.638  18.698  -17.415 0.1250000000
111418  29.056  20.192  -17.100 0.1250000000
112362  29.407  20.624  -18.020 0.1250000000
94665  28.225  4.357  -18.793 0.1250000000
93583  28.288  3.592  -18.537 0.1250000000
111453  30.648  20.168  -20.353 0.1250000000
91279  29.145  1.294  -18.670 0.1250000000
90181  29.197  0.425  -18.371 0.1250000000
103315  31.923  12.417  -17.975 0.1250000000
92442  28.808  2.962  -18.825 0.1250000000
92416  28.372  2.310  -17.667 0.1250000000
108698  29.842  17.515  -19.292 0.1250000000
109588  29.386  18.410  -18.494 0.1250000000
108679  29.398  17.820  -17.949 0.1250000000
111426  29.887  20.096  -18.088 0.1250000000
109577  29.801  18.902  -17.649 0.1250000000
108662  29.929  17.432  -17.410 0.1250000000
111407  29.484  20.348  -16.113 0.1250000000
87932  36.803  -1.537  -16.782 0.1250000000
89025  37.363  -0.403  -16.845 0.1250000000
91265  37.424  1.859  -18.167 0.1250000000
92397  37.966  2.708  -17.662 0.1250000000
93550  38.349  3.877  -16.642 0.1250000000
92413  37.999  3.417  -17.744 0.1250000000
94646  38.202  4.866  -16.869 0.1250000000
94661  37.420  4.758  -18.505 0.1250000000
95742  38.134  5.839  -17.194 0.1250000000
95759  37.660  5.879  -18.028 0.1250000000
84531  34.842  -4.935  -16.603 0.1250000000
83426  33.878  -5.375  -17.450 0.1250000000
84530  35.355  -4.412  -16.530 0.1250000000
85637  35.815  -3.882  -16.370 0.1250000000
87931  37.366  -1.333  -16.152 0.1250000000
90143  37.813  0.435  -16.474 0.1250000000
90157  37.947  1.232  -16.455 0.1250000000
91248  37.881  2.083  -16.782 0.1250000000
95741  38.479  5.921  -16.293 0.1250000000
96852  38.180  6.746  -17.553 0.1250000000
96851  38.605  6.882  -16.714 0.1250000000
96868  37.895  6.816  -18.080 0.1250000000
93567  37.767  3.930  -18.061 0.1250000000
85655  35.783  -3.481  -16.869 0.1250000000
85654  36.222  -3.234  -16.699 0.1250000000
83410  34.463  -5.481  -16.797 0.1250000000
86770  37.083  -2.472  -16.185 0.1250000000
91249  37.794  2.258  -17.552 0.1250000000
92414  37.757  2.926  -18.035 0.1250000000
93566  38.073  3.961  -17.411 0.1250000000
92396  38.303  2.956  -17.393 0.1250000000
94647  37.754  4.852  -17.647 0.1250000000
83409  35.201  -5.471  -16.200 0.1250000000
84529  35.887  -4.288  -15.964 0.1250000000
90142  38.193  0.783  -15.722 0.1250000000
83446  32.792  -4.604  -18.692 0.5000000000
83447  32.381  -4.990  -18.479 0.5000000000
83461  32.650  -4.393  -18.870 0.5000000000
83462  32.401  -4.623  -18.688 0.5000000000
84552  31.047  -4.316  -18.097 0.2500000000
84568  31.429  -4.319  -18.531 0.5000000000
84583  32.407  -4.211  -18.906 0.5000000000
85672  31.887  -3.236  -19.151 0.5000000000
85688  31.960  -4.062  -18.863 0.5000000000
86788  35.142  -2.860  -17.988 0.3750000000
86789  30.057  -3.191  -17.921 0.1250000000
86805  31.647  -3.140  -19.142 0.5000000000
90214  32.398  1.536  -21.268 0.7500000000
91300  31.967  1.671  -21.278 0.7500000000
91311  32.197  2.002  -21.564 0.8750000000
92464  30.989  2.806  -21.331 0.8750000000
93582  34.870  3.991  -19.282 0.6250000000
93602  33.352  3.387  -20.827 0.8750000000
94699  31.078  4.446  -22.145 1.0000000000
94711  30.893  4.939  -22.140 1.0000000000
95779  27.322  5.954  -18.653 0.2500000000
95812  30.959  5.587  -22.247 1.0000000000
96858  26.633  6.429  -17.987 0.1250000000
96872  27.302  6.809  -18.946 0.2500000000
96908  29.874  6.428  -21.745 1.0000000000
98000  38.492  7.911  -18.056 0.1250000000
98052  31.515  7.768  -22.223 1.0000000000
98063  30.685  7.970  -22.515 1.0000000000
98064  30.456  8.032  -22.478 1.0000000000
99080  26.963  9.047  -17.935 0.1250000000
99081  26.766  8.843  -17.783 0.1250000000
99104  26.857  8.695  -18.040 0.1250000000
99137  30.718  9.273  -21.753 1.0000000000
99160  30.784  8.183  -22.451 1.0000000000
99161  30.560  8.265  -22.415 1.0000000000
100125  26.626  9.817  -17.700 0.1250000000
100163  32.328  9.518  -19.335 1.0000000000
100175  37.388  10.052  -19.414 0.5000000000
100185  31.103  9.838  -21.204 1.0000000000
100199  29.999  9.693  -22.379 1.0000000000
101128  39.939  10.876  -16.576 0.1250000000
101169  36.263  11.169  -18.257 0.7500000000
101171  34.281  9.745  -17.803 1.0000000000
101188  37.572  10.470  -19.409 0.5000000000
101192  34.716  10.143  -17.506 1.0000000000
101195  31.412  10.559  -20.138 1.0000000000
101208  37.347  10.300  -19.421 0.5000000000
101209  37.159  10.137  -19.420 0.5000000000
101222  29.575  10.373  -22.223 1.0000000000
101233  29.893  10.535  -22.358 1.0000000000
102248  36.845  11.104  -18.887 0.7500000000
102267  28.479  11.531  -20.670 1.0000000000
102276  30.169  11.600  -21.892 1.0000000000
102289  29.906  11.059  -22.308 1.0000000000
103294  39.381  12.369  -18.107 0.1250000000
103296  35.988  12.650  -17.704 1.0000000000
103327  37.408  11.408  -19.325 0.6250000000
104408  36.192  13.125  -17.848 0.8750000000
104409  35.845  13.058  -17.729 1.0000000000
104419  40.360  13.390  -19.387 0.1250000000
104463  36.709  13.556  -21.233 0.2500000000
104464  36.520  13.766  -21.227 0.2500000000
104466  28.560  13.626  -20.359 0.5000000000
104482  30.016  13.838  -21.344 1.0000000000
104484  28.737  13.548  -21.042 0.7500000000
104499  36.547  13.636  -22.008 0.2500000000
105543  34.113  15.072  -18.119 1.0000000000
105546  28.964  14.001  -18.604 0.6250000000
105547  28.354  13.931  -18.482 0.6250000000
105548  27.976  14.042  -18.460 0.6250000000
105564  29.383  13.780  -19.057 0.6250000000
105565  29.102  13.777  -19.045 0.5000000000
105578  28.459  14.008  -19.888 0.6250000000
105586  36.409  13.919  -21.347 0.2500000000
105588  28.969  15.129  -20.978 0.6250000000
105589  28.655  14.605  -20.725 0.6250000000
105595  36.418  14.184  -21.697 0.3750000000
105596  30.085  14.417  -21.011 1.0000000000
105622  36.683  14.310  -23.053 0.1250000000
106623  28.576  14.097  -18.445 0.6250000000
106624  28.226  14.211  -18.457 0.6250000000
106625  27.951  14.157  -18.752 0.6250000000
106645  28.744  13.986  -18.633 0.6250000000
106646  28.354  14.227  -18.951 0.6250000000
106647  28.365  14.045  -19.405 0.6250000000
106656  28.662  14.389  -19.690 0.6250000000
106657  28.469  14.368  -20.307 0.6250000000
106662  29.320  14.829  -19.685 0.6250000000
106663  28.911  14.565  -20.416 0.6250000000
107670  34.446  15.643  -18.370 1.0000000000
108699  29.074  17.712  -18.823 0.1250000000
109587  29.924  18.807  -17.904 0.1250000000
109599  37.171  17.732  -19.971 0.7500000000
110505  29.814  19.277  -17.727 0.1250000000
110514  29.643  18.733  -19.095 0.1250000000
110529  29.778  18.649  -19.297 0.1250000000
110561  31.597  20.108  -21.237 0.6250000000
110562  31.497  19.931  -21.103 0.6250000000
110574  37.154  19.856  -22.584 0.3750000000
110579  37.140  19.934  -22.817 0.3750000000
110581  36.694  19.954  -23.688 0.2500000000
111417  29.176  19.836  -17.684 0.1250000000
111427  29.055  20.336  -17.813 0.1250000000
111433  35.178  20.242  -19.416 0.8750000000
111448  35.668  20.587  -19.823 0.7500000000
111452  31.017  20.209  -20.871 0.5000000000
111467  36.896  20.390  -20.901 0.6250000000
111469  31.264  20.355  -21.210 0.5000000000
111485  37.219  20.152  -22.504 0.3750000000
111490  37.236  20.345  -22.778 0.3750000000
112348  29.466  21.000  -16.620 0.1250000000
112402  37.503  20.814  -21.839 0.3750000000
112406  30.919  20.734  -21.392 0.5000000000
112423  37.158  21.618  -22.152 0.3750000000
114330  35.126  22.806  -20.912 0.6250000000
114350  36.491  23.261  -21.910 0.3750000000
114351  36.369  23.067  -21.813 0.3750000000
114388  36.701  23.684  -25.117 0.1250000000
114395  36.534  23.654  -25.296 0.1250000000
114407  34.454  23.165  -28.238 0.1250000000
115299  30.408  25.604  -21.357 0.2500000000
115311  36.483  23.509  -21.887 0.3750000000
115346  36.375  23.943  -25.572 0.1250000000
115353  35.609  24.479  -26.971 0.1250000000
115360  35.545  24.666  -27.589 0.1250000000
116224  30.235  25.460  -21.968 0.2500000000
116225  29.630  25.653  -21.927 0.1250000000
116239  29.819  25.634  -22.195 0.1250000000
116281  35.607  25.499  -27.834 0.1250000000
