#!ascii label  , from subject 4018 vox2ras=TkReg
555
11856  -40.409  -67.844  7.872 0.0000000000
19322  -46.016  -60.349  1.470 0.0000000000
16032  -37.073  -63.062  4.734 0.0000000000
13937  -42.598  -65.882  4.252 0.0000000000
21607  -39.351  -58.954  0.937 0.0000000000
17040  -43.216  -62.815  8.402 0.0000000000
20341  -36.058  -59.322  8.196 0.0000000000
26666  -36.116  -54.914  11.070 0.0000000000
21580  -34.908  -58.944  3.027 0.0000000000
19299  -38.209  -60.802  2.992 0.0000000000
24188  -36.212  -56.995  0.990 0.0000000000
19258  -39.494  -61.099  7.754 0.0000000000
21496  -39.634  -59.501  10.504 0.0000000000
30702  -33.701  -51.974  10.770 0.0000000000
26662  -32.476  -54.763  10.030 0.0000000000
8993  -39.632  -70.038  6.236 0.0000000000
17097  -43.681  -63.097  2.644 0.0000000000
13979  -41.971  -65.300  1.919 0.0000000000
16095  -43.154  -63.413  -0.259 0.0000000000
13913  -38.423  -65.397  6.415 0.0000000000
12916  -40.089  -67.127  5.235 0.0000000000
18171  -41.153  -61.493  2.485 0.0000000000
20411  -42.348  -59.436  1.396 0.0000000000
16010  -39.610  -62.939  6.887 0.0000000000
19268  -36.425  -61.114  6.726 0.0000000000
21551  -33.917  -58.974  5.683 0.0000000000
25323  -39.712  -55.936  10.928 0.0000000000
22774  -35.793  -57.397  10.674 0.0000000000
22813  -32.987  -57.880  8.840 0.0000000000
25452  -32.322  -55.407  5.129 0.0000000000
10893  -40.953  -68.241  3.897 0.0000000000
26903  -43.220  -54.412  0.131 0.0000000000
24215  -46.648  -56.564  0.207 0.0000000000
22962  -45.575  -57.796  -0.771 0.0000000000
22890  -34.150  -57.906  3.003 0.0000000000
21587  -35.536  -58.579  2.562 0.0000000000
9884  -40.280  -69.474  6.554 0.0000000000
18179  -44.854  -61.669  1.653 0.0000000000
16071  -44.496  -63.102  1.298 0.0000000000
17100  -45.295  -62.276  0.950 0.0000000000
17128  -44.885  -62.555  -0.806 0.0000000000
18189  -46.456  -61.030  0.510 0.0000000000
14960  -37.610  -64.478  5.585 0.0000000000
14986  -37.911  -64.297  3.945 0.0000000000
20407  -38.358  -59.533  1.718 0.0000000000
18169  -39.544  -61.383  2.709 0.0000000000
19316  -40.049  -60.234  1.758 0.0000000000
19318  -41.970  -60.336  1.524 0.0000000000
20410  -41.239  -59.487  1.244 0.0000000000
14935  -40.874  -64.387  7.521 0.0000000000
17053  -40.883  -62.465  7.362 0.0000000000
19237  -38.296  -60.517  8.328 0.0000000000
19270  -38.377  -61.170  7.020 0.0000000000
19255  -36.899  -60.585  7.330 0.0000000000
20372  -34.936  -60.332  5.821 0.0000000000
20354  -34.559  -59.264  7.388 0.0000000000
25293  -38.048  -55.507  11.022 0.0000000000
24039  -37.653  -56.620  11.196 0.0000000000
24038  -36.424  -56.378  11.033 0.0000000000
26702  -33.017  -54.261  8.676 0.0000000000
24056  -32.624  -56.564  9.414 0.0000000000
25359  -32.374  -55.813  8.079 0.0000000000
24113  -32.162  -56.551  6.852 0.0000000000
12926  -41.238  -66.766  4.745 0.0000000000
10878  -40.850  -68.271  4.629 0.0000000000
11904  -41.906  -67.258  4.108 0.0000000000
11934  -39.921  -67.486  1.468 0.0000000000
25554  -41.094  -55.090  -1.223 0.0000000000
25519  -44.940  -55.423  0.287 0.0000000000
24246  -46.292  -56.352  -1.473 0.0000000000
18164  -36.065  -61.235  3.923 0.0000000000
17085  -37.335  -62.493  3.858 0.0000000000
20396  -36.522  -60.011  3.042 0.0000000000
21589  -37.166  -59.100  2.029 0.0000000000
22944  -37.802  -57.603  0.670 0.0000000000
18118  -41.467  -61.869  7.758 0.0000000000
20344  -39.394  -60.377  8.997 0.0000000000
20324  -38.231  -59.662  9.892 0.0000000000
28001  -34.264  -53.206  11.271 0.0000000000
26664  -33.945  -54.769  11.114 0.0000000000
28027  -32.859  -53.447  10.338 0.0000000000
28076  -33.138  -53.189  8.661 0.0000000000
28111  -33.765  -53.716  7.877 0.0000000000
16047  -43.258  -64.028  3.609 0.0000000000
12953  -42.574  -66.294  3.316 0.0000000000
15004  -43.254  -64.906  2.754 0.0000000000
15038  -41.992  -64.375  1.247 0.0000000000
15052  -41.485  -64.164  -0.574 0.0000000000
15074  -43.231  -63.953  -1.911 0.0000000000
17155  -43.714  -62.834  -2.212 0.0000000000
19381  -43.558  -61.573  -1.353 0.0000000000
12906  -39.383  -67.041  6.793 0.0000000000
11867  -39.871  -67.909  6.319 0.0000000000
13934  -39.563  -65.850  4.396 0.0000000000
14974  -40.990  -65.172  4.359 0.0000000000
17086  -38.465  -62.520  3.262 0.0000000000
16044  -40.530  -63.545  3.439 0.0000000000
16045  -41.692  -63.651  3.538 0.0000000000
17096  -42.691  -62.546  2.862 0.0000000000
19310  -43.583  -61.132  2.129 0.0000000000
20413  -44.377  -59.565  1.674 0.0000000000
13902  -40.116  -65.421  7.738 0.0000000000
14950  -38.541  -64.271  6.637 0.0000000000
16008  -37.821  -63.514  6.131 0.0000000000
18135  -39.619  -61.653  7.113 0.0000000000
18133  -37.922  -61.756  6.514 0.0000000000
18145  -36.665  -62.334  5.621 0.0000000000
18156  -35.407  -61.335  4.983 0.0000000000
20393  -34.299  -59.403  4.380 0.0000000000
24158  -33.059  -57.334  4.085 0.0000000000
22754  -39.798  -57.683  11.397 0.0000000000
21473  -38.266  -58.673  10.864 0.0000000000
21492  -36.532  -58.939  9.727 0.0000000000
24036  -34.054  -56.612  10.766 0.0000000000
21489  -33.872  -58.234  9.977 0.0000000000
21509  -34.419  -58.600  8.448 0.0000000000
21524  -33.139  -58.398  7.308 0.0000000000
22860  -32.469  -57.115  5.317 0.0000000000
10862  -40.561  -68.616  5.340 0.0000000000
9919  -39.678  -69.693  4.618 0.0000000000
11936  -41.367  -67.170  2.612 0.0000000000
10911  -39.484  -68.284  2.292 0.0000000000
22923  -42.160  -57.398  1.063 0.0000000000
22903  -43.125  -57.981  2.101 0.0000000000
21612  -44.625  -58.556  1.668 0.0000000000
24194  -45.355  -56.533  0.973 0.0000000000
21614  -46.401  -58.430  0.867 0.0000000000
20447  -46.558  -59.246  0.203 0.0000000000
20445  -45.384  -59.487  -0.325 0.0000000000
24166  -34.251  -57.092  2.808 0.0000000000
22901  -34.682  -57.483  2.507 0.0000000000
9870  -40.274  -69.529  7.739 0.0000000000
10830  -40.352  -68.668  7.202 0.0000000000
19321  -45.018  -60.578  1.726 0.0000000000
18180  -45.726  -61.326  1.301 0.0000000000
18188  -46.152  -61.408  0.816 0.0000000000
18181  -46.269  -60.899  1.077 0.0000000000
16024  -37.122  -63.539  5.172 0.0000000000
14971  -37.719  -64.565  4.691 0.0000000000
16033  -37.453  -63.507  4.319 0.0000000000
20408  -39.178  -59.746  1.555 0.0000000000
20409  -40.188  -59.573  1.345 0.0000000000
21608  -40.406  -58.760  0.841 0.0000000000
15999  -43.498  -63.770  8.272 0.0000000000
15998  -42.579  -63.490  8.028 0.0000000000
15997  -41.436  -63.262  7.575 0.0000000000
17039  -42.167  -62.605  7.894 0.0000000000
20342  -37.300  -59.796  8.685 0.0000000000
20357  -37.131  -60.235  7.859 0.0000000000
20356  -36.484  -60.066  7.772 0.0000000000
20355  -35.431  -59.841  7.204 0.0000000000
26639  -35.779  -54.039  11.170 0.0000000000
28004  -37.474  -53.814  11.413 0.0000000000
26640  -36.782  -54.265  11.251 0.0000000000
26641  -37.633  -54.531  11.218 0.0000000000
25292  -36.984  -55.212  11.215 0.0000000000
24016  -36.736  -55.778  11.203 0.0000000000
25320  -36.373  -55.589  11.134 0.0000000000
26730  -33.319  -54.423  7.637 0.0000000000
26701  -32.734  -55.046  8.347 0.0000000000
26729  -32.538  -55.181  7.314 0.0000000000
26754  -32.874  -54.549  6.630 0.0000000000
13936  -41.679  -65.942  4.591 0.0000000000
12927  -41.996  -66.699  4.444 0.0000000000
25537  -44.502  -55.503  -0.455 0.0000000000
25539  -46.178  -56.028  -1.171 0.0000000000
25559  -45.803  -55.707  -1.600 0.0000000000
19296  -35.465  -60.547  3.820 0.0000000000
19297  -36.318  -60.565  3.487 0.0000000000
20395  -35.754  -59.735  3.303 0.0000000000
22920  -35.811  -57.696  1.629 0.0000000000
21588  -36.384  -58.889  2.514 0.0000000000
21604  -36.537  -58.444  1.800 0.0000000000
21605  -37.386  -58.582  1.402 0.0000000000
24189  -36.713  -57.302  0.774 0.0000000000
20325  -39.135  -59.990  9.757 0.0000000000
21495  -38.947  -59.490  10.397 0.0000000000
29330  -34.711  -52.435  11.455 0.0000000000
29329  -33.835  -52.421  11.121 0.0000000000
28000  -33.413  -53.327  10.904 0.0000000000
29353  -33.285  -52.543  10.379 0.0000000000
28077  -34.110  -52.896  8.006 0.0000000000
9009  -38.977  -70.241  5.621 0.0000000000
17091  -43.384  -63.685  3.193 0.0000000000
16048  -43.498  -64.113  3.133 0.0000000000
16056  -43.699  -63.857  2.483 0.0000000000
16082  -43.908  -63.347  0.573 0.0000000000
16069  -43.230  -64.085  1.613 0.0000000000
16080  -41.960  -63.910  0.483 0.0000000000
15053  -42.158  -63.824  -0.881 0.0000000000
15073  -42.440  -64.074  -1.605 0.0000000000
17129  -45.576  -61.905  -0.592 0.0000000000
17127  -44.183  -62.713  -1.402 0.0000000000
17156  -44.837  -62.223  -1.378 0.0000000000
17154  -43.152  -62.672  -2.459 0.0000000000
18207  -44.726  -61.296  -0.858 0.0000000000
12905  -38.917  -66.353  6.427 0.0000000000
14973  -40.135  -65.300  4.290 0.0000000000
14988  -40.052  -64.519  3.849 0.0000000000
18166  -37.803  -61.548  3.300 0.0000000000
18167  -38.775  -61.575  2.953 0.0000000000
17087  -39.786  -62.393  2.962 0.0000000000
17094  -40.666  -62.015  2.692 0.0000000000
17088  -41.095  -62.837  3.055 0.0000000000
17095  -41.666  -62.266  2.810 0.0000000000
17089  -42.174  -63.061  3.219 0.0000000000
19309  -42.597  -61.035  2.153 0.0000000000
19319  -43.003  -60.323  1.717 0.0000000000
19320  -43.977  -60.398  1.740 0.0000000000
20412  -43.393  -59.504  1.651 0.0000000000
15995  -39.816  -63.490  7.080 0.0000000000
14934  -39.920  -64.272  7.336 0.0000000000
14933  -39.199  -63.905  7.113 0.0000000000
16009  -38.818  -63.233  6.796 0.0000000000
19260  -40.852  -61.683  7.792 0.0000000000
18136  -40.403  -61.833  7.488 0.0000000000
19272  -39.902  -61.455  7.469 0.0000000000
19269  -37.380  -61.195  6.912 0.0000000000
18132  -36.883  -61.864  6.124 0.0000000000
18143  -35.547  -61.312  5.741 0.0000000000
20371  -34.507  -59.823  5.774 0.0000000000
19279  -34.576  -60.276  5.240 0.0000000000
21569  -33.935  -58.982  4.725 0.0000000000
21578  -33.649  -58.331  4.184 0.0000000000
22881  -33.792  -58.511  4.993 0.0000000000
24020  -39.765  -56.934  11.430 0.0000000000
22775  -36.866  -57.556  11.136 0.0000000000
22776  -37.943  -57.765  11.272 0.0000000000
21472  -37.332  -58.475  10.833 0.0000000000
20306  -36.909  -59.091  10.313 0.0000000000
21471  -36.344  -58.326  10.420 0.0000000000
26663  -32.917  -54.452  10.676 0.0000000000
25318  -34.536  -55.660  10.826 0.0000000000
25317  -33.448  -55.644  10.666 0.0000000000
22795  -32.820  -57.328  9.258 0.0000000000
22796  -33.386  -57.714  9.736 0.0000000000
22814  -33.848  -58.015  9.031 0.0000000000
21490  -34.570  -58.350  9.551 0.0000000000
21508  -33.422  -58.382  8.249 0.0000000000
21525  -33.996  -58.772  7.694 0.0000000000
21507  -32.622  -58.101  8.001 0.0000000000
25435  -32.075  -55.328  5.954 0.0000000000
22846  -32.370  -57.275  6.234 0.0000000000
24136  -32.082  -56.281  5.751 0.0000000000
24157  -32.515  -56.452  4.417 0.0000000000
11882  -40.040  -67.625  5.638 0.0000000000
10845  -40.302  -68.646  6.228 0.0000000000
11868  -40.336  -68.152  5.720 0.0000000000
9920  -40.534  -69.137  4.874 0.0000000000
10877  -40.426  -68.871  4.348 0.0000000000
10892  -39.936  -68.750  3.635 0.0000000000
13963  -42.311  -66.203  2.654 0.0000000000
12952  -41.874  -66.809  3.239 0.0000000000
12972  -41.495  -66.540  2.087 0.0000000000
10927  -39.293  -68.174  0.974 0.0000000000
22947  -40.685  -56.853  0.646 0.0000000000
22948  -41.519  -56.673  0.938 0.0000000000
24192  -43.491  -56.217  1.554 0.0000000000
21593  -43.935  -58.246  2.102 0.0000000000
22925  -43.982  -57.167  1.674 0.0000000000
25520  -45.838  -56.038  0.334 0.0000000000
25498  -45.590  -56.107  0.738 0.0000000000
24195  -46.045  -56.558  0.596 0.0000000000
22927  -45.968  -57.458  0.830 0.0000000000
22928  -46.582  -57.649  0.467 0.0000000000
20429  -46.512  -59.292  0.716 0.0000000000
21637  -46.676  -58.132  0.308 0.0000000000
22963  -46.338  -57.577  -0.593 0.0000000000
20446  -46.271  -59.361  -0.187 0.0000000000
21653  -45.970  -58.494  -0.462 0.0000000000
21581  -35.813  -59.095  2.882 0.0000000000
22891  -34.901  -58.178  2.643 0.0000000000
22919  -34.993  -57.340  1.911 0.0000000000
24187  -35.349  -56.689  1.466 0.0000000000
30761  -33.590  -51.373  9.526 0.0000000000
32207  -34.718  -50.659  8.776 0.0000000000
8994  -40.049  -69.833  6.415 0.0000000000
18174  -44.106  -61.957  2.194 0.0000000000
16057  -44.239  -63.404  2.091 0.0000000000
17098  -44.606  -62.661  1.913 0.0000000000
16083  -44.714  -62.871  0.303 0.0000000000
16096  -44.098  -63.055  -0.656 0.0000000000
17107  -45.318  -62.439  -0.053 0.0000000000
17130  -46.275  -61.476  -0.183 0.0000000000
13921  -37.828  -65.174  5.942 0.0000000000
13932  -37.863  -65.172  5.293 0.0000000000
14987  -38.769  -64.538  3.690 0.0000000000
19305  -38.473  -60.412  2.450 0.0000000000
19300  -38.921  -60.891  2.757 0.0000000000
19306  -39.466  -60.565  2.300 0.0000000000
19307  -40.560  -60.833  2.114 0.0000000000
19308  -41.570  -60.956  2.077 0.0000000000
19317  -40.921  -60.301  1.585 0.0000000000
21609  -41.583  -58.407  0.964 0.0000000000
15996  -40.529  -63.557  7.260 0.0000000000
16011  -40.298  -62.952  7.068 0.0000000000
19238  -39.057  -60.638  8.333 0.0000000000
19257  -38.732  -60.958  7.698 0.0000000000
19256  -37.734  -60.676  7.723 0.0000000000
19267  -35.565  -60.741  6.291 0.0000000000
19254  -36.142  -60.497  7.104 0.0000000000
20361  -35.060  -60.008  6.297 0.0000000000
20360  -34.514  -59.562  6.555 0.0000000000
25294  -39.114  -55.238  10.929 0.0000000000
25322  -38.918  -56.043  10.975 0.0000000000
24040  -38.693  -57.011  11.314 0.0000000000
25321  -38.347  -56.267  11.046 0.0000000000
26682  -32.694  -54.918  9.317 0.0000000000
25316  -32.640  -55.651  10.005 0.0000000000
25340  -32.501  -55.740  8.995 0.0000000000
24075  -32.281  -56.410  8.600 0.0000000000
22812  -32.400  -57.275  8.514 0.0000000000
22830  -32.461  -57.471  7.350 0.0000000000
25383  -32.194  -55.947  7.348 0.0000000000
25410  -32.131  -55.690  6.631 0.0000000000
26785  -32.436  -54.691  5.831 0.0000000000
12917  -40.762  -67.144  4.989 0.0000000000
11883  -40.721  -67.765  5.036 0.0000000000
11894  -41.529  -67.443  4.500 0.0000000000
10894  -41.349  -67.898  4.294 0.0000000000
11903  -41.712  -67.456  3.863 0.0000000000
12971  -40.493  -66.649  1.192 0.0000000000
25556  -42.577  -55.499  -1.127 0.0000000000
25536  -43.427  -55.215  -0.390 0.0000000000
26904  -44.030  -54.884  0.244 0.0000000000
24230  -46.596  -56.243  -0.001 0.0000000000
22951  -47.535  -56.954  -0.047 0.0000000000
22964  -47.088  -57.076  -0.193 0.0000000000
22981  -46.294  -56.837  -0.888 0.0000000000
17084  -36.531  -61.897  4.058 0.0000000000
18165  -36.864  -61.385  3.631 0.0000000000
19298  -37.247  -60.561  3.172 0.0000000000
20400  -36.328  -59.446  2.898 0.0000000000
20401  -37.038  -59.711  2.618 0.0000000000
20402  -37.880  -59.759  2.136 0.0000000000
21590  -37.834  -59.163  1.740 0.0000000000
21606  -38.341  -58.955  1.275 0.0000000000
21633  -38.562  -58.270  0.654 0.0000000000
18119  -42.567  -62.245  8.254 0.0000000000
18102  -40.867  -61.436  8.473 0.0000000000
19240  -40.286  -61.034  8.975 0.0000000000
19239  -39.680  -60.887  8.491 0.0000000000
20343  -38.600  -60.144  8.956 0.0000000000
28002  -35.297  -53.213  11.414 0.0000000000
26665  -35.106  -54.802  10.910 0.0000000000
26638  -34.669  -53.978  11.167 0.0000000000
26637  -33.704  -53.949  11.262 0.0000000000
29378  -33.207  -52.110  9.386 0.0000000000
28048  -32.802  -52.995  9.681 0.0000000000
26683  -32.564  -53.973  9.662 0.0000000000
28110  -33.352  -53.920  8.246 0.0000000000
14976  -42.858  -64.952  3.963 0.0000000000
13938  -42.965  -65.348  3.790 0.0000000000
13950  -43.161  -65.218  3.466 0.0000000000
13965  -43.374  -65.027  3.114 0.0000000000
13980  -42.829  -64.959  2.401 0.0000000000
13995  -41.672  -64.839  1.344 0.0000000000
12995  -40.008  -65.852  -0.333 0.0000000000
16118  -43.684  -63.436  -1.835 0.0000000000
16141  -43.298  -63.632  -2.396 0.0000000000
16140  -42.759  -63.768  -2.735 0.0000000000
17178  -42.712  -63.051  -2.801 0.0000000000
18257  -42.725  -62.436  -2.421 0.0000000000
11855  -39.768  -67.897  7.165 0.0000000000
12915  -39.320  -66.926  5.815 0.0000000000
12924  -39.310  -66.543  4.960 0.0000000000
12925  -40.285  -66.603  4.798 0.0000000000
13935  -40.668  -65.966  4.519 0.0000000000
14975  -42.017  -65.133  4.209 0.0000000000
16042  -38.110  -63.523  3.623 0.0000000000
14989  -41.278  -64.398  3.878 0.0000000000
14990  -42.287  -64.372  3.864 0.0000000000
16046  -42.637  -63.773  3.635 0.0000000000
17090  -43.066  -63.335  3.304 0.0000000000
18173  -43.144  -61.954  2.363 0.0000000000
18172  -42.157  -61.680  2.528 0.0000000000
19311  -44.335  -61.159  1.922 0.0000000000
12891  -39.944  -66.822  7.661 0.0000000000
12890  -39.165  -66.021  7.172 0.0000000000
13901  -39.155  -64.882  7.151 0.0000000000
14949  -37.931  -64.697  6.199 0.0000000000
17038  -41.531  -62.467  7.581 0.0000000000
17051  -39.228  -62.322  6.801 0.0000000000
19271  -39.278  -61.099  7.040 0.0000000000
18134  -38.849  -61.637  6.700 0.0000000000
17050  -38.350  -62.459  6.515 0.0000000000
17049  -37.593  -62.469  6.168 0.0000000000
17065  -37.091  -62.754  5.735 0.0000000000
17064  -36.697  -62.707  5.247 0.0000000000
18157  -36.044  -61.662  4.538 0.0000000000
18163  -35.491  -61.127  4.324 0.0000000000
20394  -34.797  -59.718  3.875 0.0000000000
19280  -35.037  -60.837  5.455 0.0000000000
20386  -34.510  -59.893  4.502 0.0000000000
21579  -34.062  -58.759  3.868 0.0000000000
22889  -33.556  -57.872  3.770 0.0000000000
24018  -39.013  -57.666  11.307 0.0000000000
22778  -39.059  -58.318  11.228 0.0000000000
21494  -38.586  -59.201  10.569 0.0000000000
20307  -37.714  -59.169  10.420 0.0000000000
20323  -37.195  -59.479  9.756 0.0000000000
21511  -36.428  -58.856  8.954 0.0000000000
25319  -35.625  -55.635  10.898 0.0000000000
24037  -35.186  -56.514  10.729 0.0000000000
22773  -34.688  -57.435  10.621 0.0000000000
24035  -33.152  -56.646  10.126 0.0000000000
22772  -33.801  -57.490  10.428 0.0000000000
21470  -35.213  -58.182  10.349 0.0000000000
21491  -35.789  -58.495  9.600 0.0000000000
21510  -35.407  -58.730  8.762 0.0000000000
20340  -35.042  -59.186  8.009 0.0000000000
21535  -33.922  -58.923  6.823 0.0000000000
21534  -33.375  -58.450  6.286 0.0000000000
22847  -32.851  -57.919  6.657 0.0000000000
22861  -32.977  -57.951  5.583 0.0000000000
22879  -32.812  -57.434  4.761 0.0000000000
10844  -40.117  -68.303  6.413 0.0000000000
9901  -40.285  -69.403  5.581 0.0000000000
9010  -39.480  -69.964  5.415 0.0000000000
9026  -39.242  -70.032  5.135 0.0000000000
12936  -42.297  -66.779  3.933 0.0000000000
11918  -41.403  -67.342  3.191 0.0000000000
11902  -41.109  -67.730  3.385 0.0000000000
11935  -40.902  -67.350  1.951 0.0000000000
11916  -40.396  -67.801  2.274 0.0000000000
10912  -40.502  -68.081  3.047 0.0000000000
25487  -35.030  -55.637  1.656 0.0000000000
24209  -37.113  -56.985  0.577 0.0000000000
24210  -37.937  -56.687  0.527 0.0000000000
22945  -38.721  -57.373  0.512 0.0000000000
22946  -39.707  -57.132  0.483 0.0000000000
21635  -40.543  -57.807  0.588 0.0000000000
24191  -42.176  -56.163  1.408 0.0000000000
21610  -42.856  -58.375  1.650 0.0000000000
21611  -43.753  -58.775  1.837 0.0000000000
20414  -45.401  -59.501  1.552 0.0000000000
26884  -44.226  -54.879  0.813 0.0000000000
25497  -44.884  -55.636  0.919 0.0000000000
24193  -44.493  -56.338  1.378 0.0000000000
22926  -44.933  -57.474  1.425 0.0000000000
21613  -45.693  -58.484  1.312 0.0000000000
20415  -46.269  -59.399  1.282 0.0000000000
19323  -46.475  -60.226  0.991 0.0000000000
19334  -46.477  -60.207  0.392 0.0000000000
19355  -46.332  -60.275  -0.044 0.0000000000
19354  -45.854  -60.368  -0.386 0.0000000000
19353  -44.912  -60.524  -0.399 0.0000000000
9883  -40.006  -69.709  6.064 0.0000000000
9900  -39.831  -69.803  5.556 0.0000000000
9939  -39.381  -69.217  3.816 0.0000000000
10829  -40.081  -68.320  6.672 0.0000000000
10879  -41.255  -67.858  4.514 0.0000000000
11884  -41.116  -67.324  4.807 0.0000000000
11893  -41.107  -67.840  4.684 0.0000000000
11895  -41.936  -67.044  4.230 0.0000000000
11917  -40.958  -67.587  2.736 0.0000000000
12935  -41.957  -67.005  3.775 0.0000000000
13912  -37.984  -65.115  6.221 0.0000000000
13949  -42.826  -65.839  3.675 0.0000000000
13964  -42.913  -65.526  2.949 0.0000000000
14972  -38.223  -64.968  4.096 0.0000000000
14977  -43.199  -64.911  3.658 0.0000000000
14991  -42.903  -64.283  3.894 0.0000000000
14992  -43.369  -64.778  3.287 0.0000000000
15005  -43.489  -64.500  2.815 0.0000000000
15023  -43.590  -64.159  2.349 0.0000000000
15075  -43.390  -63.787  -2.164 0.0000000000
15095  -42.936  -64.072  -2.322 0.0000000000
15096  -43.233  -63.938  -2.273 0.0000000000
15994  -39.348  -63.376  6.983 0.0000000000
16012  -40.782  -63.027  7.302 0.0000000000
16023  -36.846  -62.976  4.949 0.0000000000
16034  -43.166  -64.557  3.747 0.0000000000
16035  -43.285  -64.517  3.515 0.0000000000
16081  -42.801  -63.630  0.961 0.0000000000
16094  -42.237  -63.714  -0.170 0.0000000000
16097  -44.775  -62.713  -0.309 0.0000000000
16116  -42.644  -63.656  -0.899 0.0000000000
17041  -44.121  -63.389  8.477 0.0000000000
17052  -39.983  -62.328  7.222 0.0000000000
17076  -36.681  -62.479  4.624 0.0000000000
17077  -37.182  -62.861  4.425 0.0000000000
17093  -40.050  -61.772  2.652 0.0000000000
17101  -45.834  -61.716  0.813 0.0000000000
17108  -46.056  -61.798  0.273 0.0000000000
17109  -46.453  -61.371  0.098 0.0000000000
17157  -45.337  -61.909  -1.088 0.0000000000
17179  -43.112  -63.266  -2.682 0.0000000000
18117  -41.020  -61.637  8.005 0.0000000000
18130  -35.636  -61.208  6.083 0.0000000000
18131  -35.942  -61.457  6.135 0.0000000000
18144  -36.157  -61.946  5.377 0.0000000000
18208  -45.427  -61.176  -0.663 0.0000000000
18209  -46.118  -61.162  -0.499 0.0000000000
18210  -46.586  -60.983  -0.048 0.0000000000
18236  -43.243  -62.189  -1.854 0.0000000000
18237  -44.259  -61.858  -1.511 0.0000000000
19259  -40.300  -61.442  8.015 0.0000000000
19273  -40.562  -61.681  7.692 0.0000000000
19289  -34.478  -60.126  4.806 0.0000000000
19290  -34.863  -60.557  4.577 0.0000000000
19304  -37.751  -60.276  2.623 0.0000000000
20308  -38.250  -59.231  10.486 0.0000000000
20322  -36.789  -59.304  9.900 0.0000000000
20339  -34.500  -58.994  7.898 0.0000000000
20345  -39.802  -60.602  9.034 0.0000000000
20385  -34.224  -59.671  5.004 0.0000000000
20403  -38.629  -60.080  1.941 0.0000000000
21456  -39.452  -58.333  11.285 0.0000000000
21468  -33.752  -58.003  10.207 0.0000000000
21469  -34.248  -58.109  10.322 0.0000000000
21493  -36.822  -59.237  9.588 0.0000000000
21512  -36.872  -59.152  9.265 0.0000000000
21523  -32.707  -58.022  7.486 0.0000000000
21550  -33.471  -58.440  5.694 0.0000000000
21568  -33.754  -58.532  4.506 0.0000000000
21591  -43.095  -58.213  1.999 0.0000000000
21592  -43.374  -58.238  2.045 0.0000000000
21603  -35.904  -58.334  2.150 0.0000000000
21632  -37.861  -58.317  0.962 0.0000000000
21634  -39.529  -58.102  0.491 0.0000000000
21636  -41.318  -57.438  0.752 0.0000000000
21638  -47.204  -57.424  -0.047 0.0000000000
22752  -39.023  -57.970  11.273 0.0000000000
22753  -39.216  -58.071  11.298 0.0000000000
22777  -38.774  -58.045  11.258 0.0000000000
22797  -33.863  -58.177  9.600 0.0000000000
22831  -32.788  -57.953  7.194 0.0000000000
22862  -33.564  -58.381  5.289 0.0000000000
22880  -33.471  -58.009  4.659 0.0000000000
22902  -35.274  -57.964  2.214 0.0000000000
22904  -43.608  -57.793  2.084 0.0000000000
22905  -44.244  -57.834  1.977 0.0000000000
22921  -36.704  -57.836  1.163 0.0000000000
22922  -37.353  -58.039  0.937 0.0000000000
22924  -43.066  -57.298  1.647 0.0000000000
22943  -37.102  -57.608  0.716 0.0000000000
22949  -46.541  -57.039  0.455 0.0000000000
22950  -47.016  -57.146  0.118 0.0000000000
24017  -37.176  -55.900  11.185 0.0000000000
24019  -39.324  -57.315  11.356 0.0000000000
24034  -32.759  -56.288  9.877 0.0000000000
24041  -39.445  -56.596  11.218 0.0000000000
24057  -32.964  -57.071  9.657 0.0000000000
24092  -32.193  -56.590  7.807 0.0000000000
24176  -34.469  -56.534  2.280 0.0000000000
24213  -41.019  -55.939  1.151 0.0000000000
24214  -41.564  -56.278  1.185 0.0000000000
24216  -47.232  -56.645  -0.025 0.0000000000
25555  -41.528  -55.237  -0.907 0.0000000000
26753  -32.323  -55.008  6.485 0.0000000000
30729  -33.601  -51.669  10.234 0.0000000000
30762  -33.822  -50.922  9.154 0.0000000000
32175  -34.457  -50.440  9.181 0.0000000000
32208  -34.972  -50.382  8.861 0.0000000000
