#!ascii label  , from subject 4018 vox2ras=TkReg
917
101005  38.455  13.515  39.464 0.0000000000
101099  43.086  14.091  28.495 0.0000000000
103164  37.671  15.470  29.492 0.0000000000
98198  41.621  10.569  20.263 0.0000000000
98067  37.825  10.115  31.921 0.0000000000
106716  38.805  19.385  36.704 0.0000000000
103257  45.414  15.553  22.178 0.0000000000
105192  32.308  17.924  23.499 0.0000000000
104151  44.109  16.418  35.012 0.0000000000
100040  41.715  12.467  34.000 0.0000000000
97098  39.641  9.226  26.571 0.0000000000
106755  33.733  19.352  29.556 0.0000000000
105189  36.351  17.566  22.815 0.0000000000
104210  42.736  16.833  29.293 0.0000000000
141171  40.612  15.646  22.643 0.0000000000
107646  31.597  20.822  25.462 0.0000000000
101021  42.871  13.782  37.199 0.0000000000
101033  40.232  13.332  36.553 0.0000000000
97067  38.668  9.248  29.361 0.0000000000
106727  36.161  19.279  33.172 0.0000000000
108524  35.925  21.284  31.425 0.0000000000
104214  35.232  16.934  29.749 0.0000000000
105161  35.006  17.936  25.972 0.0000000000
104250  37.144  16.157  26.882 0.0000000000
102093  44.231  14.828  31.304 0.0000000000
104170  43.295  16.427  32.637 0.0000000000
103173  44.309  15.851  28.356 0.0000000000
101151  44.508  13.516  19.883 0.0000000000
104304  43.882  16.366  21.935 0.0000000000
102206  41.938  14.162  20.197 0.0000000000
102210  39.454  13.938  20.218 0.0000000000
98200  39.328  10.553  20.496 0.0000000000
94998  38.804  7.524  22.265 0.0000000000
100020  36.486  12.347  37.738 0.0000000000
99048  37.932  11.656  34.567 0.0000000000
104165  37.559  16.777  33.865 0.0000000000
101124  41.904  13.233  24.681 0.0000000000
102154  43.783  14.827  25.735 0.0000000000
101141  44.570  13.331  21.774 0.0000000000
102191  46.595  13.685  19.894 0.0000000000
105085  41.543  17.574  39.400 0.0000000000
103098  44.284  15.699  38.064 0.0000000000
102075  42.903  14.537  34.856 0.0000000000
101074  42.064  13.473  30.621 0.0000000000
99066  39.402  11.227  32.611 0.0000000000
99095  40.099  11.477  29.914 0.0000000000
99113  40.897  12.425  27.101 0.0000000000
97117  41.441  9.603  24.283 0.0000000000
97990  35.112  11.092  40.967 0.0000000000
110463  35.618  23.398  29.246 0.0000000000
109491  33.045  22.268  28.241 0.0000000000
105965  33.640  19.103  26.021 0.0000000000
105200  34.539  17.699  22.868 0.0000000000
103251  37.259  15.263  23.802 0.0000000000
104138  40.175  16.582  36.564 0.0000000000
104162  40.447  16.017  33.383 0.0000000000
103149  40.328  15.828  29.844 0.0000000000
104258  44.785  16.757  25.705 0.0000000000
104249  42.232  16.457  25.580 0.0000000000
103207  39.544  15.546  26.348 0.0000000000
141174  38.582  16.668  21.838 0.0000000000
103272  38.024  15.083  22.065 0.0000000000
108576  31.205  21.630  25.303 0.0000000000
109520  32.152  22.423  25.541 0.0000000000
101014  40.596  14.049  38.016 0.0000000000
101025  39.029  13.426  37.618 0.0000000000
104190  36.147  16.500  32.129 0.0000000000
105107  35.558  17.765  32.194 0.0000000000
104213  35.956  16.188  30.288 0.0000000000
104239  36.273  16.548  27.562 0.0000000000
103194  37.045  15.839  28.024 0.0000000000
101083  43.280  14.333  30.099 0.0000000000
102099  44.200  15.258  30.009 0.0000000000
102123  43.584  14.647  28.653 0.0000000000
99166  42.989  11.968  20.258 0.0000000000
102195  42.850  14.500  20.022 0.0000000000
100143  41.725  12.152  20.043 0.0000000000
99183  40.751  12.303  19.862 0.0000000000
98199  40.424  10.477  20.084 0.0000000000
97172  40.003  9.338  20.629 0.0000000000
97171  41.054  9.508  20.422 0.0000000000
99040  36.174  11.453  35.549 0.0000000000
106721  37.412  19.116  34.900 0.0000000000
105098  37.913  17.625  35.157 0.0000000000
100126  42.457  12.182  22.775 0.0000000000
100116  42.825  13.063  23.252 0.0000000000
100132  43.918  12.323  21.739 0.0000000000
101147  47.347  13.013  20.172 0.0000000000
99192  47.417  11.520  18.706 0.0000000000
100153  46.022  12.546  19.258 0.0000000000
101039  41.898  13.450  35.533 0.0000000000
102067  42.821  14.307  36.185 0.0000000000
101048  42.489  13.738  34.419 0.0000000000
101052  42.484  14.305  32.523 0.0000000000
100052  41.204  13.090  32.229 0.0000000000
98042  37.475  10.616  33.300 0.0000000000
99047  39.047  11.614  34.374 0.0000000000
98051  38.502  10.628  32.370 0.0000000000
97077  39.378  9.755  28.147 0.0000000000
98098  39.680  10.705  29.518 0.0000000000
98111  39.706  10.710  28.487 0.0000000000
99104  40.247  11.739  28.327 0.0000000000
98121  40.150  10.920  27.104 0.0000000000
99129  40.724  11.404  25.791 0.0000000000
97106  40.469  9.562  25.320 0.0000000000
94986  42.844  7.870  24.216 0.0000000000
107621  34.592  20.671  30.781 0.0000000000
109460  36.166  22.291  30.486 0.0000000000
108548  34.527  22.158  29.868 0.0000000000
109489  34.467  22.958  29.104 0.0000000000
107632  32.794  20.863  28.638 0.0000000000
106765  32.758  19.757  26.984 0.0000000000
105952  33.198  19.325  27.823 0.0000000000
105181  35.942  18.065  24.134 0.0000000000
105971  35.096  18.254  24.307 0.0000000000
105998  35.678  17.741  22.809 0.0000000000
104310  35.411  16.944  22.571 0.0000000000
104309  36.550  16.528  22.396 0.0000000000
104129  42.251  16.025  37.603 0.0000000000
105091  40.595  16.962  37.865 0.0000000000
104144  42.038  16.057  35.539 0.0000000000
104187  42.872  16.586  31.404 0.0000000000
104161  41.948  16.130  33.548 0.0000000000
104188  41.699  16.376  30.935 0.0000000000
103124  40.022  15.965  31.959 0.0000000000
104189  41.072  16.261  30.209 0.0000000000
102173  44.778  14.994  23.722 0.0000000000
103218  44.682  15.636  25.570 0.0000000000
104288  44.690  16.191  23.586 0.0000000000
103246  42.091  15.875  22.519 0.0000000000
104275  43.109  16.704  23.871 0.0000000000
103234  41.533  15.911  23.925 0.0000000000
103189  41.095  15.848  26.593 0.0000000000
103235  40.694  15.526  24.172 0.0000000000
103237  38.804  15.628  24.517 0.0000000000
103249  39.792  15.796  23.180 0.0000000000
100146  39.039  12.652  20.649 0.0000000000
141173  38.485  14.859  20.876 0.0000000000
100127  38.573  12.291  22.281 0.0000000000
100120  38.004  12.568  23.327 0.0000000000
107562  40.006  20.393  37.390 0.0000000000
107651  30.942  20.129  24.474 0.0000000000
106794  32.145  18.976  23.800 0.0000000000
102037  43.654  14.956  39.784 0.0000000000
102059  42.395  14.208  38.627 0.0000000000
101022  41.906  13.602  37.127 0.0000000000
101040  41.288  13.026  35.007 0.0000000000
97041  38.306  9.489  31.001 0.0000000000
106733  35.700  19.635  32.465 0.0000000000
105927  34.728  19.351  31.553 0.0000000000
105129  34.352  17.976  29.227 0.0000000000
105137  34.501  18.075  28.046 0.0000000000
104226  35.149  17.044  28.412 0.0000000000
105147  35.941  17.046  26.333 0.0000000000
104264  36.641  17.060  24.989 0.0000000000
103115  44.270  16.053  34.041 0.0000000000
104159  43.861  16.353  34.222 0.0000000000
103120  44.547  15.827  31.922 0.0000000000
104197  44.447  16.222  30.940 0.0000000000
104220  44.230  16.716  28.785 0.0000000000
102187  45.252  14.701  20.910 0.0000000000
104303  44.874  16.517  22.425 0.0000000000
103280  43.680  14.847  20.776 0.0000000000
103281  42.719  15.209  20.627 0.0000000000
103282  41.782  15.420  20.697 0.0000000000
103283  40.798  15.623  21.007 0.0000000000
102208  40.235  14.412  19.905 0.0000000000
100145  39.474  12.482  20.105 0.0000000000
98201  38.795  11.163  20.627 0.0000000000
95014  39.374  7.548  21.439 0.0000000000
100016  37.012  13.132  39.126 0.0000000000
101026  38.068  13.248  37.737 0.0000000000
99028  37.258  12.063  36.306 0.0000000000
99049  36.971  11.383  34.819 0.0000000000
98053  36.871  10.061  32.987 0.0000000000
107582  37.569  20.386  34.424 0.0000000000
105104  36.644  17.678  33.570 0.0000000000
103141  37.375  15.698  31.640 0.0000000000
101108  41.879  13.688  26.374 0.0000000000
103203  43.400  15.124  26.862 0.0000000000
102165  42.819  14.264  24.611 0.0000000000
102174  43.898  14.428  23.301 0.0000000000
102179  45.238  14.833  22.551 0.0000000000
100130  45.714  12.679  21.170 0.0000000000
101149  45.898  13.584  20.721 0.0000000000
102186  45.289  14.623  21.313 0.0000000000
102205  45.557  14.157  19.689 0.0000000000
100155  44.357  12.495  19.727 0.0000000000
98212  43.328  11.051  19.881 0.0000000000
96124  42.728  8.791  20.648 0.0000000000
104122  43.224  16.326  38.640 0.0000000000
104134  43.865  15.973  36.730 0.0000000000
101010  44.349  13.912  37.573 0.0000000000
102065  43.962  14.664  36.510 0.0000000000
102073  44.351  15.592  35.162 0.0000000000
102077  43.627  15.400  33.293 0.0000000000
101073  42.843  14.230  30.864 0.0000000000
101093  42.628  13.536  28.926 0.0000000000
100033  39.261  12.229  35.703 0.0000000000
99036  40.154  11.932  34.902 0.0000000000
99056  40.218  11.654  33.183 0.0000000000
98065  39.390  10.733  31.281 0.0000000000
99076  40.111  11.557  31.354 0.0000000000
100053  40.645  12.362  31.794 0.0000000000
100060  41.371  12.916  31.205 0.0000000000
100080  41.042  12.687  28.821 0.0000000000
100089  41.531  13.036  27.784 0.0000000000
99122  41.148  12.246  26.173 0.0000000000
99135  41.286  11.721  24.471 0.0000000000
98162  42.162  10.621  23.119 0.0000000000
96073  41.328  8.914  24.650 0.0000000000
97128  42.344  9.343  23.506 0.0000000000
100999  36.827  12.914  40.451 0.0000000000
99013  35.507  12.139  40.089 0.0000000000
97991  34.675  10.576  40.649 0.0000000000
110461  37.517  23.166  29.380 0.0000000000
110499  35.761  24.021  27.533 0.0000000000
107637  32.389  21.069  26.943 0.0000000000
106772  32.326  20.228  26.066 0.0000000000
106793  33.002  18.913  23.846 0.0000000000
105964  34.322  18.440  25.972 0.0000000000
105981  33.946  18.731  24.225 0.0000000000
105202  33.288  17.919  22.815 0.0000000000
105094  39.502  17.474  36.849 0.0000000000
104153  42.100  16.045  34.618 0.0000000000
104146  39.930  16.141  35.591 0.0000000000
104147  38.938  16.650  35.548 0.0000000000
104173  38.915  16.340  33.248 0.0000000000
103139  39.376  15.703  31.358 0.0000000000
102113  38.777  15.306  29.718 0.0000000000
102131  44.371  14.970  26.994 0.0000000000
104233  44.503  16.585  27.700 0.0000000000
105145  43.819  17.406  27.662 0.0000000000
104274  44.064  17.074  24.498 0.0000000000
104247  43.783  17.554  26.023 0.0000000000
104235  42.845  16.973  27.389 0.0000000000
104212  41.024  16.406  28.395 0.0000000000
103175  39.386  15.754  28.229 0.0000000000
103176  38.493  15.636  28.441 0.0000000000
103225  38.082  15.703  26.015 0.0000000000
104277  37.929  15.950  24.756 0.0000000000
104294  37.397  17.062  22.670 0.0000000000
141177  39.003  16.073  20.694 0.0000000000
105207  37.760  16.558  20.868 0.0000000000
105208  37.131  16.826  21.608 0.0000000000
103261  37.699  15.424  23.031 0.0000000000
94987  38.329  7.416  23.407 0.0000000000
110541  32.543  22.922  25.101 0.0000000000
101004  39.290  13.752  39.188 0.0000000000
101015  39.589  13.950  38.228 0.0000000000
101016  38.707  13.527  38.492 0.0000000000
103153  36.666  15.703  30.912 0.0000000000
104202  35.973  16.255  31.328 0.0000000000
103165  36.722  15.581  29.807 0.0000000000
103178  36.949  16.001  28.787 0.0000000000
103177  37.688  15.688  28.619 0.0000000000
101092  43.114  14.142  29.254 0.0000000000
100142  42.408  12.670  19.959 0.0000000000
99167  42.237  11.558  20.211 0.0000000000
107570  39.143  20.432  36.566 0.0000000000
106719  38.575  19.765  36.009 0.0000000000
105915  38.022  18.436  35.693 0.0000000000
106717  38.272  19.114  36.112 0.0000000000
99149  42.803  11.317  22.512 0.0000000000
99148  43.520  11.645  21.955 0.0000000000
100165  48.056  11.885  18.827 0.0000000000
98208  47.006  10.708  18.758 0.0000000000
105182  33.206  17.505  23.582 0.0000000000
101044  41.920  13.018  34.612 0.0000000000
101043  42.395  13.812  35.178 0.0000000000
101049  42.054  13.463  33.747 0.0000000000
100043  41.288  12.993  33.217 0.0000000000
98052  37.550  10.194  32.559 0.0000000000
98041  38.146  10.779  32.952 0.0000000000
97088  39.457  9.497  27.355 0.0000000000
98122  39.675  10.381  27.598 0.0000000000
98110  40.136  11.022  27.820 0.0000000000
98132  39.753  10.150  26.778 0.0000000000
98131  40.192  10.788  26.259 0.0000000000
97097  40.138  9.816  26.058 0.0000000000
106749  33.824  19.798  30.345 0.0000000000
108537  34.340  21.176  30.235 0.0000000000
107622  33.862  20.741  30.115 0.0000000000
108549  33.998  21.686  29.687 0.0000000000
106756  33.287  19.950  29.175 0.0000000000
105947  33.254  19.569  28.428 0.0000000000
105946  33.719  18.918  28.750 0.0000000000
105180  36.245  17.781  23.617 0.0000000000
105978  35.777  18.022  23.349 0.0000000000
105997  36.048  17.634  22.755 0.0000000000
105198  36.368  17.236  22.438 0.0000000000
104135  43.204  16.032  36.668 0.0000000000
104136  42.283  15.879  36.715 0.0000000000
104143  43.182  16.145  35.751 0.0000000000
104199  42.774  16.540  30.295 0.0000000000
104200  41.891  16.409  29.830 0.0000000000
102172  45.277  15.272  23.192 0.0000000000
103245  45.099  15.670  23.510 0.0000000000
104287  45.334  15.976  23.193 0.0000000000
103247  41.556  15.792  23.012 0.0000000000
104276  42.256  16.240  23.499 0.0000000000
103248  40.845  15.593  23.397 0.0000000000
99171  38.552  11.802  20.859 0.0000000000
100133  38.644  13.201  21.499 0.0000000000
99158  38.406  11.636  21.815 0.0000000000
99150  38.179  11.682  22.516 0.0000000000
107647  30.995  20.583  24.788 0.0000000000
106779  31.213  20.075  24.563 0.0000000000
106786  31.407  19.510  24.488 0.0000000000
106778  31.860  19.873  25.120 0.0000000000
102038  42.805  14.857  40.231 0.0000000000
102050  42.042  14.477  39.522 0.0000000000
101023  40.923  13.569  37.184 0.0000000000
101032  41.067  13.527  36.026 0.0000000000
100024  40.355  13.059  35.961 0.0000000000
107591  36.351  20.059  33.123 0.0000000000
107601  36.858  21.235  32.666 0.0000000000
105115  35.036  17.663  31.405 0.0000000000
105926  34.996  18.712  31.916 0.0000000000
105116  34.601  18.000  30.947 0.0000000000
105936  34.479  18.843  30.968 0.0000000000
105128  34.641  17.484  29.801 0.0000000000
104227  34.642  17.535  28.710 0.0000000000
104215  34.700  17.284  29.166 0.0000000000
104251  36.520  16.643  26.111 0.0000000000
102082  44.206  15.107  32.204 0.0000000000
103121  44.235  15.934  32.835 0.0000000000
102081  44.579  15.351  31.500 0.0000000000
102110  44.086  15.192  28.996 0.0000000000
103148  44.497  15.785  30.455 0.0000000000
103160  44.317  15.848  29.434 0.0000000000
104208  44.149  16.227  29.976 0.0000000000
102193  45.206  14.496  20.136 0.0000000000
103268  44.580  15.156  21.195 0.0000000000
102194  43.998  14.220  20.337 0.0000000000
101164  42.312  13.627  19.905 0.0000000000
102196  41.902  14.917  20.099 0.0000000000
102197  40.876  14.954  20.451 0.0000000000
102207  41.194  14.321  19.950 0.0000000000
99169  39.865  11.586  20.050 0.0000000000
100144  39.966  12.345  20.043 0.0000000000
99170  38.886  11.670  20.135 0.0000000000
97157  39.434  9.661  20.980 0.0000000000
96127  39.921  8.143  21.054 0.0000000000
100017  36.517  12.573  38.748 0.0000000000
100019  37.188  12.925  38.096 0.0000000000
99060  36.617  10.916  34.334 0.0000000000
98043  36.498  10.301  33.716 0.0000000000
105100  37.446  17.629  34.501 0.0000000000
105101  36.982  17.936  34.167 0.0000000000
105103  37.084  17.366  33.966 0.0000000000
103127  37.048  16.125  32.402 0.0000000000
104175  37.394  16.542  33.014 0.0000000000
101115  42.108  13.632  25.638 0.0000000000
101123  42.286  13.566  24.473 0.0000000000
101136  43.611  13.880  22.804 0.0000000000
102181  44.096  14.224  22.750 0.0000000000
102180  44.620  14.457  22.825 0.0000000000
101134  44.853  14.272  22.297 0.0000000000
99156  45.293  11.617  21.155 0.0000000000
99155  46.106  11.795  20.742 0.0000000000
101148  46.819  13.298  20.059 0.0000000000
102192  46.207  14.368  20.215 0.0000000000
102204  46.005  14.198  19.590 0.0000000000
99179  45.529  11.635  19.340 0.0000000000
100154  45.132  12.494  19.481 0.0000000000
99180  44.567  11.613  19.595 0.0000000000
99181  43.675  11.664  19.968 0.0000000000
98211  43.948  10.677  19.827 0.0000000000
98196  43.586  10.139  20.120 0.0000000000
104117  43.661  16.279  39.448 0.0000000000
104121  43.921  16.071  38.298 0.0000000000
104128  43.208  16.079  37.591 0.0000000000
104127  44.124  15.818  37.487 0.0000000000
102058  43.408  14.055  38.527 0.0000000000
102057  44.198  13.891  38.242 0.0000000000
102062  43.935  13.546  37.787 0.0000000000
102070  43.532  14.837  35.591 0.0000000000
102069  44.068  15.332  35.581 0.0000000000
102074  43.944  15.269  34.627 0.0000000000
102078  42.953  14.360  33.704 0.0000000000
101064  41.993  13.603  31.581 0.0000000000
101063  42.598  14.267  31.945 0.0000000000
101084  42.557  13.663  29.850 0.0000000000
100034  38.186  12.356  35.913 0.0000000000
100026  38.767  12.650  36.398 0.0000000000
99038  38.618  11.897  35.227 0.0000000000
99057  39.362  11.427  33.505 0.0000000000
99037  39.680  11.814  35.035 0.0000000000
99046  40.179  11.846  34.301 0.0000000000
97054  38.630  9.530  30.263 0.0000000000
98083  38.726  10.206  30.830 0.0000000000
98097  39.964  11.090  29.797 0.0000000000
98064  39.963  10.944  30.764 0.0000000000
99087  40.255  11.543  30.476 0.0000000000
100061  40.692  12.293  30.797 0.0000000000
100071  40.418  12.255  29.821 0.0000000000
99103  41.165  12.016  27.934 0.0000000000
100097  41.518  13.218  26.605 0.0000000000
98141  40.987  11.074  25.047 0.0000000000
98152  41.289  10.675  24.330 0.0000000000
99142  41.649  11.406  23.682 0.0000000000
98163  41.664  10.171  23.703 0.0000000000
94972  41.568  8.404  24.777 0.0000000000
96086  42.447  8.431  23.985 0.0000000000
96085  43.211  8.378  23.548 0.0000000000
100007  37.212  12.448  41.346 0.0000000000
97989  35.951  10.989  41.315 0.0000000000
99008  35.738  11.752  41.180 0.0000000000
97998  35.003  11.477  40.127 0.0000000000
99014  34.997  11.713  39.594 0.0000000000
97999  34.590  10.950  39.838 0.0000000000
109476  35.968  22.620  29.779 0.0000000000
109475  36.759  22.614  29.920 0.0000000000
110462  36.547  23.244  29.242 0.0000000000
110478  38.158  23.662  28.403 0.0000000000
110479  37.128  23.479  28.362 0.0000000000
110498  36.682  23.939  27.521 0.0000000000
110480  36.182  23.741  28.439 0.0000000000
109490  33.768  22.621  28.709 0.0000000000
109510  32.943  22.886  26.963 0.0000000000
109511  32.464  22.496  26.487 0.0000000000
108564  32.359  21.738  27.215 0.0000000000
106766  32.463  20.425  26.921 0.0000000000
106771  32.833  19.618  26.044 0.0000000000
106777  32.992  19.402  25.131 0.0000000000
105149  34.727  17.955  26.893 0.0000000000
105957  34.113  18.631  26.947 0.0000000000
105989  34.770  18.300  23.270 0.0000000000
105980  34.628  18.446  23.931 0.0000000000
106000  34.200  18.077  23.023 0.0000000000
105990  33.757  18.570  23.439 0.0000000000
105201  33.864  17.807  22.913 0.0000000000
104282  33.904  17.167  23.354 0.0000000000
104298  34.067  17.407  22.881 0.0000000000
104295  36.291  16.126  23.009 0.0000000000
105905  41.056  18.268  39.304 0.0000000000
104131  40.616  16.694  37.215 0.0000000000
105089  40.324  17.564  38.232 0.0000000000
105092  40.033  17.393  37.504 0.0000000000
105910  39.563  18.308  37.471 0.0000000000
104160  43.120  16.226  33.863 0.0000000000
104154  40.961  16.035  34.657 0.0000000000
104155  39.684  16.239  34.582 0.0000000000
104156  38.726  16.539  34.613 0.0000000000
103118  39.517  16.025  33.125 0.0000000000
103138  40.501  15.982  31.002 0.0000000000
103150  39.518  15.518  30.351 0.0000000000
103151  38.732  15.475  30.700 0.0000000000
103219  43.588  14.958  26.384 0.0000000000
102143  43.934  14.731  26.615 0.0000000000
102142  44.424  15.034  26.149 0.0000000000
104257  45.159  16.278  25.848 0.0000000000
104245  45.121  16.053  26.174 0.0000000000
104246  44.755  16.462  26.560 0.0000000000
105144  44.331  17.177  27.131 0.0000000000
105156  44.376  17.224  26.195 0.0000000000
104289  43.966  16.488  23.170 0.0000000000
104260  43.162  16.902  25.035 0.0000000000
104248  43.179  17.107  26.261 0.0000000000
104236  41.837  16.459  26.779 0.0000000000
104223  41.905  16.592  27.881 0.0000000000
103206  40.414  15.696  26.093 0.0000000000
103190  40.486  15.665  27.033 0.0000000000
103191  39.497  15.569  27.306 0.0000000000
103192  38.577  15.553  27.503 0.0000000000
103208  38.680  15.488  26.584 0.0000000000
104292  38.999  16.133  23.173 0.0000000000
104293  38.180  16.200  23.321 0.0000000000
104307  38.161  17.094  21.904 0.0000000000
102198  39.346  15.399  20.556 0.0000000000
141169  38.404  14.682  21.245 0.0000000000
141178  38.405  15.167  20.895 0.0000000000
104320  37.945  15.609  21.016 0.0000000000
104321  37.412  16.168  21.535 0.0000000000
103273  37.351  15.921  22.352 0.0000000000
101125  37.920  14.058  23.501 0.0000000000
96101  38.794  8.694  22.118 0.0000000000
96087  38.503  8.248  22.869 0.0000000000
108575  31.732  21.736  25.635 0.0000000000
102051  40.845  14.554  39.628 0.0000000000
101003  40.288  13.871  38.984 0.0000000000
101024  39.940  13.685  37.363 0.0000000000
105106  36.156  17.733  32.834 0.0000000000
105925  35.777  18.591  32.697 0.0000000000
104191  35.574  16.934  31.780 0.0000000000
104203  35.346  16.811  30.871 0.0000000000
104225  36.082  16.418  29.109 0.0000000000
104238  37.007  16.003  27.526 0.0000000000
102100  43.957  14.713  30.517 0.0000000000
102092  44.509  15.283  30.863 0.0000000000
102111  43.712  14.696  29.594 0.0000000000
100141  43.540  12.644  20.049 0.0000000000
101152  43.269  13.569  19.925 0.0000000000
100156  41.896  13.155  19.716 0.0000000000
101165  41.556  13.610  19.803 0.0000000000
100157  41.298  12.723  19.736 0.0000000000
99168  41.017  11.656  19.968 0.0000000000
96126  40.658  8.481  20.850 0.0000000000
99024  35.677  11.847  37.991 0.0000000000
100021  35.970  12.212  37.239 0.0000000000
99030  35.493  11.808  36.728 0.0000000000
107576  37.861  20.015  35.035 0.0000000000
106720  37.863  19.439  35.466 0.0000000000
105916  37.612  18.465  35.058 0.0000000000
100117  42.250  12.737  23.601 0.0000000000
101129  42.424  13.381  23.841 0.0000000000
100125  43.217  12.797  22.564 0.0000000000
100124  44.098  13.027  21.848 0.0000000000
99165  46.767  11.822  20.331 0.0000000000
100138  47.313  12.349  19.568 0.0000000000
100151  47.549  12.191  19.193 0.0000000000
100152  46.909  12.258  18.828 0.0000000000
101161  46.341  13.328  19.434 0.0000000000
99178  46.519  11.615  18.993 0.0000000000
98209  45.991  10.702  19.265 0.0000000000
103095  44.265  15.541  38.645 0.0000000000
101031  42.160  13.729  36.444 0.0000000000
101030  43.007  14.026  36.630 0.0000000000
101038  42.383  14.068  35.983 0.0000000000
102079  42.255  14.077  33.278 0.0000000000
101053  41.817  13.968  32.689 0.0000000000
99058  38.290  11.285  33.608 0.0000000000
99067  38.765  11.101  32.992 0.0000000000
98050  39.098  10.817  31.957 0.0000000000
97078  38.977  9.093  28.552 0.0000000000
97053  39.203  9.906  29.727 0.0000000000
97066  39.315  9.872  28.984 0.0000000000
99105  39.722  11.489  29.020 0.0000000000
100081  39.991  12.170  29.103 0.0000000000
99114  40.467  11.665  27.481 0.0000000000
99123  40.522  11.629  26.630 0.0000000000
98142  40.483  10.491  25.496 0.0000000000
98153  40.840  10.130  24.802 0.0000000000
94971  42.169  7.989  24.695 0.0000000000
94985  43.597  7.704  24.345 0.0000000000
107614  34.812  20.367  31.340 0.0000000000
108535  35.798  21.569  30.898 0.0000000000
107620  35.185  21.132  30.879 0.0000000000
109461  35.524  22.248  30.362 0.0000000000
109477  34.935  22.808  29.876 0.0000000000
110464  34.838  23.519  29.178 0.0000000000
109478  34.309  22.464  29.488 0.0000000000
108556  33.228  21.671  28.852 0.0000000000
107633  32.551  21.000  27.728 0.0000000000
106760  32.691  20.104  27.945 0.0000000000
105958  33.438  19.253  26.944 0.0000000000
105160  35.517  17.547  25.770 0.0000000000
105171  35.179  17.896  25.351 0.0000000000
105170  35.531  17.921  24.746 0.0000000000
105988  35.452  18.041  23.155 0.0000000000
105999  35.037  17.953  22.924 0.0000000000
104311  34.696  17.357  22.801 0.0000000000
105199  35.263  17.460  22.752 0.0000000000
103262  36.886  15.839  22.997 0.0000000000
104123  42.289  16.478  38.585 0.0000000000
105088  41.118  17.100  38.643 0.0000000000
104124  41.658  16.326  38.161 0.0000000000
104130  41.303  16.338  37.561 0.0000000000
104137  41.194  16.196  36.540 0.0000000000
104171  41.624  16.206  32.207 0.0000000000
104172  40.571  15.945  32.417 0.0000000000
103117  39.916  15.874  32.687 0.0000000000
103123  40.801  15.939  31.818 0.0000000000
104201  41.036  16.345  29.347 0.0000000000
102163  44.094  15.422  24.930 0.0000000000
102153  44.280  15.187  25.606 0.0000000000
103233  44.774  15.935  24.583 0.0000000000
104273  44.690  16.714  24.904 0.0000000000
104290  42.905  16.231  22.721 0.0000000000
104261  42.296  16.409  24.473 0.0000000000
103205  41.308  15.923  25.897 0.0000000000
103221  41.555  15.732  24.915 0.0000000000
103222  40.590  15.413  25.195 0.0000000000
103223  39.602  15.445  25.386 0.0000000000
103236  39.748  15.523  24.371 0.0000000000
103250  39.089  15.839  23.715 0.0000000000
104306  38.861  16.347  22.368 0.0000000000
101142  38.977  13.616  20.759 0.0000000000
141166  38.933  13.867  20.653 0.0000000000
141168  38.406  14.248  21.758 0.0000000000
141167  38.494  13.976  22.339 0.0000000000
101130  38.456  13.033  22.667 0.0000000000
99143  38.031  11.820  23.063 0.0000000000
107563  39.215  19.967  37.149 0.0000000000
105982  31.541  18.635  24.294 0.0000000000
102049  43.169  14.417  39.363 0.0000000000
101012  42.648  13.908  37.852 0.0000000000
101002  41.307  14.202  38.752 0.0000000000
101013  41.649  13.801  37.940 0.0000000000
101045  41.544  12.689  34.575 0.0000000000
97042  37.768  9.466  31.505 0.0000000000
95987  38.282  8.822  30.653 0.0000000000
96022  39.318  8.917  27.885 0.0000000000
96033  39.455  8.485  27.177 0.0000000000
96046  39.697  8.618  26.519 0.0000000000
96045  40.048  8.723  25.859 0.0000000000
108511  36.733  21.438  32.382 0.0000000000
107612  35.969  21.178  31.763 0.0000000000
107603  35.650  20.189  31.970 0.0000000000
106734  35.059  19.772  31.768 0.0000000000
106744  34.600  19.823  31.280 0.0000000000
105941  34.178  18.843  29.833 0.0000000000
105136  35.084  17.511  27.566 0.0000000000
104240  35.515  17.135  27.608 0.0000000000
105159  36.090  17.359  25.422 0.0000000000
104279  36.556  17.422  24.271 0.0000000000
105179  36.787  17.408  23.010 0.0000000000
103116  43.951  16.299  33.398 0.0000000000
104169  44.302  16.258  32.221 0.0000000000
103136  44.837  15.818  31.218 0.0000000000
104185  44.541  16.157  31.643 0.0000000000
104186  43.974  16.520  31.597 0.0000000000
104198  43.701  16.491  30.645 0.0000000000
104209  43.559  16.683  29.607 0.0000000000
103267  45.230  15.473  21.537 0.0000000000
104302  45.384  16.122  22.703 0.0000000000
104317  44.857  16.183  21.613 0.0000000000
104318  44.279  15.930  21.482 0.0000000000
103269  43.558  15.613  21.296 0.0000000000
103258  43.110  16.121  21.567 0.0000000000
103270  42.574  15.709  21.182 0.0000000000
103271  41.785  15.652  21.307 0.0000000000
103260  41.281  15.578  21.997 0.0000000000
102209  39.558  14.264  20.034 0.0000000000
101166  40.729  13.584  19.679 0.0000000000
101167  39.849  13.529  19.763 0.0000000000
101154  39.468  13.410  20.325 0.0000000000
98187  38.616  10.618  21.316 0.0000000000
96112  39.141  8.793  21.603 0.0000000000
96111  39.510  8.749  21.295 0.0000000000
96100  39.243  8.301  21.660 0.0000000000
95015  38.962  7.418  21.708 0.0000000000
101017  37.846  13.241  38.767 0.0000000000
100027  37.489  12.532  36.719 0.0000000000
100035  37.701  12.294  36.108 0.0000000000
99029  36.753  11.903  36.385 0.0000000000
99039  37.472  11.908  35.751 0.0000000000
99059  37.258  11.158  33.971 0.0000000000
97032  37.356  9.425  32.090 0.0000000000
107589  37.959  21.039  33.710 0.0000000000
106725  36.495  19.236  33.780 0.0000000000
106724  37.015  19.389  34.424 0.0000000000
105919  36.719  18.538  34.030 0.0000000000
105921  36.307  18.504  33.368 0.0000000000
104176  36.559  16.801  32.840 0.0000000000
103128  36.580  16.328  32.312 0.0000000000
103152  37.722  15.326  30.539 0.0000000000
102134  41.759  14.193  27.152 0.0000000000
103188  42.836  15.003  27.402 0.0000000000
102144  42.329  14.423  26.365 0.0000000000
103220  43.028  15.096  26.217 0.0000000000
102164  43.466  14.631  24.414 0.0000000000
101122  42.838  14.122  24.231 0.0000000000
99157  44.337  11.383  21.565 0.0000000000
100131  44.786  12.597  21.584 0.0000000000
100140  46.461  12.660  20.520 0.0000000000
101140  45.112  13.741  21.676 0.0000000000
101150  45.240  14.005  19.748 0.0000000000
101162  45.504  13.495  19.551 0.0000000000
101163  44.882  13.012  19.678 0.0000000000
98197  42.899  10.582  20.205 0.0000000000
97170  42.201  9.647  20.539 0.0000000000
97169  43.254  9.627  20.390 0.0000000000
104119  42.292  16.869  39.228 0.0000000000
103099  42.983  16.041  37.112 0.0000000000
104142  43.950  16.201  35.940 0.0000000000
102048  44.121  14.536  39.068 0.0000000000
103090  44.669  14.801  39.088 0.0000000000
103097  44.560  15.247  37.813 0.0000000000
101029  43.817  14.064  36.692 0.0000000000
102061  44.476  14.521  37.274 0.0000000000
103102  44.394  15.170  36.931 0.0000000000
104133  44.169  15.651  36.770 0.0000000000
104141  44.284  15.962  36.109 0.0000000000
104150  44.371  16.141  35.496 0.0000000000
103111  44.428  15.925  34.970 0.0000000000
102083  43.117  14.693  32.578 0.0000000000
102094  43.548  14.558  31.640 0.0000000000
102101  43.680  14.535  30.995 0.0000000000
101072  43.468  14.479  30.618 0.0000000000
101034  39.374  13.146  36.843 0.0000000000
100025  39.753  12.762  36.132 0.0000000000
100032  40.316  12.562  35.228 0.0000000000
100038  41.120  12.446  34.446 0.0000000000
100041  40.931  12.197  33.651 0.0000000000
98066  38.446  10.297  31.504 0.0000000000
98082  39.387  10.423  30.369 0.0000000000
99077  39.566  11.301  31.896 0.0000000000
99065  40.048  11.811  32.278 0.0000000000
100044  40.648  12.409  32.750 0.0000000000
100070  41.319  13.185  30.044 0.0000000000
100069  41.992  13.431  29.789 0.0000000000
100079  42.045  13.154  29.313 0.0000000000
100088  42.082  13.064  28.573 0.0000000000
101100  42.320  13.930  28.098 0.0000000000
101109  41.617  13.853  26.839 0.0000000000
100103  41.970  13.240  26.129 0.0000000000
100104  41.690  12.889  25.651 0.0000000000
99128  41.245  12.024  25.300 0.0000000000
100118  41.610  12.207  24.027 0.0000000000
99141  42.148  11.665  23.048 0.0000000000
98174  42.804  9.955  22.686 0.0000000000
96060  40.705  8.865  25.201 0.0000000000
97118  40.949  9.320  24.820 0.0000000000
96072  41.871  8.837  24.245 0.0000000000
97129  41.783  9.581  23.827 0.0000000000
101006  37.613  13.258  39.784 0.0000000000
100011  36.932  13.253  39.738 0.0000000000
99999  36.209  12.192  41.279 0.0000000000
99012  35.946  12.351  39.725 0.0000000000
99023  36.076  12.161  38.541 0.0000000000
99019  35.505  11.993  39.038 0.0000000000
98005  34.023  11.163  38.633 0.0000000000
110518  36.188  24.261  26.698 0.0000000000
110481  35.258  23.830  28.452 0.0000000000
110500  34.910  23.854  27.480 0.0000000000
110519  35.241  24.238  26.495 0.0000000000
110522  32.523  22.755  25.766 0.0000000000
108569  32.296  21.716  26.278 0.0000000000
107642  32.276  20.988  26.117 0.0000000000
106785  32.400  19.295  24.416 0.0000000000
105991  32.838  18.455  23.377 0.0000000000
105951  33.749  18.782  27.720 0.0000000000
105972  34.684  18.294  24.929 0.0000000000
105973  33.851  18.922  25.083 0.0000000000
106792  33.473  18.821  23.919 0.0000000000
105191  32.732  17.927  23.025 0.0000000000
104297  34.667  17.008  22.965 0.0000000000
105907  40.427  18.218  38.746 0.0000000000
106713  39.967  19.569  37.784 0.0000000000
106714  39.409  19.326  37.411 0.0000000000
105912  39.143  18.420  36.829 0.0000000000
104152  43.155  16.335  34.816 0.0000000000
104145  40.967  16.042  35.623 0.0000000000
104139  39.417  16.765  36.238 0.0000000000
105095  38.960  17.532  36.284 0.0000000000
105913  38.550  18.414  36.283 0.0000000000
104148  38.283  16.932  35.209 0.0000000000
104157  37.922  16.833  34.628 0.0000000000
104174  38.229  16.426  33.115 0.0000000000
103125  39.028  15.891  32.464 0.0000000000
103140  38.363  15.634  31.541 0.0000000000
102103  38.457  15.086  30.139 0.0000000000
102104  38.019  15.048  29.915 0.0000000000
102132  43.333  14.828  27.611 0.0000000000
102122  44.118  15.118  27.963 0.0000000000
103202  44.804  15.650  26.382 0.0000000000
103186  44.535  15.732  27.314 0.0000000000
105135  44.059  17.274  28.299 0.0000000000
104221  43.522  17.111  28.586 0.0000000000
105177  44.411  17.316  24.985 0.0000000000
104259  43.781  17.508  25.447 0.0000000000
105168  44.098  17.651  25.802 0.0000000000
105157  43.890  17.571  26.613 0.0000000000
105146  43.358  17.274  27.506 0.0000000000
104222  42.730  16.857  28.322 0.0000000000
104211  41.911  16.511  28.851 0.0000000000
103161  40.218  16.010  28.840 0.0000000000
104237  41.178  15.948  27.039 0.0000000000
103174  40.247  16.053  27.898 0.0000000000
103162  39.309  15.559  29.311 0.0000000000
103163  38.375  15.545  29.220 0.0000000000
103209  37.843  15.585  26.697 0.0000000000
104263  37.451  16.308  25.652 0.0000000000
103224  38.628  15.590  25.600 0.0000000000
104262  37.963  15.816  25.514 0.0000000000
104278  37.115  16.904  24.015 0.0000000000
105188  36.933  17.356  22.257 0.0000000000
141175  39.659  16.078  21.655 0.0000000000
104319  38.578  16.604  21.441 0.0000000000
141164  38.660  15.381  20.617 0.0000000000
105206  38.660  16.275  20.836 0.0000000000
105196  38.167  17.109  20.984 0.0000000000
105197  37.408  17.242  21.493 0.0000000000
96125  41.662  8.693  20.767 0.0000000000
95030  41.196  7.792  20.939 0.0000000000
94997  39.146  7.840  21.871 0.0000000000
97116  41.843  9.309  23.953 0.0000000000
98081  40.000  10.962  30.149 0.0000000000
98219  47.781  10.748  18.586 0.0000000000
99007  36.192  11.264  41.553 0.0000000000
99018  36.008  12.279  39.298 0.0000000000
99020  34.848  11.618  38.831 0.0000000000
99050  36.373  10.974  34.858 0.0000000000
99096  39.880  11.379  29.531 0.0000000000
99182  43.010  11.347  20.094 0.0000000000
99184  40.380  12.125  20.030 0.0000000000
99191  48.117  11.354  18.696 0.0000000000
100008  36.700  12.502  40.854 0.0000000000
100009  35.991  12.351  40.610 0.0000000000
100012  36.361  12.681  39.886 0.0000000000
100013  35.937  12.380  40.184 0.0000000000
100028  36.343  12.252  36.928 0.0000000000
100029  35.929  12.199  36.935 0.0000000000
100037  41.644  12.556  34.405 0.0000000000
100072  39.967  11.866  29.565 0.0000000000
100082  39.782  11.780  29.309 0.0000000000
100096  41.817  13.332  26.317 0.0000000000
100110  41.961  13.105  24.158 0.0000000000
100111  41.704  12.783  24.585 0.0000000000
100119  38.354  12.222  22.807 0.0000000000
100139  47.118  12.557  20.046 0.0000000000
100158  40.371  12.761  19.784 0.0000000000
100159  39.833  12.824  19.913 0.0000000000
100166  47.739  11.986  18.776 0.0000000000
100985  37.549  12.597  41.426 0.0000000000
101011  44.135  13.620  37.723 0.0000000000
101019  44.224  13.998  36.913 0.0000000000
101020  43.802  13.663  37.258 0.0000000000
101028  44.066  14.171  36.715 0.0000000000
101035  38.513  13.054  37.035 0.0000000000
101085  41.995  13.508  30.083 0.0000000000
101101  41.696  13.854  27.389 0.0000000000
101116  41.858  13.266  25.014 0.0000000000
101128  42.910  13.711  23.547 0.0000000000
101135  44.288  13.759  22.288 0.0000000000
101153  39.657  13.046  20.013 0.0000000000
101159  47.154  12.737  19.739 0.0000000000
101160  46.814  13.049  19.650 0.0000000000
101168  39.539  13.796  19.988 0.0000000000
102047  44.590  14.538  38.697 0.0000000000
102056  44.611  14.488  38.091 0.0000000000
102063  43.528  13.734  37.813 0.0000000000
102066  43.310  14.448  36.261 0.0000000000
102071  42.823  14.421  35.694 0.0000000000
102084  42.461  14.345  32.948 0.0000000000
102102  38.968  15.270  30.194 0.0000000000
102112  39.182  15.330  29.891 0.0000000000
102114  38.282  15.281  29.660 0.0000000000
102133  42.329  14.483  27.260 0.0000000000
102145  41.856  14.225  26.772 0.0000000000
102155  42.736  14.505  25.339 0.0000000000
102199  39.110  14.232  20.465 0.0000000000
102203  46.415  13.800  19.752 0.0000000000
103094  44.834  15.005  38.714 0.0000000000
103100  42.742  16.004  37.277 0.0000000000
103103  42.755  15.943  36.976 0.0000000000
103104  42.507  15.887  37.149 0.0000000000
103106  44.087  15.469  36.220 0.0000000000
103107  41.788  15.943  35.079 0.0000000000
103108  41.488  15.968  35.257 0.0000000000
103110  44.376  15.788  35.552 0.0000000000
103112  41.500  15.953  34.929 0.0000000000
103113  41.207  15.959  35.109 0.0000000000
103122  44.055  16.309  32.790 0.0000000000
103126  37.907  15.977  32.407 0.0000000000
103137  41.163  16.136  31.498 0.0000000000
103142  36.600  16.023  31.818 0.0000000000
103187  43.136  15.196  27.288 0.0000000000
103193  37.638  15.652  27.666 0.0000000000
103201  45.207  15.890  25.877 0.0000000000
103204  42.734  15.110  26.919 0.0000000000
103217  45.128  16.094  25.385 0.0000000000
103232  45.015  16.323  25.073 0.0000000000
103244  45.400  15.617  22.901 0.0000000000
103259  42.453  15.862  21.877 0.0000000000
103279  44.403  14.682  20.643 0.0000000000
104118  42.825  16.798  39.275 0.0000000000
104126  44.345  15.482  37.241 0.0000000000
104163  39.298  16.378  33.780 0.0000000000
104164  38.421  16.525  33.879 0.0000000000
104166  37.010  16.987  33.487 0.0000000000
104168  44.540  16.123  31.936 0.0000000000
104177  35.921  17.083  32.424 0.0000000000
104224  41.106  16.217  27.538 0.0000000000
104234  43.288  17.124  27.890 0.0000000000
104272  45.063  16.444  25.373 0.0000000000
104291  42.203  16.045  22.952 0.0000000000
104305  43.092  16.273  21.962 0.0000000000
104308  37.467  17.295  21.964 0.0000000000
104312  34.283  17.562  22.874 0.0000000000
104316  45.383  16.155  22.020 0.0000000000
105087  41.832  16.983  39.198 0.0000000000
105097  38.414  17.581  35.728 0.0000000000
105122  34.795  17.425  30.536 0.0000000000
105123  34.330  18.006  30.271 0.0000000000
105134  44.325  17.194  27.960 0.0000000000
105148  35.479  17.417  26.836 0.0000000000
105158  43.413  17.430  27.101 0.0000000000
105167  44.451  17.306  25.431 0.0000000000
105169  36.206  17.693  24.519 0.0000000000
105178  44.205  17.554  25.196 0.0000000000
105183  32.577  17.682  23.749 0.0000000000
105190  33.502  17.717  23.043 0.0000000000
105212  38.771  16.006  20.652 0.0000000000
105213  38.470  15.841  20.721 0.0000000000
105918  37.216  18.521  34.510 0.0000000000
105935  34.737  18.282  31.348 0.0000000000
105979  35.485  18.236  23.754 0.0000000000
105987  35.927  17.853  23.120 0.0000000000
105992  32.257  18.299  23.621 0.0000000000
106001  33.381  18.147  22.938 0.0000000000
106711  39.770  18.958  37.882 0.0000000000
106723  37.533  19.685  34.865 0.0000000000
106735  34.787  19.635  31.549 0.0000000000
106743  34.917  20.179  31.537 0.0000000000
106750  33.415  20.341  29.900 0.0000000000
106761  32.522  20.628  27.397 0.0000000000
106784  33.281  19.080  24.381 0.0000000000
107552  40.295  19.875  37.913 0.0000000000
107569  39.711  20.799  36.828 0.0000000000
107583  36.697  20.005  33.859 0.0000000000
107584  36.418  19.655  33.503 0.0000000000
107602  36.253  20.781  32.309 0.0000000000
107613  35.393  20.722  31.500 0.0000000000
107628  33.353  20.873  29.458 0.0000000000
108464  39.611  20.921  36.515 0.0000000000
108534  36.271  22.099  31.030 0.0000000000
108536  34.842  21.710  30.390 0.0000000000
108557  32.653  21.678  28.104 0.0000000000
109502  32.648  22.370  27.523 0.0000000000
141163  38.614  14.722  20.722 0.0000000000
141165  38.491  15.173  20.696 0.0000000000
141170  38.695  14.288  20.826 0.0000000000
141172  38.666  14.950  20.576 0.0000000000
141176  38.868  16.432  21.773 0.0000000000
