#!ascii label  , from subject 4018 vox2ras=TkReg
1343
34336  15.074  -45.495  69.901 0.0000000000
72700  40.584  -13.662  46.040 0.0000000000
49339  25.264  -31.759  61.430 0.0000000000
56935  34.281  -26.815  64.515 0.0000000000
44999  18.309  -35.310  60.196 0.0000000000
39147  17.030  -40.061  68.092 0.0000000000
77478  50.508  -8.735  41.150 0.0000000000
75082  49.867  -11.289  48.163 0.0000000000
61871  34.453  -22.021  54.854 0.0000000000
82961  53.639  -4.117  38.447 0.0000000000
47012  23.638  -33.872  65.784 0.0000000000
35535  18.670  -43.836  67.951 0.0000000000
76261  50.102  -10.543  44.630 0.0000000000
76299  45.003  -10.515  43.259 0.0000000000
70324  39.742  -15.287  50.572 0.0000000000
72625  43.967  -12.975  51.802 0.0000000000
67911  36.195  -17.122  49.312 0.0000000000
54375  31.234  -27.932  57.722 0.0000000000
53110  29.962  -29.662  62.679 0.0000000000
47015  19.518  -34.115  65.405 0.0000000000
44896  17.579  -36.854  68.492 0.0000000000
42757  16.511  -37.364  64.028 0.0000000000
38014  15.971  -41.805  63.632 0.0000000000
48170  21.322  -32.337  61.056 0.0000000000
75184  54.851  -11.150  40.813 0.0000000000
72729  54.846  -12.218  44.338 0.0000000000
73939  44.611  -12.583  46.995 0.0000000000
65558  36.762  -18.964  56.199 0.0000000000
55643  36.217  -26.871  58.814 0.0000000000
79791  52.540  -6.659  39.614 0.0000000000
77533  55.665  -8.572  37.754 0.0000000000
79847  55.598  -6.777  33.756 0.0000000000
45927  22.727  -34.608  68.316 0.0000000000
33142  17.497  -45.876  68.608 0.0000000000
34324  20.182  -44.767  69.815 0.0000000000
33114  18.005  -46.390  71.078 0.0000000000
76351  44.817  -10.016  40.266 0.0000000000
69024  39.935  -16.397  52.417 0.0000000000
70273  42.131  -15.302  53.201 0.0000000000
37911  14.001  -42.776  73.416 0.0000000000
69108  36.148  -15.895  47.542 0.0000000000
51954  25.982  -30.982  59.042 0.0000000000
53135  28.483  -30.358  59.636 0.0000000000
50656  27.912  -31.232  61.731 0.0000000000
45981  18.354  -34.638  63.256 0.0000000000
44926  17.391  -35.156  65.048 0.0000000000
44971  16.965  -35.914  61.803 0.0000000000
47079  19.870  -33.359  60.926 0.0000000000
47048  20.301  -33.135  62.780 0.0000000000
42702  17.233  -37.992  67.649 0.0000000000
76310  52.802  -9.470  41.742 0.0000000000
73996  55.053  -11.600  42.796 0.0000000000
77436  52.809  -9.074  43.468 0.0000000000
73958  49.625  -11.669  45.755 0.0000000000
73932  52.172  -11.876  46.039 0.0000000000
73984  40.725  -12.573  44.145 0.0000000000
73982  42.593  -11.980  44.503 0.0000000000
72697  42.822  -12.820  46.428 0.0000000000
64383  33.201  -20.018  52.742 0.0000000000
65584  34.615  -19.655  52.236 0.0000000000
64355  34.875  -19.942  56.076 0.0000000000
54319  32.615  -27.909  61.444 0.0000000000
55667  33.224  -27.223  58.681 0.0000000000
55601  35.585  -26.994  62.191 0.0000000000
77523  49.699  -8.251  38.318 0.0000000000
79804  50.639  -6.436  38.046 0.0000000000
76359  52.118  -8.756  39.305 0.0000000000
77489  53.853  -8.534  39.581 0.0000000000
81897  54.192  -4.655  34.043 0.0000000000
79824  53.621  -6.112  36.147 0.0000000000
78687  54.530  -7.938  35.618 0.0000000000
80875  55.181  -5.766  38.545 0.0000000000
48131  24.814  -32.741  63.727 0.0000000000
48106  27.178  -32.429  63.887 0.0000000000
46996  25.898  -33.842  66.745 0.0000000000
36758  18.236  -42.133  67.819 0.0000000000
39129  19.612  -40.929  69.287 0.0000000000
36723  19.844  -42.597  69.876 0.0000000000
77511  47.737  -8.881  39.235 0.0000000000
77456  50.781  -9.315  43.059 0.0000000000
76331  47.224  -9.432  41.433 0.0000000000
75151  46.990  -10.494  43.594 0.0000000000
75117  47.460  -10.998  45.647 0.0000000000
71523  39.672  -14.043  47.954 0.0000000000
71520  41.883  -13.860  48.545 0.0000000000
71493  41.816  -14.177  50.896 0.0000000000
59529  33.528  -23.654  53.958 0.0000000000
58205  36.342  -24.952  65.111 0.0000000000
36727  14.180  -43.196  71.451 0.0000000000
35504  16.591  -44.490  71.842 0.0000000000
36709  15.311  -43.198  72.778 0.0000000000
71543  38.054  -14.477  46.080 0.0000000000
70354  37.638  -14.691  47.514 0.0000000000
69080  37.553  -15.769  49.414 0.0000000000
67869  38.552  -17.120  51.841 0.0000000000
53190  28.808  -29.037  57.089 0.0000000000
54344  30.350  -28.951  60.337 0.0000000000
54290  32.116  -28.552  63.928 0.0000000000
50610  28.969  -31.072  64.479 0.0000000000
53071  31.039  -29.048  65.708 0.0000000000
45940  20.443  -34.356  67.588 0.0000000000
44880  20.189  -35.600  68.928 0.0000000000
44906  18.728  -35.009  67.788 0.0000000000
43810  16.763  -36.999  66.938 0.0000000000
41562  16.597  -38.631  66.436 0.0000000000
41638  16.327  -37.873  61.455 0.0000000000
41611  16.172  -39.038  63.877 0.0000000000
39179  17.041  -40.655  65.381 0.0000000000
36778  17.798  -42.851  65.903 0.0000000000
34364  16.170  -44.512  65.814 0.0000000000
34346  14.323  -45.230  68.031 0.0000000000
51956  24.031  -31.134  58.303 0.0000000000
50686  22.518  -31.728  58.779 0.0000000000
49341  23.180  -31.839  61.359 0.0000000000
48150  22.407  -32.142  63.141 0.0000000000
48095  21.118  -33.829  65.637 0.0000000000
69179  55.107  -14.058  41.983 0.0000000000
75112  52.155  -10.734  44.602 0.0000000000
75173  42.883  -11.138  42.137 0.0000000000
73979  45.079  -11.520  45.140 0.0000000000
75085  47.649  -11.790  47.663 0.0000000000
72662  44.556  -12.917  48.729 0.0000000000
75066  46.708  -11.641  49.864 0.0000000000
140809  34.181  -19.027  48.980 0.0000000000
65583  36.777  -18.914  52.391 0.0000000000
140798  38.578  -18.829  54.774 0.0000000000
57035  34.465  -25.635  56.168 0.0000000000
58306  36.760  -24.446  56.768 0.0000000000
56956  37.623  -25.568  62.461 0.0000000000
59467  37.439  -23.436  60.334 0.0000000000
61832  37.089  -21.538  57.869 0.0000000000
65519  37.906  -20.030  59.290 0.0000000000
65504  40.812  -19.267  60.118 0.0000000000
81850  53.672  -5.128  40.036 0.0000000000
78642  54.842  -7.433  39.593 0.0000000000
76343  55.282  -9.643  39.305 0.0000000000
44877  23.548  -35.129  69.249 0.0000000000
33132  15.949  -45.437  69.085 0.0000000000
33130  17.604  -46.029  69.582 0.0000000000
34325  17.220  -45.372  70.556 0.0000000000
67857  40.325  -16.718  53.145 0.0000000000
67843  41.027  -16.198  53.332 0.0000000000
37913  12.609  -42.059  73.722 0.0000000000
50682  25.741  -31.032  59.846 0.0000000000
51942  27.141  -30.899  60.058 0.0000000000
50658  26.365  -31.404  61.187 0.0000000000
46004  18.498  -34.625  62.004 0.0000000000
44955  18.116  -34.949  63.050 0.0000000000
44984  17.356  -35.680  60.921 0.0000000000
47094  19.740  -33.729  59.617 0.0000000000
46016  19.164  -34.290  60.534 0.0000000000
46003  19.059  -34.318  61.677 0.0000000000
40385  16.853  -39.544  67.732 0.0000000000
40368  18.282  -40.273  67.796 0.0000000000
77477  51.524  -8.995  40.995 0.0000000000
77452  53.559  -9.027  42.903 0.0000000000
78619  51.951  -9.209  42.787 0.0000000000
73935  49.582  -11.717  46.564 0.0000000000
73915  50.999  -12.275  47.044 0.0000000000
73966  40.470  -13.043  44.841 0.0000000000
73965  41.378  -12.863  45.239 0.0000000000
72699  41.221  -13.128  46.236 0.0000000000
61885  33.648  -21.976  53.592 0.0000000000
61873  33.350  -20.880  53.934 0.0000000000
63108  34.273  -20.162  55.104 0.0000000000
63107  34.615  -20.582  55.440 0.0000000000
55604  33.445  -27.455  62.930 0.0000000000
55617  34.168  -27.679  61.830 0.0000000000
55589  34.429  -26.884  63.280 0.0000000000
77509  49.629  -8.642  39.118 0.0000000000
77508  50.479  -8.575  39.055 0.0000000000
77492  51.236  -8.990  39.782 0.0000000000
76329  52.270  -9.374  40.782 0.0000000000
81888  53.059  -4.732  36.587 0.0000000000
81880  53.972  -4.848  37.675 0.0000000000
80894  54.414  -5.682  37.069 0.0000000000
81873  54.239  -4.659  38.668 0.0000000000
48109  24.489  -32.994  64.506 0.0000000000
48108  25.492  -33.061  64.477 0.0000000000
46997  24.845  -33.774  66.767 0.0000000000
36757  18.719  -42.821  67.749 0.0000000000
36733  19.189  -42.492  69.303 0.0000000000
35523  19.324  -43.468  68.627 0.0000000000
34314  21.181  -44.987  70.857 0.0000000000
35501  21.088  -43.892  70.503 0.0000000000
77512  46.652  -8.937  39.250 0.0000000000
77496  47.594  -8.946  40.391 0.0000000000
77497  46.521  -9.224  40.402 0.0000000000
76315  45.528  -10.124  42.245 0.0000000000
76314  46.545  -9.954  42.186 0.0000000000
75152  46.427  -10.648  43.752 0.0000000000
75137  47.503  -10.648  44.409 0.0000000000
75138  46.449  -10.920  44.708 0.0000000000
70332  39.873  -14.625  49.367 0.0000000000
71512  40.722  -14.382  48.931 0.0000000000
70323  40.520  -14.624  50.200 0.0000000000
77526  46.904  -8.653  38.181 0.0000000000
37944  15.193  -43.063  71.886 0.0000000000
37933  14.168  -42.381  72.207 0.0000000000
71544  37.325  -14.572  45.631 0.0000000000
71536  37.487  -14.221  46.896 0.0000000000
71537  36.975  -14.831  46.292 0.0000000000
69094  35.650  -16.250  48.026 0.0000000000
69092  36.898  -15.833  48.632 0.0000000000
67910  36.720  -16.429  49.340 0.0000000000
69046  37.978  -16.592  51.196 0.0000000000
67890  36.730  -17.064  50.253 0.0000000000
53192  27.328  -29.160  56.408 0.0000000000
53134  29.190  -30.193  60.455 0.0000000000
53146  29.623  -29.241  59.876 0.0000000000
53133  29.967  -29.409  60.918 0.0000000000
54321  31.327  -28.900  62.222 0.0000000000
53109  30.636  -29.128  62.575 0.0000000000
49253  27.862  -31.960  66.389 0.0000000000
49287  28.015  -31.930  64.276 0.0000000000
49252  28.410  -31.446  66.350 0.0000000000
53045  29.926  -28.761  67.652 0.0000000000
54257  31.784  -27.968  66.235 0.0000000000
46989  20.121  -33.946  66.969 0.0000000000
45941  19.634  -34.239  67.507 0.0000000000
45951  18.633  -34.438  66.069 0.0000000000
43843  16.458  -36.462  64.741 0.0000000000
44927  16.657  -35.704  65.510 0.0000000000
43826  16.429  -36.635  65.917 0.0000000000
42732  16.755  -37.655  66.143 0.0000000000
41578  16.625  -38.366  65.501 0.0000000000
42791  16.549  -37.371  61.143 0.0000000000
40451  15.638  -39.866  62.072 0.0000000000
41622  16.241  -39.050  62.582 0.0000000000
40441  16.310  -39.967  63.241 0.0000000000
39180  16.560  -40.204  64.909 0.0000000000
39191  17.142  -41.248  64.688 0.0000000000
37992  17.484  -41.819  66.332 0.0000000000
38013  16.739  -41.845  64.345 0.0000000000
34355  15.192  -45.158  66.760 0.0000000000
51969  23.733  -30.633  57.414 0.0000000000
51957  23.288  -31.111  58.008 0.0000000000
48181  20.677  -32.430  59.512 0.0000000000
49360  21.222  -31.943  59.817 0.0000000000
50673  22.577  -31.578  59.645 0.0000000000
49359  22.044  -31.874  60.650 0.0000000000
49322  22.858  -31.917  62.501 0.0000000000
48151  21.699  -32.260  62.682 0.0000000000
47021  20.075  -33.726  64.675 0.0000000000
48113  21.025  -33.286  64.578 0.0000000000
47014  20.376  -33.861  65.457 0.0000000000
46988  20.827  -34.429  66.903 0.0000000000
44881  19.073  -36.113  69.101 0.0000000000
35489  17.034  -44.887  72.764 0.0000000000
33105  18.075  -45.996  72.129 0.0000000000
72768  55.934  -12.408  40.901 0.0000000000
72728  55.350  -11.962  43.741 0.0000000000
71596  55.703  -13.441  42.547 0.0000000000
70405  55.224  -13.558  43.344 0.0000000000
70406  54.679  -13.689  43.635 0.0000000000
77440  50.188  -9.542  43.800 0.0000000000
76276  51.464  -9.488  44.184 0.0000000000
76259  51.408  -10.140  44.493 0.0000000000
72694  52.851  -12.591  45.993 0.0000000000
73962  44.271  -12.350  45.767 0.0000000000
73981  43.603  -11.688  44.622 0.0000000000
73938  45.265  -12.219  46.588 0.0000000000
73937  45.960  -11.852  46.294 0.0000000000
73919  46.017  -12.011  47.308 0.0000000000
72647  43.293  -13.640  50.143 0.0000000000
72663  43.725  -13.623  48.409 0.0000000000
72646  43.928  -13.238  50.270 0.0000000000
65614  33.143  -19.699  49.833 0.0000000000
65570  34.783  -18.939  53.803 0.0000000000
65597  35.119  -19.626  51.185 0.0000000000
65569  36.627  -18.788  54.800 0.0000000000
140808  37.826  -18.913  53.736 0.0000000000
140699  38.366  -18.853  56.288 0.0000000000
54399  30.555  -27.952  55.893 0.0000000000
54383  31.338  -27.429  56.859 0.0000000000
55644  35.346  -27.483  59.077 0.0000000000
55703  33.850  -26.358  56.663 0.0000000000
55685  35.571  -26.208  57.248 0.0000000000
57034  35.267  -25.390  56.214 0.0000000000
57007  36.570  -25.789  57.782 0.0000000000
58239  36.708  -25.432  63.637 0.0000000000
61794  37.694  -21.806  61.247 0.0000000000
60630  36.691  -22.504  59.045 0.0000000000
61821  36.872  -21.708  59.534 0.0000000000
63070  37.133  -20.962  58.379 0.0000000000
64313  38.201  -20.671  59.933 0.0000000000
79792  51.995  -6.394  39.164 0.0000000000
79763  53.320  -5.886  40.171 0.0000000000
80852  53.869  -5.755  39.887 0.0000000000
79776  53.616  -6.564  39.994 0.0000000000
76345  54.095  -9.662  39.875 0.0000000000
77488  54.515  -8.615  39.584 0.0000000000
75192  55.282  -10.568  40.085 0.0000000000
75194  56.012  -10.512  39.119 0.0000000000
80904  55.098  -5.947  33.996 0.0000000000
77543  54.964  -8.803  36.651 0.0000000000
76371  55.809  -9.713  36.560 0.0000000000
76369  55.983  -9.649  37.562 0.0000000000
46985  23.235  -34.350  67.257 0.0000000000
46984  24.236  -34.175  67.492 0.0000000000
46948  23.845  -34.176  68.852 0.0000000000
33152  18.126  -45.548  68.075 0.0000000000
34343  19.255  -44.614  68.531 0.0000000000
33141  18.395  -45.886  68.684 0.0000000000
33120  20.273  -45.751  70.353 0.0000000000
31853  20.288  -46.124  71.353 0.0000000000
76352  43.752  -10.005  40.309 0.0000000000
76335  43.623  -10.318  41.179 0.0000000000
70311  40.233  -15.632  51.178 0.0000000000
70310  40.975  -14.969  51.372 0.0000000000
69023  40.840  -15.873  52.219 0.0000000000
68993  42.474  -15.733  54.308 0.0000000000
37925  13.882  -42.295  72.744 0.0000000000
37921  12.885  -41.876  73.494 0.0000000000
36695  13.056  -42.834  73.527 0.0000000000
70364  36.125  -14.815  46.336 0.0000000000
67924  35.083  -16.766  48.329 0.0000000000
53162  27.661  -29.401  58.112 0.0000000000
51953  27.105  -30.744  59.086 0.0000000000
51941  28.120  -30.662  60.319 0.0000000000
51917  28.897  -30.459  62.450 0.0000000000
45969  19.155  -34.273  64.435 0.0000000000
45961  18.787  -34.476  65.114 0.0000000000
45971  17.904  -34.624  63.832 0.0000000000
44939  16.925  -35.545  64.181 0.0000000000
43862  16.695  -36.508  63.535 0.0000000000
36795  16.292  -42.688  63.976 0.0000000000
38027  14.385  -41.847  62.906 0.0000000000
48182  20.332  -33.076  59.117 0.0000000000
47078  20.551  -32.977  61.152 0.0000000000
48152  20.893  -32.578  62.280 0.0000000000
47062  19.776  -33.680  62.188 0.0000000000
47049  19.697  -33.717  63.220 0.0000000000
43781  17.394  -37.295  68.136 0.0000000000
76308  54.185  -10.431  41.964 0.0000000000
74013  55.061  -11.628  42.171 0.0000000000
76291  54.201  -10.077  42.815 0.0000000000
75132  54.235  -10.500  43.478 0.0000000000
75133  53.649  -10.376  44.079 0.0000000000
75115  49.568  -10.931  44.884 0.0000000000
73956  51.364  -11.496  45.442 0.0000000000
73933  51.249  -11.975  46.170 0.0000000000
72676  51.607  -12.910  46.850 0.0000000000
73999  42.020  -11.816  43.594 0.0000000000
73983  41.654  -12.238  44.358 0.0000000000
73940  42.727  -12.629  45.740 0.0000000000
72696  43.807  -12.847  46.671 0.0000000000
72624  44.636  -12.594  52.045 0.0000000000
65586  32.060  -19.491  51.735 0.0000000000
65598  33.867  -20.110  50.962 0.0000000000
65571  33.722  -19.223  52.978 0.0000000000
64372  34.078  -19.254  54.788 0.0000000000
65550  36.135  -19.471  56.224 0.0000000000
54342  31.824  -27.932  59.569 0.0000000000
55668  32.623  -27.392  58.341 0.0000000000
55646  33.372  -27.876  59.856 0.0000000000
55630  35.261  -27.896  60.309 0.0000000000
55629  36.293  -27.465  59.925 0.0000000000
78671  49.576  -7.142  37.037 0.0000000000
79813  50.130  -6.391  37.428 0.0000000000
78659  50.335  -7.234  37.728 0.0000000000
78658  51.079  -7.266  38.365 0.0000000000
78652  52.464  -7.374  39.201 0.0000000000
78644  53.461  -7.422  39.746 0.0000000000
76347  52.648  -9.158  39.733 0.0000000000
76328  53.106  -9.643  40.887 0.0000000000
81891  53.024  -4.954  35.204 0.0000000000
80902  53.575  -5.787  35.546 0.0000000000
79837  54.452  -6.775  34.601 0.0000000000
79835  55.567  -7.245  34.125 0.0000000000
78680  53.864  -7.255  36.161 0.0000000000
79822  54.845  -6.550  37.236 0.0000000000
79812  55.410  -6.517  38.053 0.0000000000
49320  25.086  -32.036  62.192 0.0000000000
49319  26.132  -31.995  61.828 0.0000000000
48130  25.692  -32.731  63.570 0.0000000000
48089  26.418  -33.653  65.511 0.0000000000
48059  27.247  -32.725  67.192 0.0000000000
37975  18.030  -41.447  67.827 0.0000000000
39139  18.388  -41.108  68.397 0.0000000000
37964  18.418  -41.640  68.991 0.0000000000
37954  19.542  -41.724  69.837 0.0000000000
35512  20.244  -43.943  70.067 0.0000000000
36721  20.569  -42.682  70.051 0.0000000000
77495  48.641  -8.849  40.304 0.0000000000
77469  50.530  -8.829  42.125 0.0000000000
77480  48.602  -8.832  41.423 0.0000000000
77471  48.616  -9.020  42.506 0.0000000000
76295  48.514  -9.538  43.172 0.0000000000
76332  46.602  -9.627  41.132 0.0000000000
76296  47.497  -10.066  43.355 0.0000000000
76279  48.548  -10.081  43.987 0.0000000000
75136  48.543  -10.457  44.656 0.0000000000
75116  48.644  -11.194  45.519 0.0000000000
73918  48.771  -11.513  46.862 0.0000000000
72684  40.180  -14.276  46.767 0.0000000000
72682  41.555  -13.315  47.074 0.0000000000
71521  41.250  -13.984  48.354 0.0000000000
71502  42.494  -13.925  50.078 0.0000000000
71492  42.763  -13.776  51.023 0.0000000000
70309  41.826  -14.510  51.482 0.0000000000
71472  42.842  -13.940  52.004 0.0000000000
71471  43.620  -13.581  52.310 0.0000000000
60670  34.321  -22.574  54.566 0.0000000000
58207  35.084  -25.541  64.668 0.0000000000
78681  47.897  -7.117  36.562 0.0000000000
77536  48.115  -8.291  37.435 0.0000000000
77510  48.722  -8.706  39.173 0.0000000000
82963  52.519  -3.225  37.576 0.0000000000
82955  53.221  -3.320  38.774 0.0000000000
35515  14.626  -44.368  70.427 0.0000000000
35505  16.025  -44.572  71.683 0.0000000000
36725  15.492  -43.648  71.707 0.0000000000
36707  16.143  -43.969  72.568 0.0000000000
35480  16.401  -43.785  73.357 0.0000000000
36703  15.095  -43.120  73.232 0.0000000000
72714  39.289  -13.479  44.808 0.0000000000
72715  38.272  -13.702  44.731 0.0000000000
72702  38.782  -14.118  45.668 0.0000000000
71534  39.379  -14.502  47.099 0.0000000000
71524  38.744  -14.481  47.766 0.0000000000
70342  39.115  -14.703  48.618 0.0000000000
70355  37.048  -15.325  47.195 0.0000000000
70343  37.805  -15.108  48.460 0.0000000000
70333  38.768  -15.323  49.630 0.0000000000
69063  39.081  -15.760  50.901 0.0000000000
69025  39.170  -16.752  52.056 0.0000000000
140745  38.998  -17.863  53.223 0.0000000000
54385  29.707  -28.632  56.795 0.0000000000
53161  28.451  -29.129  58.488 0.0000000000
53160  29.487  -29.245  58.755 0.0000000000
54363  31.102  -28.183  58.819 0.0000000000
54329  31.807  -28.155  60.696 0.0000000000
54320  31.943  -28.354  61.821 0.0000000000
54289  32.713  -28.048  63.673 0.0000000000
50630  27.534  -31.566  62.740 0.0000000000
50645  28.389  -30.811  62.904 0.0000000000
50627  29.306  -30.423  63.427 0.0000000000
51861  29.269  -30.181  66.846 0.0000000000
51875  30.233  -30.053  65.408 0.0000000000
51901  30.260  -29.848  63.826 0.0000000000
54291  31.492  -28.826  64.226 0.0000000000
54266  32.332  -27.760  65.561 0.0000000000
56905  33.556  -27.105  65.655 0.0000000000
45914  21.675  -35.131  68.949 0.0000000000
45916  20.073  -35.037  68.965 0.0000000000
44894  19.052  -35.370  68.550 0.0000000000
44907  17.926  -35.407  67.569 0.0000000000
44916  17.462  -35.321  66.174 0.0000000000
44917  16.954  -36.052  66.704 0.0000000000
44908  17.296  -36.591  67.860 0.0000000000
43796  17.087  -37.348  67.592 0.0000000000
41546  16.811  -38.749  67.313 0.0000000000
40400  16.539  -39.602  66.725 0.0000000000
43891  16.986  -36.341  60.854 0.0000000000
43877  16.753  -36.588  62.408 0.0000000000
42768  16.514  -37.360  62.901 0.0000000000
41639  15.760  -38.638  61.141 0.0000000000
41610  16.352  -38.210  63.347 0.0000000000
41596  16.519  -38.261  64.471 0.0000000000
41597  16.287  -39.025  64.989 0.0000000000
40401  16.433  -39.327  66.161 0.0000000000
39168  17.156  -40.685  66.531 0.0000000000
39167  17.639  -41.219  66.792 0.0000000000
36769  18.118  -42.764  66.976 0.0000000000
35544  17.708  -43.771  66.422 0.0000000000
35562  16.888  -43.191  65.024 0.0000000000
35552  17.034  -43.686  65.518 0.0000000000
34353  17.375  -44.690  67.085 0.0000000000
33154  16.599  -45.434  67.589 0.0000000000
33144  15.781  -45.705  68.237 0.0000000000
34337  14.458  -45.498  69.192 0.0000000000
35526  13.526  -44.548  69.281 0.0000000000
36747  13.357  -43.932  70.103 0.0000000000
51968  24.827  -30.596  57.685 0.0000000000
51955  24.966  -30.970  58.684 0.0000000000
50671  24.366  -31.487  60.192 0.0000000000
50685  23.201  -31.372  58.938 0.0000000000
50672  23.227  -31.458  60.234 0.0000000000
50661  23.928  -31.504  60.853 0.0000000000
49321  23.986  -31.992  62.629 0.0000000000
48149  23.165  -32.271  63.147 0.0000000000
48111  22.887  -33.258  64.679 0.0000000000
48135  20.960  -32.785  63.327 0.0000000000
48112  22.145  -33.285  64.512 0.0000000000
48076  22.321  -33.888  65.958 0.0000000000
48062  21.961  -33.970  66.676 0.0000000000
46968  21.819  -34.157  67.717 0.0000000000
34317  17.525  -45.214  71.430 0.0000000000
33104  19.053  -46.499  71.540 0.0000000000
71595  55.898  -13.017  42.046 0.0000000000
77455  51.416  -9.335  43.381 0.0000000000
76257  52.581  -9.725  44.335 0.0000000000
73953  53.482  -11.000  44.482 0.0000000000
73955  52.150  -11.409  45.178 0.0000000000
72709  53.097  -11.989  45.402 0.0000000000
71568  54.663  -13.027  44.209 0.0000000000
75185  42.734  -11.109  41.379 0.0000000000
75172  43.839  -10.728  42.739 0.0000000000
73998  42.926  -11.567  43.855 0.0000000000
75155  43.500  -11.218  43.427 0.0000000000
75154  44.506  -10.777  43.482 0.0000000000
75118  46.420  -11.486  45.746 0.0000000000
75095  47.555  -11.569  46.617 0.0000000000
75074  48.173  -11.361  48.332 0.0000000000
72681  42.305  -13.149  47.287 0.0000000000
72680  43.261  -13.229  47.427 0.0000000000
72678  44.807  -12.802  47.999 0.0000000000
73889  44.879  -12.331  50.550 0.0000000000
73897  45.043  -12.022  49.814 0.0000000000
73905  45.938  -11.868  48.401 0.0000000000
75076  46.760  -11.896  49.038 0.0000000000
75064  48.229  -11.455  49.304 0.0000000000
66799  34.341  -17.432  48.060 0.0000000000
140821  34.679  -17.556  48.839 0.0000000000
64396  34.395  -19.514  50.206 0.0000000000
64395  35.506  -18.356  50.235 0.0000000000
140785  36.187  -17.710  50.341 0.0000000000
140762  37.828  -18.329  52.487 0.0000000000
140726  40.709  -18.168  56.162 0.0000000000
55704  32.951  -26.526  56.601 0.0000000000
58339  33.638  -24.734  54.276 0.0000000000
58327  35.077  -24.048  55.398 0.0000000000
59505  35.252  -23.436  55.531 0.0000000000
58240  36.243  -26.163  63.881 0.0000000000
56957  36.811  -26.023  62.764 0.0000000000
56978  37.347  -25.862  60.512 0.0000000000
58266  37.938  -24.227  61.518 0.0000000000
56991  37.339  -25.367  59.373 0.0000000000
58305  37.130  -24.402  57.731 0.0000000000
59497  36.556  -23.116  56.817 0.0000000000
61849  35.544  -21.477  56.003 0.0000000000
63082  36.194  -20.803  57.040 0.0000000000
64341  36.505  -20.070  57.325 0.0000000000
65540  36.986  -19.261  57.716 0.0000000000
65505  39.328  -20.644  59.524 0.0000000000
66681  38.867  -18.869  59.832 0.0000000000
140725  38.367  -18.753  58.337 0.0000000000
140691  39.710  -18.509  57.621 0.0000000000
82948  53.090  -3.472  39.312 0.0000000000
82947  53.544  -4.306  39.483 0.0000000000
81857  54.697  -5.217  39.547 0.0000000000
80860  54.858  -5.930  39.569 0.0000000000
79801  55.554  -7.214  39.032 0.0000000000
78643  54.117  -7.487  39.763 0.0000000000
77487  55.207  -8.469  39.476 0.0000000000
77520  55.882  -8.498  38.637 0.0000000000
75197  56.165  -10.648  38.194 0.0000000000
45895  22.138  -35.291  69.315 0.0000000000
44857  22.865  -35.568  69.585 0.0000000000
34335  16.058  -45.303  69.910 0.0000000000
34334  16.802  -45.481  70.005 0.0000000000
140727  40.702  -17.541  54.673 0.0000000000
67830  40.971  -16.784  54.006 0.0000000000
50670  25.249  -31.260  60.325 0.0000000000
50669  26.149  -31.003  60.449 0.0000000000
49338  25.801  -31.599  61.349 0.0000000000
44983  18.330  -34.987  61.411 0.0000000000
44998  18.796  -34.909  60.673 0.0000000000
44982  19.024  -34.806  61.124 0.0000000000
40369  17.360  -39.713  67.997 0.0000000000
77468  51.389  -8.934  42.040 0.0000000000
73916  50.085  -11.701  47.518 0.0000000000
73904  50.099  -11.651  48.417 0.0000000000
72713  40.222  -13.529  45.223 0.0000000000
72712  40.725  -13.114  45.578 0.0000000000
61872  33.957  -21.411  54.382 0.0000000000
61859  34.414  -20.873  55.028 0.0000000000
61858  34.758  -21.494  55.328 0.0000000000
55590  33.962  -27.155  63.636 0.0000000000
55603  34.009  -27.283  62.713 0.0000000000
56950  34.580  -26.835  63.953 0.0000000000
77493  50.482  -8.874  40.033 0.0000000000
81881  53.266  -4.283  37.392 0.0000000000
48091  24.089  -33.440  65.198 0.0000000000
47011  24.514  -33.881  65.899 0.0000000000
36768  18.506  -43.327  67.419 0.0000000000
35524  19.001  -43.051  68.178 0.0000000000
77513  45.613  -9.280  39.197 0.0000000000
76316  44.473  -10.408  42.484 0.0000000000
76298  45.569  -10.499  43.082 0.0000000000
75153  45.543  -10.750  43.847 0.0000000000
70331  40.536  -14.504  49.548 0.0000000000
71555  36.620  -14.282  44.895 0.0000000000
71545  36.348  -14.541  45.619 0.0000000000
67923  35.880  -16.711  48.522 0.0000000000
67922  36.425  -16.495  48.767 0.0000000000
67891  36.263  -17.191  49.882 0.0000000000
53122  29.457  -29.846  61.755 0.0000000000
53121  30.159  -29.375  61.843 0.0000000000
49238  27.812  -31.756  67.393 0.0000000000
49237  28.323  -31.390  67.021 0.0000000000
47003  19.856  -34.031  66.243 0.0000000000
46990  19.450  -33.937  66.874 0.0000000000
47016  19.020  -34.282  65.740 0.0000000000
42744  16.540  -37.439  65.140 0.0000000000
39203  15.587  -40.950  62.860 0.0000000000
39192  16.654  -40.792  64.088 0.0000000000
48171  20.821  -32.539  60.567 0.0000000000
49342  22.265  -32.071  61.889 0.0000000000
48161  21.521  -32.295  61.651 0.0000000000
47022  19.561  -34.055  64.712 0.0000000000
44895  17.989  -36.305  68.907 0.0000000000
34300  17.297  -45.087  72.726 0.0000000000
33093  17.622  -45.582  72.489 0.0000000000
74023  55.288  -11.142  40.536 0.0000000000
74022  55.300  -11.758  40.868 0.0000000000
75183  54.994  -11.667  41.317 0.0000000000
71567  55.265  -12.583  44.024 0.0000000000
71582  55.538  -13.021  43.273 0.0000000000
71583  55.120  -13.399  43.675 0.0000000000
76278  49.613  -9.919  44.073 0.0000000000
76277  50.675  -9.740  44.162 0.0000000000
76260  50.628  -10.357  44.539 0.0000000000
72638  43.481  -13.450  50.787 0.0000000000
72637  43.910  -13.041  51.005 0.0000000000
54384  30.612  -27.895  56.959 0.0000000000
54398  31.055  -27.668  56.360 0.0000000000
55665  35.456  -26.879  57.989 0.0000000000
55664  36.288  -26.261  57.804 0.0000000000
55684  36.039  -25.896  57.247 0.0000000000
55642  36.746  -26.102  58.617 0.0000000000
61782  38.183  -21.702  61.750 0.0000000000
61809  37.147  -21.658  60.306 0.0000000000
63041  37.964  -21.030  61.127 0.0000000000
63052  37.523  -21.202  59.793 0.0000000000
64303  38.070  -20.827  60.689 0.0000000000
79778  52.256  -5.937  39.753 0.0000000000
80862  52.543  -5.328  40.225 0.0000000000
79777  52.836  -6.206  40.109 0.0000000000
76326  54.431  -10.401  40.900 0.0000000000
76344  54.679  -9.982  39.707 0.0000000000
74026  55.587  -11.008  40.332 0.0000000000
80911  55.472  -6.182  33.300 0.0000000000
80910  56.172  -6.641  32.830 0.0000000000
79845  56.302  -6.679  32.968 0.0000000000
77534  54.925  -8.189  37.323 0.0000000000
76372  55.161  -9.355  36.087 0.0000000000
77542  55.629  -9.189  37.196 0.0000000000
46967  22.661  -34.204  67.926 0.0000000000
46966  23.584  -34.201  68.134 0.0000000000
46949  23.168  -34.478  68.392 0.0000000000
34333  19.004  -45.333  68.798 0.0000000000
33122  17.925  -46.159  70.470 0.0000000000
33129  18.828  -46.068  69.480 0.0000000000
33121  19.029  -46.409  70.536 0.0000000000
33111  20.557  -45.630  71.065 0.0000000000
33112  19.693  -46.219  70.984 0.0000000000
76353  42.637  -10.092  40.066 0.0000000000
69044  39.594  -15.966  51.473 0.0000000000
69043  40.349  -15.829  51.687 0.0000000000
37926  13.129  -41.748  73.002 0.0000000000
35477  12.742  -43.268  73.521 0.0000000000
51967  25.849  -30.589  58.145 0.0000000000
51966  26.614  -30.515  58.473 0.0000000000
51931  27.599  -31.139  60.631 0.0000000000
51930  28.293  -31.149  61.077 0.0000000000
51940  28.635  -30.644  60.803 0.0000000000
51918  28.433  -30.906  61.845 0.0000000000
45980  19.085  -34.216  63.653 0.0000000000
45970  18.491  -34.454  64.152 0.0000000000
44970  17.515  -35.304  62.117 0.0000000000
44956  17.694  -35.023  63.294 0.0000000000
44957  17.083  -35.794  62.893 0.0000000000
48172  20.187  -32.929  59.945 0.0000000000
47061  20.378  -33.056  61.783 0.0000000000
45992  19.084  -34.170  62.739 0.0000000000
42701  17.627  -37.794  67.897 0.0000000000
76309  53.553  -9.787  42.151 0.0000000000
77453  53.219  -8.880  43.181 0.0000000000
76292  53.788  -9.399  43.053 0.0000000000
76273  53.734  -9.838  43.558 0.0000000000
73957  50.468  -11.663  45.516 0.0000000000
73934  50.340  -11.982  46.414 0.0000000000
74000  41.110  -12.205  43.248 0.0000000000
73941  42.200  -12.908  45.812 0.0000000000
72711  43.011  -12.533  45.917 0.0000000000
64384  31.960  -19.733  52.219 0.0000000000
65585  33.082  -19.848  52.094 0.0000000000
63097  34.554  -20.086  55.819 0.0000000000
64365  34.742  -19.439  55.808 0.0000000000
65560  35.021  -18.933  55.088 0.0000000000
64364  35.427  -19.393  56.098 0.0000000000
54328  32.570  -27.887  60.298 0.0000000000
54341  32.594  -27.669  59.241 0.0000000000
55616  35.070  -27.775  61.555 0.0000000000
55631  34.244  -27.858  60.683 0.0000000000
55615  35.938  -27.345  61.150 0.0000000000
78661  49.168  -7.967  37.793 0.0000000000
78660  49.648  -7.741  37.669 0.0000000000
77507  51.379  -8.304  38.886 0.0000000000
77521  50.823  -7.726  38.302 0.0000000000
78653  51.844  -7.349  38.752 0.0000000000
77506  52.186  -8.141  39.110 0.0000000000
77491  52.673  -8.231  39.395 0.0000000000
76327  53.860  -9.919  40.983 0.0000000000
80895  53.763  -5.653  36.447 0.0000000000
80901  53.950  -6.188  35.126 0.0000000000
79832  53.854  -6.907  35.357 0.0000000000
79823  53.962  -6.556  36.429 0.0000000000
80883  55.018  -5.694  37.956 0.0000000000
80893  55.015  -5.920  37.532 0.0000000000
49304  24.953  -32.502  62.951 0.0000000000
48073  27.364  -32.664  66.247 0.0000000000
48074  26.882  -33.583  66.867 0.0000000000
37965  18.176  -41.551  68.386 0.0000000000
36746  18.065  -42.054  68.112 0.0000000000
36734  18.611  -42.079  69.247 0.0000000000
37942  19.921  -42.208  70.082 0.0000000000
37941  20.075  -42.024  70.134 0.0000000000
35513  19.945  -43.554  69.516 0.0000000000
77479  49.577  -8.639  41.300 0.0000000000
77481  47.616  -9.120  41.480 0.0000000000
77472  47.948  -9.148  42.197 0.0000000000
77458  48.973  -9.155  43.193 0.0000000000
76312  48.160  -9.311  42.502 0.0000000000
76350  45.799  -9.561  40.301 0.0000000000
76333  45.646  -9.915  41.246 0.0000000000
76297  46.440  -10.350  43.006 0.0000000000
76280  48.027  -10.313  44.107 0.0000000000
75094  48.312  -11.521  46.381 0.0000000000
72667  40.439  -13.884  47.534 0.0000000000
71522  40.498  -13.948  48.190 0.0000000000
71503  41.720  -14.184  49.908 0.0000000000
71511  41.445  -14.009  49.133 0.0000000000
70288  41.556  -15.446  52.421 0.0000000000
70287  42.249  -14.755  52.129 0.0000000000
70286  42.748  -14.324  52.490 0.0000000000
71457  43.136  -13.981  52.784 0.0000000000
71456  43.733  -13.584  53.170 0.0000000000
60672  33.065  -22.920  53.900 0.0000000000
60671  33.653  -22.600  54.077 0.0000000000
59528  34.071  -23.288  54.411 0.0000000000
78673  47.548  -7.934  36.954 0.0000000000
77537  47.186  -8.364  37.279 0.0000000000
77525  47.933  -8.708  38.170 0.0000000000
36737  13.856  -43.481  70.779 0.0000000000
36735  15.037  -44.002  71.180 0.0000000000
36726  14.704  -43.277  71.502 0.0000000000
37932  15.112  -42.879  72.205 0.0000000000
37943  15.536  -43.205  71.923 0.0000000000
36708  15.680  -43.622  72.757 0.0000000000
36701  16.052  -43.916  73.290 0.0000000000
37919  14.394  -42.685  73.176 0.0000000000
72732  39.166  -13.273  44.159 0.0000000000
72733  38.562  -13.245  43.933 0.0000000000
72703  37.974  -14.193  45.345 0.0000000000
72716  37.266  -13.767  44.714 0.0000000000
72685  39.420  -14.544  46.305 0.0000000000
71535  38.570  -14.424  46.772 0.0000000000
71525  37.965  -14.391  47.561 0.0000000000
70356  35.975  -15.647  46.655 0.0000000000
69081  37.074  -15.945  49.241 0.0000000000
69091  37.349  -15.694  48.919 0.0000000000
70334  38.037  -15.467  49.342 0.0000000000
69079  38.038  -15.685  49.876 0.0000000000
70325  39.002  -15.569  50.411 0.0000000000
69064  38.423  -15.878  50.562 0.0000000000
53211  28.870  -28.909  56.400 0.0000000000
53148  28.116  -30.202  58.749 0.0000000000
54364  30.356  -28.870  59.281 0.0000000000
54343  31.108  -28.539  59.940 0.0000000000
54306  32.173  -28.655  62.890 0.0000000000
54305  32.772  -27.921  62.643 0.0000000000
48128  27.008  -32.244  63.293 0.0000000000
49302  26.882  -32.121  62.623 0.0000000000
49301  27.450  -31.930  63.335 0.0000000000
49286  28.520  -31.474  64.452 0.0000000000
50611  28.546  -31.364  63.944 0.0000000000
50628  28.857  -30.781  63.419 0.0000000000
50609  29.462  -30.570  63.969 0.0000000000
53057  30.239  -29.119  66.882 0.0000000000
51860  29.883  -29.745  66.422 0.0000000000
51859  30.511  -29.392  66.059 0.0000000000
51888  30.597  -29.785  64.535 0.0000000000
51874  30.757  -29.532  65.329 0.0000000000
53086  31.247  -29.288  64.828 0.0000000000
54267  31.736  -28.296  65.512 0.0000000000
55570  33.189  -27.376  65.218 0.0000000000
45929  21.123  -34.731  68.119 0.0000000000
45915  20.660  -35.217  68.695 0.0000000000
45930  19.972  -34.822  68.341 0.0000000000
45942  18.789  -34.464  67.106 0.0000000000
45931  19.229  -34.786  67.861 0.0000000000
45962  17.984  -34.708  64.635 0.0000000000
45952  18.094  -34.879  65.583 0.0000000000
42717  17.128  -37.906  66.974 0.0000000000
41563  16.362  -39.138  66.329 0.0000000000
43892  16.843  -36.669  61.413 0.0000000000
42777  16.665  -37.374  61.905 0.0000000000
40417  16.494  -39.701  65.601 0.0000000000
40416  16.740  -40.154  66.099 0.0000000000
38002  17.480  -42.297  65.708 0.0000000000
36796  15.338  -42.642  63.539 0.0000000000
35553  16.379  -43.950  65.313 0.0000000000
34363  16.998  -44.397  66.281 0.0000000000
34354  16.379  -44.952  66.824 0.0000000000
34345  15.204  -45.558  67.757 0.0000000000
33155  15.847  -45.539  67.369 0.0000000000
33145  14.966  -45.622  68.476 0.0000000000
35527  12.958  -43.773  68.794 0.0000000000
36748  12.936  -43.223  69.554 0.0000000000
50683  25.064  -31.246  59.566 0.0000000000
50684  24.128  -31.386  59.310 0.0000000000
50696  22.026  -31.201  58.013 0.0000000000
50695  22.774  -31.246  58.225 0.0000000000
49358  22.826  -31.789  60.707 0.0000000000
49340  24.355  -31.816  61.535 0.0000000000
48133  22.826  -32.867  63.832 0.0000000000
48110  23.572  -33.096  64.537 0.0000000000
48094  21.802  -33.680  65.336 0.0000000000
48093  22.555  -33.595  65.222 0.0000000000
47000  22.356  -34.034  66.456 0.0000000000
48077  21.708  -33.990  66.196 0.0000000000
46969  21.186  -34.484  67.460 0.0000000000
39138  18.981  -41.036  68.897 0.0000000000
40355  18.670  -40.851  68.480 0.0000000000
40338  19.372  -40.603  68.949 0.0000000000
34318  16.864  -44.709  71.164 0.0000000000
33092  18.569  -46.317  72.086 0.0000000000
31847  19.111  -46.653  71.702 0.0000000000
31846  19.973  -46.670  71.528 0.0000000000
31837  19.632  -46.984  71.638 0.0000000000
73995  55.342  -11.912  42.454 0.0000000000
72743  55.559  -12.343  42.323 0.0000000000
77470  49.619  -8.757  42.356 0.0000000000
78620  51.320  -9.285  42.722 0.0000000000
76258  52.137  -9.870  44.485 0.0000000000
75111  52.921  -10.226  44.656 0.0000000000
73954  52.897  -11.403  44.879 0.0000000000
72693  53.226  -12.940  45.325 0.0000000000
71552  53.562  -13.216  44.955 0.0000000000
72708  53.698  -12.219  44.841 0.0000000000
70389  53.851  -13.516  44.519 0.0000000000
75174  41.604  -11.056  41.930 0.0000000000
75186  42.212  -11.023  41.376 0.0000000000
76318  43.080  -11.030  41.469 0.0000000000
73980  44.614  -11.568  45.051 0.0000000000
75141  43.690  -11.387  44.083 0.0000000000
75140  44.203  -11.282  44.250 0.0000000000
75139  45.326  -11.297  44.787 0.0000000000
75096  46.778  -11.842  46.914 0.0000000000
75084  48.532  -11.469  47.458 0.0000000000
72665  41.831  -13.734  47.777 0.0000000000
72664  42.618  -13.609  48.264 0.0000000000
72653  43.954  -13.548  49.427 0.0000000000
72679  44.299  -13.106  47.644 0.0000000000
73887  46.331  -11.718  50.549 0.0000000000
73888  45.497  -11.997  50.532 0.0000000000
73896  45.927  -11.953  49.581 0.0000000000
73906  45.243  -12.315  48.886 0.0000000000
140828  33.885  -18.050  48.004 0.0000000000
67870  36.589  -18.031  50.941 0.0000000000
140744  37.874  -18.463  52.704 0.0000000000
55688  32.624  -27.190  57.651 0.0000000000
57036  33.514  -25.860  56.135 0.0000000000
57051  33.725  -25.388  55.320 0.0000000000
58317  35.682  -24.531  56.005 0.0000000000
58328  34.598  -24.624  55.263 0.0000000000
59504  35.831  -23.309  56.135 0.0000000000
58206  35.602  -25.045  64.803 0.0000000000
58223  35.542  -26.103  64.361 0.0000000000
58222  35.943  -25.400  64.311 0.0000000000
58238  37.874  -25.061  63.410 0.0000000000
56947  36.848  -25.749  63.254 0.0000000000
56966  37.141  -26.022  61.642 0.0000000000
59460  37.786  -23.415  61.202 0.0000000000
59449  38.270  -23.623  61.838 0.0000000000
58275  37.708  -24.244  60.818 0.0000000000
56977  37.626  -24.981  60.318 0.0000000000
58285  37.578  -24.287  60.094 0.0000000000
58298  37.102  -24.403  58.766 0.0000000000
59477  37.419  -23.874  59.836 0.0000000000
60635  37.170  -22.350  58.148 0.0000000000
59490  37.092  -22.939  57.560 0.0000000000
60636  36.858  -22.237  57.378 0.0000000000
60647  36.032  -22.307  56.281 0.0000000000
60641  36.466  -22.097  56.809 0.0000000000
61848  36.119  -21.450  56.588 0.0000000000
61841  36.534  -21.466  57.234 0.0000000000
64330  37.548  -20.431  58.837 0.0000000000
64331  36.989  -20.249  58.188 0.0000000000
65531  36.918  -19.742  58.033 0.0000000000
65530  37.667  -19.680  58.670 0.0000000000
140796  39.174  -21.900  59.065 0.0000000000
140806  40.019  -21.806  58.706 0.0000000000
140760  40.097  -19.725  60.001 0.0000000000
65517  39.672  -18.721  60.019 0.0000000000
140724  38.907  -18.607  59.109 0.0000000000
140698  38.991  -18.227  58.182 0.0000000000
65528  39.678  -18.372  59.210 0.0000000000
80885  50.257  -5.691  37.705 0.0000000000
80877  50.784  -5.477  38.381 0.0000000000
81851  52.927  -4.628  40.144 0.0000000000
82939  53.472  -4.427  39.678 0.0000000000
81858  53.819  -4.771  39.716 0.0000000000
81866  54.220  -4.695  39.296 0.0000000000
79775  54.149  -6.407  39.803 0.0000000000
79774  54.684  -6.424  39.616 0.0000000000
79790  55.160  -6.875  39.279 0.0000000000
77505  55.639  -8.514  39.143 0.0000000000
76357  55.704  -9.508  39.009 0.0000000000
76365  55.978  -9.528  38.403 0.0000000000
74029  56.310  -11.636  39.097 0.0000000000
81898  53.473  -4.531  34.460 0.0000000000
82974  53.885  -4.095  34.030 0.0000000000
82973  54.138  -4.162  33.929 0.0000000000
78686  55.259  -7.930  34.730 0.0000000000
45913  22.845  -34.762  68.984 0.0000000000
33143  16.665  -45.681  68.414 0.0000000000
33131  16.747  -45.787  69.261 0.0000000000
69011  40.614  -16.133  52.844 0.0000000000
51943  26.402  -30.937  59.714 0.0000000000
50668  26.932  -31.234  60.679 0.0000000000
50657  27.387  -31.478  61.228 0.0000000000
45993  18.618  -34.521  62.436 0.0000000000
44969  18.156  -34.877  62.512 0.0000000000
46028  19.088  -34.354  59.654 0.0000000000
41530  17.233  -38.812  67.746 0.0000000000
76311  52.403  -9.236  41.578 0.0000000000
77466  53.232  -9.174  42.551 0.0000000000
77467  52.382  -9.059  42.292 0.0000000000
78618  52.312  -9.056  42.940 0.0000000000
77454  52.583  -8.963  43.175 0.0000000000
73903  50.957  -11.839  48.044 0.0000000000
73942  41.714  -13.090  45.948 0.0000000000
72698  41.954  -13.006  46.517 0.0000000000
63119  33.222  -20.417  53.457 0.0000000000
64373  33.830  -19.661  53.681 0.0000000000
63118  33.837  -20.286  54.200 0.0000000000
55618  33.403  -27.721  62.116 0.0000000000
55632  33.378  -27.751  61.042 0.0000000000
55602  34.832  -27.224  62.635 0.0000000000
76348  51.891  -9.144  39.721 0.0000000000
76330  51.725  -9.257  40.270 0.0000000000
81887  53.920  -5.155  36.879 0.0000000000
81879  54.589  -5.364  37.880 0.0000000000
81872  54.660  -5.256  38.323 0.0000000000
48090  25.073  -33.500  65.250 0.0000000000
47010  25.370  -33.732  66.044 0.0000000000
36745  18.579  -42.397  68.648 0.0000000000
36744  18.991  -42.760  68.906 0.0000000000
33119  20.671  -45.172  70.603 0.0000000000
34323  20.541  -44.645  70.274 0.0000000000
77482  47.020  -9.337  41.068 0.0000000000
76334  44.621  -10.062  41.330 0.0000000000
71513  40.084  -14.249  48.621 0.0000000000
71504  41.017  -14.335  49.702 0.0000000000
71494  41.190  -14.423  50.432 0.0000000000
37956  13.803  -43.081  71.363 0.0000000000
37945  14.258  -42.824  71.731 0.0000000000
69107  36.651  -15.675  47.956 0.0000000000
69093  36.236  -16.091  48.255 0.0000000000
69066  37.036  -16.182  49.778 0.0000000000
69065  37.568  -16.255  50.304 0.0000000000
67889  37.462  -16.889  50.854 0.0000000000
53191  28.110  -28.968  56.811 0.0000000000
53147  28.960  -29.770  59.256 0.0000000000
54331  30.417  -29.136  60.883 0.0000000000
54330  31.080  -28.964  61.079 0.0000000000
53132  30.417  -29.211  61.307 0.0000000000
54307  31.430  -28.990  63.237 0.0000000000
48088  27.399  -32.844  64.897 0.0000000000
49270  27.956  -32.083  65.544 0.0000000000
49269  28.541  -31.547  65.114 0.0000000000
50591  29.041  -31.009  65.562 0.0000000000
53044  30.727  -28.573  67.284 0.0000000000
54258  31.357  -28.508  66.026 0.0000000000
40430  16.371  -39.767  64.477 0.0000000000
37993  17.177  -41.254  65.939 0.0000000000
38003  17.266  -41.802  65.277 0.0000000000
36786  17.301  -42.765  65.302 0.0000000000
34365  15.223  -44.597  65.748 0.0000000000
49375  21.383  -32.356  58.988 0.0000000000
49374  22.103  -32.244  59.435 0.0000000000
49323  22.278  -31.981  62.590 0.0000000000
47032  20.240  -33.296  63.811 0.0000000000
48078  21.176  -34.029  66.089 0.0000000000
47002  20.639  -34.076  66.249 0.0000000000
35496  16.793  -44.433  72.207 0.0000000000
34309  17.377  -44.986  72.205 0.0000000000
34308  17.500  -45.218  72.495 0.0000000000
72744  55.662  -12.187  42.969 0.0000000000
71581  55.758  -12.646  42.711 0.0000000000
70420  55.351  -13.811  42.618 0.0000000000
70421  54.778  -13.946  43.057 0.0000000000
77457  49.687  -9.172  43.343 0.0000000000
77439  50.739  -9.356  43.748 0.0000000000
72675  52.492  -13.219  46.454 0.0000000000
73963  43.148  -12.400  45.340 0.0000000000
73961  45.275  -11.747  45.594 0.0000000000
75086  46.829  -11.992  47.997 0.0000000000
72654  43.024  -13.625  49.269 0.0000000000
72652  44.469  -12.945  49.722 0.0000000000
75057  47.052  -11.237  50.478 0.0000000000
140820  33.427  -19.487  49.070 0.0000000000
64415  33.778  -19.549  49.679 0.0000000000
55666  34.404  -27.101  58.303 0.0000000000
55687  33.626  -26.894  57.466 0.0000000000
55686  34.644  -26.477  57.187 0.0000000000
57022  35.116  -25.818  56.744 0.0000000000
57021  35.771  -25.487  56.756 0.0000000000
58307  36.247  -25.036  56.616 0.0000000000
58221  36.540  -24.885  64.201 0.0000000000
58220  37.321  -24.624  64.460 0.0000000000
59432  38.075  -24.397  64.091 0.0000000000
60604  37.462  -22.564  60.907 0.0000000000
59468  37.061  -23.027  60.051 0.0000000000
60619  36.866  -22.466  59.945 0.0000000000
61831  36.897  -21.672  58.712 0.0000000000
63062  37.336  -21.108  59.130 0.0000000000
64322  37.962  -20.532  59.570 0.0000000000
64321  38.319  -20.248  59.804 0.0000000000
79803  51.352  -6.445  38.542 0.0000000000
80876  51.403  -5.737  38.912 0.0000000000
80854  52.827  -5.240  40.276 0.0000000000
80853  53.426  -5.436  40.139 0.0000000000
79762  53.710  -6.015  39.977 0.0000000000
75191  55.607  -10.473  39.638 0.0000000000
81896  54.920  -5.352  33.726 0.0000000000
80915  55.438  -5.583  32.523 0.0000000000
77549  54.937  -8.903  35.484 0.0000000000
76375  56.211  -9.872  35.472 0.0000000000
46999  22.936  -34.043  66.297 0.0000000000
46998  23.928  -34.286  66.542 0.0000000000
45912  23.904  -34.618  69.094 0.0000000000
34352  18.223  -44.850  67.551 0.0000000000
35534  19.006  -44.232  68.318 0.0000000000
34344  18.807  -45.014  68.146 0.0000000000
33128  19.787  -45.839  69.707 0.0000000000
33110  21.286  -45.852  71.297 0.0000000000
70274  41.611  -15.541  52.949 0.0000000000
69009  41.659  -15.751  53.180 0.0000000000
70264  42.387  -15.501  53.852 0.0000000000
37934  13.327  -41.777  72.251 0.0000000000
37920  13.578  -42.344  73.206 0.0000000000
37912  13.299  -42.512  73.433 0.0000000000
36694  13.906  -43.137  73.584 0.0000000000
35476  13.733  -43.658  73.641 0.0000000000
67912  35.554  -17.119  48.854 0.0000000000
53149  27.305  -30.213  58.392 0.0000000000
51952  27.769  -30.550  59.593 0.0000000000
51929  28.844  -30.521  61.414 0.0000000000
53111  29.451  -29.994  62.393 0.0000000000
45960  19.271  -34.252  64.919 0.0000000000
44938  17.486  -34.895  64.195 0.0000000000
45982  17.967  -34.761  63.488 0.0000000000
39218  15.152  -40.570  62.093 0.0000000000
38026  15.198  -41.848  63.097 0.0000000000
36807  14.833  -42.228  63.192 0.0000000000
48162  20.908  -32.623  61.402 0.0000000000
47033  19.690  -33.923  64.084 0.0000000000
75169  54.930  -11.537  41.659 0.0000000000
75170  54.712  -11.134  41.896 0.0000000000
75150  54.427  -10.918  42.748 0.0000000000
77465  53.575  -9.310  42.710 0.0000000000
73977  54.746  -11.243  43.408 0.0000000000
73978  54.430  -11.318  44.174 0.0000000000
75114  50.589  -11.025  44.943 0.0000000000
73914  51.743  -12.241  46.536 0.0000000000
72695  52.159  -12.375  46.397 0.0000000000
73964  42.299  -12.542  45.121 0.0000000000
72710  43.390  -12.555  46.026 0.0000000000
65599  32.565  -19.827  50.978 0.0000000000
65559  35.679  -19.117  55.746 0.0000000000
65549  36.703  -19.179  56.840 0.0000000000
54362  32.075  -27.708  58.405 0.0000000000
54361  32.611  -27.466  58.667 0.0000000000
55645  34.300  -27.780  59.431 0.0000000000
77522  50.437  -8.051  38.256 0.0000000000
78645  52.921  -7.382  39.574 0.0000000000
77490  53.203  -8.407  39.553 0.0000000000
76346  53.468  -9.412  39.904 0.0000000000
80906  53.703  -5.159  34.714 0.0000000000
80905  54.284  -5.951  34.514 0.0000000000
79836  55.105  -6.679  34.159 0.0000000000
79830  55.244  -7.296  34.407 0.0000000000
79831  54.690  -7.349  34.701 0.0000000000
78688  54.051  -7.572  35.949 0.0000000000
78679  54.516  -7.563  36.662 0.0000000000
78669  55.207  -7.473  37.643 0.0000000000
78668  55.811  -7.587  38.298 0.0000000000
49303  25.879  -32.432  62.702 0.0000000000
48129  26.531  -32.501  63.377 0.0000000000
48107  26.469  -32.855  64.296 0.0000000000
46983  25.234  -33.863  67.626 0.0000000000
46982  26.180  -33.639  67.647 0.0000000000
46964  25.631  -33.598  68.558 0.0000000000
46963  26.327  -33.373  68.194 0.0000000000
39146  17.806  -40.618  67.824 0.0000000000
39130  19.278  -41.148  69.144 0.0000000000
37955  18.904  -41.660  69.368 0.0000000000
37953  20.055  -41.250  69.889 0.0000000000
35503  20.164  -43.244  70.040 0.0000000000
35502  20.549  -43.643  70.272 0.0000000000
36722  20.201  -42.683  70.073 0.0000000000
77494  49.587  -8.711  40.193 0.0000000000
76294  49.196  -9.389  43.458 0.0000000000
76360  45.577  -9.425  39.708 0.0000000000
76349  46.311  -9.481  40.573 0.0000000000
76313  47.548  -9.571  42.156 0.0000000000
75135  49.056  -10.271  44.468 0.0000000000
73959  49.193  -11.610  46.035 0.0000000000
73936  48.957  -11.539  46.413 0.0000000000
73917  49.249  -11.507  47.152 0.0000000000
75083  49.443  -11.209  47.944 0.0000000000
72683  40.985  -13.806  46.866 0.0000000000
72666  41.102  -13.827  47.614 0.0000000000
71510  42.196  -13.823  49.214 0.0000000000
71491  43.473  -13.514  51.482 0.0000000000
71473  42.135  -14.018  51.621 0.0000000000
72612  44.124  -12.997  52.672 0.0000000000
60685  33.295  -22.388  53.523 0.0000000000
56917  34.225  -25.951  65.063 0.0000000000
56934  34.781  -26.253  64.410 0.0000000000
58194  34.908  -25.438  65.214 0.0000000000
78672  48.562  -7.653  37.033 0.0000000000
77524  48.798  -8.318  38.061 0.0000000000
82962  53.042  -3.619  38.003 0.0000000000
34327  15.389  -45.106  70.587 0.0000000000
35514  15.361  -44.534  71.219 0.0000000000
36724  16.057  -44.121  71.945 0.0000000000
36713  16.104  -43.973  72.133 0.0000000000
35490  16.576  -44.379  72.858 0.0000000000
37924  14.740  -42.648  72.729 0.0000000000
36702  15.644  -43.563  73.365 0.0000000000
35481  16.150  -43.408  73.891 0.0000000000
34291  16.493  -43.921  73.241 0.0000000000
73985  39.782  -13.259  43.939 0.0000000000
73967  39.963  -13.366  44.707 0.0000000000
72701  39.863  -14.150  45.646 0.0000000000
70341  39.698  -14.423  48.625 0.0000000000
70344  37.084  -15.445  48.067 0.0000000000
69045  38.769  -16.310  51.370 0.0000000000
54400  29.377  -28.480  55.586 0.0000000000
53176  27.443  -29.257  57.299 0.0000000000
53175  28.165  -28.875  57.684 0.0000000000
53174  29.162  -29.112  57.778 0.0000000000
54376  30.353  -28.760  57.959 0.0000000000
55591  33.276  -27.537  63.596 0.0000000000
55582  33.714  -27.289  64.373 0.0000000000
50648  26.863  -31.800  61.606 0.0000000000
50647  27.415  -31.699  62.020 0.0000000000
50629  28.083  -31.303  63.287 0.0000000000
50646  28.013  -31.031  62.439 0.0000000000
51903  29.160  -30.257  63.118 0.0000000000
51916  29.441  -30.088  62.792 0.0000000000
50572  29.042  -30.844  66.431 0.0000000000
50571  29.600  -30.478  65.984 0.0000000000
50590  29.558  -30.560  64.960 0.0000000000
51889  29.961  -30.129  64.341 0.0000000000
51902  29.761  -30.143  63.377 0.0000000000
53100  30.223  -29.795  63.322 0.0000000000
53099  30.764  -29.440  63.617 0.0000000000
54276  32.017  -28.366  64.826 0.0000000000
54275  32.566  -27.896  64.599 0.0000000000
55569  33.497  -27.337  64.813 0.0000000000
56918  33.850  -27.003  65.201 0.0000000000
44878  21.637  -35.445  69.243 0.0000000000
44893  19.781  -35.130  68.860 0.0000000000
45943  18.186  -34.920  66.507 0.0000000000
39157  16.978  -40.253  67.553 0.0000000000
41621  16.550  -38.198  62.154 0.0000000000
41579  16.274  -39.015  65.874 0.0000000000
39156  17.756  -40.842  67.228 0.0000000000
37983  17.852  -41.704  67.203 0.0000000000
35543  18.179  -43.903  67.174 0.0000000000
36787  16.907  -42.680  64.670 0.0000000000
35563  16.327  -43.599  64.602 0.0000000000
33153  17.429  -45.444  67.824 0.0000000000
33133  15.226  -45.662  69.027 0.0000000000
35525  14.329  -45.105  69.831 0.0000000000
35516  13.763  -44.188  70.284 0.0000000000
36738  13.283  -42.998  70.329 0.0000000000
37957  13.376  -42.659  70.819 0.0000000000
53164  25.905  -30.516  57.149 0.0000000000
50660  24.762  -31.566  60.864 0.0000000000
49305  24.389  -32.583  63.169 0.0000000000
48132  23.876  -32.748  63.590 0.0000000000
48092  23.251  -33.529  65.246 0.0000000000
48134  21.819  -32.691  63.692 0.0000000000
47013  23.149  -33.807  65.731 0.0000000000
46986  22.300  -34.107  67.006 0.0000000000
46987  21.629  -34.238  66.924 0.0000000000
45928  22.095  -34.429  68.442 0.0000000000
34326  16.181  -45.207  70.899 0.0000000000
34316  17.752  -45.526  72.039 0.0000000000
33113  18.339  -46.346  71.536 0.0000000000
33103  19.933  -46.205  71.310 0.0000000000
31852  20.642  -46.152  71.365 0.0000000000
74012  55.207  -11.909  41.820 0.0000000000
72757  55.574  -12.317  41.618 0.0000000000
78605  51.758  -9.288  43.269 0.0000000000
77437  52.362  -9.179  43.615 0.0000000000
77438  51.617  -9.230  43.685 0.0000000000
76275  52.202  -9.354  44.130 0.0000000000
76274  53.032  -9.574  43.910 0.0000000000
75134  53.246  -10.085  44.387 0.0000000000
75113  51.385  -10.915  44.800 0.0000000000
73931  52.768  -11.786  45.618 0.0000000000
76336  42.596  -10.567  41.018 0.0000000000
76317  43.458  -10.689  41.841 0.0000000000
75171  44.267  -10.595  42.917 0.0000000000
75156  42.348  -11.219  43.012 0.0000000000
73997  43.431  -11.449  44.004 0.0000000000
73921  44.758  -12.718  47.585 0.0000000000
72636  44.477  -12.646  51.202 0.0000000000
72645  44.427  -12.802  50.464 0.0000000000
73898  44.799  -12.536  49.995 0.0000000000
73907  44.880  -12.523  49.434 0.0000000000
72661  44.994  -12.611  48.344 0.0000000000
73920  45.280  -12.469  47.753 0.0000000000
75065  47.368  -11.542  49.626 0.0000000000
75075  47.553  -11.690  48.666 0.0000000000
75073  48.879  -11.255  48.538 0.0000000000
75072  49.578  -11.428  48.723 0.0000000000
67925  34.526  -17.066  48.093 0.0000000000
66787  35.150  -17.220  48.869 0.0000000000
140810  35.429  -17.404  49.416 0.0000000000
64397  33.773  -19.707  50.209 0.0000000000
66773  35.985  -17.412  49.956 0.0000000000
140763  37.640  -17.695  51.617 0.0000000000
54374  31.819  -27.383  57.488 0.0000000000
55705  32.009  -26.909  56.771 0.0000000000
59517  34.223  -24.006  54.424 0.0000000000
59516  34.702  -23.531  54.874 0.0000000000
60659  34.815  -22.594  55.136 0.0000000000
56949  35.088  -26.551  63.645 0.0000000000
56959  35.382  -26.628  62.961 0.0000000000
58257  36.455  -26.139  63.283 0.0000000000
55600  36.415  -26.642  61.935 0.0000000000
55614  36.767  -26.737  60.805 0.0000000000
55628  37.032  -26.599  59.617 0.0000000000
58254  38.478  -24.795  62.803 0.0000000000
60573  39.291  -23.551  62.498 0.0000000000
59448  38.716  -24.114  62.530 0.0000000000
58255  38.189  -24.732  62.269 0.0000000000
56965  37.714  -25.130  61.368 0.0000000000
57006  36.879  -25.335  58.110 0.0000000000
57019  36.900  -24.963  57.405 0.0000000000
59489  37.093  -23.390  58.308 0.0000000000
59496  37.107  -23.666  57.351 0.0000000000
58316  36.301  -23.881  56.331 0.0000000000
60648  35.355  -22.446  55.745 0.0000000000
63096  35.027  -20.569  55.997 0.0000000000
64353  36.146  -20.360  56.675 0.0000000000
63071  36.674  -20.822  57.693 0.0000000000
64354  35.749  -19.906  56.342 0.0000000000
65541  36.399  -19.521  56.791 0.0000000000
64301  38.465  -21.128  59.812 0.0000000000
64312  38.481  -20.906  59.651 0.0000000000
65518  38.485  -19.652  59.880 0.0000000000
60615  40.451  -21.373  59.114 0.0000000000
65539  37.882  -19.171  58.449 0.0000000000
140761  37.539  -18.902  57.185 0.0000000000
140700  38.571  -18.701  57.529 0.0000000000
82954  53.704  -4.062  39.006 0.0000000000
81865  54.904  -5.079  39.001 0.0000000000
80861  54.303  -5.616  39.740 0.0000000000
80868  55.081  -5.846  39.167 0.0000000000
79802  55.393  -6.539  38.770 0.0000000000
79811  55.633  -7.123  38.619 0.0000000000
78650  55.506  -7.658  39.319 0.0000000000
78657  55.858  -7.718  38.919 0.0000000000
34332  19.660  -44.872  69.102 0.0000000000
35495  17.072  -44.784  72.534 0.0000000000
36714  15.662  -43.347  72.165 0.0000000000
36715  15.474  -43.239  72.409 0.0000000000
36736  14.765  -43.714  71.170 0.0000000000
37931  15.412  -43.065  72.051 0.0000000000
37966  13.144  -42.729  70.103 0.0000000000
40339  19.355  -40.826  69.004 0.0000000000
40354  19.000  -40.683  68.665 0.0000000000
42792  16.079  -37.767  60.965 0.0000000000
44985  16.927  -36.062  61.222 0.0000000000
45896  21.847  -35.372  69.312 0.0000000000
47001  21.210  -34.218  66.449 0.0000000000
47004  19.169  -34.119  66.267 0.0000000000
48061  22.099  -33.979  66.510 0.0000000000
48075  22.843  -33.777  65.676 0.0000000000
49239  27.255  -32.446  67.652 0.0000000000
49318  26.901  -32.131  61.926 0.0000000000
50659  25.558  -31.334  60.970 0.0000000000
53120  30.694  -29.148  61.809 0.0000000000
54268  31.439  -28.773  65.436 0.0000000000
54277  31.667  -28.738  64.972 0.0000000000
55583  33.136  -27.536  64.371 0.0000000000
55663  36.591  -25.898  58.078 0.0000000000
56919  33.578  -27.195  65.387 0.0000000000
56946  37.215  -25.628  63.136 0.0000000000
56948  35.699  -26.440  63.547 0.0000000000
56958  36.069  -26.431  62.949 0.0000000000
56990  37.542  -24.774  59.814 0.0000000000
57020  36.504  -25.475  57.238 0.0000000000
58237  38.621  -24.708  63.025 0.0000000000
58241  35.684  -26.364  63.975 0.0000000000
58256  36.616  -25.873  63.379 0.0000000000
58286  37.382  -24.365  59.531 0.0000000000
58318  35.078  -25.136  55.801 0.0000000000
59478  36.990  -23.455  59.502 0.0000000000
60605  37.113  -22.240  60.507 0.0000000000
60618  37.143  -22.737  60.371 0.0000000000
61795  37.359  -21.909  60.786 0.0000000000
61808  37.565  -21.468  60.794 0.0000000000
63039  38.699  -21.382  60.132 0.0000000000
63040  38.298  -21.009  60.852 0.0000000000
63050  39.105  -21.680  59.427 0.0000000000
63051  37.732  -21.149  60.320 0.0000000000
63095  35.794  -20.737  56.402 0.0000000000
64302  38.184  -20.968  60.185 0.0000000000
64314  37.951  -20.958  59.864 0.0000000000
64342  36.454  -19.697  56.980 0.0000000000
65516  40.010  -18.301  59.964 0.0000000000
65529  38.512  -19.039  59.126 0.0000000000
66687  39.099  -18.620  59.553 0.0000000000
68995  41.439  -15.959  53.271 0.0000000000
69010  41.181  -15.746  52.941 0.0000000000
73960  45.864  -11.669  45.754 0.0000000000
75110  53.304  -10.372  44.444 0.0000000000
75119  45.731  -11.537  45.460 0.0000000000
76272  54.040  -9.928  43.264 0.0000000000
76293  53.505  -9.351  43.465 0.0000000000
76358  52.443  -8.611  39.356 0.0000000000
77476  52.154  -9.127  41.430 0.0000000000
77498  45.855  -9.325  39.917 0.0000000000
77535  48.513  -8.123  37.482 0.0000000000
78590  52.271  -9.114  43.494 0.0000000000
78591  52.051  -9.196  43.527 0.0000000000
78604  52.219  -9.168  43.280 0.0000000000
78606  51.361  -9.373  43.137 0.0000000000
78641  55.279  -7.759  39.511 0.0000000000
78651  55.229  -7.468  39.422 0.0000000000
78670  49.978  -6.821  37.184 0.0000000000
79761  53.903  -6.064  39.821 0.0000000000
79789  55.411  -7.282  39.213 0.0000000000
79833  53.560  -6.416  35.931 0.0000000000
80884  54.642  -5.524  37.610 0.0000000000
80909  56.542  -6.480  33.029 0.0000000000
81859  53.373  -4.704  40.003 0.0000000000
140774  38.841  -21.223  59.517 0.0000000000
140794  39.506  -21.535  59.124 0.0000000000
140795  39.598  -22.219  58.619 0.0000000000
140797  39.198  -21.892  59.310 0.0000000000
