#!ascii label  , from subject 3964 vox2ras=TkReg
1451
50458  -42.511  -44.099  74.671 0.0000000000
45834  -27.961  -48.967  81.388 0.0000000000
59690  -49.846  -36.851  60.660 0.0000000000
51683  -37.590  -43.677  65.711 0.0000000000
58407  -44.922  -37.530  67.719 0.0000000000
46929  -34.856  -47.532  80.417 0.0000000000
41444  -35.256  -52.848  76.606 0.0000000000
45986  -31.958  -48.366  69.267 0.0000000000
42607  -24.037  -50.902  77.110 0.0000000000
63240  -50.475  -33.116  58.468 0.0000000000
34264  -31.523  -58.618  75.968 0.0000000000
50543  -39.488  -44.094  70.116 0.0000000000
54817  -40.948  -40.531  67.196 0.0000000000
54756  -43.479  -40.668  71.191 0.0000000000
48121  -38.689  -46.412  76.955 0.0000000000
47005  -33.046  -47.799  74.594 0.0000000000
48192  -36.875  -46.417  72.124 0.0000000000
48231  -35.168  -46.237  68.071 0.0000000000
69384  -50.734  -28.704  55.105 0.0000000000
46979  -27.460  -48.017  76.749 0.0000000000
38054  -27.425  -55.645  73.568 0.0000000000
41470  -29.408  -53.024  74.582 0.0000000000
57211  -47.663  -38.986  64.974 0.0000000000
44780  -31.063  -48.875  82.381 0.0000000000
40292  -31.506  -53.742  78.607 0.0000000000
44824  -30.999  -49.759  78.051 0.0000000000
43807  -31.556  -50.724  73.029 0.0000000000
37926  -22.268  -55.443  80.839 0.0000000000
59563  -50.313  -36.714  70.039 0.0000000000
57145  -53.585  -38.509  67.276 0.0000000000
64448  -53.491  -32.099  62.263 0.0000000000
59645  -55.506  -37.024  63.482 0.0000000000
62023  -57.365  -34.366  60.706 0.0000000000
35459  -25.763  -58.069  79.218 0.0000000000
38008  -34.777  -55.577  76.066 0.0000000000
51597  -41.352  -43.999  72.467 0.0000000000
52666  -41.871  -42.400  70.704 0.0000000000
51600  -43.445  -42.454  73.051 0.0000000000
49271  -40.548  -45.714  76.029 0.0000000000
48160  -37.855  -46.238  74.382 0.0000000000
49315  -39.140  -45.286  73.541 0.0000000000
49358  -38.358  -45.083  71.184 0.0000000000
60885  -48.077  -35.783  58.255 0.0000000000
60887  -50.386  -36.116  58.525 0.0000000000
45854  -27.790  -48.720  78.887 0.0000000000
42647  -27.676  -51.169  75.075 0.0000000000
42590  -28.379  -51.878  77.980 0.0000000000
53796  -38.344  -42.156  64.601 0.0000000000
57138  -42.297  -38.574  67.518 0.0000000000
57183  -41.043  -38.746  65.510 0.0000000000
58444  -43.886  -37.709  65.649 0.0000000000
57229  -44.748  -39.014  63.356 0.0000000000
57162  -46.387  -38.426  66.405 0.0000000000
46916  -32.939  -47.783  82.014 0.0000000000
44806  -30.597  -49.894  80.352 0.0000000000
46950  -32.284  -48.014  79.547 0.0000000000
47031  -32.722  -47.936  72.685 0.0000000000
45905  -31.049  -48.580  73.703 0.0000000000
44897  -30.739  -49.724  71.407 0.0000000000
49421  -36.550  -45.074  67.164 0.0000000000
58367  -52.356  -37.742  69.098 0.0000000000
61962  -51.571  -34.746  64.504 0.0000000000
60822  -52.689  -35.107  61.989 0.0000000000
60826  -56.741  -35.940  62.030 0.0000000000
62020  -54.153  -34.293  60.077 0.0000000000
64525  -56.128  -32.811  56.293 0.0000000000
40289  -22.263  -53.642  78.660 0.0000000000
36737  -24.681  -57.189  79.711 0.0000000000
37980  -23.588  -54.980  76.432 0.0000000000
35537  -29.543  -57.485  74.775 0.0000000000
34227  -28.792  -58.298  78.063 0.0000000000
34212  -30.620  -59.375  78.769 0.0000000000
41412  -32.998  -53.322  78.237 0.0000000000
39191  -33.121  -55.166  78.047 0.0000000000
39193  -35.883  -54.779  78.212 0.0000000000
51662  -38.543  -43.431  67.800 0.0000000000
52718  -39.310  -42.204  66.535 0.0000000000
52691  -40.557  -42.288  68.533 0.0000000000
54788  -42.135  -40.593  69.337 0.0000000000
57101  -43.487  -38.342  69.361 0.0000000000
48083  -37.222  -46.810  78.464 0.0000000000
46967  -34.247  -47.577  77.461 0.0000000000
46984  -36.193  -47.291  76.057 0.0000000000
47034  -35.159  -47.677  73.169 0.0000000000
47056  -34.253  -47.751  71.113 0.0000000000
47089  -33.307  -47.596  68.778 0.0000000000
48205  -36.128  -46.346  70.357 0.0000000000
49389  -37.298  -44.882  69.003 0.0000000000
65791  -50.412  -31.444  56.236 0.0000000000
71495  -52.315  -27.762  57.297 0.0000000000
46992  -25.289  -48.328  76.243 0.0000000000
40333  -24.096  -53.471  73.783 0.0000000000
43784  -26.344  -50.559  73.812 0.0000000000
40375  -29.018  -53.868  72.032 0.0000000000
38085  -31.075  -55.721  72.782 0.0000000000
54844  -39.689  -40.577  64.696 0.0000000000
58491  -46.449  -38.395  62.114 0.0000000000
58493  -48.121  -37.551  62.851 0.0000000000
44777  -29.217  -49.874  82.443 0.0000000000
42558  -28.646  -51.726  80.036 0.0000000000
42560  -30.166  -51.760  80.407 0.0000000000
42575  -30.841  -51.924  79.127 0.0000000000
42611  -32.705  -51.952  76.927 0.0000000000
45876  -31.634  -48.175  76.407 0.0000000000
43752  -31.406  -50.584  75.274 0.0000000000
42631  -33.575  -51.739  74.654 0.0000000000
52616  -44.660  -42.087  75.657 0.0000000000
48022  -28.253  -46.716  83.118 0.0000000000
46895  -32.818  -47.169  83.243 0.0000000000
48025  -34.707  -46.362  82.666 0.0000000000
54722  -45.072  -40.404  74.000 0.0000000000
58310  -45.247  -37.656  73.152 0.0000000000
59547  -46.894  -37.131  71.481 0.0000000000
59535  -49.555  -37.329  72.396 0.0000000000
58387  -47.308  -37.953  69.123 0.0000000000
57141  -49.639  -39.098  68.030 0.0000000000
57190  -50.331  -38.881  66.248 0.0000000000
58480  -51.736  -38.236  63.866 0.0000000000
63152  -54.027  -34.035  66.681 0.0000000000
58466  -54.594  -38.031  65.164 0.0000000000
58511  -53.165  -38.088  62.161 0.0000000000
59694  -54.598  -37.121  60.508 0.0000000000
63266  -54.271  -33.227  57.811 0.0000000000
34180  -23.513  -58.120  80.604 0.0000000000
34259  -25.424  -58.636  75.627 0.0000000000
36783  -26.943  -57.110  76.952 0.0000000000
33004  -27.400  -60.126  78.238 0.0000000000
40313  -30.477  -54.067  77.063 0.0000000000
39243  -32.256  -54.908  74.864 0.0000000000
36855  -34.040  -57.049  73.819 0.0000000000
35514  -36.318  -58.053  74.909 0.0000000000
50483  -41.698  -44.198  73.593 0.0000000000
51599  -42.711  -42.826  72.661 0.0000000000
51585  -42.729  -43.571  73.840 0.0000000000
50457  -41.467  -44.711  74.843 0.0000000000
50455  -39.700  -45.259  74.412 0.0000000000
50482  -40.701  -44.632  73.709 0.0000000000
50504  -39.766  -44.834  72.772 0.0000000000
59689  -48.747  -36.623  60.664 0.0000000000
60857  -48.657  -36.042  59.065 0.0000000000
60886  -49.132  -35.836  58.347 0.0000000000
59715  -50.378  -36.649  59.783 0.0000000000
45845  -27.824  -48.872  80.140 0.0000000000
43716  -27.735  -50.410  77.599 0.0000000000
43704  -27.872  -51.101  79.711 0.0000000000
50606  -37.222  -44.309  65.217 0.0000000000
52741  -38.069  -42.771  64.920 0.0000000000
58383  -43.440  -37.960  68.230 0.0000000000
58426  -42.766  -37.719  66.634 0.0000000000
58427  -43.932  -37.573  66.634 0.0000000000
58445  -44.891  -38.025  65.750 0.0000000000
58429  -45.705  -37.895  66.990 0.0000000000
46928  -33.965  -47.712  80.844 0.0000000000
46938  -32.316  -48.182  80.672 0.0000000000
46940  -33.977  -47.584  79.756 0.0000000000
47054  -32.532  -48.195  70.594 0.0000000000
45926  -31.606  -48.400  71.699 0.0000000000
45937  -31.419  -48.615  70.760 0.0000000000
44935  -30.885  -50.202  69.573 0.0000000000
50584  -37.429  -44.176  66.611 0.0000000000
49437  -36.241  -45.327  66.419 0.0000000000
50594  -37.161  -44.384  65.905 0.0000000000
60820  -51.257  -34.505  61.602 0.0000000000
62000  -52.024  -34.363  60.393 0.0000000000
62001  -53.211  -34.502  60.653 0.0000000000
63220  -51.658  -33.753  59.060 0.0000000000
42587  -23.146  -51.999  77.555 0.0000000000
39187  -22.748  -54.631  77.324 0.0000000000
40311  -23.264  -53.287  75.807 0.0000000000
34287  -30.728  -58.073  75.139 0.0000000000
34262  -29.843  -58.009  75.917 0.0000000000
34245  -30.733  -58.739  77.072 0.0000000000
33006  -31.422  -59.763  78.444 0.0000000000
34246  -31.927  -59.131  77.286 0.0000000000
40304  -34.841  -53.426  77.856 0.0000000000
40295  -35.081  -54.245  78.332 0.0000000000
40305  -35.940  -54.231  77.838 0.0000000000
51635  -39.374  -43.639  69.187 0.0000000000
51663  -39.112  -43.258  68.266 0.0000000000
52677  -40.418  -43.111  69.466 0.0000000000
53695  -42.964  -41.231  71.135 0.0000000000
53710  -42.016  -41.616  70.110 0.0000000000
54772  -42.843  -40.550  70.436 0.0000000000
55915  -42.735  -39.811  69.437 0.0000000000
55905  -43.399  -39.852  70.704 0.0000000000
48103  -37.975  -46.747  77.660 0.0000000000
48101  -36.175  -47.124  77.557 0.0000000000
48120  -37.725  -46.709  76.583 0.0000000000
49313  -37.534  -46.306  73.335 0.0000000000
48146  -36.669  -46.759  74.497 0.0000000000
48177  -36.376  -46.987  72.693 0.0000000000
47045  -34.993  -47.757  72.323 0.0000000000
48191  -36.104  -46.945  71.582 0.0000000000
48204  -35.162  -47.165  70.737 0.0000000000
49356  -36.688  -46.234  71.221 0.0000000000
50527  -39.053  -44.502  70.666 0.0000000000
49371  -37.667  -45.140  70.186 0.0000000000
50542  -38.972  -44.087  69.534 0.0000000000
50556  -37.726  -44.370  68.418 0.0000000000
46994  -26.325  -48.094  76.028 0.0000000000
45895  -25.943  -49.277  74.954 0.0000000000
44847  -26.457  -49.131  75.188 0.0000000000
41469  -28.831  -52.426  74.552 0.0000000000
42698  -28.215  -52.188  73.118 0.0000000000
41486  -29.284  -52.907  73.644 0.0000000000
39290  -30.104  -54.654  72.512 0.0000000000
40348  -30.598  -54.024  73.646 0.0000000000
53768  -40.410  -41.170  66.690 0.0000000000
53783  -39.390  -41.315  65.112 0.0000000000
54830  -40.449  -40.492  65.978 0.0000000000
57226  -41.810  -38.140  63.557 0.0000000000
57205  -40.826  -38.610  64.456 0.0000000000
57244  -41.729  -38.669  62.555 0.0000000000
57231  -46.463  -38.863  63.766 0.0000000000
57248  -45.396  -39.148  62.684 0.0000000000
57250  -46.995  -38.654  63.256 0.0000000000
58492  -47.196  -37.984  62.484 0.0000000000
58476  -47.562  -38.194  63.275 0.0000000000
44773  -29.902  -49.141  83.228 0.0000000000
42532  -29.531  -50.962  81.615 0.0000000000
43682  -30.106  -50.471  82.045 0.0000000000
44814  -30.737  -49.893  79.206 0.0000000000
43696  -30.560  -50.908  79.908 0.0000000000
42592  -31.143  -51.413  78.398 0.0000000000
42593  -31.810  -51.922  77.951 0.0000000000
43719  -31.583  -50.994  77.050 0.0000000000
46981  -33.655  -47.633  76.617 0.0000000000
46980  -32.503  -47.751  76.824 0.0000000000
46995  -32.343  -47.893  75.504 0.0000000000
43786  -31.096  -50.295  73.458 0.0000000000
44864  -30.873  -49.328  74.665 0.0000000000
43787  -31.717  -50.739  73.796 0.0000000000
42649  -32.217  -51.116  74.503 0.0000000000
48230  -34.273  -46.945  68.561 0.0000000000
48024  -33.927  -46.610  82.923 0.0000000000
48051  -38.454  -46.052  80.207 0.0000000000
53658  -44.932  -41.244  74.465 0.0000000000
58296  -45.779  -37.203  73.960 0.0000000000
59516  -46.270  -36.794  73.384 0.0000000000
59531  -45.642  -37.112  72.508 0.0000000000
59517  -47.407  -36.686  73.239 0.0000000000
59536  -50.260  -36.935  71.912 0.0000000000
58343  -48.647  -37.788  71.221 0.0000000000
58363  -48.774  -38.228  70.198 0.0000000000
57120  -48.950  -38.601  69.412 0.0000000000
57103  -49.643  -38.421  69.605 0.0000000000
57107  -53.097  -38.374  68.528 0.0000000000
57123  -51.572  -38.804  68.362 0.0000000000
57167  -52.135  -38.874  66.831 0.0000000000
58462  -50.866  -38.245  64.809 0.0000000000
57192  -52.641  -38.850  65.795 0.0000000000
64425  -54.056  -32.272  64.531 0.0000000000
59626  -53.700  -36.413  64.528 0.0000000000
59605  -53.521  -36.643  65.601 0.0000000000
59628  -54.883  -37.215  64.226 0.0000000000
58498  -53.914  -38.459  63.213 0.0000000000
58512  -54.700  -37.840  62.310 0.0000000000
59693  -53.494  -37.194  60.450 0.0000000000
58513  -55.666  -37.263  62.372 0.0000000000
61988  -57.103  -35.537  61.516 0.0000000000
60841  -56.530  -36.252  60.452 0.0000000000
60842  -57.381  -35.776  61.063 0.0000000000
67066  -50.419  -30.355  55.540 0.0000000000
64521  -52.197  -32.466  56.447 0.0000000000
64544  -52.686  -32.024  55.834 0.0000000000
35458  -25.040  -57.835  79.556 0.0000000000
34194  -24.640  -58.148  79.767 0.0000000000
34206  -25.035  -58.660  79.235 0.0000000000
34240  -24.511  -58.581  76.707 0.0000000000
34241  -25.724  -59.395  77.238 0.0000000000
38052  -25.632  -54.639  73.471 0.0000000000
38005  -25.524  -55.472  75.135 0.0000000000
36802  -26.701  -56.272  75.523 0.0000000000
34209  -28.205  -58.951  78.969 0.0000000000
31830  -29.275  -60.421  76.028 0.0000000000
41409  -29.914  -52.982  79.389 0.0000000000
41424  -29.272  -52.838  78.297 0.0000000000
40301  -30.575  -54.023  78.234 0.0000000000
37982  -34.131  -55.452  77.061 0.0000000000
39223  -32.456  -54.866  76.049 0.0000000000
38007  -33.876  -55.426  75.715 0.0000000000
38059  -33.127  -55.943  73.664 0.0000000000
38033  -34.447  -55.877  74.932 0.0000000000
34292  -35.277  -58.469  74.744 0.0000000000
51622  -40.471  -43.921  70.924 0.0000000000
51623  -41.029  -43.273  70.599 0.0000000000
51612  -41.802  -42.966  71.606 0.0000000000
52654  -42.737  -42.120  71.758 0.0000000000
53682  -43.983  -41.251  72.254 0.0000000000
49250  -40.017  -45.920  76.471 0.0000000000
48136  -38.418  -46.406  75.980 0.0000000000
49270  -39.656  -45.833  75.705 0.0000000000
49314  -38.135  -45.937  73.697 0.0000000000
49338  -37.609  -46.084  72.692 0.0000000000
49357  -37.466  -45.676  71.507 0.0000000000
50503  -39.124  -45.044  72.469 0.0000000000
50516  -40.020  -44.311  71.585 0.0000000000
60888  -51.442  -36.107  58.230 0.0000000000
46964  -27.517  -47.512  77.484 0.0000000000
45873  -27.372  -48.580  76.256 0.0000000000
44822  -27.662  -50.124  77.287 0.0000000000
42609  -27.920  -51.821  76.882 0.0000000000
41453  -28.494  -52.347  76.014 0.0000000000
55941  -41.503  -39.670  67.459 0.0000000000
55955  -41.025  -39.596  66.435 0.0000000000
57160  -41.833  -38.365  66.666 0.0000000000
58442  -42.067  -37.616  65.408 0.0000000000
58475  -43.592  -38.272  64.084 0.0000000000
57228  -43.783  -38.732  63.363 0.0000000000
58459  -44.553  -38.335  65.066 0.0000000000
57186  -45.976  -38.568  65.395 0.0000000000
57187  -47.057  -38.870  65.725 0.0000000000
45826  -31.634  -48.762  82.100 0.0000000000
45835  -31.064  -49.032  81.645 0.0000000000
45836  -31.819  -48.557  81.312 0.0000000000
45847  -31.542  -48.445  80.187 0.0000000000
45865  -30.946  -48.900  78.449 0.0000000000
47015  -32.886  -47.836  73.613 0.0000000000
47004  -32.221  -47.909  74.420 0.0000000000
47030  -31.988  -48.038  72.667 0.0000000000
45918  -31.013  -48.802  72.613 0.0000000000
43806  -31.052  -50.452  72.228 0.0000000000
42700  -31.879  -51.103  72.191 0.0000000000
42714  -31.423  -50.958  71.120 0.0000000000
49420  -35.864  -45.601  67.414 0.0000000000
49436  -35.624  -45.870  66.394 0.0000000000
61894  -50.715  -34.241  69.702 0.0000000000
59564  -51.111  -36.794  69.453 0.0000000000
60682  -51.954  -35.695  69.186 0.0000000000
61897  -53.533  -34.679  69.038 0.0000000000
59568  -54.333  -36.224  69.067 0.0000000000
64445  -51.767  -32.305  61.427 0.0000000000
63185  -52.447  -33.183  63.712 0.0000000000
61969  -50.783  -34.048  62.909 0.0000000000
60777  -51.982  -35.505  63.364 0.0000000000
60800  -54.494  -35.798  63.306 0.0000000000
60802  -56.174  -36.210  62.541 0.0000000000
60824  -55.333  -35.461  62.633 0.0000000000
62003  -55.696  -34.528  61.322 0.0000000000
62022  -56.402  -34.267  60.838 0.0000000000
69396  -51.452  -28.226  54.329 0.0000000000
65807  -53.093  -31.483  55.293 0.0000000000
65829  -54.384  -30.858  54.778 0.0000000000
40286  -22.008  -53.609  79.747 0.0000000000
37927  -22.651  -55.850  80.051 0.0000000000
37940  -23.069  -55.741  78.766 0.0000000000
37941  -23.822  -55.821  78.136 0.0000000000
36766  -24.957  -56.439  77.716 0.0000000000
36849  -28.523  -56.334  73.712 0.0000000000
36803  -27.855  -56.916  75.774 0.0000000000
35512  -29.320  -57.770  75.800 0.0000000000
34228  -29.972  -58.654  78.156 0.0000000000
32994  -29.628  -59.739  79.096 0.0000000000
31822  -29.504  -60.597  77.140 0.0000000000
31813  -30.583  -60.706  78.279 0.0000000000
40293  -32.622  -53.980  78.592 0.0000000000
39174  -32.043  -54.112  78.614 0.0000000000
39176  -33.417  -54.811  78.645 0.0000000000
37961  -34.864  -55.323  78.127 0.0000000000
37984  -35.849  -55.602  77.479 0.0000000000
51661  -38.134  -43.564  67.322 0.0000000000
52728  -38.138  -43.029  66.118 0.0000000000
52701  -38.849  -43.016  67.503 0.0000000000
52703  -40.363  -41.950  67.728 0.0000000000
53738  -41.004  -41.336  68.098 0.0000000000
52679  -41.593  -42.005  69.741 0.0000000000
53739  -41.402  -41.257  68.713 0.0000000000
54803  -41.611  -40.551  68.461 0.0000000000
55928  -42.056  -39.711  68.405 0.0000000000
57118  -42.902  -38.681  68.646 0.0000000000
58384  -43.999  -37.670  68.606 0.0000000000
46930  -35.683  -47.209  79.921 0.0000000000
46941  -34.836  -47.406  79.297 0.0000000000
46954  -35.653  -47.207  77.814 0.0000000000
46968  -35.122  -47.478  77.196 0.0000000000
46998  -35.031  -47.535  75.595 0.0000000000
48134  -36.825  -46.791  75.304 0.0000000000
47008  -35.490  -47.426  74.896 0.0000000000
47017  -34.576  -47.803  73.898 0.0000000000
47033  -34.408  -47.897  73.002 0.0000000000
47043  -33.437  -47.973  71.882 0.0000000000
47069  -33.315  -47.893  69.892 0.0000000000
47068  -32.601  -48.134  69.492 0.0000000000
47090  -33.895  -47.442  69.452 0.0000000000
48216  -34.537  -47.162  69.808 0.0000000000
49387  -35.966  -45.987  69.282 0.0000000000
49370  -36.878  -45.780  70.555 0.0000000000
49388  -36.500  -45.552  69.511 0.0000000000
49402  -35.885  -45.757  68.658 0.0000000000
49404  -37.257  -44.733  68.392 0.0000000000
50569  -37.832  -44.073  67.515 0.0000000000
64504  -50.515  -32.504  57.166 0.0000000000
67041  -51.023  -30.558  57.532 0.0000000000
69350  -51.449  -29.037  56.921 0.0000000000
71507  -51.365  -27.683  56.182 0.0000000000
71525  -51.837  -26.512  55.977 0.0000000000
72643  -51.960  -25.926  54.563 0.0000000000
44831  -24.359  -49.624  76.633 0.0000000000
42625  -23.836  -51.459  75.442 0.0000000000
43763  -24.546  -50.426  74.650 0.0000000000
41497  -24.660  -52.246  72.814 0.0000000000
40362  -26.212  -53.506  71.994 0.0000000000
43766  -27.170  -50.511  74.532 0.0000000000
42713  -27.444  -52.191  72.245 0.0000000000
39288  -28.025  -54.555  72.224 0.0000000000
38083  -29.315  -55.603  72.709 0.0000000000
36851  -30.594  -56.810  73.286 0.0000000000
35561  -31.814  -57.408  73.593 0.0000000000
52729  -38.656  -42.385  65.780 0.0000000000
53797  -38.698  -41.571  64.454 0.0000000000
55969  -40.551  -39.487  65.272 0.0000000000
59664  -48.134  -36.833  61.347 0.0000000000
59665  -49.149  -36.973  61.614 0.0000000000
45824  -28.377  -49.042  82.387 0.0000000000
43695  -28.139  -51.127  80.893 0.0000000000
43686  -28.723  -50.769  81.528 0.0000000000
42545  -29.533  -51.437  80.998 0.0000000000
41398  -30.321  -52.466  79.598 0.0000000000
43687  -30.362  -50.617  81.138 0.0000000000
41410  -30.840  -52.951  78.857 0.0000000000
41425  -32.518  -52.693  78.054 0.0000000000
41426  -33.149  -52.722  77.752 0.0000000000
41442  -34.026  -52.625  76.789 0.0000000000
46966  -33.282  -47.642  77.782 0.0000000000
45866  -31.555  -48.175  77.676 0.0000000000
45875  -31.042  -48.780  77.241 0.0000000000
45896  -31.135  -48.676  74.925 0.0000000000
44849  -30.989  -49.409  75.762 0.0000000000
43733  -31.229  -50.250  76.520 0.0000000000
42629  -32.070  -51.144  75.671 0.0000000000
42630  -33.005  -51.662  75.422 0.0000000000
47111  -33.058  -47.532  67.595 0.0000000000
50434  -43.162  -43.838  75.594 0.0000000000
51572  -43.536  -43.349  74.771 0.0000000000
41396  -22.452  -52.352  79.493 0.0000000000
44821  -24.301  -49.351  77.418 0.0000000000
45863  -24.798  -48.243  77.001 0.0000000000
48116  -25.621  -47.179  77.227 0.0000000000
48065  -27.698  -46.767  79.369 0.0000000000
46937  -27.803  -47.667  79.760 0.0000000000
46925  -27.842  -47.728  81.075 0.0000000000
46914  -28.024  -47.800  82.305 0.0000000000
46901  -28.606  -47.857  83.081 0.0000000000
45803  -29.633  -48.765  83.385 0.0000000000
45804  -30.463  -48.493  83.422 0.0000000000
48014  -31.781  -46.637  83.732 0.0000000000
45815  -31.861  -48.301  82.858 0.0000000000
46904  -32.741  -47.610  82.685 0.0000000000
46905  -33.798  -47.181  82.474 0.0000000000
46907  -35.404  -46.961  81.659 0.0000000000
46919  -35.625  -47.193  80.962 0.0000000000
48067  -37.445  -46.661  79.519 0.0000000000
48084  -38.226  -46.601  78.692 0.0000000000
50433  -42.278  -44.655  76.007 0.0000000000
52623  -44.004  -42.611  74.467 0.0000000000
53671  -44.676  -41.196  73.580 0.0000000000
54740  -44.532  -40.644  72.861 0.0000000000
57041  -45.576  -38.761  74.650 0.0000000000
57053  -45.111  -38.696  73.649 0.0000000000
57065  -44.476  -39.272  72.382 0.0000000000
58323  -44.456  -38.276  71.592 0.0000000000
58341  -44.960  -37.392  70.781 0.0000000000
58360  -45.585  -37.241  69.877 0.0000000000
59534  -48.632  -37.433  72.199 0.0000000000
59562  -47.265  -37.443  70.791 0.0000000000
58386  -46.307  -37.518  68.867 0.0000000000
58409  -46.965  -38.186  68.085 0.0000000000
57163  -47.459  -38.766  67.106 0.0000000000
57188  -48.114  -39.154  66.023 0.0000000000
57122  -50.551  -38.815  68.572 0.0000000000
57165  -49.920  -39.148  67.104 0.0000000000
57212  -48.746  -38.768  65.122 0.0000000000
58461  -49.659  -38.149  64.578 0.0000000000
58495  -50.175  -37.571  62.898 0.0000000000
58509  -50.834  -37.605  62.003 0.0000000000
63141  -54.936  -33.955  67.755 0.0000000000
60712  -54.801  -35.975  67.610 0.0000000000
61953  -52.853  -34.834  66.002 0.0000000000
60728  -53.910  -36.239  66.986 0.0000000000
57170  -54.221  -38.189  66.502 0.0000000000
58464  -53.365  -38.857  64.730 0.0000000000
58497  -52.516  -38.292  62.992 0.0000000000
59691  -51.135  -37.194  60.778 0.0000000000
59692  -52.390  -37.236  60.547 0.0000000000
59717  -52.472  -36.814  59.697 0.0000000000
59746  -53.077  -36.241  58.667 0.0000000000
59695  -55.769  -36.807  60.799 0.0000000000
59719  -54.766  -36.552  59.780 0.0000000000
60890  -53.193  -35.825  58.076 0.0000000000
63264  -52.011  -33.241  57.658 0.0000000000
63244  -54.717  -33.617  58.615 0.0000000000
63224  -56.560  -33.906  59.992 0.0000000000
64523  -54.389  -32.458  56.366 0.0000000000
63246  -57.407  -33.601  59.161 0.0000000000
63225  -57.920  -34.053  59.987 0.0000000000
35431  -24.151  -57.682  80.415 0.0000000000
39221  -23.934  -54.414  75.051 0.0000000000
36781  -25.071  -56.103  76.546 0.0000000000
36767  -26.101  -57.259  78.097 0.0000000000
35489  -27.633  -57.562  77.284 0.0000000000
34208  -27.139  -58.715  79.050 0.0000000000
32991  -26.731  -59.359  79.063 0.0000000000
34242  -26.460  -59.615  76.932 0.0000000000
42573  -28.330  -51.884  79.013 0.0000000000
41440  -29.065  -53.068  76.947 0.0000000000
40324  -30.191  -53.680  75.888 0.0000000000
39203  -31.119  -54.315  77.420 0.0000000000
40325  -30.945  -54.150  75.974 0.0000000000
40336  -31.100  -54.173  74.712 0.0000000000
39265  -32.003  -55.027  73.855 0.0000000000
36853  -32.287  -56.578  73.295 0.0000000000
34310  -32.954  -58.074  74.185 0.0000000000
37985  -36.936  -55.450  77.529 0.0000000000
38010  -36.518  -55.992  76.705 0.0000000000
36828  -36.009  -56.604  74.846 0.0000000000
35541  -35.000  -57.928  74.305 0.0000000000
34291  -34.317  -58.547  74.731 0.0000000000
34265  -32.631  -58.868  75.941 0.0000000000
50484  -42.238  -43.885  73.946 0.0000000000
51584  -42.132  -43.831  73.549 0.0000000000
59713  -48.053  -36.258  59.876 0.0000000000
59714  -49.246  -36.452  59.842 0.0000000000
60858  -49.703  -36.241  59.110 0.0000000000
44813  -27.733  -49.939  79.237 0.0000000000
44805  -27.843  -50.080  80.535 0.0000000000
58406  -44.013  -37.617  67.580 0.0000000000
58428  -44.854  -37.694  66.767 0.0000000000
45963  -31.961  -48.383  70.120 0.0000000000
45938  -31.893  -48.321  70.871 0.0000000000
63219  -50.751  -33.489  59.329 0.0000000000
61999  -51.143  -34.016  60.030 0.0000000000
62017  -51.289  -33.850  59.524 0.0000000000
62018  -51.884  -34.061  59.645 0.0000000000
42605  -23.134  -52.379  76.895 0.0000000000
41437  -23.049  -52.827  76.782 0.0000000000
41438  -23.200  -52.652  76.383 0.0000000000
34288  -31.143  -58.204  75.047 0.0000000000
40315  -35.013  -53.046  77.093 0.0000000000
40316  -35.764  -53.279  77.071 0.0000000000
51636  -40.085  -43.513  69.789 0.0000000000
53696  -43.497  -41.232  71.587 0.0000000000
54755  -43.085  -40.831  70.944 0.0000000000
54773  -43.166  -40.249  70.661 0.0000000000
55892  -43.920  -39.833  71.318 0.0000000000
48178  -37.057  -46.567  73.055 0.0000000000
48176  -35.678  -47.426  72.465 0.0000000000
50526  -38.406  -44.621  70.030 0.0000000000
46978  -26.922  -47.696  76.559 0.0000000000
45886  -26.749  -48.555  75.741 0.0000000000
40347  -29.939  -53.350  74.035 0.0000000000
40365  -30.325  -54.116  72.845 0.0000000000
58473  -42.482  -38.070  63.724 0.0000000000
57210  -46.722  -38.932  64.677 0.0000000000
57232  -47.372  -38.679  64.005 0.0000000000
44779  -30.330  -49.432  82.731 0.0000000000
44786  -30.671  -49.557  81.939 0.0000000000
43705  -30.866  -50.808  78.763 0.0000000000
43718  -31.248  -50.685  77.692 0.0000000000
46996  -33.257  -47.731  75.630 0.0000000000
42674  -32.190  -51.026  73.445 0.0000000000
48250  -34.515  -46.611  67.395 0.0000000000
59550  -50.067  -36.698  70.889 0.0000000000
60671  -50.210  -35.508  71.298 0.0000000000
58327  -49.743  -37.367  71.199 0.0000000000
58345  -49.866  -37.510  70.536 0.0000000000
58364  -49.480  -38.086  70.174 0.0000000000
58365  -50.305  -37.757  69.805 0.0000000000
57125  -53.427  -38.429  68.043 0.0000000000
57124  -52.534  -38.741  68.201 0.0000000000
57144  -52.792  -38.818  67.500 0.0000000000
57168  -53.161  -38.807  66.680 0.0000000000
66972  -53.796  -30.891  61.610 0.0000000000
65703  -53.902  -31.460  62.341 0.0000000000
65689  -54.087  -31.342  63.387 0.0000000000
64437  -53.775  -32.053  63.151 0.0000000000
60779  -54.852  -36.513  63.899 0.0000000000
58499  -55.003  -37.883  63.695 0.0000000000
58500  -55.520  -37.342  63.017 0.0000000000
62005  -57.540  -35.091  61.103 0.0000000000
60843  -57.823  -35.310  60.820 0.0000000000
62006  -58.067  -35.123  60.691 0.0000000000
67085  -50.474  -29.876  55.167 0.0000000000
65825  -50.936  -30.918  55.302 0.0000000000
65826  -51.542  -30.914  55.046 0.0000000000
37913  -22.799  -56.225  81.158 0.0000000000
34224  -25.642  -59.383  78.601 0.0000000000
38053  -26.339  -54.917  73.306 0.0000000000
38029  -26.447  -55.610  74.489 0.0000000000
36823  -27.007  -55.959  74.707 0.0000000000
31829  -28.694  -60.223  76.090 0.0000000000
40291  -30.632  -53.599  78.804 0.0000000000
40290  -29.931  -53.628  78.634 0.0000000000
51610  -40.569  -44.076  71.499 0.0000000000
51611  -41.103  -43.834  71.754 0.0000000000
51613  -42.345  -42.581  71.894 0.0000000000
52643  -43.156  -42.351  72.523 0.0000000000
52644  -43.616  -41.963  72.615 0.0000000000
50481  -39.900  -44.883  73.852 0.0000000000
49339  -38.486  -45.354  72.479 0.0000000000
49340  -39.128  -45.125  72.810 0.0000000000
50505  -40.867  -44.278  72.548 0.0000000000
50517  -40.647  -44.139  71.830 0.0000000000
60856  -47.643  -36.034  58.903 0.0000000000
46949  -27.777  -47.622  78.602 0.0000000000
44833  -27.785  -49.063  77.321 0.0000000000
45864  -27.835  -48.505  77.827 0.0000000000
43717  -27.828  -50.960  78.255 0.0000000000
43732  -27.880  -51.450  77.551 0.0000000000
41439  -28.713  -52.350  77.388 0.0000000000
52751  -37.622  -42.776  63.767 0.0000000000
57137  -41.878  -38.970  67.338 0.0000000000
57161  -42.279  -38.208  66.948 0.0000000000
58425  -42.346  -37.653  66.094 0.0000000000
58443  -43.000  -37.582  65.501 0.0000000000
58457  -42.997  -37.752  64.599 0.0000000000
58458  -43.876  -38.184  64.726 0.0000000000
58446  -45.573  -38.121  66.220 0.0000000000
57185  -45.240  -38.580  64.946 0.0000000000
45816  -32.230  -48.201  82.281 0.0000000000
45837  -32.279  -48.242  81.504 0.0000000000
45856  -31.504  -48.316  78.953 0.0000000000
47014  -32.117  -47.937  73.468 0.0000000000
45925  -30.969  -48.957  71.577 0.0000000000
44890  -30.787  -49.587  72.479 0.0000000000
42699  -31.273  -50.772  71.696 0.0000000000
43816  -30.953  -50.440  71.209 0.0000000000
60681  -50.869  -35.598  69.495 0.0000000000
64351  -53.779  -32.968  68.751 0.0000000000
63105  -53.387  -33.615  68.957 0.0000000000
60684  -53.697  -35.728  69.072 0.0000000000
63107  -54.486  -34.255  68.675 0.0000000000
63206  -50.484  -32.659  59.759 0.0000000000
64466  -50.829  -32.301  60.313 0.0000000000
63191  -51.184  -33.064  61.976 0.0000000000
61976  -50.736  -34.024  61.969 0.0000000000
60821  -51.655  -34.747  61.698 0.0000000000
60798  -51.819  -35.178  62.393 0.0000000000
60799  -53.037  -35.568  62.905 0.0000000000
60823  -54.018  -35.225  62.416 0.0000000000
62019  -52.924  -34.221  59.824 0.0000000000
62002  -54.479  -34.515  60.990 0.0000000000
62021  -55.412  -34.228  60.461 0.0000000000
68286  -52.491  -28.643  54.010 0.0000000000
68274  -52.259  -29.256  54.175 0.0000000000
39163  -22.170  -54.821  79.192 0.0000000000
39173  -22.423  -54.755  78.076 0.0000000000
37979  -23.089  -54.827  76.993 0.0000000000
37957  -23.207  -55.278  77.544 0.0000000000
37958  -24.159  -55.699  77.331 0.0000000000
36765  -24.315  -56.082  78.046 0.0000000000
36826  -29.461  -57.067  74.125 0.0000000000
35536  -28.906  -57.384  75.282 0.0000000000
34211  -30.183  -59.206  78.853 0.0000000000
31804  -30.038  -60.285  78.769 0.0000000000
32995  -30.441  -59.726  78.896 0.0000000000
33020  -31.984  -59.612  77.958 0.0000000000
31806  -31.162  -60.079  78.637 0.0000000000
40294  -33.958  -53.895  78.422 0.0000000000
39178  -35.309  -54.671  78.379 0.0000000000
39177  -34.601  -54.728  78.566 0.0000000000
39192  -35.354  -54.947  78.462 0.0000000000
37962  -35.914  -55.180  78.152 0.0000000000
51676  -38.276  -43.327  67.202 0.0000000000
52702  -39.498  -42.722  67.797 0.0000000000
52665  -41.378  -42.854  70.430 0.0000000000
52678  -40.975  -42.814  69.670 0.0000000000
53725  -42.085  -41.161  69.764 0.0000000000
53724  -41.719  -41.224  69.296 0.0000000000
54787  -41.787  -40.772  69.074 0.0000000000
54804  -41.919  -40.291  68.759 0.0000000000
55927  -41.703  -39.980  68.131 0.0000000000
57100  -43.149  -39.184  69.746 0.0000000000
57119  -43.401  -38.141  68.716 0.0000000000
48066  -36.485  -46.929  79.276 0.0000000000
46942  -35.623  -47.149  78.806 0.0000000000
48082  -36.315  -46.995  78.209 0.0000000000
46970  -36.443  -47.168  76.514 0.0000000000
46969  -35.976  -47.317  76.957 0.0000000000
46983  -35.430  -47.467  76.303 0.0000000000
46999  -35.676  -47.417  75.594 0.0000000000
48148  -38.223  -46.278  75.052 0.0000000000
48135  -37.584  -46.632  75.617 0.0000000000
48147  -37.415  -46.516  74.775 0.0000000000
48157  -35.818  -47.282  73.361 0.0000000000
48145  -35.875  -46.989  74.258 0.0000000000
47018  -35.288  -47.495  74.040 0.0000000000
47057  -34.824  -47.617  71.590 0.0000000000
47044  -34.271  -47.911  72.104 0.0000000000
47055  -33.365  -48.049  70.894 0.0000000000
47070  -33.995  -47.636  70.260 0.0000000000
48203  -34.489  -47.413  70.476 0.0000000000
48217  -35.386  -46.446  69.389 0.0000000000
48218  -36.019  -46.110  69.619 0.0000000000
49403  -36.718  -45.098  68.180 0.0000000000
50557  -38.408  -44.036  68.618 0.0000000000
50570  -38.162  -44.035  68.062 0.0000000000
69338  -52.135  -29.005  57.524 0.0000000000
70421  -52.247  -28.307  57.431 0.0000000000
70433  -51.692  -28.202  56.796 0.0000000000
72608  -52.241  -26.165  56.250 0.0000000000
72625  -52.396  -25.691  56.045 0.0000000000
72623  -51.504  -26.402  55.026 0.0000000000
73729  -52.287  -25.531  55.508 0.0000000000
45883  -24.652  -49.057  76.262 0.0000000000
44845  -24.526  -49.677  75.772 0.0000000000
44846  -24.996  -49.431  75.221 0.0000000000
44877  -25.733  -50.220  74.129 0.0000000000
43783  -25.270  -50.687  73.640 0.0000000000
43803  -25.714  -51.104  73.103 0.0000000000
41498  -25.315  -52.328  72.353 0.0000000000
42695  -25.954  -51.687  72.447 0.0000000000
43750  -27.555  -50.540  75.756 0.0000000000
41500  -28.392  -52.543  72.548 0.0000000000
42697  -27.589  -51.835  72.860 0.0000000000
41510  -27.982  -52.758  71.944 0.0000000000
40373  -27.582  -53.294  71.790 0.0000000000
39310  -28.512  -54.069  71.971 0.0000000000
38082  -28.251  -55.247  72.681 0.0000000000
39289  -29.035  -54.543  72.207 0.0000000000
38084  -30.322  -55.536  72.628 0.0000000000
36876  -31.168  -56.352  72.975 0.0000000000
35560  -30.962  -57.427  73.723 0.0000000000
36852  -31.418  -56.857  73.267 0.0000000000
54829  -39.957  -40.840  65.337 0.0000000000
53798  -39.251  -40.891  64.371 0.0000000000
55986  -40.173  -39.176  63.105 0.0000000000
57261  -45.886  -38.840  62.091 0.0000000000
58506  -46.736  -37.753  61.510 0.0000000000
59642  -47.506  -37.330  61.716 0.0000000000
59643  -48.114  -37.193  62.105 0.0000000000
59644  -48.749  -37.189  62.339 0.0000000000
44785  -28.799  -49.980  82.229 0.0000000000
42546  -29.956  -51.200  81.472 0.0000000000
41397  -29.983  -52.420  79.954 0.0000000000
44796  -30.653  -49.673  81.227 0.0000000000
42576  -31.308  -52.527  78.595 0.0000000000
41411  -31.939  -53.094  78.458 0.0000000000
42594  -32.557  -52.354  77.731 0.0000000000
41441  -33.452  -52.516  77.152 0.0000000000
46952  -34.042  -47.553  78.576 0.0000000000
45897  -31.555  -48.176  74.170 0.0000000000
43767  -31.014  -50.097  74.504 0.0000000000
43751  -31.087  -50.081  75.491 0.0000000000
43734  -31.544  -50.752  76.148 0.0000000000
41456  -34.166  -52.160  75.630 0.0000000000
47088  -32.363  -48.061  68.397 0.0000000000
41395  -22.180  -52.729  80.405 0.0000000000
45862  -24.512  -48.428  77.669 0.0000000000
48081  -27.486  -46.641  78.514 0.0000000000
46902  -28.131  -47.378  82.725 0.0000000000
46893  -31.035  -47.451  83.882 0.0000000000
48015  -32.670  -46.571  83.512 0.0000000000
46894  -32.006  -47.458  83.465 0.0000000000
46903  -32.364  -47.674  83.086 0.0000000000
46906  -34.795  -47.107  82.132 0.0000000000
48037  -36.104  -46.576  81.423 0.0000000000
48049  -36.603  -46.803  80.470 0.0000000000
48050  -37.619  -46.373  80.359 0.0000000000
48068  -38.377  -46.368  79.548 0.0000000000
48085  -39.121  -46.314  78.807 0.0000000000
52615  -44.239  -42.695  75.260 0.0000000000
52624  -44.626  -42.060  74.685 0.0000000000
53683  -44.422  -41.237  72.972 0.0000000000
58295  -45.472  -37.940  74.254 0.0000000000
55882  -44.749  -39.609  73.113 0.0000000000
57066  -44.671  -38.604  72.536 0.0000000000
57077  -44.245  -38.903  71.677 0.0000000000
57078  -44.533  -38.383  71.891 0.0000000000
59546  -45.783  -37.120  71.432 0.0000000000
59560  -45.622  -37.219  70.653 0.0000000000
59561  -46.307  -37.186  70.644 0.0000000000
59520  -50.240  -36.651  73.113 0.0000000000
59518  -48.457  -36.888  73.200 0.0000000000
58362  -47.830  -37.906  70.236 0.0000000000
58342  -47.932  -37.788  71.099 0.0000000000
58361  -46.789  -37.432  69.872 0.0000000000
58410  -47.675  -38.474  68.579 0.0000000000
57140  -48.455  -38.846  68.337 0.0000000000
57164  -48.764  -39.157  67.143 0.0000000000
58366  -51.301  -37.734  69.273 0.0000000000
57104  -50.463  -38.415  69.226 0.0000000000
57105  -51.441  -38.380  68.892 0.0000000000
57166  -51.029  -38.992  67.004 0.0000000000
57142  -50.730  -39.068  67.843 0.0000000000
57189  -49.248  -39.051  66.178 0.0000000000
57213  -49.877  -38.580  65.444 0.0000000000
58479  -50.525  -37.859  63.803 0.0000000000
58496  -51.274  -37.952  62.900 0.0000000000
64411  -54.574  -32.477  65.906 0.0000000000
64396  -54.772  -32.754  66.881 0.0000000000
63153  -54.455  -33.584  66.725 0.0000000000
61927  -55.133  -35.026  68.102 0.0000000000
61925  -54.462  -35.447  67.377 0.0000000000
63174  -51.930  -33.797  64.269 0.0000000000
63162  -52.117  -34.097  64.808 0.0000000000
61952  -52.060  -34.472  65.054 0.0000000000
59617  -54.600  -37.617  65.029 0.0000000000
59596  -53.683  -36.582  66.309 0.0000000000
59606  -54.269  -37.416  65.761 0.0000000000
58449  -54.356  -37.949  66.160 0.0000000000
57195  -54.382  -38.166  65.749 0.0000000000
57216  -53.530  -38.957  65.262 0.0000000000
58482  -54.284  -38.721  64.384 0.0000000000
58510  -51.908  -37.937  62.096 0.0000000000
58528  -52.259  -37.612  61.377 0.0000000000
59718  -53.539  -36.652  59.545 0.0000000000
59745  -52.395  -36.447  58.840 0.0000000000
60803  -56.351  -36.183  62.346 0.0000000000
59670  -56.368  -36.405  62.237 0.0000000000
59720  -55.660  -36.377  59.890 0.0000000000
60860  -53.947  -36.154  58.892 0.0000000000
64519  -50.364  -31.872  56.576 0.0000000000
64505  -50.937  -32.692  57.082 0.0000000000
64520  -51.154  -32.425  56.613 0.0000000000
63287  -53.789  -32.769  57.120 0.0000000000
63265  -53.109  -33.284  57.710 0.0000000000
63245  -56.037  -33.503  58.910 0.0000000000
65808  -54.094  -31.454  55.198 0.0000000000
64545  -53.760  -32.009  55.751 0.0000000000
64524  -55.502  -32.685  56.286 0.0000000000
63268  -56.835  -33.340  58.081 0.0000000000
36750  -23.557  -56.341  79.733 0.0000000000
36721  -23.929  -57.215  80.706 0.0000000000
36722  -24.322  -57.311  80.224 0.0000000000
34205  -24.015  -58.720  78.939 0.0000000000
34193  -24.213  -58.389  79.749 0.0000000000
34239  -23.863  -58.268  76.946 0.0000000000
34258  -24.701  -58.414  75.832 0.0000000000
34283  -25.670  -58.342  74.785 0.0000000000
40332  -23.687  -53.173  74.272 0.0000000000
40322  -23.385  -53.149  75.022 0.0000000000
39240  -24.138  -54.147  74.297 0.0000000000
36801  -25.705  -56.002  75.821 0.0000000000
36800  -24.991  -55.709  75.769 0.0000000000
36782  -25.899  -56.552  76.768 0.0000000000
36768  -26.744  -57.448  77.855 0.0000000000
35490  -28.403  -57.780  77.085 0.0000000000
35510  -28.004  -57.368  76.555 0.0000000000
35475  -27.996  -58.008  77.848 0.0000000000
32992  -27.562  -59.649  79.021 0.0000000000
33003  -26.803  -59.729  78.588 0.0000000000
33017  -26.680  -59.825  77.657 0.0000000000
31823  -30.387  -60.860  77.379 0.0000000000
42574  -29.138  -52.279  79.277 0.0000000000
40300  -29.785  -53.605  77.666 0.0000000000
40312  -29.749  -53.455  76.512 0.0000000000
39190  -32.446  -54.844  78.086 0.0000000000
39189  -31.527  -54.289  78.232 0.0000000000
39222  -31.688  -54.512  75.483 0.0000000000
39242  -31.598  -54.570  74.378 0.0000000000
38060  -33.954  -56.296  74.033 0.0000000000
36854  -33.298  -56.814  73.579 0.0000000000
35562  -32.645  -57.500  73.700 0.0000000000
35563  -33.485  -57.563  73.877 0.0000000000
36785  -37.280  -56.224  76.826 0.0000000000
35515  -36.745  -57.684  75.277 0.0000000000
36829  -36.429  -56.598  75.346 0.0000000000
35543  -36.527  -56.992  75.061 0.0000000000
36827  -34.930  -56.863  74.346 0.0000000000
35542  -35.953  -57.673  74.621 0.0000000000
34267  -34.825  -58.963  75.570 0.0000000000
34266  -33.751  -59.033  75.894 0.0000000000
34290  -33.254  -58.588  74.910 0.0000000000
50506  -41.472  -44.078  72.830 0.0000000000
51598  -41.907  -43.708  72.772 0.0000000000
51586  -43.486  -42.875  73.744 0.0000000000
49294  -40.975  -45.293  75.461 0.0000000000
49293  -40.081  -45.488  75.172 0.0000000000
50456  -40.453  -44.978  74.628 0.0000000000
59688  -47.911  -36.588  60.681 0.0000000000
60859  -50.335  -36.389  59.153 0.0000000000
58405  -43.140  -37.882  67.586 0.0000000000
46927  -32.855  -47.936  81.278 0.0000000000
46939  -33.089  -47.822  80.213 0.0000000000
46951  -33.131  -47.681  79.025 0.0000000000
47042  -32.430  -48.083  71.718 0.0000000000
47041  -31.846  -48.180  72.186 0.0000000000
45927  -32.091  -48.206  71.213 0.0000000000
45936  -30.931  -49.120  70.540 0.0000000000
44906  -30.788  -49.886  70.404 0.0000000000
45961  -30.922  -49.317  69.374 0.0000000000
50568  -37.122  -44.637  67.318 0.0000000000
50583  -36.860  -44.758  66.488 0.0000000000
50593  -36.724  -44.973  65.530 0.0000000000
63207  -50.658  -33.383  60.283 0.0000000000
61982  -51.139  -34.257  61.119 0.0000000000
61983  -52.325  -34.649  61.219 0.0000000000
61984  -53.579  -34.798  61.526 0.0000000000
63221  -52.667  -33.816  59.125 0.0000000000
41408  -22.621  -52.656  78.157 0.0000000000
40299  -22.517  -53.745  77.486 0.0000000000
41422  -22.849  -52.827  77.227 0.0000000000
39201  -22.979  -54.306  76.779 0.0000000000
39202  -23.271  -54.108  76.033 0.0000000000
35538  -30.537  -57.816  74.707 0.0000000000
35513  -29.949  -57.848  75.365 0.0000000000
34263  -30.501  -58.215  75.735 0.0000000000
34229  -30.962  -59.144  78.309 0.0000000000
33005  -30.865  -59.543  78.679 0.0000000000
34230  -31.577  -59.409  78.067 0.0000000000
40303  -34.122  -53.383  78.039 0.0000000000
51650  -38.968  -43.622  68.693 0.0000000000
51651  -39.517  -43.281  68.784 0.0000000000
52690  -40.185  -42.975  68.986 0.0000000000
52667  -42.414  -41.720  70.801 0.0000000000
53711  -42.432  -41.170  70.265 0.0000000000
55904  -43.065  -39.863  70.222 0.0000000000
57089  -43.287  -39.470  70.291 0.0000000000
57090  -43.632  -38.887  70.532 0.0000000000
48102  -36.820  -46.961  77.259 0.0000000000
46985  -36.474  -47.177  76.217 0.0000000000
48159  -37.333  -46.504  73.889 0.0000000000
48158  -36.511  -46.843  73.615 0.0000000000
48190  -35.373  -47.412  71.727 0.0000000000
49372  -38.370  -44.862  70.499 0.0000000000
50541  -38.033  -44.473  69.314 0.0000000000
46993  -25.703  -48.179  76.081 0.0000000000
45894  -25.503  -49.197  75.192 0.0000000000
45885  -25.993  -48.646  75.449 0.0000000000
43765  -26.716  -50.173  74.365 0.0000000000
42648  -27.998  -51.925  74.870 0.0000000000
42673  -28.153  -52.037  73.793 0.0000000000
41485  -28.682  -52.446  73.387 0.0000000000
40363  -28.942  -53.043  72.457 0.0000000000
40364  -29.613  -53.573  72.670 0.0000000000
39291  -30.957  -54.975  72.718 0.0000000000
53751  -40.013  -41.828  67.010 0.0000000000
52730  -39.246  -41.870  65.722 0.0000000000
53767  -39.866  -41.431  66.033 0.0000000000
57206  -41.430  -38.000  64.828 0.0000000000
57225  -40.830  -38.673  63.327 0.0000000000
57230  -45.622  -38.990  63.524 0.0000000000
57249  -46.305  -38.822  62.839 0.0000000000
58477  -48.308  -38.010  63.678 0.0000000000
44778  -29.583  -49.475  82.956 0.0000000000
43674  -29.240  -50.115  82.166 0.0000000000
43676  -29.802  -50.063  82.466 0.0000000000
42610  -31.998  -51.313  76.796 0.0000000000
44878  -30.771  -49.410  73.572 0.0000000000
43768  -31.564  -50.668  74.535 0.0000000000
42650  -32.891  -51.412  74.129 0.0000000000
48011  -28.993  -46.884  83.794 0.0000000000
48016  -33.505  -46.457  83.284 0.0000000000
48017  -34.201  -46.159  83.098 0.0000000000
53648  -44.951  -41.354  75.363 0.0000000000
54704  -45.272  -40.447  75.143 0.0000000000
55853  -45.484  -39.690  74.813 0.0000000000
59515  -45.644  -37.130  73.071 0.0000000000
59532  -46.592  -36.931  72.353 0.0000000000
58325  -49.072  -37.501  71.869 0.0000000000
58326  -49.424  -37.538  71.620 0.0000000000
58344  -49.289  -37.809  70.855 0.0000000000
58388  -48.152  -38.403  69.329 0.0000000000
57102  -49.188  -38.373  69.864 0.0000000000
57121  -49.593  -38.794  68.905 0.0000000000
57106  -52.418  -38.386  68.722 0.0000000000
57143  -51.792  -38.960  67.675 0.0000000000
57214  -50.745  -38.579  65.592 0.0000000000
57191  -51.432  -38.747  66.074 0.0000000000
58448  -51.907  -38.670  65.524 0.0000000000
58463  -52.230  -38.580  64.888 0.0000000000
65674  -54.511  -31.457  64.303 0.0000000000
64426  -54.610  -32.254  65.228 0.0000000000
64410  -54.331  -32.622  65.479 0.0000000000
60761  -52.810  -36.238  64.521 0.0000000000
59604  -52.600  -36.208  65.226 0.0000000000
59615  -53.374  -36.510  64.832 0.0000000000
59616  -54.370  -36.923  65.132 0.0000000000
58483  -54.733  -38.055  64.644 0.0000000000
58529  -53.435  -37.646  61.307 0.0000000000
58530  -54.387  -37.588  61.160 0.0000000000
59668  -55.321  -37.353  61.523 0.0000000000
61987  -56.774  -35.338  61.799 0.0000000000
60862  -56.032  -36.009  59.371 0.0000000000
65803  -50.262  -30.737  55.971 0.0000000000
64542  -50.891  -31.796  56.045 0.0000000000
64543  -51.701  -32.001  55.919 0.0000000000
64522  -53.259  -32.420  56.429 0.0000000000
63311  -56.453  -32.871  56.301 0.0000000000
63289  -56.259  -33.074  56.912 0.0000000000
35430  -23.645  -57.709  80.811 0.0000000000
35445  -24.538  -57.691  79.990 0.0000000000
34223  -24.752  -58.969  78.116 0.0000000000
39260  -24.403  -53.781  73.610 0.0000000000
38027  -24.687  -54.623  74.439 0.0000000000
38028  -25.366  -54.874  74.176 0.0000000000
38006  -26.110  -55.802  75.259 0.0000000000
32993  -28.649  -59.723  79.142 0.0000000000
31802  -28.217  -60.269  78.610 0.0000000000
33018  -27.436  -60.105  77.255 0.0000000000
33048  -27.732  -59.641  75.510 0.0000000000
33049  -28.336  -59.640  75.010 0.0000000000
33035  -28.848  -60.040  75.526 0.0000000000
33050  -29.283  -59.839  74.774 0.0000000000
42559  -29.499  -52.027  80.148 0.0000000000
39206  -33.387  -55.277  77.447 0.0000000000
39205  -32.704  -55.056  77.217 0.0000000000
39224  -33.259  -55.206  76.472 0.0000000000
39244  -33.021  -55.220  75.300 0.0000000000
38031  -32.757  -55.325  74.212 0.0000000000
38032  -33.564  -55.611  74.577 0.0000000000
34268  -35.966  -58.650  75.058 0.0000000000
50528  -39.826  -44.105  70.590 0.0000000000
51624  -41.537  -42.878  70.820 0.0000000000
52653  -42.190  -42.508  71.490 0.0000000000
52655  -43.378  -41.578  71.871 0.0000000000
48122  -39.728  -46.160  77.253 0.0000000000
48137  -39.255  -46.125  76.305 0.0000000000
48149  -38.910  -46.079  75.538 0.0000000000
49292  -39.010  -45.771  74.708 0.0000000000
49291  -38.274  -46.029  74.476 0.0000000000
50515  -39.127  -44.857  71.850 0.0000000000
60919  -48.393  -35.584  57.490 0.0000000000
45874  -27.694  -48.515  77.003 0.0000000000
44832  -27.619  -49.585  76.698 0.0000000000
44823  -27.794  -49.672  77.870 0.0000000000
43731  -27.677  -50.798  77.016 0.0000000000
42608  -27.715  -51.215  76.210 0.0000000000
42628  -27.843  -51.653  75.784 0.0000000000
41454  -29.247  -53.049  75.640 0.0000000000
55940  -41.129  -39.933  67.050 0.0000000000
55956  -41.378  -39.089  66.719 0.0000000000
57159  -41.281  -38.765  66.244 0.0000000000
57184  -41.442  -38.211  65.759 0.0000000000
58456  -42.265  -37.798  64.294 0.0000000000
58474  -43.016  -38.100  63.852 0.0000000000
57207  -44.206  -38.626  63.940 0.0000000000
57208  -44.891  -38.737  64.258 0.0000000000
57209  -45.842  -38.795  64.377 0.0000000000
44787  -31.096  -48.949  82.117 0.0000000000
45846  -30.941  -49.030  80.798 0.0000000000
46926  -32.297  -48.242  81.266 0.0000000000
45855  -30.830  -48.988  79.667 0.0000000000
45906  -31.594  -48.178  73.331 0.0000000000
45919  -31.484  -48.345  72.696 0.0000000000
42722  -31.459  -51.148  70.251 0.0000000000
43826  -31.062  -50.580  70.378 0.0000000000
48251  -35.180  -46.226  66.990 0.0000000000
48269  -35.168  -46.322  66.174 0.0000000000
60680  -50.159  -35.529  70.226 0.0000000000
59565  -52.176  -36.828  69.217 0.0000000000
63104  -52.606  -33.399  69.200 0.0000000000
61896  -52.788  -34.577  69.198 0.0000000000
60683  -52.962  -35.749  69.252 0.0000000000
59566  -53.167  -36.810  69.213 0.0000000000
58369  -53.920  -37.305  68.694 0.0000000000
58390  -54.068  -37.560  68.275 0.0000000000
64446  -52.102  -32.549  62.004 0.0000000000
64436  -52.941  -32.631  63.116 0.0000000000
63184  -51.954  -33.122  63.107 0.0000000000
63173  -51.500  -33.637  63.542 0.0000000000
60759  -51.189  -34.887  63.686 0.0000000000
60776  -51.039  -34.815  62.715 0.0000000000
60778  -53.400  -36.162  64.053 0.0000000000
60801  -55.595  -36.342  63.127 0.0000000000
60825  -56.221  -35.722  62.446 0.0000000000
61985  -54.886  -34.822  61.896 0.0000000000
61986  -56.059  -34.968  62.077 0.0000000000
62004  -56.739  -34.674  61.421 0.0000000000
69385  -51.063  -28.608  54.658 0.0000000000
67087  -51.831  -30.213  54.561 0.0000000000
67088  -52.838  -30.156  54.480 0.0000000000
65828  -53.450  -30.847  54.830 0.0000000000
64546  -55.003  -32.034  55.535 0.0000000000
36751  -24.278  -56.431  78.944 0.0000000000
36752  -25.287  -57.236  78.946 0.0000000000
36753  -25.889  -57.562  78.871 0.0000000000
36848  -28.014  -56.013  73.737 0.0000000000
36824  -27.665  -56.254  74.465 0.0000000000
36804  -28.498  -57.168  75.395 0.0000000000
35511  -28.550  -57.460  76.047 0.0000000000
34243  -28.949  -57.993  77.167 0.0000000000
34244  -29.624  -58.203  76.828 0.0000000000
34210  -29.260  -59.023  78.923 0.0000000000
31812  -29.721  -60.681  78.179 0.0000000000
31805  -30.773  -60.208  78.693 0.0000000000
39175  -32.432  -54.414  78.527 0.0000000000
37943  -34.090  -55.061  78.575 0.0000000000
37960  -33.817  -55.231  78.201 0.0000000000
37983  -35.064  -55.545  77.084 0.0000000000
51675  -37.988  -43.468  66.754 0.0000000000
52716  -38.209  -43.129  66.596 0.0000000000
52717  -38.565  -42.929  66.912 0.0000000000
53752  -40.559  -41.380  67.338 0.0000000000
51637  -40.713  -43.219  69.997 0.0000000000
53723  -41.253  -41.859  68.982 0.0000000000
54802  -41.213  -40.713  67.888 0.0000000000
54818  -41.313  -40.382  67.760 0.0000000000
55942  -41.931  -39.249  67.683 0.0000000000
46953  -34.890  -47.371  78.187 0.0000000000
46982  -34.601  -47.566  76.458 0.0000000000
46997  -34.200  -47.662  75.619 0.0000000000
47006  -33.934  -47.816  74.706 0.0000000000
48119  -36.808  -46.970  76.138 0.0000000000
48118  -36.476  -47.058  75.661 0.0000000000
48133  -36.150  -47.104  75.181 0.0000000000
47007  -34.772  -47.676  74.779 0.0000000000
47016  -33.740  -47.849  73.762 0.0000000000
47032  -33.577  -47.922  72.830 0.0000000000
50555  -37.327  -44.587  67.964 0.0000000000
63262  -50.212  -32.680  57.881 0.0000000000
64503  -49.948  -32.000  57.544 0.0000000000
65778  -50.286  -31.231  57.333 0.0000000000
67040  -50.424  -30.695  56.855 0.0000000000
68239  -51.592  -29.587  57.338 0.0000000000
68238  -50.913  -29.704  56.730 0.0000000000
68252  -50.641  -29.239  56.115 0.0000000000
69364  -50.742  -28.835  55.810 0.0000000000
70448  -50.961  -28.166  55.678 0.0000000000
71496  -52.842  -27.028  57.568 0.0000000000
71508  -51.988  -27.060  56.562 0.0000000000
71524  -51.369  -27.020  55.591 0.0000000000
70468  -50.884  -27.833  54.984 0.0000000000
71542  -51.243  -26.949  54.875 0.0000000000
71543  -51.563  -26.822  54.503 0.0000000000
71551  -51.935  -26.714  54.038 0.0000000000
72644  -52.462  -25.341  54.370 0.0000000000
71552  -52.594  -26.630  53.792 0.0000000000
43730  -24.113  -50.603  76.317 0.0000000000
43729  -23.885  -51.162  76.030 0.0000000000
43748  -24.044  -50.961  75.796 0.0000000000
42626  -24.189  -51.022  74.813 0.0000000000
42669  -24.098  -51.688  73.847 0.0000000000
44861  -25.321  -49.852  74.622 0.0000000000
42646  -24.699  -50.823  73.745 0.0000000000
41484  -24.182  -52.276  73.427 0.0000000000
40346  -25.071  -53.487  72.744 0.0000000000
39285  -25.442  -53.792  72.646 0.0000000000
38080  -26.728  -54.637  72.657 0.0000000000
44848  -27.119  -49.511  75.346 0.0000000000
44863  -26.874  -49.964  74.674 0.0000000000
43785  -27.057  -51.136  73.507 0.0000000000
42672  -27.656  -51.388  74.064 0.0000000000
42696  -26.758  -51.672  72.546 0.0000000000
41508  -26.611  -52.555  71.874 0.0000000000
39308  -26.985  -53.830  71.953 0.0000000000
38081  -27.317  -54.938  72.739 0.0000000000
38055  -28.414  -55.838  73.240 0.0000000000
38056  -28.950  -56.087  73.231 0.0000000000
36850  -29.528  -56.550  73.371 0.0000000000
36874  -29.898  -56.029  72.759 0.0000000000
35559  -30.087  -57.239  73.937 0.0000000000
35539  -31.454  -57.874  74.251 0.0000000000
52742  -38.537  -42.160  64.990 0.0000000000
53782  -38.906  -41.869  65.211 0.0000000000
54845  -40.137  -40.174  64.974 0.0000000000
55980  -40.158  -39.438  64.150 0.0000000000
54859  -39.869  -40.076  64.440 0.0000000000
59663  -47.378  -37.045  61.063 0.0000000000
44795  -28.179  -50.122  81.632 0.0000000000
42544  -28.938  -51.403  80.854 0.0000000000
42531  -29.140  -51.055  81.400 0.0000000000
41413  -33.685  -53.261  78.057 0.0000000000
41427  -33.966  -53.009  77.621 0.0000000000
41428  -34.501  -52.962  77.227 0.0000000000
41443  -34.689  -52.681  76.555 0.0000000000
46965  -32.299  -47.820  78.285 0.0000000000
44834  -31.056  -49.579  76.891 0.0000000000
45888  -31.634  -48.222  75.234 0.0000000000
45887  -31.119  -48.716  76.066 0.0000000000
41455  -33.467  -52.176  76.404 0.0000000000
41457  -35.110  -52.508  75.936 0.0000000000
51571  -43.007  -43.721  74.576 0.0000000000
50459  -43.101  -43.780  74.928 0.0000000000
51555  -43.822  -43.218  75.676 0.0000000000
42571  -23.024  -51.523  78.665 0.0000000000
42588  -23.780  -51.094  77.858 0.0000000000
42589  -24.043  -50.713  77.504 0.0000000000
43703  -24.084  -49.870  77.956 0.0000000000
43715  -24.127  -50.230  77.240 0.0000000000
45871  -24.569  -48.858  76.884 0.0000000000
45872  -24.934  -48.496  76.448 0.0000000000
48115  -25.231  -47.411  77.330 0.0000000000
46976  -25.306  -47.855  76.744 0.0000000000
46977  -26.064  -47.585  76.547 0.0000000000
48117  -26.318  -47.007  77.201 0.0000000000
46963  -26.934  -46.959  77.335 0.0000000000
48100  -27.132  -46.602  77.895 0.0000000000
45812  -29.079  -49.074  83.120 0.0000000000
46891  -29.339  -47.992  83.661 0.0000000000
45802  -29.349  -48.610  83.388 0.0000000000
45813  -29.427  -49.141  83.177 0.0000000000
44772  -29.648  -49.148  83.189 0.0000000000
45814  -31.016  -48.677  82.946 0.0000000000
45805  -31.312  -48.145  83.394 0.0000000000
46896  -33.376  -47.007  82.950 0.0000000000
46917  -33.908  -47.572  81.716 0.0000000000
46918  -34.837  -47.512  81.384 0.0000000000
48026  -35.645  -46.284  82.103 0.0000000000
48104  -38.980  -46.505  77.945 0.0000000000
48106  -40.322  -45.920  78.389 0.0000000000
48123  -40.341  -46.002  77.792 0.0000000000
49251  -40.705  -45.823  77.059 0.0000000000
50432  -41.565  -45.048  75.702 0.0000000000
52633  -44.033  -42.181  73.693 0.0000000000
52634  -44.572  -41.702  73.930 0.0000000000
53670  -44.249  -41.619  73.192 0.0000000000
54739  -44.138  -40.527  71.919 0.0000000000
55854  -45.663  -38.938  75.455 0.0000000000
58283  -45.731  -38.078  74.858 0.0000000000
55869  -45.241  -39.494  74.054 0.0000000000
55881  -44.337  -39.845  72.210 0.0000000000
58340  -44.294  -38.089  71.056 0.0000000000
58324  -44.853  -37.767  71.862 0.0000000000
58359  -44.290  -37.698  69.864 0.0000000000
58385  -45.128  -37.354  68.755 0.0000000000
59533  -47.626  -37.139  72.342 0.0000000000
59548  -47.763  -37.517  71.584 0.0000000000
59549  -48.256  -37.698  71.535 0.0000000000
58408  -45.935  -37.689  67.882 0.0000000000
58430  -46.489  -38.201  67.254 0.0000000000
57139  -47.615  -38.642  68.019 0.0000000000
57233  -48.134  -38.587  64.428 0.0000000000
58460  -48.801  -38.236  64.329 0.0000000000
58478  -49.401  -37.724  63.744 0.0000000000
58494  -49.107  -37.334  62.891 0.0000000000
58508  -49.815  -37.312  62.145 0.0000000000
59666  -50.303  -37.229  61.402 0.0000000000
61913  -55.014  -34.954  68.646 0.0000000000
59587  -55.197  -36.495  68.386 0.0000000000
58411  -54.489  -37.511  67.499 0.0000000000
63175  -53.083  -33.106  64.372 0.0000000000
63176  -53.643  -32.980  64.851 0.0000000000
61954  -53.404  -34.431  66.203 0.0000000000
60743  -52.777  -36.028  65.993 0.0000000000
60727  -53.298  -35.666  66.502 0.0000000000
61941  -53.776  -34.932  66.825 0.0000000000
59585  -54.573  -36.654  67.365 0.0000000000
58431  -54.333  -37.847  66.806 0.0000000000
57169  -53.882  -38.493  66.560 0.0000000000
57193  -53.706  -38.826  65.919 0.0000000000
57215  -52.947  -38.846  65.148 0.0000000000
58481  -53.044  -38.516  64.000 0.0000000000
59667  -50.935  -37.411  61.386 0.0000000000
59716  -51.463  -36.817  59.833 0.0000000000
59744  -51.500  -36.539  59.022 0.0000000000
59646  -55.939  -36.717  62.723 0.0000000000
59669  -56.102  -36.881  61.939 0.0000000000
59696  -56.622  -36.381  61.503 0.0000000000
63241  -51.315  -33.442  58.395 0.0000000000
63242  -52.359  -33.567  58.392 0.0000000000
63222  -53.831  -33.927  59.255 0.0000000000
63285  -51.698  -32.825  57.040 0.0000000000
63243  -53.488  -33.592  58.472 0.0000000000
63223  -55.119  -33.893  59.547 0.0000000000
63288  -54.961  -32.909  57.061 0.0000000000
63267  -55.520  -33.293  57.884 0.0000000000
62024  -58.443  -34.792  60.231 0.0000000000
36735  -23.495  -56.622  80.627 0.0000000000
34182  -24.337  -58.057  80.132 0.0000000000
35533  -24.441  -57.662  74.950 0.0000000000
35509  -24.786  -58.159  75.367 0.0000000000
41452  -23.364  -52.397  75.653 0.0000000000
39220  -23.499  -53.954  75.152 0.0000000000
38003  -23.708  -54.519  75.559 0.0000000000
38004  -24.478  -54.935  75.243 0.0000000000
37981  -24.467  -55.583  76.373 0.0000000000
35472  -26.240  -57.787  78.864 0.0000000000
36784  -27.601  -57.225  76.629 0.0000000000
34226  -27.795  -58.380  78.535 0.0000000000
35474  -27.438  -57.932  78.145 0.0000000000
35488  -27.112  -57.577  77.767 0.0000000000
35473  -26.828  -57.876  78.522 0.0000000000
35460  -26.427  -58.316  79.049 0.0000000000
34207  -26.186  -59.005  79.286 0.0000000000
33016  -26.205  -59.657  78.254 0.0000000000
34260  -26.603  -59.368  75.961 0.0000000000
41423  -28.924  -52.249  78.070 0.0000000000
40334  -29.808  -53.382  75.121 0.0000000000
40302  -31.061  -53.914  78.591 0.0000000000
39188  -30.909  -54.200  77.798 0.0000000000
39204  -31.715  -54.594  76.950 0.0000000000
40314  -31.049  -54.291  76.862 0.0000000000
40335  -30.442  -53.767  74.877 0.0000000000
40349  -31.139  -54.357  74.029 0.0000000000
39264  -31.284  -54.617  73.460 0.0000000000
38057  -31.651  -55.267  73.063 0.0000000000
38058  -32.333  -55.633  73.386 0.0000000000
38086  -31.746  -55.995  72.969 0.0000000000
35540  -32.113  -57.863  74.002 0.0000000000
34289  -32.182  -58.355  74.733 0.0000000000
40306  -36.697  -54.507  77.610 0.0000000000
39194  -36.505  -54.813  77.843 0.0000000000
39207  -37.296  -54.806  77.407 0.0000000000
37963  -36.339  -55.000  78.067 0.0000000000
38009  -35.657  -55.773  76.406 0.0000000000
36806  -37.000  -56.613  75.885 0.0000000000
36805  -36.211  -56.188  75.693 0.0000000000
38034  -35.365  -56.045  75.307 0.0000000000
35564  -34.261  -57.723  74.115 0.0000000000
34311  -33.661  -58.152  74.284 0.0000000000
33021  -32.626  -59.715  77.520 0.0000000000
31814  -31.464  -60.581  78.312 0.0000000000
32990  -26.421  -59.285  79.092 0.0000000000
32996  -30.932  -59.834  78.728 0.0000000000
33002  -26.326  -59.453  78.867 0.0000000000
34225  -27.296  -58.230  78.645 0.0000000000
34309  -32.476  -57.965  74.105 0.0000000000
35491  -28.959  -57.837  76.579 0.0000000000
36736  -24.160  -56.812  80.094 0.0000000000
36825  -28.731  -56.917  74.576 0.0000000000
36875  -30.438  -56.215  72.848 0.0000000000
36877  -31.659  -56.432  73.116 0.0000000000
37942  -33.779  -55.051  78.608 0.0000000000
37959  -24.656  -55.955  76.991 0.0000000000
38030  -27.137  -55.865  74.301 0.0000000000
39239  -23.612  -53.643  74.653 0.0000000000
39241  -24.803  -54.474  74.051 0.0000000000
39261  -25.076  -54.164  73.326 0.0000000000
39262  -25.782  -54.501  73.119 0.0000000000
39263  -30.733  -54.405  72.930 0.0000000000
39286  -26.139  -54.146  72.462 0.0000000000
39287  -27.161  -54.387  72.264 0.0000000000
39307  -26.514  -53.709  72.004 0.0000000000
39309  -27.812  -53.953  71.907 0.0000000000
40296  -35.568  -54.527  78.224 0.0000000000
40310  -23.012  -53.403  76.635 0.0000000000
40323  -29.739  -53.377  75.788 0.0000000000
40344  -24.006  -52.904  73.710 0.0000000000
40345  -24.462  -53.196  73.165 0.0000000000
40360  -24.950  -52.918  72.569 0.0000000000
40361  -25.589  -53.246  72.210 0.0000000000
40371  -26.172  -53.019  71.806 0.0000000000
40372  -26.761  -53.238  71.779 0.0000000000
40374  -28.553  -53.341  71.992 0.0000000000
41468  -23.576  -52.338  74.795 0.0000000000
41483  -23.853  -52.332  74.065 0.0000000000
41499  -27.761  -52.360  72.251 0.0000000000
41501  -29.031  -52.858  72.879 0.0000000000
41507  -25.963  -52.451  72.009 0.0000000000
41509  -27.329  -52.597  71.879 0.0000000000
42533  -29.813  -50.860  81.806 0.0000000000
42591  -28.901  -52.175  78.554 0.0000000000
42606  -23.593  -51.622  76.582 0.0000000000
42627  -27.698  -51.152  75.681 0.0000000000
42644  -23.955  -51.632  74.502 0.0000000000
42645  -24.307  -50.989  74.090 0.0000000000
42670  -24.568  -51.342  73.335 0.0000000000
42671  -24.801  -50.914  73.549 0.0000000000
42694  -25.157  -51.558  72.751 0.0000000000
42711  -26.456  -52.057  72.146 0.0000000000
42712  -27.047  -52.085  72.168 0.0000000000
43675  -29.433  -50.087  82.319 0.0000000000
43680  -29.199  -50.434  81.937 0.0000000000
43681  -29.629  -50.534  82.044 0.0000000000
43714  -24.033  -50.481  77.803 0.0000000000
43749  -24.263  -50.579  75.402 0.0000000000
43764  -24.871  -50.469  74.103 0.0000000000
43782  -24.933  -50.997  73.353 0.0000000000
43802  -25.104  -51.101  73.187 0.0000000000
43804  -26.477  -51.235  73.027 0.0000000000
43805  -26.992  -51.414  72.934 0.0000000000
44860  -24.686  -49.951  75.092 0.0000000000
44862  -26.346  -49.792  74.588 0.0000000000
44876  -25.307  -50.320  74.125 0.0000000000
45825  -31.081  -48.999  81.946 0.0000000000
45827  -32.250  -48.290  81.768 0.0000000000
45884  -25.162  -48.808  75.763 0.0000000000
57126  -53.942  -38.046  67.632 0.0000000000
57146  -54.127  -38.130  67.052 0.0000000000
57194  -54.228  -38.408  65.922 0.0000000000
57217  -54.258  -38.724  65.199 0.0000000000
57218  -54.443  -38.275  65.428 0.0000000000
57234  -54.533  -38.476  64.824 0.0000000000
57235  -54.547  -38.308  65.026 0.0000000000
58311  -45.665  -37.145  73.369 0.0000000000
58368  -53.388  -37.719  68.857 0.0000000000
58389  -53.510  -38.071  68.449 0.0000000000
58391  -54.777  -37.271  68.416 0.0000000000
58412  -54.749  -37.481  68.094 0.0000000000
58447  -51.407  -38.542  65.367 0.0000000000
58450  -54.483  -37.978  65.594 0.0000000000
58465  -53.956  -39.030  64.870 0.0000000000
58507  -49.222  -37.183  62.228 0.0000000000
58527  -51.425  -37.559  61.497 0.0000000000
59567  -53.990  -36.682  68.971 0.0000000000
59575  -54.196  -37.151  68.755 0.0000000000
59576  -54.743  -36.717  68.815 0.0000000000
59577  -55.202  -36.233  68.566 0.0000000000
59586  -55.051  -36.831  67.989 0.0000000000
59597  -54.263  -37.241  66.739 0.0000000000
59607  -54.517  -37.809  65.368 0.0000000000
59614  -52.633  -36.235  64.782 0.0000000000
59627  -54.241  -36.584  64.553 0.0000000000
59647  -56.153  -36.406  62.443 0.0000000000
59743  -50.823  -36.521  59.244 0.0000000000
60685  -54.246  -35.634  68.985 0.0000000000
60686  -54.664  -35.350  69.019 0.0000000000
60698  -54.552  -35.915  69.162 0.0000000000
60699  -55.118  -35.705  68.758 0.0000000000
60711  -54.328  -35.873  67.327 0.0000000000
60713  -55.186  -35.913  68.066 0.0000000000
60742  -52.146  -35.388  65.290 0.0000000000
60760  -52.144  -35.732  64.465 0.0000000000
60780  -55.308  -36.832  63.626 0.0000000000
60797  -51.177  -34.593  61.929 0.0000000000
61898  -54.070  -34.800  68.815 0.0000000000
61899  -54.569  -34.878  68.828 0.0000000000
61926  -54.628  -34.918  67.517 0.0000000000
61940  -53.274  -35.158  66.449 0.0000000000
61942  -54.305  -34.346  66.985 0.0000000000
61961  -51.205  -34.097  63.709 0.0000000000
63124  -54.878  -34.359  68.450 0.0000000000
63142  -55.054  -34.584  68.235 0.0000000000
63163  -52.536  -33.951  65.085 0.0000000000
63164  -53.655  -33.541  65.753 0.0000000000
63165  -54.355  -33.009  65.968 0.0000000000
63183  -51.251  -33.511  62.982 0.0000000000
63192  -51.558  -33.093  62.511 0.0000000000
63263  -50.986  -32.997  57.556 0.0000000000
63284  -51.187  -32.748  57.061 0.0000000000
63286  -52.684  -32.851  57.054 0.0000000000
64424  -53.496  -32.505  63.758 0.0000000000
64435  -52.443  -32.671  62.580 0.0000000000
64447  -52.892  -32.391  62.136 0.0000000000
64459  -53.253  -32.053  61.790 0.0000000000
64518  -50.123  -31.587  56.944 0.0000000000
64541  -50.574  -31.591  56.151 0.0000000000
65715  -53.081  -31.193  61.007 0.0000000000
65716  -53.465  -31.589  61.653 0.0000000000
65790  -50.283  -31.137  56.467 0.0000000000
65804  -50.554  -31.161  55.793 0.0000000000
65805  -51.265  -31.414  55.547 0.0000000000
65806  -52.111  -31.501  55.378 0.0000000000
65827  -52.463  -30.889  54.892 0.0000000000
67052  -50.308  -30.229  56.254 0.0000000000
67053  -50.626  -30.304  56.808 0.0000000000
67067  -50.665  -30.683  55.383 0.0000000000
67086  -50.861  -30.278  54.927 0.0000000000
68225  -51.420  -30.026  57.403 0.0000000000
68237  -50.458  -29.620  56.169 0.0000000000
68251  -50.504  -29.431  55.582 0.0000000000
68272  -50.701  -29.392  54.918 0.0000000000
68273  -51.316  -29.438  54.528 0.0000000000
69349  -51.065  -28.756  56.299 0.0000000000
69363  -50.780  -28.650  55.449 0.0000000000
69386  -51.570  -28.777  54.297 0.0000000000
69397  -52.008  -28.308  53.993 0.0000000000
70432  -51.219  -28.175  56.235 0.0000000000
70447  -50.865  -28.386  55.431 0.0000000000
70467  -50.824  -28.322  55.197 0.0000000000
70469  -51.277  -27.399  54.636 0.0000000000
70476  -51.210  -27.910  54.559 0.0000000000
70477  -51.618  -27.534  54.225 0.0000000000
70478  -52.307  -27.452  53.888 0.0000000000
70479  -53.137  -27.398  53.783 0.0000000000
72624  -52.006  -25.959  55.541 0.0000000000
72642  -51.565  -26.526  54.744 0.0000000000
72659  -52.213  -26.173  53.957 0.0000000000
73730  -52.679  -25.198  55.838 0.0000000000
73744  -52.203  -25.452  55.250 0.0000000000
