#!ascii label  , from subject 4025 vox2ras=TkReg
1544
39135  9.405  -19.717  70.475 0.0000000000
72503  41.431  8.835  44.919 0.0000000000
52795  28.711  -8.345  60.244 0.0000000000
56029  39.561  -5.298  64.209 0.0000000000
47144  21.105  -13.545  60.954 0.0000000000
42503  17.074  -16.995  71.286 0.0000000000
81642  49.609  16.277  37.571 0.0000000000
79424  46.617  15.527  46.350 0.0000000000
63022  41.487  1.221  53.776 0.0000000000
83825  51.011  19.672  29.278 0.0000000000
49300  28.741  -11.978  66.256 0.0000000000
42508  12.758  -17.496  70.939 0.0000000000
79476  50.034  15.265  42.250 0.0000000000
77083  45.903  12.205  41.820 0.0000000000
70115  42.416  6.883  49.301 0.0000000000
73606  45.199  10.115  49.103 0.0000000000
67814  39.817  4.708  49.673 0.0000000000
56126  36.123  -5.005  57.601 0.0000000000
52774  34.179  -8.036  61.151 0.0000000000
45963  24.403  -14.439  67.213 0.0000000000
42498  21.948  -17.323  70.666 0.0000000000
44857  19.820  -16.353  65.700 0.0000000000
44887  13.833  -15.833  65.136 0.0000000000
49408  25.358  -11.284  60.445 0.0000000000
83725  53.524  18.626  37.898 0.0000000000
81601  52.756  17.484  42.942 0.0000000000
75904  43.776  12.153  45.426 0.0000000000
67701  41.378  4.925  56.469 0.0000000000
57191  41.645  -3.202  58.796 0.0000000000
82699  50.620  17.938  33.531 0.0000000000
84921  53.701  20.070  32.669 0.0000000000
84942  56.371  19.323  29.801 0.0000000000
46981  27.888  -13.531  69.190 0.0000000000
41356  10.418  -18.563  70.697 0.0000000000
41308  11.929  -18.277  74.201 0.0000000000
40185  9.386  -19.630  73.712 0.0000000000
75979  46.342  12.636  39.420 0.0000000000
70064  43.425  6.512  52.452 0.0000000000
71238  44.488  7.740  52.468 0.0000000000
35146  4.852  -24.213  72.498 0.0000000000
66718  39.286  3.963  46.863 0.0000000000
55079  29.563  -6.830  58.283 0.0000000000
55064  32.117  -6.608  59.317 0.0000000000
52777  31.258  -8.466  60.971 0.0000000000
47071  23.183  -14.266  64.105 0.0000000000
44854  22.483  -15.585  65.983 0.0000000000
45999  20.272  -14.928  63.792 0.0000000000
47142  23.650  -12.880  61.089 0.0000000000
47069  24.962  -13.357  64.098 0.0000000000
42522  19.841  -17.166  70.482 0.0000000000
81649  51.507  17.010  37.472 0.0000000000
82630  53.075  17.988  40.645 0.0000000000
80567  51.685  16.326  40.387 0.0000000000
80519  48.402  15.733  44.843 0.0000000000
81578  50.650  16.670  45.182 0.0000000000
72539  41.119  9.327  42.492 0.0000000000
74841  43.026  10.770  42.749 0.0000000000
74788  42.522  10.498  44.881 0.0000000000
64178  38.069  2.821  52.833 0.0000000000
67731  38.154  4.663  53.941 0.0000000000
64138  41.206  3.336  55.696 0.0000000000
56088  37.775  -5.337  60.425 0.0000000000
56100  39.373  -4.206  58.556 0.0000000000
56052  40.407  -4.783  61.739 0.0000000000
80638  47.465  16.139  35.427 0.0000000000
81688  47.872  17.486  33.491 0.0000000000
82683  50.058  17.339  35.843 0.0000000000
83751  51.412  18.733  35.475 0.0000000000
84982  54.993  19.769  27.841 0.0000000000
82772  54.076  18.536  29.428 0.0000000000
86137  55.022  19.987  31.322 0.0000000000
82742  52.589  18.314  30.887 0.0000000000
51579  28.746  -10.504  63.742 0.0000000000
51592  31.070  -9.656  63.324 0.0000000000
50410  30.978  -11.259  66.137 0.0000000000
42505  14.970  -16.859  70.945 0.0000000000
42443  16.570  -17.398  74.814 0.0000000000
42446  13.883  -17.371  74.748 0.0000000000
79531  47.693  15.094  38.024 0.0000000000
79502  50.526  14.930  40.221 0.0000000000
77098  48.382  13.291  40.146 0.0000000000
77081  47.782  13.164  41.655 0.0000000000
77050  46.494  13.667  43.375 0.0000000000
70176  41.839  7.547  46.378 0.0000000000
72469  43.172  9.303  47.009 0.0000000000
71280  43.894  8.176  49.375 0.0000000000
59506  39.893  -1.544  53.691 0.0000000000
58193  41.451  -3.722  65.178 0.0000000000
37142  7.901  -22.143  69.740 0.0000000000
39100  8.369  -21.038  73.382 0.0000000000
37123  6.376  -22.767  73.673 0.0000000000
70192  39.976  7.348  45.059 0.0000000000
69014  41.084  6.004  46.482 0.0000000000
68959  41.271  5.683  49.379 0.0000000000
68918  41.914  5.204  52.459 0.0000000000
55124  33.036  -5.253  57.452 0.0000000000
55073  35.361  -5.966  59.828 0.0000000000
55005  37.084  -7.030  62.704 0.0000000000
51573  33.501  -9.197  64.376 0.0000000000
52740  36.201  -8.279  64.599 0.0000000000
45931  25.478  -14.099  68.770 0.0000000000
43634  24.645  -15.627  70.194 0.0000000000
44822  23.577  -15.020  68.694 0.0000000000
43691  21.534  -16.529  68.249 0.0000000000
43694  18.169  -16.508  68.156 0.0000000000
46002  17.064  -15.261  63.467 0.0000000000
44860  16.830  -16.058  65.745 0.0000000000
43697  15.658  -16.504  68.019 0.0000000000
43700  13.154  -17.096  68.407 0.0000000000
42580  11.428  -17.913  67.882 0.0000000000
39189  9.754  -19.514  67.286 0.0000000000
53986  27.268  -7.438  58.130 0.0000000000
52813  25.351  -8.059  58.204 0.0000000000
51627  26.861  -9.503  61.235 0.0000000000
49343  27.190  -11.453  63.448 0.0000000000
47037  26.643  -13.218  65.767 0.0000000000
82595  54.128  17.731  43.054 0.0000000000
81603  51.385  16.565  43.160 0.0000000000
74870  43.853  10.748  40.573 0.0000000000
77052  44.962  12.755  43.495 0.0000000000
78217  44.933  14.001  45.456 0.0000000000
74767  44.218  11.308  47.142 0.0000000000
76995  45.463  13.352  47.729 0.0000000000
67800  37.635  4.641  50.123 0.0000000000
68904  39.687  5.468  53.572 0.0000000000
68845  42.351  5.516  56.213 0.0000000000
57229  39.314  -2.890  56.363 0.0000000000
60620  42.244  -1.102  56.273 0.0000000000
59405  42.829  -2.544  63.019 0.0000000000
61765  43.394  -0.731  59.873 0.0000000000
61793  44.058  0.865  57.508 0.0000000000
65340  43.534  3.866  58.323 0.0000000000
67641  44.502  5.801  59.547 0.0000000000
82729  50.526  18.357  31.427 0.0000000000
83785  51.587  18.906  33.130 0.0000000000
86079  52.881  20.334  35.118 0.0000000000
45909  27.618  -13.380  70.286 0.0000000000
40211  9.990  -19.132  70.083 0.0000000000
41336  10.510  -18.833  72.464 0.0000000000
39098  9.340  -19.980  72.539 0.0000000000
70049  43.714  6.425  53.267 0.0000000000
71211  44.614  7.434  53.926 0.0000000000
34227  4.296  -24.439  70.623 0.0000000000
53964  29.300  -7.776  59.555 0.0000000000
53963  30.236  -7.569  59.701 0.0000000000
52778  30.202  -8.590  61.018 0.0000000000
47112  21.954  -14.063  62.061 0.0000000000
46021  21.847  -14.333  63.435 0.0000000000
46044  20.122  -14.445  62.040 0.0000000000
48288  22.795  -12.357  59.534 0.0000000000
47143  22.367  -13.144  60.879 0.0000000000
47111  23.274  -13.484  62.020 0.0000000000
42501  19.055  -17.155  71.411 0.0000000000
42486  18.254  -16.981  72.382 0.0000000000
80609  50.582  16.581  37.544 0.0000000000
81639  52.049  16.641  38.340 0.0000000000
79515  51.194  15.577  38.589 0.0000000000
79435  47.488  15.546  45.146 0.0000000000
80493  48.604  16.599  46.309 0.0000000000
73677  41.105  9.584  44.030 0.0000000000
73676  41.885  9.900  43.977 0.0000000000
73657  41.957  9.826  44.877 0.0000000000
63061  39.694  1.038  52.173 0.0000000000
63024  39.896  2.118  53.504 0.0000000000
64163  39.623  2.730  54.105 0.0000000000
63007  40.867  2.377  54.379 0.0000000000
56042  39.197  -5.222  63.096 0.0000000000
56053  39.582  -5.150  62.041 0.0000000000
57106  40.113  -4.469  63.397 0.0000000000
80611  48.832  16.391  37.120 0.0000000000
80636  49.180  16.511  36.014 0.0000000000
81651  49.766  16.826  37.034 0.0000000000
82662  50.460  17.508  36.774 0.0000000000
83836  53.061  19.595  28.695 0.0000000000
83823  52.768  18.825  29.203 0.0000000000
82758  53.309  18.536  29.977 0.0000000000
82759  52.228  18.623  29.900 0.0000000000
49326  28.957  -11.198  64.914 0.0000000000
50433  29.847  -10.869  64.660 0.0000000000
49313  29.855  -11.396  66.188 0.0000000000
42507  13.436  -17.147  71.074 0.0000000000
42472  14.598  -17.263  72.951 0.0000000000
42474  13.058  -17.341  72.566 0.0000000000
41269  11.519  -18.852  76.000 0.0000000000
41268  12.046  -18.636  76.213 0.0000000000
79532  46.948  14.872  37.770 0.0000000000
79519  48.093  14.630  38.605 0.0000000000
78294  46.533  13.971  38.529 0.0000000000
75969  45.754  11.638  40.219 0.0000000000
75967  47.277  12.546  40.440 0.0000000000
77082  46.775  12.870  42.071 0.0000000000
78256  46.929  13.645  42.788 0.0000000000
77066  46.347  13.219  42.869 0.0000000000
70156  42.278  7.097  47.295 0.0000000000
70155  43.034  7.667  47.620 0.0000000000
70133  43.276  7.565  48.706 0.0000000000
80613  46.918  15.520  36.918 0.0000000000
37127  7.359  -22.561  72.004 0.0000000000
36120  7.160  -23.175  71.292 0.0000000000
69030  39.707  6.315  44.767 0.0000000000
69029  40.645  6.457  45.538 0.0000000000
67886  39.796  5.371  45.412 0.0000000000
67834  39.806  4.316  48.599 0.0000000000
67855  40.816  4.888  47.990 0.0000000000
67813  40.792  5.147  49.845 0.0000000000
67779  41.571  5.661  51.090 0.0000000000
67780  40.675  5.296  51.235 0.0000000000
56130  31.692  -5.021  56.604 0.0000000000
53960  33.166  -7.369  59.825 0.0000000000
55062  33.971  -6.808  59.584 0.0000000000
55045  35.063  -6.885  60.617 0.0000000000
55044  36.195  -7.059  60.873 0.0000000000
53935  36.177  -7.666  62.133 0.0000000000
51559  32.341  -10.099  64.948 0.0000000000
51591  31.951  -9.202  63.500 0.0000000000
51558  33.324  -9.627  65.307 0.0000000000
52705  35.490  -8.243  66.550 0.0000000000
53877  37.378  -7.494  65.350 0.0000000000
45948  25.046  -13.843  68.136 0.0000000000
45913  24.355  -14.573  69.214 0.0000000000
45950  23.952  -14.523  68.094 0.0000000000
44856  20.889  -16.204  65.704 0.0000000000
43713  21.909  -16.093  67.345 0.0000000000
43735  20.340  -16.424  66.602 0.0000000000
43692  20.243  -16.943  68.554 0.0000000000
43716  18.745  -16.443  67.499 0.0000000000
46046  18.003  -14.852  61.840 0.0000000000
44912  14.085  -15.563  64.049 0.0000000000
44910  15.243  -15.368  64.057 0.0000000000
44862  15.068  -16.026  65.556 0.0000000000
43719  16.085  -16.295  67.177 0.0000000000
43741  14.739  -16.342  66.253 0.0000000000
43699  13.920  -16.351  68.209 0.0000000000
43722  13.392  -16.659  67.167 0.0000000000
41390  10.686  -18.677  67.854 0.0000000000
55128  27.471  -6.481  56.915 0.0000000000
55129  26.741  -6.560  56.844 0.0000000000
50510  24.894  -10.932  59.368 0.0000000000
51642  25.770  -9.192  59.670 0.0000000000
52798  25.880  -8.652  58.938 0.0000000000
50485  26.224  -10.266  60.573 0.0000000000
50473  27.108  -10.524  62.070 0.0000000000
49365  26.561  -11.524  61.892 0.0000000000
47054  24.821  -14.017  65.225 0.0000000000
47053  25.834  -13.440  64.961 0.0000000000
47038  25.697  -13.604  66.171 0.0000000000
47002  25.972  -13.874  68.053 0.0000000000
43619  23.365  -16.754  70.391 0.0000000000
38093  7.106  -21.246  75.610 0.0000000000
39067  7.906  -20.707  75.741 0.0000000000
83713  53.843  19.321  38.955 0.0000000000
82622  53.417  18.033  41.879 0.0000000000
82612  53.997  18.238  42.587 0.0000000000
82596  53.711  17.657  43.610 0.0000000000
82581  53.560  17.699  44.565 0.0000000000
79490  49.783  14.669  41.240 0.0000000000
79475  50.745  15.585  41.834 0.0000000000
80547  50.382  15.560  42.895 0.0000000000
82584  51.619  17.544  45.691 0.0000000000
75917  43.603  11.713  44.369 0.0000000000
75930  43.765  11.657  43.487 0.0000000000
75916  44.160  12.380  43.936 0.0000000000
78232  44.932  13.648  44.819 0.0000000000
77024  44.565  13.283  45.151 0.0000000000
72468  43.898  9.364  47.602 0.0000000000
73632  43.452  10.283  46.828 0.0000000000
73631  44.323  10.377  47.578 0.0000000000
66656  36.686  4.403  50.238 0.0000000000
67711  39.235  4.932  55.658 0.0000000000
67746  38.568  5.088  53.472 0.0000000000
68863  40.250  5.514  55.029 0.0000000000
68862  41.222  5.208  55.116 0.0000000000
68825  41.855  5.404  56.618 0.0000000000
56147  35.284  -4.743  56.327 0.0000000000
56125  37.416  -4.643  57.039 0.0000000000
57172  40.262  -4.003  58.870 0.0000000000
57194  39.165  -3.737  57.569 0.0000000000
58315  40.761  -2.409  57.712 0.0000000000
59469  40.737  -2.121  56.262 0.0000000000
59446  41.352  -2.009  58.032 0.0000000000
58207  42.338  -3.110  64.524 0.0000000000
62962  44.313  0.836  60.017 0.0000000000
61774  43.823  0.164  58.710 0.0000000000
62968  44.633  1.830  58.697 0.0000000000
64127  43.782  2.603  57.520 0.0000000000
64108  44.677  2.516  59.403 0.0000000000
81686  49.796  17.493  33.719 0.0000000000
82715  50.837  18.362  32.545 0.0000000000
82728  51.725  18.456  31.660 0.0000000000
83786  51.082  18.492  33.223 0.0000000000
83740  52.111  18.587  36.557 0.0000000000
84885  51.826  19.436  35.149 0.0000000000
83749  52.501  19.280  36.210 0.0000000000
84877  53.608  19.885  36.971 0.0000000000
84955  55.778  18.994  29.467 0.0000000000
86127  54.359  20.304  32.169 0.0000000000
86096  54.318  20.759  33.571 0.0000000000
87139  53.852  20.864  34.122 0.0000000000
48129  28.324  -12.593  67.290 0.0000000000
48128  29.160  -12.157  67.585 0.0000000000
48083  28.573  -12.997  69.528 0.0000000000
42510  11.596  -18.104  70.225 0.0000000000
41334  12.080  -17.916  72.150 0.0000000000
41335  10.971  -18.289  72.655 0.0000000000
40170  10.756  -18.932  74.109 0.0000000000
40158  10.006  -19.343  75.445 0.0000000000
77102  45.107  12.888  38.753 0.0000000000
75981  44.850  12.044  39.441 0.0000000000
70097  43.069  6.912  50.522 0.0000000000
70096  43.624  7.375  51.196 0.0000000000
70078  43.724  7.405  52.044 0.0000000000
35154  5.718  -24.268  71.378 0.0000000000
35163  4.875  -24.445  70.397 0.0000000000
34210  4.391  -24.590  72.082 0.0000000000
66750  39.230  4.938  45.345 0.0000000000
67835  38.961  3.673  48.525 0.0000000000
55101  31.129  -6.230  57.845 0.0000000000
55078  30.506  -6.668  58.489 0.0000000000
53961  32.167  -7.305  59.769 0.0000000000
52762  32.944  -8.577  61.773 0.0000000000
45981  23.586  -14.454  65.016 0.0000000000
45971  23.666  -15.024  66.215 0.0000000000
45982  22.604  -14.988  65.202 0.0000000000
44879  21.321  -15.506  65.023 0.0000000000
44905  19.803  -15.635  64.187 0.0000000000
43757  13.014  -16.423  64.945 0.0000000000
43769  11.992  -16.476  63.632 0.0000000000
49431  24.103  -11.474  59.409 0.0000000000
48259  24.872  -11.923  60.697 0.0000000000
48204  25.615  -12.586  62.071 0.0000000000
47110  24.455  -12.686  61.900 0.0000000000
47086  24.188  -13.549  63.046 0.0000000000
42520  21.542  -17.240  70.343 0.0000000000
82659  52.775  18.033  37.637 0.0000000000
82649  53.183  18.056  38.657 0.0000000000
81638  52.603  17.372  38.519 0.0000000000
81617  52.286  17.334  40.543 0.0000000000
81610  52.328  17.113  41.631 0.0000000000
79457  49.192  14.993  43.139 0.0000000000
80531  49.455  15.587  43.620 0.0000000000
80518  49.426  16.016  44.422 0.0000000000
81568  49.406  17.038  45.927 0.0000000000
74856  42.721  9.916  41.759 0.0000000000
74827  42.312  10.152  43.263 0.0000000000
74826  42.961  10.728  43.755 0.0000000000
74808  43.364  11.401  45.118 0.0000000000
74759  45.336  10.976  48.612 0.0000000000
64179  37.560  3.126  52.526 0.0000000000
66626  37.097  4.038  51.739 0.0000000000
65404  38.285  3.381  53.510 0.0000000000
65373  39.286  4.015  54.851 0.0000000000
65364  40.501  3.838  55.980 0.0000000000
56103  37.060  -5.779  59.702 0.0000000000
56112  37.539  -4.942  58.274 0.0000000000
56087  38.620  -4.986  60.140 0.0000000000
56068  40.555  -4.801  60.637 0.0000000000
57152  41.295  -4.229  60.156 0.0000000000
80648  47.281  16.429  34.573 0.0000000000
81689  46.962  17.671  33.526 0.0000000000
80647  48.063  16.491  34.912 0.0000000000
81674  49.311  17.113  34.306 0.0000000000
81673  50.177  17.471  34.331 0.0000000000
82689  50.797  18.086  34.432 0.0000000000
82682  50.622  17.933  35.418 0.0000000000
83727  51.586  18.316  36.810 0.0000000000
84971  53.848  20.358  28.066 0.0000000000
83848  54.740  19.283  28.420 0.0000000000
84956  55.462  19.106  29.845 0.0000000000
84943  55.918  19.671  30.457 0.0000000000
83809  54.882  19.206  30.790 0.0000000000
83811  53.918  19.195  31.353 0.0000000000
83798  53.110  19.207  32.216 0.0000000000
51613  28.419  -9.320  62.295 0.0000000000
52765  29.741  -8.957  61.789 0.0000000000
51577  29.907  -10.337  64.089 0.0000000000
50431  30.943  -10.553  65.212 0.0000000000
50409  31.815  -11.149  66.338 0.0000000000
42504  16.063  -16.807  71.123 0.0000000000
42469  17.417  -16.977  73.308 0.0000000000
42471  15.519  -17.060  73.123 0.0000000000
42444  15.686  -17.260  74.940 0.0000000000
41295  12.601  -18.103  74.680 0.0000000000
41279  13.653  -17.886  76.058 0.0000000000
80599  49.089  15.751  37.800 0.0000000000
79517  49.864  15.101  38.536 0.0000000000
79518  49.013  15.002  38.620 0.0000000000
78282  49.490  14.097  39.909 0.0000000000
78268  49.411  14.039  40.800 0.0000000000
77100  46.817  13.114  39.262 0.0000000000
77090  48.442  13.235  40.968 0.0000000000
79477  48.683  14.720  42.200 0.0000000000
79458  48.006  14.723  43.240 0.0000000000
79459  47.391  15.004  43.800 0.0000000000
79436  46.553  15.256  45.484 0.0000000000
71347  41.369  8.287  45.475 0.0000000000
72483  42.280  9.088  45.716 0.0000000000
71345  42.391  8.401  46.310 0.0000000000
71325  43.408  8.527  47.602 0.0000000000
71301  44.283  8.931  48.636 0.0000000000
71261  43.979  7.671  50.255 0.0000000000
72414  44.695  8.479  50.458 0.0000000000
72413  45.336  9.156  50.538 0.0000000000
61845  41.105  0.251  53.625 0.0000000000
57077  40.667  -4.711  65.246 0.0000000000
80650  45.466  17.099  34.601 0.0000000000
79563  46.800  15.661  35.676 0.0000000000
80612  47.774  15.966  36.893 0.0000000000
86155  51.450  21.481  28.651 0.0000000000
86144  50.672  21.726  28.994 0.0000000000
38171  8.752  -21.003  70.436 0.0000000000
38152  9.186  -20.538  71.685 0.0000000000
38154  8.221  -21.494  72.115 0.0000000000
37121  7.651  -21.873  73.170 0.0000000000
38106  6.359  -22.171  75.217 0.0000000000
36114  6.055  -23.584  72.827 0.0000000000
72521  39.945  8.677  43.605 0.0000000000
71395  39.334  8.074  43.554 0.0000000000
71378  40.798  8.358  44.690 0.0000000000
70191  40.904  7.586  45.435 0.0000000000
69013  41.344  6.811  46.103 0.0000000000
68973  41.818  6.389  47.900 0.0000000000
67873  39.886  4.894  46.474 0.0000000000
68974  41.330  5.660  48.467 0.0000000000
68958  41.842  6.309  48.923 0.0000000000
68932  42.204  6.212  51.036 0.0000000000
68917  42.785  5.764  51.930 0.0000000000
68900  43.721  6.017  54.032 0.0000000000
56127  34.803  -5.183  57.177 0.0000000000
55099  33.248  -5.701  58.397 0.0000000000
55098  34.233  -5.768  58.699 0.0000000000
55096  36.075  -5.828  59.338 0.0000000000
56089  37.169  -6.046  60.484 0.0000000000
55023  37.587  -6.422  61.857 0.0000000000
56043  38.574  -6.039  63.230 0.0000000000
51610  31.352  -8.983  62.643 0.0000000000
51609  32.372  -8.901  62.658 0.0000000000
51608  33.479  -9.097  62.604 0.0000000000
52723  34.241  -9.304  66.008 0.0000000000
52741  35.117  -8.784  64.727 0.0000000000
52753  35.521  -8.590  63.715 0.0000000000
52751  37.100  -7.926  63.749 0.0000000000
53898  38.238  -6.941  64.362 0.0000000000
54969  39.322  -5.998  65.501 0.0000000000
45889  26.132  -14.174  69.861 0.0000000000
44812  25.362  -14.691  69.790 0.0000000000
44803  23.843  -15.557  70.040 0.0000000000
44804  23.256  -15.950  69.680 0.0000000000
44830  22.961  -15.676  67.717 0.0000000000
43690  22.371  -16.002  68.070 0.0000000000
43653  22.262  -16.661  69.746 0.0000000000
43673  20.443  -17.170  69.260 0.0000000000
42545  19.736  -17.190  69.492 0.0000000000
42547  17.658  -17.253  69.363 0.0000000000
46045  19.075  -14.638  62.002 0.0000000000
46024  18.672  -15.253  62.606 0.0000000000
44882  18.194  -16.015  64.937 0.0000000000
46027  15.547  -14.565  62.947 0.0000000000
44908  16.687  -15.413  64.278 0.0000000000
44859  17.740  -16.165  65.746 0.0000000000
43738  17.313  -16.325  66.561 0.0000000000
43695  17.174  -16.543  68.174 0.0000000000
42549  16.074  -16.523  69.236 0.0000000000
43656  15.105  -16.772  69.558 0.0000000000
43678  13.757  -16.677  69.205 0.0000000000
43679  13.138  -17.154  69.506 0.0000000000
42590  12.821  -16.946  66.730 0.0000000000
42567  12.358  -17.369  68.225 0.0000000000
42551  11.572  -17.493  69.161 0.0000000000
41366  11.058  -18.079  69.179 0.0000000000
40217  10.092  -19.089  69.042 0.0000000000
39171  9.716  -19.647  68.331 0.0000000000
39172  9.070  -20.180  68.539 0.0000000000
38202  8.022  -21.342  68.100 0.0000000000
55126  28.797  -6.488  57.193 0.0000000000
55080  28.726  -7.031  58.005 0.0000000000
53965  28.354  -7.903  59.374 0.0000000000
53987  26.506  -7.414  58.157 0.0000000000
52797  26.580  -8.415  59.748 0.0000000000
52780  28.203  -8.756  61.171 0.0000000000
51614  27.610  -9.947  62.185 0.0000000000
50461  27.925  -10.766  63.220 0.0000000000
48162  28.042  -12.058  64.857 0.0000000000
47084  26.319  -12.487  63.332 0.0000000000
47052  26.670  -12.877  64.672 0.0000000000
48148  27.499  -12.967  66.402 0.0000000000
47021  27.435  -13.232  67.575 0.0000000000
46965  26.567  -13.800  69.666 0.0000000000
39099  8.763  -20.196  73.208 0.0000000000
39066  8.607  -20.087  75.932 0.0000000000
82629  53.913  18.827  40.664 0.0000000000
80568  51.032  15.648  40.341 0.0000000000
80557  51.746  16.525  41.410 0.0000000000
81602  51.975  16.924  42.774 0.0000000000
80516  51.203  16.551  44.234 0.0000000000
81589  51.591  16.695  43.763 0.0000000000
81575  52.913  17.656  44.395 0.0000000000
75971  44.019  11.153  39.976 0.0000000000
75959  44.856  11.109  41.596 0.0000000000
74855  43.745  10.142  42.009 0.0000000000
75943  44.597  11.567  42.473 0.0000000000
75942  45.252  11.899  42.109 0.0000000000
77051  45.832  13.267  43.457 0.0000000000
78231  45.492  14.141  44.856 0.0000000000
79437  46.250  15.196  46.055 0.0000000000
73643  42.683  10.088  45.897 0.0000000000
74774  43.173  10.859  45.949 0.0000000000
75896  43.962  11.992  46.203 0.0000000000
74766  45.050  11.225  47.773 0.0000000000
75888  44.174  12.131  46.849 0.0000000000
77012  44.280  12.629  46.089 0.0000000000
78201  45.092  14.024  46.378 0.0000000000
78200  45.736  14.582  46.901 0.0000000000
66674  37.500  3.899  48.780 0.0000000000
67799  38.855  5.024  50.474 0.0000000000
66640  37.770  4.508  51.559 0.0000000000
67782  38.614  4.984  51.635 0.0000000000
67781  39.630  5.225  51.371 0.0000000000
68919  40.836  5.109  52.733 0.0000000000
68880  41.911  5.046  54.414 0.0000000000
68859  44.144  5.725  55.905 0.0000000000
56111  38.573  -4.298  57.745 0.0000000000
58362  39.713  -2.386  55.325 0.0000000000
59485  40.869  -1.400  55.234 0.0000000000
60638  41.761  -0.250  54.996 0.0000000000
57105  41.477  -3.834  63.866 0.0000000000
57118  42.184  -3.456  63.049 0.0000000000
58253  42.620  -2.836  61.337 0.0000000000
60582  42.825  -1.118  61.084 0.0000000000
59440  42.395  -1.908  59.396 0.0000000000
60605  43.306  -1.052  58.225 0.0000000000
61795  42.749  -0.434  56.667 0.0000000000
61813  42.502  1.150  55.427 0.0000000000
64136  42.696  2.443  56.312 0.0000000000
64129  42.216  3.025  56.844 0.0000000000
65342  42.274  4.073  57.401 0.0000000000
66505  44.797  4.042  59.768 0.0000000000
66524  43.508  4.597  59.110 0.0000000000
67677  42.460  5.327  58.013 0.0000000000
68804  42.671  5.792  57.776 0.0000000000
83826  50.089  20.001  29.646 0.0000000000
82760  51.227  18.840  29.774 0.0000000000
82743  51.438  18.369  30.667 0.0000000000
82713  52.583  18.889  32.453 0.0000000000
83784  52.763  19.358  32.848 0.0000000000
83758  51.645  19.379  34.479 0.0000000000
84907  52.028  19.806  34.288 0.0000000000
86086  52.874  20.451  34.422 0.0000000000
87128  53.378  20.535  35.418 0.0000000000
45865  26.699  -13.840  71.051 0.0000000000
45864  27.329  -13.895  70.988 0.0000000000
40203  9.782  -19.091  71.210 0.0000000000
39116  9.382  -20.002  71.611 0.0000000000
68899  44.322  6.337  54.432 0.0000000000
70030  44.698  6.779  54.593 0.0000000000
52794  29.697  -8.190  60.303 0.0000000000
52779  29.190  -8.643  61.070 0.0000000000
46043  21.186  -14.413  62.526 0.0000000000
47113  20.786  -14.266  61.539 0.0000000000
42502  18.089  -16.969  71.389 0.0000000000
81641  50.089  16.485  37.564 0.0000000000
80596  51.363  16.052  38.045 0.0000000000
79527  50.877  15.595  38.257 0.0000000000
80509  47.157  15.948  46.002 0.0000000000
80508  48.052  16.071  45.748 0.0000000000
80494  47.810  16.258  46.638 0.0000000000
73658  41.299  9.326  44.502 0.0000000000
63044  41.034  1.119  53.230 0.0000000000
63045  40.174  1.486  52.841 0.0000000000
63023  40.557  1.894  53.942 0.0000000000
63006  41.714  1.810  54.668 0.0000000000
57107  39.705  -4.939  63.685 0.0000000000
81652  49.314  16.346  37.388 0.0000000000
80610  49.374  16.611  36.751 0.0000000000
83837  52.391  20.144  28.791 0.0000000000
83824  52.025  19.352  29.109 0.0000000000
49315  28.635  -11.743  65.354 0.0000000000
49314  29.319  -11.516  65.703 0.0000000000
42528  13.161  -17.289  70.479 0.0000000000
42491  13.601  -17.182  71.931 0.0000000000
42492  12.887  -17.571  71.796 0.0000000000
79533  46.048  14.818  37.691 0.0000000000
79521  46.581  14.549  38.143 0.0000000000
78295  46.184  14.412  38.195 0.0000000000
75957  46.463  11.848  41.138 0.0000000000
70134  42.423  6.997  48.303 0.0000000000
70114  43.154  7.020  49.639 0.0000000000
36128  7.300  -23.173  70.553 0.0000000000
70204  38.005  6.624  43.819 0.0000000000
69042  38.792  6.184  44.461 0.0000000000
67900  39.296  5.615  44.747 0.0000000000
67798  40.155  5.133  50.524 0.0000000000
53959  33.879  -7.368  60.112 0.0000000000
53937  34.637  -7.862  61.259 0.0000000000
53947  35.139  -7.352  61.148 0.0000000000
53936  35.272  -7.944  61.644 0.0000000000
51546  32.730  -10.125  65.913 0.0000000000
45962  24.790  -13.989  67.665 0.0000000000
45949  24.355  -13.985  68.142 0.0000000000
43736  19.284  -16.534  66.611 0.0000000000
44886  14.549  -15.555  64.967 0.0000000000
44863  14.404  -16.039  65.549 0.0000000000
44842  15.376  -16.264  66.233 0.0000000000
43721  14.332  -16.433  67.174 0.0000000000
43742  13.968  -16.504  66.048 0.0000000000
49430  24.915  -11.144  59.831 0.0000000000
50509  25.434  -10.320  59.660 0.0000000000
50508  25.881  -9.700  60.125 0.0000000000
49407  25.919  -11.011  60.645 0.0000000000
49385  26.258  -11.202  61.231 0.0000000000
47039  25.006  -14.209  66.506 0.0000000000
47023  25.465  -13.956  67.281 0.0000000000
43636  22.999  -16.605  70.277 0.0000000000
38086  6.287  -21.351  76.123 0.0000000000
38085  7.123  -21.334  76.278 0.0000000000
83738  53.715  19.311  37.487 0.0000000000
83724  53.990  19.250  38.233 0.0000000000
83714  53.492  18.836  38.819 0.0000000000
81609  52.699  17.405  42.138 0.0000000000
82613  53.386  17.658  43.163 0.0000000000
82597  53.262  17.650  44.120 0.0000000000
77041  44.085  12.639  44.792 0.0000000000
77025  44.280  12.808  45.482 0.0000000000
72467  44.403  9.740  48.078 0.0000000000
73620  44.812  10.337  48.328 0.0000000000
66642  36.187  4.057  50.698 0.0000000000
66568  40.288  4.516  55.673 0.0000000000
67710  39.802  5.076  55.488 0.0000000000
67702  40.745  4.838  55.896 0.0000000000
68847  40.818  5.091  55.537 0.0000000000
56146  36.416  -4.544  56.246 0.0000000000
57171  41.288  -3.949  59.084 0.0000000000
57192  40.889  -3.386  58.209 0.0000000000
58294  41.456  -2.538  58.352 0.0000000000
62953  43.871  1.044  60.980 0.0000000000
64109  44.527  1.628  59.508 0.0000000000
64102  44.571  2.031  60.333 0.0000000000
82700  49.765  17.733  32.998 0.0000000000
82716  49.572  17.972  32.074 0.0000000000
82671  52.352  18.407  37.057 0.0000000000
83739  53.072  18.909  36.886 0.0000000000
84954  55.815  18.678  29.048 0.0000000000
84931  56.531  19.526  30.436 0.0000000000
86114  54.240  20.411  32.553 0.0000000000
84920  54.162  20.496  32.911 0.0000000000
86097  53.621  20.673  33.747 0.0000000000
47000  27.710  -13.273  68.305 0.0000000000
48110  28.425  -12.812  68.525 0.0000000000
48095  28.470  -13.152  69.243 0.0000000000
41355  11.111  -18.336  70.067 0.0000000000
41346  11.310  -18.203  71.232 0.0000000000
41347  10.485  -18.720  71.786 0.0000000000
40194  9.965  -19.421  72.520 0.0000000000
40193  10.520  -18.902  72.913 0.0000000000
40171  10.040  -19.309  74.470 0.0000000000
40157  10.798  -19.160  74.948 0.0000000000
77103  44.006  12.752  38.727 0.0000000000
70079  43.057  6.807  51.568 0.0000000000
34220  4.140  -24.603  71.229 0.0000000000
55102  30.115  -6.429  57.739 0.0000000000
52793  30.675  -8.020  60.335 0.0000000000
53962  31.177  -7.477  59.733 0.0000000000
52792  31.619  -7.816  60.345 0.0000000000
52776  32.379  -8.003  60.933 0.0000000000
45996  23.317  -14.249  64.446 0.0000000000
45997  22.628  -14.362  64.201 0.0000000000
46022  20.733  -14.503  63.251 0.0000000000
45998  21.487  -14.835  64.250 0.0000000000
44904  20.659  -15.336  64.365 0.0000000000
48261  23.156  -12.600  60.322 0.0000000000
49432  23.360  -11.986  59.331 0.0000000000
48287  23.519  -12.142  59.824 0.0000000000
48260  24.122  -12.209  60.472 0.0000000000
47141  24.261  -12.598  61.137 0.0000000000
47087  22.880  -14.295  63.277 0.0000000000
47070  23.873  -13.984  64.283 0.0000000000
42521  20.822  -17.348  70.317 0.0000000000
42500  20.040  -17.242  71.344 0.0000000000
81648  52.275  17.328  37.719 0.0000000000
81626  52.196  16.828  39.425 0.0000000000
82631  52.499  17.611  41.066 0.0000000000
79443  48.731  15.307  43.956 0.0000000000
72558  41.308  9.384  42.063 0.0000000000
73716  41.824  9.588  42.411 0.0000000000
74810  42.469  10.324  44.262 0.0000000000
74809  43.009  10.944  44.570 0.0000000000
74787  42.916  10.820  45.361 0.0000000000
64195  37.312  2.847  51.674 0.0000000000
64149  39.933  2.914  55.019 0.0000000000
65385  39.454  3.332  54.774 0.0000000000
64139  40.365  3.289  55.460 0.0000000000
65372  39.819  3.702  55.301 0.0000000000
65363  41.161  3.658  56.395 0.0000000000
56102  37.649  -5.036  59.464 0.0000000000
56069  39.525  -4.834  60.941 0.0000000000
57137  41.436  -4.451  61.353 0.0000000000
81658  49.667  16.849  36.259 0.0000000000
81666  48.816  16.681  34.830 0.0000000000
81665  49.811  16.870  35.249 0.0000000000
81664  50.446  17.516  34.849 0.0000000000
82661  51.097  17.885  36.945 0.0000000000
82660  51.877  18.031  37.212 0.0000000000
82773  53.426  18.745  29.008 0.0000000000
83835  54.042  19.209  28.572 0.0000000000
83834  54.807  18.582  29.181 0.0000000000
83821  54.848  18.910  30.356 0.0000000000
82771  54.549  18.646  29.908 0.0000000000
82741  53.679  18.798  31.148 0.0000000000
82740  54.189  18.869  30.915 0.0000000000
83797  53.640  19.474  31.837 0.0000000000
82726  53.405  19.047  31.633 0.0000000000
51594  29.232  -9.897  63.148 0.0000000000
50421  30.769  -10.976  65.531 0.0000000000
50432  30.518  -10.899  64.987 0.0000000000
50420  31.432  -10.709  65.582 0.0000000000
42488  16.292  -16.835  72.217 0.0000000000
42489  15.314  -17.004  72.071 0.0000000000
42459  13.855  -17.310  73.707 0.0000000000
42458  14.718  -17.250  73.996 0.0000000000
42445  14.760  -17.026  75.096 0.0000000000
42431  15.056  -17.226  75.870 0.0000000000
41293  14.425  -17.461  75.803 0.0000000000
41320  11.887  -18.088  73.256 0.0000000000
41307  12.539  -17.823  73.796 0.0000000000
79530  48.397  15.285  38.192 0.0000000000
78292  48.696  13.866  39.299 0.0000000000
78283  48.931  13.638  40.392 0.0000000000
77112  45.667  13.448  38.554 0.0000000000
77111  46.212  13.427  38.729 0.0000000000
77091  47.819  12.832  40.551 0.0000000000
77080  48.379  13.518  41.621 0.0000000000
77065  48.194  13.591  41.989 0.0000000000
79478  48.171  14.475  42.671 0.0000000000
78255  47.752  14.011  42.547 0.0000000000
78243  46.995  14.478  43.508 0.0000000000
79445  47.019  15.142  44.440 0.0000000000
78230  46.277  14.692  44.793 0.0000000000
71346  41.824  8.333  45.831 0.0000000000
70175  42.514  7.817  46.881 0.0000000000
70132  43.465  8.034  48.463 0.0000000000
71302  43.785  8.447  48.487 0.0000000000
71279  44.321  8.764  49.117 0.0000000000
71249  44.446  7.966  51.391 0.0000000000
72405  45.099  8.547  51.038 0.0000000000
73573  45.866  9.842  50.708 0.0000000000
59524  39.666  -0.987  52.985 0.0000000000
60669  40.022  -0.252  52.860 0.0000000000
60658  40.459  -0.585  53.387 0.0000000000
80640  45.454  16.358  35.299 0.0000000000
80639  46.553  16.127  35.144 0.0000000000
79564  46.130  15.844  35.667 0.0000000000
80601  47.356  15.422  37.437 0.0000000000
80600  48.178  15.675  37.593 0.0000000000
37141  8.331  -21.553  70.168 0.0000000000
37132  8.514  -21.436  70.803 0.0000000000
37133  7.980  -22.049  71.125 0.0000000000
37126  7.695  -21.951  72.448 0.0000000000
37122  7.105  -22.447  73.412 0.0000000000
37115  6.821  -22.166  74.167 0.0000000000
37116  6.163  -22.525  74.406 0.0000000000
35145  5.549  -24.100  72.322 0.0000000000
35144  6.187  -23.922  72.105 0.0000000000
36115  5.318  -23.586  72.963 0.0000000000
73698  40.158  8.965  43.075 0.0000000000
70203  39.134  7.208  44.117 0.0000000000
70223  38.879  7.710  43.546 0.0000000000
71379  40.029  8.082  44.354 0.0000000000
71364  40.463  7.954  45.023 0.0000000000
68993  41.665  6.568  46.916 0.0000000000
68994  41.331  5.712  47.438 0.0000000000
66737  39.256  4.639  45.883 0.0000000000
67833  40.656  5.044  49.012 0.0000000000
68946  41.810  6.177  50.094 0.0000000000
67761  41.979  5.592  51.575 0.0000000000
68901  42.874  5.458  53.286 0.0000000000
55143  33.744  -5.158  57.058 0.0000000000
56128  34.179  -5.191  57.070 0.0000000000
55123  34.056  -5.594  57.654 0.0000000000
55077  31.517  -6.365  58.820 0.0000000000
55100  32.091  -5.498  58.197 0.0000000000
55076  32.518  -5.941  59.093 0.0000000000
55061  34.818  -6.424  60.062 0.0000000000
55075  33.512  -6.036  59.222 0.0000000000
55074  34.446  -5.971  59.528 0.0000000000
55097  35.145  -5.720  59.073 0.0000000000
55072  36.308  -6.115  60.079 0.0000000000
55024  36.793  -6.873  62.046 0.0000000000
55043  37.050  -6.367  61.326 0.0000000000
55004  37.692  -6.613  62.901 0.0000000000
56055  38.452  -6.157  62.323 0.0000000000
51611  30.376  -9.315  62.506 0.0000000000
51574  32.574  -9.440  64.351 0.0000000000
51590  32.921  -9.110  63.534 0.0000000000
51589  33.914  -9.217  63.548 0.0000000000
52721  35.764  -8.281  65.647 0.0000000000
52722  34.877  -8.671  65.827 0.0000000000
52752  36.480  -8.207  63.396 0.0000000000
53900  36.920  -7.858  64.820 0.0000000000
53876  38.184  -7.119  65.130 0.0000000000
54978  38.814  -6.286  64.811 0.0000000000
45911  25.909  -14.287  69.450 0.0000000000
45912  25.027  -14.481  69.321 0.0000000000
45933  24.021  -14.405  68.760 0.0000000000
44814  23.802  -15.103  69.342 0.0000000000
44815  22.981  -15.665  69.153 0.0000000000
45972  23.021  -15.304  65.885 0.0000000000
44838  23.421  -15.419  67.108 0.0000000000
44839  22.678  -15.809  66.936 0.0000000000
43671  22.164  -16.100  68.891 0.0000000000
43672  21.276  -17.069  69.285 0.0000000000
43693  19.139  -16.599  68.261 0.0000000000
42564  19.359  -17.159  68.845 0.0000000000
42565  18.435  -17.110  68.685 0.0000000000
42546  18.677  -17.241  69.530 0.0000000000
46025  17.504  -14.984  62.672 0.0000000000
46001  18.142  -15.525  63.374 0.0000000000
44906  18.733  -15.816  64.141 0.0000000000
44907  17.638  -15.671  64.205 0.0000000000
46004  15.381  -14.950  63.587 0.0000000000
44884  16.314  -15.555  65.044 0.0000000000
44909  15.834  -15.449  64.192 0.0000000000
44883  17.235  -15.652  65.048 0.0000000000
43696  16.413  -16.565  68.019 0.0000000000
42548  16.663  -16.905  69.041 0.0000000000
43675  16.112  -16.319  68.769 0.0000000000
42526  15.826  -16.848  69.932 0.0000000000
43676  15.343  -16.426  68.803 0.0000000000
43677  14.518  -16.490  68.951 0.0000000000
43744  12.480  -16.939  65.294 0.0000000000
43743  13.205  -16.998  65.929 0.0000000000
42592  11.463  -18.040  66.704 0.0000000000
42579  12.009  -17.627  67.528 0.0000000000
42568  11.757  -17.496  68.513 0.0000000000
42569  11.343  -17.723  68.763 0.0000000000
42552  11.332  -17.686  69.179 0.0000000000
40231  10.297  -18.950  66.926 0.0000000000
41378  10.547  -18.544  68.691 0.0000000000
40223  10.369  -19.178  68.052 0.0000000000
38216  8.637  -20.529  67.662 0.0000000000
38201  8.479  -21.001  68.592 0.0000000000
38217  7.796  -20.950  67.503 0.0000000000
55082  27.304  -6.993  57.607 0.0000000000
55105  27.710  -6.750  57.416 0.0000000000
55081  27.929  -7.111  57.752 0.0000000000
53985  28.132  -7.538  58.437 0.0000000000
53966  27.462  -7.958  59.080 0.0000000000
54004  25.480  -7.329  57.127 0.0000000000
54003  26.187  -7.100  57.564 0.0000000000
53988  25.844  -7.391  58.096 0.0000000000
52782  26.666  -8.889  60.611 0.0000000000
52781  27.213  -8.721  60.831 0.0000000000
51626  27.727  -9.181  61.584 0.0000000000
49364  26.953  -11.268  62.603 0.0000000000
50462  27.484  -10.674  62.650 0.0000000000
49363  27.419  -11.050  63.184 0.0000000000
49342  27.736  -11.241  63.846 0.0000000000
48179  27.836  -11.632  64.337 0.0000000000
47085  25.374  -12.828  62.852 0.0000000000
47068  25.938  -12.901  63.995 0.0000000000
48163  27.388  -12.616  65.293 0.0000000000
48130  27.515  -13.117  67.080 0.0000000000
47022  26.610  -13.401  67.072 0.0000000000
46983  26.291  -13.828  68.896 0.0000000000
42456  16.556  -17.054  74.155 0.0000000000
42455  17.476  -17.184  74.181 0.0000000000
38135  8.572  -20.954  72.567 0.0000000000
39089  8.223  -20.747  74.117 0.0000000000
39059  8.121  -20.376  76.615 0.0000000000
39077  8.382  -20.121  75.165 0.0000000000
39058  8.624  -19.888  76.717 0.0000000000
39051  8.759  -19.932  77.238 0.0000000000
82640  53.257  18.278  39.596 0.0000000000
82639  53.635  18.680  39.971 0.0000000000
78290  50.082  14.780  39.034 0.0000000000
79516  50.667  15.169  39.006 0.0000000000
80582  50.917  15.420  39.696 0.0000000000
80546  51.198  15.948  42.543 0.0000000000
80558  51.166  15.883  41.296 0.0000000000
80545  51.883  16.567  42.108 0.0000000000
80517  50.556  16.410  44.466 0.0000000000
81577  51.451  17.053  44.911 0.0000000000
82583  52.203  17.702  45.321 0.0000000000
81576  52.462  17.505  44.568 0.0000000000
82582  52.967  17.741  44.915 0.0000000000
74881  43.147  10.905  39.624 0.0000000000
75970  44.636  11.288  40.386 0.0000000000
74869  44.396  10.980  41.008 0.0000000000
74840  43.474  10.770  42.604 0.0000000000
75929  44.345  11.996  43.161 0.0000000000
75944  43.758  11.216  42.750 0.0000000000
77068  44.913  12.261  42.734 0.0000000000
77067  45.669  12.697  42.616 0.0000000000
78215  46.135  14.962  45.337 0.0000000000
78216  45.732  14.788  45.748 0.0000000000
72482  42.846  9.184  46.328 0.0000000000
73644  42.170  9.620  45.470 0.0000000000
73633  42.915  9.778  46.601 0.0000000000
73642  43.262  10.614  46.257 0.0000000000
74773  43.645  11.255  46.449 0.0000000000
74786  43.447  11.434  45.777 0.0000000000
75878  45.501  12.861  47.967 0.0000000000
75887  45.048  12.290  47.481 0.0000000000
77004  44.297  12.438  46.529 0.0000000000
77003  44.702  13.076  46.834 0.0000000000
67817  36.959  4.185  49.528 0.0000000000
67816  37.354  4.208  49.489 0.0000000000
67815  38.495  4.320  49.288 0.0000000000
66612  38.074  4.286  53.554 0.0000000000
66625  38.040  4.327  52.614 0.0000000000
67745  39.160  5.413  53.143 0.0000000000
67765  38.495  4.994  52.635 0.0000000000
67764  39.335  5.270  52.307 0.0000000000
68920  39.927  5.544  52.895 0.0000000000
67763  40.260  5.251  52.071 0.0000000000
68903  40.376  5.307  53.576 0.0000000000
68861  42.156  5.311  55.355 0.0000000000
68860  43.084  5.503  55.634 0.0000000000
68844  43.218  5.562  56.589 0.0000000000
56101  38.603  -4.761  58.970 0.0000000000
57213  39.525  -3.207  57.018 0.0000000000
57214  38.809  -3.694  57.030 0.0000000000
57230  38.744  -3.308  56.102 0.0000000000
58341  39.269  -2.735  55.890 0.0000000000
59468  41.361  -1.770  56.583 0.0000000000
59477  41.174  -1.784  55.760 0.0000000000
60621  41.730  -1.613  55.929 0.0000000000
60628  41.563  -1.037  55.455 0.0000000000
60627  42.179  -0.429  55.526 0.0000000000
57076  40.963  -4.323  65.510 0.0000000000
57091  40.633  -4.565  64.362 0.0000000000
57090  41.118  -4.047  64.864 0.0000000000
58224  42.481  -3.129  63.692 0.0000000000
57104  42.029  -3.497  63.554 0.0000000000
58238  42.626  -3.014  62.807 0.0000000000
57136  42.275  -3.711  62.035 0.0000000000
58252  42.828  -2.948  62.209 0.0000000000
60581  43.529  -0.632  61.207 0.0000000000
60571  43.587  -0.953  61.786 0.0000000000
60583  42.656  -1.518  60.799 0.0000000000
60592  42.933  -1.338  60.269 0.0000000000
60601  42.391  -1.708  58.943 0.0000000000
60600  42.978  -1.394  59.251 0.0000000000
61783  44.169  0.423  57.969 0.0000000000
61784  43.766  -0.309  58.036 0.0000000000
61794  43.603  0.193  56.889 0.0000000000
61805  42.843  0.871  55.881 0.0000000000
62996  42.448  1.813  55.605 0.0000000000
62986  43.176  1.603  56.452 0.0000000000
64116  44.044  3.212  57.947 0.0000000000
64128  43.087  2.556  57.058 0.0000000000
64118  42.641  3.189  57.364 0.0000000000
65352  42.294  3.541  57.268 0.0000000000
65341  42.800  3.866  57.673 0.0000000000
65322  45.031  3.039  60.377 0.0000000000
66488  45.247  4.254  60.401 0.0000000000
66506  44.354  4.639  59.527 0.0000000000
67660  44.064  5.406  59.353 0.0000000000
66525  42.750  4.855  58.369 0.0000000000
67676  43.184  5.289  58.717 0.0000000000
67690  42.338  5.497  57.561 0.0000000000
68784  43.743  5.687  58.812 0.0000000000
84959  49.870  20.858  29.521 0.0000000000
82744  50.276  18.661  30.442 0.0000000000
82761  50.458  19.209  29.771 0.0000000000
82714  52.088  18.673  32.485 0.0000000000
83768  52.360  19.660  33.535 0.0000000000
83759  51.432  18.946  34.671 0.0000000000
84884  52.493  19.772  35.540 0.0000000000
84894  51.734  19.530  34.665 0.0000000000
84893  52.233  20.026  34.716 0.0000000000
84906  52.554  20.053  33.783 0.0000000000
87135  53.345  20.563  34.855 0.0000000000
86070  53.734  20.595  36.206 0.0000000000
86163  55.307  20.220  27.302 0.0000000000
86136  55.397  19.767  31.188 0.0000000000
46948  27.160  -13.217  70.483 0.0000000000
40195  9.314  -19.744  72.995 0.0000000000
70063  44.152  7.076  52.835 0.0000000000
70048  44.429  6.831  53.815 0.0000000000
53984  29.007  -7.434  58.715 0.0000000000
53983  29.920  -7.290  58.923 0.0000000000
47088  22.104  -14.404  62.895 0.0000000000
46020  22.373  -14.277  63.688 0.0000000000
46042  21.746  -14.389  62.745 0.0000000000
48262  22.423  -12.690  60.141 0.0000000000
42485  19.199  -17.252  72.340 0.0000000000
42467  19.145  -17.215  73.051 0.0000000000
80581  51.525  15.840  39.221 0.0000000000
73696  41.557  9.578  43.261 0.0000000000
73656  42.528  10.322  45.232 0.0000000000
64177  39.385  2.481  52.850 0.0000000000
64164  38.824  3.035  53.519 0.0000000000
64162  40.301  2.559  54.486 0.0000000000
64148  40.888  2.949  54.799 0.0000000000
56054  38.905  -5.689  61.897 0.0000000000
56070  38.608  -5.136  61.169 0.0000000000
56041  39.638  -4.686  62.805 0.0000000000
57120  40.088  -4.605  62.583 0.0000000000
80625  48.496  16.400  36.430 0.0000000000
80637  48.506  16.448  35.593 0.0000000000
80624  49.129  16.525  36.527 0.0000000000
82674  50.189  17.502  36.302 0.0000000000
81650  50.568  16.964  37.292 0.0000000000
50447  28.887  -10.567  64.166 0.0000000000
50446  29.349  -10.541  64.283 0.0000000000
50434  29.189  -10.808  64.590 0.0000000000
50422  30.102  -11.253  65.385 0.0000000000
50411  30.406  -11.265  65.992 0.0000000000
42506  14.049  -16.826  71.258 0.0000000000
42490  14.372  -17.009  72.009 0.0000000000
42473  13.745  -17.209  72.777 0.0000000000
41297  11.435  -18.852  75.351 0.0000000000
41296  11.961  -18.440  75.088 0.0000000000
79520  47.227  14.525  38.369 0.0000000000
78293  47.552  13.855  38.927 0.0000000000
75980  45.821  12.313  39.422 0.0000000000
75968  46.675  12.312  40.096 0.0000000000
75956  47.277  12.351  41.043 0.0000000000
78270  47.357  13.400  42.193 0.0000000000
78271  47.181  13.511  42.391 0.0000000000
71303  43.565  8.012  49.046 0.0000000000
80602  46.651  15.250  37.375 0.0000000000
36119  7.574  -22.808  70.911 0.0000000000
36113  6.805  -23.338  72.382 0.0000000000
67885  40.487  5.522  46.130 0.0000000000
67856  40.059  4.426  47.443 0.0000000000
68947  41.309  5.574  49.945 0.0000000000
67797  41.184  5.448  50.483 0.0000000000
67762  41.225  5.245  51.848 0.0000000000
56129  32.566  -4.926  56.655 0.0000000000
55063  32.929  -6.749  59.361 0.0000000000
55046  34.528  -7.093  60.124 0.0000000000
55060  35.686  -6.410  60.357 0.0000000000
55025  36.289  -7.297  61.553 0.0000000000
53934  36.813  -7.391  62.540 0.0000000000
51575  31.830  -10.060  64.060 0.0000000000
53846  36.040  -7.876  67.103 0.0000000000
53878  36.610  -7.855  65.550 0.0000000000
45932  24.678  -14.234  68.727 0.0000000000
44855  21.732  -15.844  65.836 0.0000000000
44840  22.035  -15.912  66.543 0.0000000000
43734  21.320  -16.167  66.590 0.0000000000
43714  20.885  -16.533  67.447 0.0000000000
43715  19.774  -16.557  67.521 0.0000000000
46026  16.457  -14.761  62.779 0.0000000000
46006  14.557  -15.311  63.743 0.0000000000
46005  14.868  -15.034  63.648 0.0000000000
44911  14.790  -15.406  64.228 0.0000000000
44885  15.382  -15.495  64.892 0.0000000000
44861  15.937  -16.144  65.802 0.0000000000
43739  16.513  -16.233  66.529 0.0000000000
44841  15.768  -16.240  66.577 0.0000000000
43720  15.252  -16.338  67.094 0.0000000000
43698  14.812  -16.327  68.075 0.0000000000
41389  10.918  -18.449  67.177 0.0000000000
40230  10.482  -18.529  66.574 0.0000000000
55106  27.044  -6.741  57.374 0.0000000000
54002  26.778  -7.068  57.657 0.0000000000
51655  25.151  -9.348  58.648 0.0000000000
51641  26.273  -9.253  60.386 0.0000000000
51615  27.045  -10.036  61.758 0.0000000000
50474  26.742  -10.396  61.431 0.0000000000
49384  26.804  -10.992  61.809 0.0000000000
38104  7.533  -21.036  74.750 0.0000000000
38092  7.607  -20.854  75.228 0.0000000000
39060  7.715  -20.981  76.458 0.0000000000
82580  53.920  17.526  44.166 0.0000000000
79489  50.603  15.273  41.224 0.0000000000
81567  50.451  17.110  45.722 0.0000000000
74871  42.697  10.144  40.575 0.0000000000
75931  43.366  11.242  43.555 0.0000000000
75945  43.391  11.326  43.104 0.0000000000
77040  44.681  13.008  44.436 0.0000000000
66675  36.589  3.920  49.295 0.0000000000
66655  37.382  4.575  50.764 0.0000000000
67730  38.507  5.006  54.340 0.0000000000
67747  38.178  4.758  53.543 0.0000000000
67718  39.283  5.445  54.855 0.0000000000
68882  39.889  5.484  54.268 0.0000000000
68881  40.800  5.280  54.360 0.0000000000
68846  41.607  5.251  55.846 0.0000000000
56110  39.228  -3.970  57.974 0.0000000000
57193  39.821  -3.676  57.966 0.0000000000
57212  40.229  -3.066  57.608 0.0000000000
58316  40.186  -2.641  57.148 0.0000000000
58340  39.991  -2.562  56.313 0.0000000000
58339  40.516  -2.015  56.991 0.0000000000
59456  41.201  -1.847  57.424 0.0000000000
59467  41.833  -1.448  57.123 0.0000000000
58192  42.087  -3.238  64.931 0.0000000000
59364  42.496  -2.818  64.926 0.0000000000
59377  42.698  -2.627  64.644 0.0000000000
59376  43.116  -2.314  64.173 0.0000000000
61754  43.800  -0.303  60.557 0.0000000000
61775  43.541  -0.528  58.967 0.0000000000
61764  43.830  0.077  59.519 0.0000000000
62969  44.279  0.873  58.938 0.0000000000
62977  44.392  1.249  58.009 0.0000000000
62985  43.880  1.663  57.311 0.0000000000
62976  44.422  2.051  57.926 0.0000000000
64115  44.539  2.751  58.461 0.0000000000
65339  44.183  3.504  58.673 0.0000000000
81687  48.946  17.384  33.573 0.0000000000
82701  48.627  17.739  32.790 0.0000000000
82730  49.336  18.454  31.214 0.0000000000
83750  51.989  19.004  35.800 0.0000000000
86071  53.131  20.362  35.749 0.0000000000
84878  53.033  19.899  36.290 0.0000000000
84970  55.321  18.892  28.671 0.0000000000
84969  55.543  19.111  28.289 0.0000000000
84933  54.461  19.896  31.625 0.0000000000
86113  54.708  20.572  32.583 0.0000000000
86095  55.100  20.821  33.159 0.0000000000
48109  28.988  -12.192  68.124 0.0000000000
48094  28.946  -12.351  68.857 0.0000000000
42509  12.084  -17.847  70.726 0.0000000000
42493  12.330  -17.714  71.414 0.0000000000
41345  11.934  -17.886  71.396 0.0000000000
41321  11.251  -18.468  73.707 0.0000000000
40183  10.754  -18.726  73.390 0.0000000000
41309  11.371  -18.705  74.576 0.0000000000
40146  10.970  -19.198  75.734 0.0000000000
40147  10.116  -19.432  76.278 0.0000000000
75958  45.507  11.559  41.217 0.0000000000
70098  42.529  6.713  50.002 0.0000000000
35161  6.756  -23.588  70.333 0.0000000000
35162  5.882  -24.114  70.306 0.0000000000
35155  5.076  -24.545  71.697 0.0000000000
34219  4.554  -24.578  71.361 0.0000000000
34209  4.712  -24.609  71.971 0.0000000000
35148  4.031  -24.324  73.151 0.0000000000
65490  39.042  3.403  47.371 0.0000000000
53982  30.834  -7.104  59.111 0.0000000000
53981  31.571  -7.004  59.294 0.0000000000
53950  32.609  -7.580  60.302 0.0000000000
53949  33.274  -7.606  60.570 0.0000000000
52775  33.515  -7.997  61.173 0.0000000000
45970  24.353  -14.525  65.895 0.0000000000
45983  21.861  -15.115  64.975 0.0000000000
44878  22.002  -15.353  65.396 0.0000000000
44880  20.348  -15.990  64.857 0.0000000000
44881  19.280  -16.178  64.839 0.0000000000
44923  13.842  -15.466  63.314 0.0000000000
44913  13.447  -16.005  64.437 0.0000000000
43756  13.504  -16.323  65.378 0.0000000000
43758  12.241  -16.688  64.456 0.0000000000
49409  24.636  -11.562  60.216 0.0000000000
48229  25.497  -12.076  61.379 0.0000000000
48230  24.682  -12.378  61.095 0.0000000000
47055  24.154  -14.267  64.874 0.0000000000
81616  52.782  17.835  40.091 0.0000000000
81625  52.771  17.596  39.499 0.0000000000
82623  52.791  17.628  41.443 0.0000000000
79456  49.878  15.396  43.125 0.0000000000
80506  49.949  16.451  45.305 0.0000000000
80507  48.949  16.339  45.434 0.0000000000
73737  42.056  9.785  41.627 0.0000000000
74842  42.486  9.925  42.326 0.0000000000
75918  43.356  11.074  44.071 0.0000000000
65422  36.615  3.490  51.282 0.0000000000
66627  36.449  4.006  51.267 0.0000000000
65421  37.438  3.532  52.147 0.0000000000
65405  37.850  3.576  53.070 0.0000000000
65387  38.178  3.861  53.744 0.0000000000
65386  38.801  3.658  54.208 0.0000000000
66598  38.303  4.373  54.145 0.0000000000
66582  39.266  4.559  55.387 0.0000000000
66581  39.929  4.269  55.464 0.0000000000
66554  40.825  4.426  56.337 0.0000000000
56113  36.732  -5.383  58.824 0.0000000000
56086  39.803  -4.774  59.648 0.0000000000
57153  40.678  -4.403  59.507 0.0000000000
57170  41.968  -3.273  59.711 0.0000000000
81676  47.086  16.980  33.854 0.0000000000
81675  48.209  16.947  34.222 0.0000000000
82673  50.764  18.145  36.260 0.0000000000
83741  51.437  18.507  36.327 0.0000000000
84983  54.409  20.200  27.721 0.0000000000
83849  54.409  19.748  28.044 0.0000000000
84944  55.191  19.487  30.845 0.0000000000
84945  54.838  19.713  31.260 0.0000000000
82757  54.296  18.688  30.426 0.0000000000
83810  54.455  19.201  31.119 0.0000000000
83796  54.185  19.582  31.516 0.0000000000
84934  54.054  19.997  32.060 0.0000000000
83783  53.404  19.630  32.469 0.0000000000
52766  28.819  -8.917  61.833 0.0000000000
51612  29.375  -9.312  62.500 0.0000000000
51593  30.111  -9.858  63.234 0.0000000000
51561  30.693  -10.558  64.649 0.0000000000
51576  30.909  -10.404  63.940 0.0000000000
51560  31.423  -10.313  64.888 0.0000000000
50419  32.204  -10.723  65.790 0.0000000000
49299  29.357  -11.894  66.832 0.0000000000
49298  30.211  -11.467  66.822 0.0000000000
49286  30.305  -11.427  67.689 0.0000000000
49297  30.999  -11.269  66.965 0.0000000000
47145  19.930  -13.733  60.942 0.0000000000
42487  17.277  -16.870  72.327 0.0000000000
42470  16.459  -16.862  73.248 0.0000000000
42457  15.627  -17.059  74.140 0.0000000000
42430  15.731  -17.542  75.409 0.0000000000
41319  12.521  -17.597  72.949 0.0000000000
42447  13.203  -17.637  74.230 0.0000000000
42433  13.216  -17.893  74.975 0.0000000000
41280  12.674  -18.195  75.672 0.0000000000
42432  13.490  -17.749  75.426 0.0000000000
41294  14.049  -17.486  75.463 0.0000000000
79529  49.934  15.480  38.251 0.0000000000
80584  49.472  15.436  38.242 0.0000000000
78291  49.568  14.524  39.143 0.0000000000
78281  50.109  14.557  39.589 0.0000000000
79503  49.943  14.365  40.359 0.0000000000
79491  49.090  14.189  41.521 0.0000000000
77099  47.796  13.228  39.650 0.0000000000
77092  47.304  12.759  39.981 0.0000000000
78269  48.851  13.692  41.246 0.0000000000
78242  47.539  14.454  43.074 0.0000000000
79444  47.840  15.162  44.277 0.0000000000
72502  41.881  9.274  45.327 0.0000000000
72484  41.722  8.781  45.492 0.0000000000
71326  42.882  8.492  46.962 0.0000000000
72453  44.263  9.150  48.256 0.0000000000
72452  44.593  9.476  48.753 0.0000000000
71262  43.428  7.330  49.986 0.0000000000
71281  43.507  7.682  49.519 0.0000000000
72433  44.361  8.451  49.785 0.0000000000
72432  44.904  9.185  49.667 0.0000000000
73587  45.514  9.954  49.938 0.0000000000
61860  39.942  0.416  52.507 0.0000000000
61846  40.449  0.398  53.062 0.0000000000
63043  41.378  0.858  53.521 0.0000000000
56017  39.667  -5.484  65.103 0.0000000000
57078  40.228  -5.160  64.752 0.0000000000
57060  40.790  -4.467  65.682 0.0000000000
80649  46.294  16.712  34.512 0.0000000000
79562  47.327  15.706  35.934 0.0000000000
79556  46.951  15.463  36.277 0.0000000000
79555  47.409  15.736  36.309 0.0000000000
80626  47.751  16.133  36.195 0.0000000000
84974  51.491  20.807  28.754 0.0000000000
84958  50.767  20.768  29.061 0.0000000000
39155  8.981  -20.409  69.700 0.0000000000
39136  9.107  -20.433  70.844 0.0000000000
38153  8.822  -21.049  71.480 0.0000000000
38136  8.079  -21.515  72.939 0.0000000000
38120  7.637  -21.558  73.848 0.0000000000
38105  6.972  -21.883  74.805 0.0000000000
38094  6.237  -21.651  75.660 0.0000000000
35153  6.447  -23.776  71.319 0.0000000000
36106  6.492  -23.117  73.248 0.0000000000
37111  5.439  -22.684  74.986 0.0000000000
37104  5.311  -22.394  75.666 0.0000000000
73697  40.777  9.286  43.170 0.0000000000
73678  40.417  9.206  43.679 0.0000000000
72520  40.615  8.974  44.321 0.0000000000
71363  41.024  8.177  45.106 0.0000000000
70177  41.469  7.848  45.772 0.0000000000
69028  41.138  7.040  45.658 0.0000000000
70190  41.377  7.380  45.837 0.0000000000
67887  39.179  5.128  44.989 0.0000000000
67872  40.600  5.250  46.997 0.0000000000
68945  42.364  6.538  50.422 0.0000000000
67778  41.921  5.828  51.219 0.0000000000
68877  44.449  6.096  55.150 0.0000000000
56148  34.077  -4.927  56.319 0.0000000000
55122  35.047  -5.538  58.130 0.0000000000
56114  31.390  -5.407  57.349 0.0000000000
55125  32.158  -5.159  57.298 0.0000000000
55121  35.833  -5.521  58.601 0.0000000000
55059  36.564  -6.283  60.707 0.0000000000
56072  37.104  -6.112  60.973 0.0000000000
56071  37.847  -5.996  61.260 0.0000000000
56030  38.920  -5.748  64.005 0.0000000000
52764  30.762  -8.757  61.830 0.0000000000
52763  31.808  -8.535  61.842 0.0000000000
52761  34.279  -8.528  61.757 0.0000000000
52742  34.248  -9.174  65.089 0.0000000000
51572  34.272  -8.997  64.308 0.0000000000
51588  34.730  -8.878  63.735 0.0000000000
51607  34.532  -8.977  62.858 0.0000000000
52760  35.483  -8.440  62.622 0.0000000000
53920  36.680  -7.876  62.706 0.0000000000
53919  37.251  -7.541  63.194 0.0000000000
53899  37.572  -7.610  64.309 0.0000000000
53918  37.834  -7.014  63.726 0.0000000000
54988  38.463  -6.502  63.816 0.0000000000
56018  39.217  -5.651  64.663 0.0000000000
45866  26.309  -13.983  70.698 0.0000000000
44802  24.645  -15.209  70.116 0.0000000000
44813  24.477  -14.885  69.739 0.0000000000
45964  23.929  -14.922  67.350 0.0000000000
44829  23.616  -15.262  67.979 0.0000000000
43712  22.499  -15.908  67.529 0.0000000000
44823  22.968  -15.611  68.494 0.0000000000
43654  21.510  -17.083  69.938 0.0000000000
42544  20.433  -17.245  69.772 0.0000000000
42523  18.901  -17.089  70.460 0.0000000000
42524  17.879  -17.179  70.377 0.0000000000
46061  19.900  -14.236  61.369 0.0000000000
46023  19.846  -15.078  62.788 0.0000000000
46000  19.344  -15.581  63.416 0.0000000000
46003  16.121  -15.121  63.515 0.0000000000
44858  18.751  -16.312  65.728 0.0000000000
43737  18.255  -16.477  66.592 0.0000000000
43717  17.765  -16.446  67.421 0.0000000000
43718  16.886  -16.327  67.344 0.0000000000
42566  17.594  -16.986  68.591 0.0000000000
42525  16.857  -17.028  70.186 0.0000000000
43637  14.754  -16.938  70.205 0.0000000000
43657  14.321  -16.772  69.788 0.0000000000
43638  14.243  -16.822  70.570 0.0000000000
43658  13.646  -16.969  70.206 0.0000000000
43659  13.178  -17.243  70.064 0.0000000000
42529  12.678  -17.526  70.055 0.0000000000
42591  12.206  -17.368  66.248 0.0000000000
42578  12.656  -17.156  67.391 0.0000000000
42550  12.270  -17.231  69.117 0.0000000000
42530  11.935  -17.779  69.729 0.0000000000
42531  11.402  -17.842  69.541 0.0000000000
41377  11.060  -18.271  68.307 0.0000000000
41367  10.560  -18.635  69.626 0.0000000000
39154  9.465  -19.617  69.369 0.0000000000
39190  9.232  -20.058  67.519 0.0000000000
38187  8.507  -21.072  69.638 0.0000000000
37150  8.139  -21.534  69.250 0.0000000000
37159  7.990  -21.523  68.531 0.0000000000
37151  7.686  -21.977  68.778 0.0000000000
36136  7.400  -22.858  68.961 0.0000000000
56116  29.703  -6.287  56.988 0.0000000000
55103  29.196  -6.550  57.610 0.0000000000
55127  28.232  -6.502  57.033 0.0000000000
55104  28.420  -6.710  57.546 0.0000000000
55107  26.460  -6.848  57.222 0.0000000000
52812  26.243  -8.052  58.561 0.0000000000
53967  26.829  -7.900  58.697 0.0000000000
52796  27.689  -8.245  60.155 0.0000000000
51625  28.150  -9.028  61.736 0.0000000000
51595  28.560  -10.406  62.983 0.0000000000
51596  27.931  -10.477  62.713 0.0000000000
50448  28.404  -10.734  63.899 0.0000000000
49327  28.370  -11.335  64.501 0.0000000000
48228  26.232  -11.840  61.622 0.0000000000
48203  26.325  -12.245  62.298 0.0000000000
48202  26.753  -11.899  63.292 0.0000000000
47067  26.713  -12.674  63.901 0.0000000000
48180  27.234  -12.048  64.154 0.0000000000
48147  28.194  -12.409  65.899 0.0000000000
47001  26.890  -13.646  68.151 0.0000000000
46982  27.092  -13.640  69.045 0.0000000000
46950  26.673  -13.574  70.265 0.0000000000
42468  18.367  -17.094  73.325 0.0000000000
38134  9.127  -20.516  72.229 0.0000000000
39078  7.993  -20.516  74.881 0.0000000000
39088  8.546  -20.012  74.331 0.0000000000
40172  9.124  -19.650  75.027 0.0000000000
40159  9.219  -19.507  76.075 0.0000000000
40148  9.308  -19.665  76.806 0.0000000000
83704  53.647  18.942  39.378 0.0000000000
80530  50.202  15.994  43.487 0.0000000000
80529  51.046  16.309  43.627 0.0000000000
81588  52.235  17.145  43.827 0.0000000000
81587  52.852  17.551  43.863 0.0000000000
75982  43.763  11.645  39.374 0.0000000000
75960  44.396  10.750  42.214 0.0000000000
74854  44.317  10.637  41.533 0.0000000000
77038  46.172  13.843  44.138 0.0000000000
77039  45.358  13.419  44.242 0.0000000000
75886  45.296  11.886  47.898 0.0000000000
77011  44.577  13.361  45.915 0.0000000000
78191  45.369  13.950  47.275 0.0000000000
79425  46.268  15.060  46.612 0.0000000000
80496  46.604  15.506  47.021 0.0000000000
66673  38.193  3.837  48.455 0.0000000000
66641  36.922  4.205  51.037 0.0000000000
66639  38.299  4.634  52.195 0.0000000000
67783  38.003  4.886  50.903 0.0000000000
68902  41.442  4.986  53.494 0.0000000000
68879  42.939  5.447  54.626 0.0000000000
68878  43.846  5.717  54.942 0.0000000000
56124  38.222  -4.126  56.563 0.0000000000
59478  40.478  -2.025  55.573 0.0000000000
59486  40.301  -1.652  54.695 0.0000000000
60640  40.601  -1.055  54.043 0.0000000000
60639  41.118  -0.730  54.599 0.0000000000
61827  41.241  -0.195  54.086 0.0000000000
61826  41.768  0.365  54.196 0.0000000000
57119  41.166  -4.285  62.626 0.0000000000
58225  41.967  -3.404  64.232 0.0000000000
57151  42.177  -3.663  60.808 0.0000000000
58266  42.427  -2.626  60.467 0.0000000000
60561  43.170  -1.939  62.665 0.0000000000
60572  43.182  -1.683  62.072 0.0000000000
59416  42.829  -2.123  61.702 0.0000000000
59417  42.614  -1.892  60.943 0.0000000000
58278  42.327  -2.398  59.762 0.0000000000
59445  41.932  -1.927  58.620 0.0000000000
60606  42.553  -1.544  58.369 0.0000000000
60613  42.675  -0.947  57.355 0.0000000000
61806  42.621  -0.028  56.077 0.0000000000
61814  42.286  0.585  55.181 0.0000000000
63005  42.273  1.341  55.182 0.0000000000
62997  42.041  2.350  55.272 0.0000000000
64137  42.163  2.907  55.792 0.0000000000
64130  41.690  3.377  56.353 0.0000000000
65354  41.060  4.014  56.561 0.0000000000
66553  41.542  4.510  56.755 0.0000000000
64101  44.775  2.746  59.969 0.0000000000
65330  44.712  3.324  59.629 0.0000000000
65331  44.330  3.674  59.248 0.0000000000
67658  44.909  4.743  59.808 0.0000000000
66523  44.218  4.146  59.369 0.0000000000
65332  43.844  3.929  59.062 0.0000000000
66537  43.017  4.396  58.243 0.0000000000
66526  42.324  4.872  57.909 0.0000000000
67691  41.968  5.159  57.250 0.0000000000
68805  42.228  5.557  57.279 0.0000000000
68824  42.596  5.625  57.017 0.0000000000
68823  43.427  5.929  57.543 0.0000000000
82727  52.895  18.778  31.951 0.0000000000
84922  53.140  19.908  33.247 0.0000000000
83770  51.225  18.677  33.808 0.0000000000
83769  51.824  19.487  33.904 0.0000000000
84886  51.575  19.258  34.917 0.0000000000
84905  53.328  20.311  33.448 0.0000000000
86098  53.097  20.559  33.896 0.0000000000
87134  53.718  20.751  34.641 0.0000000000
87120  53.466  20.574  35.785 0.0000000000
87119  53.637  20.675  35.660 0.0000000000
37110  5.798  -22.194  75.424 0.0000000000
37134  7.554  -22.658  71.360 0.0000000000
38121  7.045  -21.912  74.020 0.0000000000
39068  7.455  -21.070  75.988 0.0000000000
39117  9.156  -20.506  71.392 0.0000000000
40184  10.283  -19.217  73.519 0.0000000000
41266  13.674  -18.422  76.697 0.0000000000
41282  11.467  -18.850  75.765 0.0000000000
41333  12.640  -17.591  72.395 0.0000000000
42460  13.110  -17.367  73.371 0.0000000000
42527  15.175  -16.961  70.161 0.0000000000
42563  19.820  -17.164  68.955 0.0000000000
43639  13.833  -16.861  70.805 0.0000000000
43655  15.745  -16.505  69.250 0.0000000000
43674  16.565  -16.612  68.511 0.0000000000
43740  16.079  -16.205  66.529 0.0000000000
44853  23.103  -15.474  66.412 0.0000000000
44888  13.420  -16.056  65.027 0.0000000000
45887  27.154  -13.425  70.743 0.0000000000
45910  27.280  -13.314  70.361 0.0000000000
45980  24.257  -14.392  65.219 0.0000000000
46962  28.274  -13.140  69.969 0.0000000000
47024  24.920  -14.191  67.228 0.0000000000
47083  26.792  -12.278  63.650 0.0000000000
47109  25.168  -12.601  62.025 0.0000000000
47114  20.183  -14.244  61.421 0.0000000000
49386  25.716  -11.368  60.950 0.0000000000
50423  29.524  -11.220  64.956 0.0000000000
50435  28.743  -10.855  64.437 0.0000000000
50486  25.789  -10.744  60.285 0.0000000000
50525  25.264  -10.127  58.926 0.0000000000
51547  32.028  -10.423  65.362 0.0000000000
51562  30.260  -10.707  64.601 0.0000000000
51578  29.104  -10.345  63.757 0.0000000000
51606  35.070  -8.735  63.226 0.0000000000
52739  36.860  -8.001  64.181 0.0000000000
52759  36.217  -8.073  62.685 0.0000000000
52767  28.377  -8.975  61.792 0.0000000000
52791  32.175  -7.672  60.341 0.0000000000
53946  35.820  -7.476  61.419 0.0000000000
53948  34.292  -7.547  60.765 0.0000000000
54977  39.213  -5.831  64.972 0.0000000000
55042  37.489  -6.265  61.459 0.0000000000
56085  40.624  -4.666  59.965 0.0000000000
56117  29.172  -6.395  57.081 0.0000000000
57092  40.074  -4.950  64.043 0.0000000000
57117  42.443  -3.224  62.906 0.0000000000
57135  42.506  -3.280  62.645 0.0000000000
58206  42.736  -2.775  64.224 0.0000000000
58208  41.667  -3.483  64.645 0.0000000000
58223  42.910  -2.656  63.844 0.0000000000
58239  42.640  -2.847  63.066 0.0000000000
58293  41.945  -2.475  59.110 0.0000000000
58363  38.907  -2.781  55.183 0.0000000000
59351  42.311  -2.993  65.018 0.0000000000
59393  43.105  -2.297  63.262 0.0000000000
59394  42.778  -2.695  63.220 0.0000000000
59404  42.912  -2.408  62.610 0.0000000000
59428  42.804  -1.607  60.167 0.0000000000
59429  42.654  -1.807  60.310 0.0000000000
59439  42.779  -1.672  59.880 0.0000000000
59455  41.925  -1.734  57.797 0.0000000000
60593  42.693  -1.409  60.678 0.0000000000
60612  43.397  -0.590  57.572 0.0000000000
60657  40.915  -0.477  53.957 0.0000000000
61755  43.169  -0.845  60.505 0.0000000000
61844  41.529  0.686  53.740 0.0000000000
62984  44.096  2.226  57.625 0.0000000000
64117  43.291  3.230  57.640 0.0000000000
64126  44.237  2.595  57.843 0.0000000000
64147  41.656  2.748  55.170 0.0000000000
65338  44.548  3.193  59.075 0.0000000000
65353  41.801  3.857  56.844 0.0000000000
65513  38.971  3.491  47.034 0.0000000000
65514  38.786  3.410  47.213 0.0000000000
66507  44.067  4.952  59.495 0.0000000000
66522  44.521  3.823  59.520 0.0000000000
66538  42.496  4.481  57.851 0.0000000000
66539  42.067  4.590  57.396 0.0000000000
66569  39.637  4.718  55.533 0.0000000000
66597  38.757  4.510  54.784 0.0000000000
66624  38.253  4.670  52.496 0.0000000000
66695  39.464  3.612  47.817 0.0000000000
67678  42.180  4.963  57.687 0.0000000000
67719  38.887  5.077  55.338 0.0000000000
67729  39.176  5.300  53.960 0.0000000000
67766  38.214  4.877  53.093 0.0000000000
67796  41.592  5.825  50.598 0.0000000000
67801  36.997  4.370  49.732 0.0000000000
68785  43.011  5.703  58.359 0.0000000000
68826  41.306  5.083  56.059 0.0000000000
68933  41.779  5.993  50.713 0.0000000000
70047  44.488  6.683  54.266 0.0000000000
70154  43.419  8.030  48.164 0.0000000000
73736  42.398  9.823  41.505 0.0000000000
74857  42.469  9.788  41.919 0.0000000000
74880  43.704  11.085  39.830 0.0000000000
77064  48.404  13.641  41.862 0.0000000000
77101  45.986  12.976  39.034 0.0000000000
78254  48.539  13.860  41.939 0.0000000000
79528  50.303  15.521  38.260 0.0000000000
79542  47.578  15.886  36.523 0.0000000000
79543  47.348  15.674  36.610 0.0000000000
79557  46.341  15.505  36.055 0.0000000000
80583  49.702  15.452  38.239 0.0000000000
80597  50.545  16.139  37.808 0.0000000000
80598  49.841  15.822  37.958 0.0000000000
80608  50.919  16.543  37.584 0.0000000000
81640  50.335  16.567  37.533 0.0000000000
82672  52.022  18.357  36.932 0.0000000000
82756  54.600  18.756  30.217 0.0000000000
83726  51.803  18.336  36.874 0.0000000000
83822  54.583  18.908  30.662 0.0000000000
84895  51.598  19.307  34.706 0.0000000000
84904  53.826  20.486  33.264 0.0000000000
87140  53.402  20.694  34.266 0.0000000000
