#!ascii label  , from subject 4025 vox2ras=TkReg
795
44787  26.419  -14.128  70.617 0.0000000000
70013  44.685  6.309  55.544 0.0000000000
72412  47.345  9.410  51.288 0.0000000000
60558  46.257  -0.437  62.411 0.0000000000
51535  33.234  -10.114  66.863 0.0000000000
44811  30.936  -13.821  69.791 0.0000000000
72379  47.118  9.106  54.082 0.0000000000
68821  48.450  5.878  57.406 0.0000000000
59348  43.650  -2.533  65.292 0.0000000000
53809  36.871  -8.212  67.726 0.0000000000
81532  51.374  17.217  47.369 0.0000000000
75865  46.670  12.324  48.683 0.0000000000
64102  44.571  2.031  60.333 0.0000000000
67617  46.689  4.635  60.801 0.0000000000
48093  29.347  -12.296  68.815 0.0000000000
44797  29.320  -13.954  70.258 0.0000000000
71192  46.142  7.779  55.041 0.0000000000
72327  48.495  8.152  55.908 0.0000000000
72294  47.076  7.443  57.796 0.0000000000
52738  43.274  -7.240  64.318 0.0000000000
49258  34.151  -10.982  68.914 0.0000000000
52695  34.815  -8.656  67.757 0.0000000000
49269  36.082  -10.294  68.303 0.0000000000
81555  49.208  16.925  46.845 0.0000000000
79412  49.876  15.457  47.811 0.0000000000
80466  47.994  15.536  48.372 0.0000000000
74725  46.493  10.303  50.913 0.0000000000
74758  45.738  11.615  48.717 0.0000000000
74734  47.035  10.698  50.251 0.0000000000
74757  46.844  11.585  48.806 0.0000000000
71276  46.955  9.095  49.944 0.0000000000
59361  45.207  -1.578  63.747 0.0000000000
61723  44.349  -0.502  63.010 0.0000000000
64062  45.733  0.847  62.585 0.0000000000
66487  45.466  3.892  60.876 0.0000000000
64095  46.698  2.212  61.256 0.0000000000
64099  48.223  2.849  59.835 0.0000000000
60579  47.566  -0.553  60.976 0.0000000000
49260  32.011  -11.963  68.587 0.0000000000
72404  45.548  9.111  51.437 0.0000000000
73561  48.057  9.334  52.762 0.0000000000
71207  48.558  8.028  54.552 0.0000000000
67716  47.983  6.189  55.396 0.0000000000
55974  40.369  -5.456  66.838 0.0000000000
54952  42.523  -5.168  65.902 0.0000000000
56028  43.923  -4.247  64.289 0.0000000000
56051  45.092  -4.203  62.403 0.0000000000
57132  47.213  -3.742  60.577 0.0000000000
54954  38.355  -6.604  66.710 0.0000000000
51495  39.564  -7.440  67.540 0.0000000000
79408  52.784  16.368  46.799 0.0000000000
79402  46.289  14.774  48.108 0.0000000000
76993  47.450  13.197  48.357 0.0000000000
74764  46.847  11.677  47.623 0.0000000000
69923  45.539  6.677  58.943 0.0000000000
68781  48.091  5.762  58.860 0.0000000000
64124  48.956  2.829  58.262 0.0000000000
43632  26.786  -14.591  69.860 0.0000000000
44785  27.464  -14.170  70.679 0.0000000000
43650  27.951  -14.859  69.552 0.0000000000
71193  45.264  6.912  55.376 0.0000000000
71170  46.655  7.735  56.150 0.0000000000
71150  46.380  6.769  56.923 0.0000000000
49256  35.534  -10.442  69.222 0.0000000000
80494  47.810  16.258  46.638 0.0000000000
80485  48.466  16.336  48.009 0.0000000000
80486  47.838  15.937  47.641 0.0000000000
73570  47.321  9.772  51.839 0.0000000000
74735  46.680  10.534  50.489 0.0000000000
73584  47.233  10.345  50.514 0.0000000000
72430  47.234  9.614  50.199 0.0000000000
59373  45.516  -1.369  63.527 0.0000000000
61709  45.352  -0.539  63.090 0.0000000000
62930  46.199  0.227  62.541 0.0000000000
64072  46.431  1.127  62.223 0.0000000000
62942  46.723  0.623  61.995 0.0000000000
62951  47.330  1.123  60.894 0.0000000000
60569  47.198  -0.343  61.579 0.0000000000
48080  30.661  -12.404  68.986 0.0000000000
48067  31.545  -12.956  69.456 0.0000000000
46960  32.970  -12.975  69.472 0.0000000000
71223  46.124  8.476  53.341 0.0000000000
71248  45.141  8.362  51.439 0.0000000000
72381  46.416  8.892  53.019 0.0000000000
73563  46.701  9.678  52.156 0.0000000000
73549  47.518  9.164  53.702 0.0000000000
73547  48.420  9.112  53.324 0.0000000000
73530  48.196  8.859  53.998 0.0000000000
69995  48.557  7.443  56.577 0.0000000000
68857  48.199  6.623  55.746 0.0000000000
68842  48.439  6.302  56.321 0.0000000000
67709  47.924  5.208  56.026 0.0000000000
67700  48.359  4.847  56.871 0.0000000000
53827  41.245  -6.444  67.226 0.0000000000
54934  41.896  -5.402  66.466 0.0000000000
53843  42.389  -6.042  66.036 0.0000000000
54987  43.739  -5.563  64.170 0.0000000000
57103  44.488  -3.981  63.405 0.0000000000
53833  35.938  -8.403  67.753 0.0000000000
53845  36.740  -7.576  66.809 0.0000000000
54939  38.126  -6.929  67.323 0.0000000000
53829  39.218  -6.515  67.555 0.0000000000
52669  38.377  -7.536  67.690 0.0000000000
81553  50.797  17.425  46.340 0.0000000000
80482  52.408  16.674  47.282 0.0000000000
78188  49.146  14.915  47.960 0.0000000000
75866  46.080  12.526  48.572 0.0000000000
75877  45.528  12.301  48.199 0.0000000000
76982  45.974  13.473  48.208 0.0000000000
78181  45.715  13.960  47.775 0.0000000000
78168  46.435  14.162  48.342 0.0000000000
78167  46.987  14.255  48.519 0.0000000000
76980  47.169  13.449  48.587 0.0000000000
73619  46.604  10.252  48.598 0.0000000000
73618  46.765  11.065  48.465 0.0000000000
59337  42.900  -3.066  65.551 0.0000000000
60537  43.308  -2.017  64.604 0.0000000000
62943  44.446  0.724  61.626 0.0000000000
60581  43.529  -0.632  61.207 0.0000000000
67637  45.723  4.453  61.250 0.0000000000
67658  44.909  4.743  59.808 0.0000000000
68739  45.235  5.696  60.248 0.0000000000
69925  44.523  6.119  59.331 0.0000000000
69900  46.069  6.359  59.908 0.0000000000
71097  46.737  6.382  59.041 0.0000000000
68751  47.219  5.559  60.019 0.0000000000
62966  48.358  1.670  59.254 0.0000000000
64113  48.612  2.604  58.739 0.0000000000
62974  48.557  1.718  58.509 0.0000000000
62983  48.536  1.685  57.958 0.0000000000
46947  28.955  -13.168  70.046 0.0000000000
44796  30.115  -13.863  70.122 0.0000000000
43647  30.187  -14.472  69.288 0.0000000000
43649  28.701  -14.396  69.475 0.0000000000
72367  46.385  8.466  54.549 0.0000000000
73516  47.649  8.773  54.845 0.0000000000
72349  46.960  8.615  55.349 0.0000000000
72309  48.107  8.075  57.004 0.0000000000
71147  48.285  7.534  57.530 0.0000000000
50385  33.662  -10.011  68.307 0.0000000000
51534  33.737  -9.581  67.281 0.0000000000
51485  34.791  -9.573  68.599 0.0000000000
52655  35.882  -8.870  68.615 0.0000000000
51498  36.974  -8.858  68.053 0.0000000000
51497  37.778  -8.566  67.559 0.0000000000
50396  36.602  -9.610  67.461 0.0000000000
81544  49.993  16.986  47.110 0.0000000000
80473  50.346  16.299  47.790 0.0000000000
81534  49.789  16.600  47.863 0.0000000000
79398  49.200  15.421  48.299 0.0000000000
78178  48.442  14.740  48.341 0.0000000000
73587  45.514  9.954  49.938 0.0000000000
74736  46.079  10.435  50.085 0.0000000000
74750  46.309  11.242  49.196 0.0000000000
74749  46.855  11.111  49.292 0.0000000000
75864  46.898  12.181  48.608 0.0000000000
74748  46.951  11.000  49.633 0.0000000000
73604  46.928  10.469  49.430 0.0000000000
59347  44.251  -2.195  64.680 0.0000000000
60536  43.886  -1.429  64.055 0.0000000000
60534  44.757  -1.250  64.008 0.0000000000
62922  44.775  0.306  62.444 0.0000000000
64089  44.851  1.407  61.654 0.0000000000
65315  45.040  2.502  60.850 0.0000000000
65283  45.519  1.869  61.727 0.0000000000
65300  46.020  2.636  61.562 0.0000000000
66469  46.525  3.685  61.152 0.0000000000
66484  47.432  3.744  60.359 0.0000000000
65310  47.441  2.820  60.478 0.0000000000
62960  47.776  1.245  59.984 0.0000000000
61773  48.324  0.132  59.442 0.0000000000
49286  30.305  -11.427  67.689 0.0000000000
49285  31.236  -11.472  67.544 0.0000000000
50387  32.426  -10.939  67.574 0.0000000000
49259  32.860  -11.510  68.686 0.0000000000
46959  33.519  -12.620  68.806 0.0000000000
73572  46.405  9.988  51.349 0.0000000000
73571  47.039  10.144  51.760 0.0000000000
73569  47.604  9.472  52.482 0.0000000000
71235  48.198  8.604  52.967 0.0000000000
70060  48.020  8.002  53.423 0.0000000000
68897  47.837  6.913  54.141 0.0000000000
71190  48.562  7.981  55.259 0.0000000000
68875  48.095  6.914  54.941 0.0000000000
56002  40.206  -5.290  65.979 0.0000000000
57047  40.809  -4.590  65.889 0.0000000000
58148  42.536  -4.100  65.843 0.0000000000
57044  43.422  -3.834  65.624 0.0000000000
53875  42.938  -6.326  65.133 0.0000000000
54967  43.266  -5.154  65.251 0.0000000000
57059  43.833  -3.466  65.207 0.0000000000
57088  44.513  -3.281  64.177 0.0000000000
58205  45.062  -2.147  63.720 0.0000000000
58237  45.626  -1.988  62.227 0.0000000000
59403  46.486  -1.594  61.446 0.0000000000
57133  46.240  -3.219  61.102 0.0000000000
55975  39.770  -5.654  66.935 0.0000000000
53806  40.116  -6.643  67.578 0.0000000000
51513  41.046  -7.650  67.198 0.0000000000
51515  38.812  -8.367  66.995 0.0000000000
51531  39.870  -8.226  66.657 0.0000000000
80505  53.459  16.496  45.607 0.0000000000
80488  46.670  15.382  47.356 0.0000000000
80477  47.254  15.251  48.282 0.0000000000
78166  47.705  14.521  48.472 0.0000000000
76992  48.032  13.646  48.134 0.0000000000
75876  47.361  12.606  48.214 0.0000000000
75884  47.343  12.475  47.465 0.0000000000
60560  43.399  -1.393  62.722 0.0000000000
69981  43.882  6.181  57.811 0.0000000000
69979  44.920  6.372  56.857 0.0000000000
71133  46.457  7.301  58.029 0.0000000000
69940  47.920  7.082  58.495 0.0000000000
68799  48.265  5.758  58.243 0.0000000000
66503  48.337  4.083  59.416 0.0000000000
66520  48.768  4.156  58.908 0.0000000000
66551  48.366  4.303  57.836 0.0000000000
65351  48.532  3.137  57.615 0.0000000000
59414  47.213  -1.486  61.031 0.0000000000
60590  48.141  -0.943  60.111 0.0000000000
43652  25.943  -15.377  69.378 0.0000000000
44800  26.224  -14.398  70.191 0.0000000000
44786  27.071  -14.238  70.968 0.0000000000
43615  27.330  -14.358  70.371 0.0000000000
71171  45.997  6.973  56.067 0.0000000000
71172  45.347  6.579  56.243 0.0000000000
80495  47.123  15.851  46.834 0.0000000000
72402  47.515  9.405  52.093 0.0000000000
73585  47.114  10.439  51.071 0.0000000000
59390  45.736  -1.089  62.851 0.0000000000
60559  45.984  -0.573  62.830 0.0000000000
61733  46.491  -0.019  62.515 0.0000000000
61746  46.823  -0.017  62.285 0.0000000000
61745  47.029  0.396  61.679 0.0000000000
60570  46.749  -0.377  61.951 0.0000000000
46944  30.697  -13.271  69.775 0.0000000000
45882  31.289  -13.559  69.690 0.0000000000
45907  31.708  -13.694  69.628 0.0000000000
71222  46.445  8.756  53.469 0.0000000000
72382  46.039  8.618  52.711 0.0000000000
72380  46.741  9.013  53.633 0.0000000000
72389  47.106  9.244  53.410 0.0000000000
73531  47.900  8.953  53.993 0.0000000000
69976  48.624  6.602  56.923 0.0000000000
69993  48.546  6.565  56.514 0.0000000000
68841  48.523  6.064  56.748 0.0000000000
67707  48.432  5.776  56.562 0.0000000000
67699  48.457  5.199  57.067 0.0000000000
52679  41.729  -6.857  66.974 0.0000000000
53844  42.057  -6.318  66.564 0.0000000000
51528  42.335  -7.211  66.359 0.0000000000
53846  36.040  -7.876  67.103 0.0000000000
53832  36.800  -7.756  67.449 0.0000000000
54955  37.529  -7.229  66.899 0.0000000000
53831  37.702  -7.498  67.625 0.0000000000
52682  38.151  -7.343  67.697 0.0000000000
52683  37.927  -7.577  67.764 0.0000000000
82552  50.965  17.441  47.119 0.0000000000
82562  51.125  17.805  46.804 0.0000000000
82544  51.721  17.948  47.487 0.0000000000
81541  52.482  17.412  47.213 0.0000000000
81542  51.867  16.992  47.460 0.0000000000
76981  46.551  13.415  48.539 0.0000000000
72466  46.194  9.659  47.932 0.0000000000
59336  43.190  -2.962  65.597 0.0000000000
60524  43.026  -2.231  65.134 0.0000000000
60523  43.479  -2.095  64.884 0.0000000000
62953  43.871  1.044  60.980 0.0000000000
67618  46.158  4.786  61.244 0.0000000000
67619  45.563  5.087  61.127 0.0000000000
68737  46.015  5.654  60.938 0.0000000000
69883  45.468  6.053  60.230 0.0000000000
68736  46.571  5.395  60.567 0.0000000000
68752  46.784  5.912  60.132 0.0000000000
68735  46.935  4.998  60.420 0.0000000000
61772  48.614  0.952  59.002 0.0000000000
61781  48.695  1.013  58.384 0.0000000000
61791  48.666  1.165  58.101 0.0000000000
45886  27.979  -13.668  70.396 0.0000000000
45885  29.100  -13.646  70.249 0.0000000000
45884  30.095  -13.488  70.319 0.0000000000
43629  29.450  -14.165  69.978 0.0000000000
43630  28.566  -14.364  70.057 0.0000000000
71210  44.991  7.651  54.258 0.0000000000
71225  44.634  7.509  53.399 0.0000000000
71209  45.801  8.305  54.079 0.0000000000
72350  46.635  8.464  54.996 0.0000000000
71191  46.656  8.202  55.374 0.0000000000
72311  46.981  7.654  56.988 0.0000000000
72330  47.200  8.237  56.210 0.0000000000
72310  47.470  7.957  57.004 0.0000000000
72308  48.223  7.789  57.330 0.0000000000
72293  47.670  7.623  57.659 0.0000000000
50372  34.029  -10.373  68.596 0.0000000000
51486  34.242  -9.666  68.431 0.0000000000
50371  34.852  -10.045  69.005 0.0000000000
49270  35.920  -10.333  68.961 0.0000000000
50370  35.580  -9.776  68.969 0.0000000000
50369  35.989  -9.565  68.850 0.0000000000
51483  36.145  -9.172  68.641 0.0000000000
51499  36.422  -9.272  68.309 0.0000000000
50382  36.640  -9.337  67.775 0.0000000000
80493  48.604  16.599  46.309 0.0000000000
81554  50.017  17.257  46.451 0.0000000000
81545  48.957  16.763  47.876 0.0000000000
80475  48.579  15.938  48.347 0.0000000000
79399  48.582  15.348  48.411 0.0000000000
74726  46.333  10.229  50.737 0.0000000000
72431  46.818  9.551  49.542 0.0000000000
71277  46.180  8.566  49.563 0.0000000000
59362  44.717  -1.904  64.163 0.0000000000
60533  45.359  -0.957  63.631 0.0000000000
62920  45.362  0.077  62.641 0.0000000000
62910  45.229  -0.194  62.836 0.0000000000
64064  44.886  0.983  62.207 0.0000000000
64076  44.978  1.079  61.895 0.0000000000
64075  45.249  1.267  61.937 0.0000000000
65284  45.226  1.825  61.602 0.0000000000
64074  45.621  1.276  62.180 0.0000000000
64087  46.547  1.488  61.756 0.0000000000
64088  46.195  1.913  61.846 0.0000000000
65299  46.441  2.482  61.404 0.0000000000
65311  46.868  2.932  60.860 0.0000000000
64094  46.961  1.926  60.987 0.0000000000
61752  47.407  0.346  61.060 0.0000000000
61763  47.494  0.505  60.746 0.0000000000
61762  47.757  0.309  60.304 0.0000000000
49275  29.357  -12.013  68.298 0.0000000000
49287  29.546  -11.682  67.779 0.0000000000
49274  29.671  -11.858  68.327 0.0000000000
48091  31.441  -12.090  68.605 0.0000000000
48092  30.921  -11.989  68.407 0.0000000000
49272  32.009  -11.635  68.031 0.0000000000
49284  31.910  -11.245  67.447 0.0000000000
49271  32.730  -10.965  68.444 0.0000000000
72413  45.336  9.156  50.538 0.0000000000
72403  46.013  9.426  51.889 0.0000000000
73562  47.355  9.435  52.741 0.0000000000
72401  47.938  9.149  52.588 0.0000000000
72388  48.340  9.240  52.863 0.0000000000
72378  48.352  8.648  53.838 0.0000000000
71221  48.370  8.273  53.733 0.0000000000
70044  48.242  7.593  53.924 0.0000000000
68896  48.117  7.180  54.394 0.0000000000
72347  47.958  8.544  55.439 0.0000000000
73515  48.127  8.640  54.684 0.0000000000
72346  48.388  8.333  55.375 0.0000000000
70012  48.364  7.449  55.165 0.0000000000
67727  47.921  6.480  54.942 0.0000000000
57035  40.492  -5.189  66.327 0.0000000000
57061  40.426  -4.700  65.823 0.0000000000
57034  40.737  -4.986  66.331 0.0000000000
54933  42.328  -5.036  66.060 0.0000000000
55971  42.202  -4.836  66.065 0.0000000000
55970  42.555  -4.653  65.871 0.0000000000
58147  42.920  -3.997  65.973 0.0000000000
55985  42.841  -4.519  65.810 0.0000000000
52704  43.017  -6.834  65.650 0.0000000000
52719  43.868  -6.853  64.959 0.0000000000
54976  43.479  -5.148  64.764 0.0000000000
56016  43.675  -3.931  64.842 0.0000000000
56015  43.926  -3.610  64.846 0.0000000000
57074  44.219  -3.328  64.796 0.0000000000
56027  44.032  -3.656  64.640 0.0000000000
57102  44.921  -3.319  63.234 0.0000000000
58222  45.486  -2.042  62.913 0.0000000000
57116  45.558  -2.868  62.056 0.0000000000
57115  45.872  -2.611  61.527 0.0000000000
57134  45.574  -3.903  61.629 0.0000000000
51533  34.270  -9.140  67.531 0.0000000000
52707  34.207  -9.322  66.587 0.0000000000
52706  34.683  -8.851  66.854 0.0000000000
54971  37.823  -6.884  66.309 0.0000000000
54970  38.545  -6.589  65.834 0.0000000000
54953  39.242  -6.137  66.300 0.0000000000
53807  39.471  -6.778  67.719 0.0000000000
54920  39.865  -6.521  67.579 0.0000000000
52667  39.989  -7.160  67.662 0.0000000000
52681  40.615  -7.313  67.421 0.0000000000
51514  40.001  -7.730  67.202 0.0000000000
51516  38.044  -8.732  67.186 0.0000000000
50404  40.440  -8.149  66.267 0.0000000000
80481  52.967  16.999  46.965 0.0000000000
80492  53.269  16.774  46.375 0.0000000000
79419  52.977  16.101  46.135 0.0000000000
79397  50.143  15.827  48.095 0.0000000000
74759  45.336  10.976  48.612 0.0000000000
74765  45.420  11.626  48.239 0.0000000000
78190  45.913  14.435  47.653 0.0000000000
79415  46.379  15.050  47.474 0.0000000000
79414  46.848  15.391  47.678 0.0000000000
79401  46.731  15.205  48.094 0.0000000000
79388  47.395  14.867  48.483 0.0000000000
78179  47.763  13.949  48.340 0.0000000000
73629  46.840  11.329  47.984 0.0000000000
74763  47.007  11.814  48.127 0.0000000000
61712  44.303  -0.887  63.658 0.0000000000
60547  43.656  -1.214  63.344 0.0000000000
65314  45.282  2.945  60.795 0.0000000000
67659  44.697  5.064  59.672 0.0000000000
69924  45.016  6.477  59.201 0.0000000000
69943  44.560  6.304  58.602 0.0000000000
68802  44.846  6.458  58.145 0.0000000000
69980  44.238  5.995  57.417 0.0000000000
69960  45.146  6.491  57.804 0.0000000000
69959  45.719  6.800  57.928 0.0000000000
71118  45.984  6.932  58.544 0.0000000000
69920  47.449  6.139  58.865 0.0000000000
71096  47.198  6.433  58.778 0.0000000000
71114  47.518  6.593  58.679 0.0000000000
68800  48.199  6.430  58.323 0.0000000000
65321  47.978  3.258  59.950 0.0000000000
66504  47.826  3.848  59.789 0.0000000000
65320  48.313  3.278  59.498 0.0000000000
65337  48.866  3.333  58.505 0.0000000000
65328  48.878  3.891  58.977 0.0000000000
65336  48.790  3.836  58.770 0.0000000000
66536  48.524  4.322  58.475 0.0000000000
65349  48.635  3.797  58.325 0.0000000000
65359  48.355  3.769  57.465 0.0000000000
65350  48.680  3.466  57.912 0.0000000000
62994  48.216  1.517  57.311 0.0000000000
58251  46.646  -2.051  61.190 0.0000000000
59415  46.738  -1.528  61.336 0.0000000000
58250  47.128  -2.745  60.658 0.0000000000
45863  27.695  -14.035  70.691 0.0000000000
44798  28.154  -14.162  70.476 0.0000000000
43631  27.650  -14.539  70.049 0.0000000000
70031  44.665  7.267  54.124 0.0000000000
71149  46.623  7.266  57.272 0.0000000000
48076  34.527  -11.480  68.934 0.0000000000
49257  34.962  -10.562  69.182 0.0000000000
48075  35.159  -10.895  69.166 0.0000000000
48089  35.591  -11.187  68.977 0.0000000000
81556  48.459  16.540  47.232 0.0000000000
81546  48.453  16.421  47.763 0.0000000000
80476  47.799  15.543  48.246 0.0000000000
73586  46.859  10.425  51.233 0.0000000000
74733  47.163  10.627  50.071 0.0000000000
60546  45.664  -0.951  63.140 0.0000000000
61734  46.119  -0.364  62.702 0.0000000000
62919  46.169  0.372  62.607 0.0000000000
64073  46.164  1.172  62.418 0.0000000000
62941  46.891  1.203  61.514 0.0000000000
49261  30.145  -12.103  68.509 0.0000000000
48068  30.820  -12.920  69.566 0.0000000000
48079  31.678  -12.427  68.975 0.0000000000
48078  32.429  -12.710  69.083 0.0000000000
48066  32.052  -12.956  69.420 0.0000000000
71224  45.470  7.951  52.999 0.0000000000
71237  45.292  8.081  51.923 0.0000000000
72392  45.737  8.795  52.216 0.0000000000
72391  46.246  9.255  52.390 0.0000000000
72390  46.765  9.273  52.859 0.0000000000
73548  48.057  9.232  53.418 0.0000000000
71169  48.479  7.834  56.425 0.0000000000
71168  48.572  7.943  55.810 0.0000000000
69994  48.524  7.219  56.178 0.0000000000
67708  48.233  5.484  56.286 0.0000000000
66565  47.781  4.610  56.515 0.0000000000
66564  48.271  4.422  56.935 0.0000000000
55973  41.074  -5.241  66.893 0.0000000000
53826  41.738  -6.084  66.792 0.0000000000
53825  42.115  -5.690  66.274 0.0000000000
53896  43.392  -6.593  64.408 0.0000000000
56040  44.254  -4.618  63.574 0.0000000000
57089  44.378  -3.865  63.752 0.0000000000
55002  44.589  -4.937  62.885 0.0000000000
52684  35.313  -8.471  67.984 0.0000000000
52694  35.370  -8.382  67.378 0.0000000000
53861  36.260  -7.782  66.346 0.0000000000
53860  37.107  -7.311  66.172 0.0000000000
54938  39.034  -6.201  67.167 0.0000000000
53808  38.926  -7.092  67.805 0.0000000000
52668  39.231  -7.273  67.731 0.0000000000
82560  52.499  17.779  46.594 0.0000000000
75867  45.745  12.926  48.228 0.0000000000
76995  45.463  13.352  47.729 0.0000000000
76994  45.818  13.759  47.962 0.0000000000
78180  46.079  14.188  48.052 0.0000000000
79390  46.372  14.539  48.237 0.0000000000
79389  46.781  14.833  48.409 0.0000000000
58177  41.972  -3.488  65.272 0.0000000000
61735  43.992  -0.386  62.343 0.0000000000
61747  44.068  -0.157  61.392 0.0000000000
66486  45.626  3.842  61.122 0.0000000000
66488  45.247  4.254  60.401 0.0000000000
66471  45.361  4.705  60.877 0.0000000000
67639  45.173  5.235  60.144 0.0000000000
68755  44.704  6.008  59.781 0.0000000000
69926  44.104  5.778  58.908 0.0000000000
69902  44.806  6.229  59.686 0.0000000000
69901  45.449  6.391  59.768 0.0000000000
71079  45.972  6.602  59.450 0.0000000000
71099  45.946  6.771  59.077 0.0000000000
69899  46.631  6.230  59.747 0.0000000000
69898  47.020  6.038  59.810 0.0000000000
68767  47.571  5.626  59.440 0.0000000000
64107  48.156  1.840  59.722 0.0000000000
64106  48.304  2.597  59.443 0.0000000000
64114  48.642  2.367  58.329 0.0000000000
64125  48.725  2.560  57.953 0.0000000000
48094  28.946  -12.351  68.857 0.0000000000
48082  29.024  -12.681  69.478 0.0000000000
48070  29.519  -12.818  69.796 0.0000000000
46946  29.755  -13.164  70.182 0.0000000000
44795  30.726  -13.963  69.814 0.0000000000
43627  30.702  -14.202  69.625 0.0000000000
43628  30.152  -14.140  69.809 0.0000000000
43648  29.514  -14.278  69.444 0.0000000000
71208  46.419  8.650  53.955 0.0000000000
72366  46.907  8.921  54.578 0.0000000000
73532  47.316  9.019  54.467 0.0000000000
73518  46.996  8.898  54.957 0.0000000000
72348  47.442  8.642  55.502 0.0000000000
72329  47.752  8.393  56.228 0.0000000000
71148  48.379  7.700  57.045 0.0000000000
69977  48.561  7.250  57.117 0.0000000000
69956  48.421  6.537  57.681 0.0000000000
51542  42.526  -7.370  65.954 0.0000000000
51519  33.382  -9.924  67.615 0.0000000000
51518  33.841  -9.400  67.859 0.0000000000
51517  34.399  -8.985  68.055 0.0000000000
52685  34.989  -8.644  68.242 0.0000000000
51500  35.109  -9.000  68.460 0.0000000000
52672  35.631  -8.691  68.340 0.0000000000
52671  35.936  -8.643  68.255 0.0000000000
53793  36.331  -8.722  67.939 0.0000000000
52653  36.742  -8.812  67.757 0.0000000000
52670  37.472  -8.141  67.792 0.0000000000
50381  37.238  -9.006  67.494 0.0000000000
50395  37.446  -9.194  67.191 0.0000000000
82563  50.603  17.333  46.799 0.0000000000
81533  50.672  16.867  47.304 0.0000000000
80472  51.158  16.597  47.413 0.0000000000
80474  49.584  16.134  48.326 0.0000000000
81535  49.220  16.450  48.269 0.0000000000
78177  48.999  15.010  48.331 0.0000000000
78189  48.562  14.296  47.902 0.0000000000
73606  45.199  10.115  49.103 0.0000000000
74751  45.648  10.798  49.357 0.0000000000
73605  46.733  9.960  49.133 0.0000000000
72451  46.393  9.497  48.868 0.0000000000
60522  44.010  -1.853  64.586 0.0000000000
60521  44.368  -1.678  64.310 0.0000000000
60535  44.352  -1.263  64.018 0.0000000000
61710  45.140  -0.477  63.186 0.0000000000
61711  44.661  -0.564  63.309 0.0000000000
61722  44.533  -0.319  62.749 0.0000000000
62931  44.677  0.516  62.077 0.0000000000
64096  44.752  1.798  60.979 0.0000000000
65323  44.883  2.360  60.772 0.0000000000
65303  45.094  2.170  61.294 0.0000000000
65302  45.252  2.402  61.322 0.0000000000
65313  45.438  3.106  61.120 0.0000000000
65282  45.905  1.768  61.953 0.0000000000
65301  45.564  2.525  61.493 0.0000000000
65312  45.656  3.203  61.295 0.0000000000
66470  45.990  3.865  61.332 0.0000000000
67616  46.980  4.642  60.542 0.0000000000
66485  46.973  3.653  60.792 0.0000000000
64100  47.888  2.214  60.243 0.0000000000
62959  48.179  1.246  59.599 0.0000000000
61761  48.184  0.925  59.572 0.0000000000
50408  32.521  -10.542  66.527 0.0000000000
49273  30.639  -11.699  68.095 0.0000000000
49296  31.590  -11.112  67.108 0.0000000000
50398  32.145  -10.782  67.089 0.0000000000
50397  32.821  -10.435  67.301 0.0000000000
50386  32.946  -10.446  68.063 0.0000000000
50373  33.196  -10.581  68.532 0.0000000000
48077  33.398  -12.088  68.769 0.0000000000
73573  45.866  9.842  50.708 0.0000000000
73564  46.331  9.614  51.935 0.0000000000
72411  47.496  9.001  51.972 0.0000000000
71247  47.719  8.658  52.422 0.0000000000
71236  47.821  8.411  52.723 0.0000000000
72387  48.515  8.946  53.152 0.0000000000
72364  48.428  8.489  54.596 0.0000000000
70029  48.378  7.595  54.406 0.0000000000
68876  47.905  6.740  54.645 0.0000000000
57062  40.309  -5.206  65.477 0.0000000000
58165  41.050  -4.370  65.714 0.0000000000
57033  41.285  -4.694  66.169 0.0000000000
58150  41.384  -4.448  65.875 0.0000000000
58164  41.443  -4.197  65.707 0.0000000000
58163  42.401  -3.626  65.583 0.0000000000
58162  42.867  -3.508  65.715 0.0000000000
58161  43.212  -3.334  65.659 0.0000000000
52692  42.651  -6.758  66.102 0.0000000000
53858  42.704  -6.042  65.465 0.0000000000
54968  42.786  -5.417  65.635 0.0000000000
53874  43.159  -6.190  64.688 0.0000000000
53857  42.971  -5.814  64.936 0.0000000000
54951  43.082  -4.769  65.624 0.0000000000
56001  43.414  -4.200  65.383 0.0000000000
58175  43.927  -3.009  65.452 0.0000000000
58174  44.328  -2.826  64.908 0.0000000000
58191  44.720  -2.410  64.211 0.0000000000
58190  45.227  -1.892  63.656 0.0000000000
59391  45.448  -1.607  63.485 0.0000000000
58221  45.753  -1.406  62.274 0.0000000000
59389  46.052  -0.926  61.925 0.0000000000
58236  46.036  -1.860  61.672 0.0000000000
56066  46.069  -4.569  61.407 0.0000000000
56065  46.918  -4.786  60.689 0.0000000000
51545  33.689  -9.703  66.437 0.0000000000
52722  34.877  -8.671  65.827 0.0000000000
56003  39.908  -5.474  65.861 0.0000000000
55987  39.735  -5.643  66.468 0.0000000000
54937  39.787  -6.180  67.398 0.0000000000
54936  40.598  -6.094  67.312 0.0000000000
53828  40.648  -6.806  67.468 0.0000000000
52680  41.169  -7.104  67.297 0.0000000000
51529  41.685  -7.623  66.533 0.0000000000
51496  38.968  -7.784  67.464 0.0000000000
51532  39.238  -8.511  66.581 0.0000000000
51530  40.798  -8.116  66.857 0.0000000000
80487  47.027  15.574  47.356 0.0000000000
79400  47.288  15.481  47.938 0.0000000000
80468  47.255  15.079  48.413 0.0000000000
80467  47.632  15.286  48.381 0.0000000000
79387  48.059  15.187  48.493 0.0000000000
78165  48.086  14.854  48.499 0.0000000000
75875  47.774  13.161  47.711 0.0000000000
68858  44.471  6.055  55.568 0.0000000000
59375  43.374  -1.842  63.611 0.0000000000
69944  43.957  5.858  58.717 0.0000000000
68843  43.914  5.599  56.958 0.0000000000
69997  44.499  5.940  56.572 0.0000000000
69996  44.881  6.379  56.106 0.0000000000
71151  45.679  6.532  56.913 0.0000000000
71117  46.377  7.021  58.586 0.0000000000
71116  46.857  7.048  58.602 0.0000000000
72277  47.320  7.328  58.238 0.0000000000
71131  47.873  7.362  58.192 0.0000000000
67636  47.272  4.695  60.227 0.0000000000
67635  47.519  5.167  59.727 0.0000000000
67657  48.008  5.021  59.339 0.0000000000
66502  48.621  4.418  59.080 0.0000000000
67675  48.305  5.173  59.076 0.0000000000
67674  48.414  4.996  58.757 0.0000000000
67689  48.306  5.059  57.950 0.0000000000
66552  48.339  4.313  57.336 0.0000000000
65360  48.066  3.495  57.181 0.0000000000
64134  48.353  2.462  57.538 0.0000000000
64135  47.862  2.427  56.950 0.0000000000
59402  46.555  -1.078  61.626 0.0000000000
59401  47.225  -0.867  61.424 0.0000000000
60580  47.536  -1.018  61.078 0.0000000000
58265  47.473  -2.187  60.430 0.0000000000
59427  47.685  -1.566  60.482 0.0000000000
60591  47.683  -1.116  60.784 0.0000000000
43616  27.093  -14.299  70.526 0.0000000000
44784  27.757  -14.224  70.536 0.0000000000
44794  30.999  -14.059  69.728 0.0000000000
44799  27.646  -14.292  70.468 0.0000000000
45883  30.805  -13.606  69.790 0.0000000000
45908  31.176  -13.850  69.733 0.0000000000
46943  31.455  -13.336  69.626 0.0000000000
48081  29.749  -12.454  69.120 0.0000000000
49262  29.659  -12.186  68.594 0.0000000000
50383  36.059  -9.686  68.632 0.0000000000
50384  35.773  -9.989  69.029 0.0000000000
51482  36.470  -9.084  68.130 0.0000000000
51484  35.481  -9.286  68.677 0.0000000000
51501  34.694  -9.104  68.355 0.0000000000
51502  34.025  -9.425  68.203 0.0000000000
51503  33.543  -9.760  68.050 0.0000000000
51512  41.459  -7.359  67.079 0.0000000000
51544  34.142  -9.364  66.982 0.0000000000
51554  43.678  -7.270  65.114 0.0000000000
52654  36.141  -8.739  68.300 0.0000000000
52673  35.182  -8.782  68.361 0.0000000000
52693  42.249  -6.851  66.551 0.0000000000
52720  43.518  -6.879  65.316 0.0000000000
52737  43.789  -7.186  64.714 0.0000000000
53792  36.494  -8.625  67.821 0.0000000000
53810  36.216  -8.279  67.789 0.0000000000
53811  35.963  -8.565  68.011 0.0000000000
53830  38.612  -6.935  67.677 0.0000000000
53859  37.756  -6.988  65.796 0.0000000000
53897  43.433  -6.987  64.410 0.0000000000
53917  43.263  -6.892  64.147 0.0000000000
54919  40.090  -6.384  67.496 0.0000000000
54935  41.376  -5.705  66.947 0.0000000000
54940  37.576  -7.367  67.370 0.0000000000
55972  41.647  -5.039  66.499 0.0000000000
55984  43.229  -4.304  65.604 0.0000000000
55986  40.227  -5.353  66.356 0.0000000000
56039  44.644  -4.208  63.101 0.0000000000
57030  43.049  -3.931  65.925 0.0000000000
57031  42.789  -4.273  65.866 0.0000000000
57032  42.050  -4.556  65.985 0.0000000000
57045  42.970  -3.853  66.042 0.0000000000
57046  41.143  -4.510  65.898 0.0000000000
57048  40.505  -4.964  65.971 0.0000000000
57058  44.124  -3.298  65.036 0.0000000000
57075  44.000  -3.500  64.896 0.0000000000
58149  41.852  -4.276  65.841 0.0000000000
58176  42.351  -3.006  65.021 0.0000000000
58178  41.239  -4.126  65.546 0.0000000000
58204  45.273  -1.642  64.059 0.0000000000
58220  45.971  -1.147  61.844 0.0000000000
58235  46.131  -1.257  61.715 0.0000000000
59338  42.558  -3.046  65.275 0.0000000000
59349  43.162  -2.569  65.377 0.0000000000
59350  42.689  -2.838  65.241 0.0000000000
59363  42.819  -2.353  64.885 0.0000000000
59374  45.375  -1.589  63.805 0.0000000000
59392  43.372  -1.654  63.244 0.0000000000
59413  47.409  -0.926  61.276 0.0000000000
60548  43.504  -1.763  63.988 0.0000000000
61720  45.686  -0.407  62.707 0.0000000000
61721  45.181  -0.224  62.863 0.0000000000
61753  47.406  0.574  60.967 0.0000000000
62911  44.909  -0.228  62.960 0.0000000000
62921  44.922  0.146  62.640 0.0000000000
62929  46.484  0.787  62.346 0.0000000000
62952  47.385  0.793  60.901 0.0000000000
62961  47.473  0.767  60.626 0.0000000000
62967  48.170  1.491  59.643 0.0000000000
62975  48.521  2.092  58.191 0.0000000000
62982  48.622  1.378  58.245 0.0000000000
64061  46.048  0.930  62.705 0.0000000000
64063  45.303  0.772  62.424 0.0000000000
64086  46.795  1.555  61.452 0.0000000000
65285  45.023  1.788  61.483 0.0000000000
65329  48.733  3.568  59.036 0.0000000000
66468  47.009  4.194  60.694 0.0000000000
66472  45.275  4.935  60.530 0.0000000000
66483  47.703  4.421  59.756 0.0000000000
66521  48.722  4.070  59.135 0.0000000000
67620  45.337  5.260  60.592 0.0000000000
67638  45.517  4.445  61.077 0.0000000000
67640  44.762  5.695  59.797 0.0000000000
67656  48.406  4.756  59.156 0.0000000000
68738  45.527  5.675  60.516 0.0000000000
68750  47.431  5.505  59.723 0.0000000000
68753  45.246  5.999  60.187 0.0000000000
68754  44.970  6.053  60.033 0.0000000000
68756  44.493  5.988  59.613 0.0000000000
68768  47.202  5.904  59.457 0.0000000000
68769  44.687  6.155  59.590 0.0000000000
68770  44.190  6.015  59.186 0.0000000000
68780  48.260  5.516  58.652 0.0000000000
68782  45.125  6.588  58.349 0.0000000000
68783  44.936  6.503  58.441 0.0000000000
68801  45.065  6.517  58.141 0.0000000000
68803  43.368  5.968  58.272 0.0000000000
68822  43.822  5.808  57.357 0.0000000000
68859  44.144  5.725  55.905 0.0000000000
69881  46.308  5.969  60.287 0.0000000000
69882  45.794  6.045  60.311 0.0000000000
69903  44.700  6.188  59.664 0.0000000000
69921  47.002  6.063  59.180 0.0000000000
69922  46.852  6.124  59.548 0.0000000000
69939  47.915  6.734  58.602 0.0000000000
69941  45.631  6.774  58.294 0.0000000000
69942  45.136  6.565  58.582 0.0000000000
69957  48.243  7.116  58.028 0.0000000000
69958  48.115  7.056  58.352 0.0000000000
69961  44.318  6.347  57.992 0.0000000000
69962  43.860  6.181  58.161 0.0000000000
69978  48.503  7.560  56.788 0.0000000000
70014  44.567  6.114  56.038 0.0000000000
71077  46.602  6.309  59.424 0.0000000000
71078  46.405  6.440  59.443 0.0000000000
71095  47.413  6.343  58.707 0.0000000000
71098  46.362  6.689  58.987 0.0000000000
71115  47.454  6.948  58.632 0.0000000000
71130  48.123  7.468  57.882 0.0000000000
71132  46.728  7.261  58.289 0.0000000000
71134  46.084  7.041  57.852 0.0000000000
71135  45.882  6.678  57.539 0.0000000000
71246  48.171  8.901  52.693 0.0000000000
72278  46.976  7.334  58.193 0.0000000000
72292  48.074  7.707  57.647 0.0000000000
72295  46.771  7.388  57.541 0.0000000000
72328  48.252  8.296  56.070 0.0000000000
72365  47.081  9.085  54.422 0.0000000000
72400  48.385  9.006  52.796 0.0000000000
73517  47.220  8.880  54.971 0.0000000000
73533  47.124  8.982  54.774 0.0000000000
73560  48.507  9.217  53.042 0.0000000000
75878  45.501  12.861  47.967 0.0000000000
76983  45.671  13.191  48.062 0.0000000000
79413  47.246  15.558  47.659 0.0000000000
81531  51.852  17.639  47.489 0.0000000000
81543  50.578  17.054  47.154 0.0000000000
81552  52.748  17.458  46.800 0.0000000000
82545  51.423  17.653  47.381 0.0000000000
82546  51.042  17.226  47.218 0.0000000000
82551  51.478  18.008  47.244 0.0000000000
82553  50.550  17.220  47.020 0.0000000000
