#!ascii label  , from subject 4025 vox2ras=TkReg
1042
109712  38.430  47.638  39.750 0.0000000000
112732  39.267  51.890  39.951 0.0000000000
107305  43.848  44.638  47.373 0.0000000000
108105  34.245  45.417  40.275 0.0000000000
105305  37.823  41.787  42.475 0.0000000000
110599  41.762  48.399  34.463 0.0000000000
115485  36.067  55.215  40.563 0.0000000000
116104  39.626  56.936  36.825 0.0000000000
104510  42.812  40.172  47.494 0.0000000000
105324  45.164  41.577  40.429 0.0000000000
111364  43.728  49.371  39.197 0.0000000000
108839  41.131  47.091  44.177 0.0000000000
111304  40.593  49.709  44.431 0.0000000000
108793  38.906  46.593  48.824 0.0000000000
114180  39.426  53.777  33.322 0.0000000000
112137  42.767  51.125  33.736 0.0000000000
105300  43.037  41.592  41.875 0.0000000000
109714  36.644  47.439  39.930 0.0000000000
107391  35.939  44.336  41.774 0.0000000000
108083  38.014  45.390  42.289 0.0000000000
110554  40.453  48.499  37.210 0.0000000000
110558  36.738  48.404  37.529 0.0000000000
115508  35.832  55.794  37.888 0.0000000000
102779  42.497  38.350  48.505 0.0000000000
102828  42.933  38.212  43.515 0.0000000000
101099  43.791  36.296  44.628 0.0000000000
110693  40.390  48.391  29.704 0.0000000000
112745  42.287  51.290  39.467 0.0000000000
111325  42.874  49.742  42.376 0.0000000000
112709  40.403  52.062  42.442 0.0000000000
110475  35.683  48.449  44.689 0.0000000000
110464  37.589  48.851  46.068 0.0000000000
108804  36.755  46.499  47.544 0.0000000000
106637  38.382  43.593  49.480 0.0000000000
114147  37.631  53.574  36.799 0.0000000000
114172  40.907  54.039  34.713 0.0000000000
112117  39.897  50.943  36.710 0.0000000000
111384  42.871  49.488  36.766 0.0000000000
108030  42.661  45.727  46.257 0.0000000000
106719  41.106  43.377  44.977 0.0000000000
106049  44.214  42.779  44.594 0.0000000000
105330  36.139  41.625  40.548 0.0000000000
104593  38.292  41.002  39.455 0.0000000000
109788  43.006  47.193  32.311 0.0000000000
109791  39.491  47.586  32.073 0.0000000000
114823  37.044  54.108  40.720 0.0000000000
114076  38.771  54.000  43.605 0.0000000000
117891  35.254  60.531  36.707 0.0000000000
117321  38.862  58.611  35.961 0.0000000000
115499  37.470  55.635  38.741 0.0000000000
105993  43.826  42.990  47.761 0.0000000000
106046  46.756  42.968  44.818 0.0000000000
104544  44.517  40.903  44.207 0.0000000000
102845  44.853  38.796  40.036 0.0000000000
109709  41.363  48.269  39.097 0.0000000000
109683  40.258  47.324  41.628 0.0000000000
109659  42.185  48.203  42.559 0.0000000000
110472  42.250  48.574  44.548 0.0000000000
110439  42.214  47.940  47.011 0.0000000000
112029  38.862  51.262  44.781 0.0000000000
110453  39.822  48.792  46.843 0.0000000000
108780  41.506  45.909  49.042 0.0000000000
106634  41.398  43.750  49.555 0.0000000000
105196  41.326  41.113  50.473 0.0000000000
112858  38.199  51.554  30.967 0.0000000000
112164  42.214  50.222  31.948 0.0000000000
114185  42.909  53.571  33.188 0.0000000000
112161  44.742  50.521  32.020 0.0000000000
110597  43.667  48.343  34.268 0.0000000000
110567  42.469  48.427  36.507 0.0000000000
107355  39.322  44.112  43.744 0.0000000000
105303  39.976  41.008  42.692 0.0000000000
105369  40.659  41.470  38.497 0.0000000000
106757  45.416  43.221  40.481 0.0000000000
109713  37.524  47.506  39.784 0.0000000000
108887  37.362  46.587  41.131 0.0000000000
108886  38.174  46.831  41.048 0.0000000000
109721  39.467  48.130  38.670 0.0000000000
110556  38.565  48.503  37.173 0.0000000000
110544  37.640  48.203  38.186 0.0000000000
110545  36.767  47.969  38.335 0.0000000000
101909  42.340  37.299  48.001 0.0000000000
101082  42.160  36.314  45.189 0.0000000000
100226  43.191  35.494  46.028 0.0000000000
105410  37.015  41.909  36.618 0.0000000000
113428  41.234  52.085  39.949 0.0000000000
112719  41.870  51.860  41.271 0.0000000000
113400  40.323  52.598  41.652 0.0000000000
108821  35.120  46.730  45.421 0.0000000000
109627  36.206  47.162  46.193 0.0000000000
113443  38.189  52.025  38.229 0.0000000000
112795  38.585  52.022  36.671 0.0000000000
112766  39.156  51.474  38.293 0.0000000000
112096  40.824  50.771  38.089 0.0000000000
108021  43.297  45.554  46.690 0.0000000000
106703  42.894  43.847  46.105 0.0000000000
106685  44.121  44.048  46.358 0.0000000000
108106  33.732  44.887  40.081 0.0000000000
107393  34.645  43.999  41.185 0.0000000000
106741  36.957  43.593  42.341 0.0000000000
106084  36.407  42.711  41.810 0.0000000000
105319  36.957  41.700  41.523 0.0000000000
104582  37.499  41.028  40.405 0.0000000000
104574  37.713  40.982  41.319 0.0000000000
109769  42.531  47.743  32.991 0.0000000000
109789  41.639  47.139  32.041 0.0000000000
110641  40.220  47.852  32.614 0.0000000000
108893  34.393  46.450  39.700 0.0000000000
108894  33.636  46.026  39.460 0.0000000000
115483  37.001  55.097  41.232 0.0000000000
115473  37.085  55.166  42.171 0.0000000000
115462  35.933  55.523  42.455 0.0000000000
114832  35.421  54.831  39.175 0.0000000000
115507  36.471  56.263  38.118 0.0000000000
115493  36.719  55.406  39.818 0.0000000000
114830  37.288  54.810  39.695 0.0000000000
105238  43.165  42.091  48.054 0.0000000000
105265  44.898  41.597  45.529 0.0000000000
104518  43.514  40.761  46.158 0.0000000000
101960  44.029  37.428  42.622 0.0000000000
102835  43.816  38.254  41.949 0.0000000000
101977  45.277  37.913  40.651 0.0000000000
110535  42.930  48.520  39.367 0.0000000000
110526  42.150  48.361  40.795 0.0000000000
110504  43.583  48.813  40.978 0.0000000000
111316  41.595  49.789  43.583 0.0000000000
111302  42.471  49.068  43.918 0.0000000000
110473  42.007  48.798  44.899 0.0000000000
110450  42.469  47.902  46.315 0.0000000000
111280  41.250  48.972  45.906 0.0000000000
113369  37.387  52.826  44.395 0.0000000000
113367  39.002  52.765  44.441 0.0000000000
112682  37.867  50.980  45.126 0.0000000000
109618  38.078  47.619  47.510 0.0000000000
110443  38.666  48.247  47.425 0.0000000000
109617  38.901  47.635  48.159 0.0000000000
109615  40.814  47.645  48.025 0.0000000000
108782  40.314  46.473  49.439 0.0000000000
107282  41.251  44.901  49.270 0.0000000000
107992  39.966  45.539  49.534 0.0000000000
105966  38.717  42.559  49.635 0.0000000000
105954  40.100  42.429  50.222 0.0000000000
112829  38.822  51.789  32.502 0.0000000000
112165  40.001  50.222  31.769 0.0000000000
112827  40.998  51.916  32.796 0.0000000000
117303  39.930  58.947  36.412 0.0000000000
116739  39.705  57.661  34.618 0.0000000000
116119  40.869  56.825  35.335 0.0000000000
113492  42.228  52.968  34.282 0.0000000000
114879  43.249  54.332  34.045 0.0000000000
113499  43.303  52.813  33.266 0.0000000000
112824  44.160  51.721  32.573 0.0000000000
112814  44.087  51.255  33.225 0.0000000000
110616  44.474  48.774  33.050 0.0000000000
112127  43.062  49.886  34.162 0.0000000000
111375  43.761  49.607  38.428 0.0000000000
110551  43.326  48.883  37.253 0.0000000000
110539  43.560  48.661  38.067 0.0000000000
109718  42.270  48.245  37.907 0.0000000000
109649  40.885  47.247  42.971 0.0000000000
108841  39.676  46.123  42.971 0.0000000000
108046  40.407  45.708  44.422 0.0000000000
106060  42.571  42.227  43.627 0.0000000000
106061  41.343  42.080  43.947 0.0000000000
105301  42.034  41.281  42.133 0.0000000000
105328  40.445  40.762  40.638 0.0000000000
105327  41.353  41.169  40.344 0.0000000000
105298  45.786  42.542  42.445 0.0000000000
106068  45.913  43.226  42.760 0.0000000000
106088  45.694  42.877  40.423 0.0000000000
108889  35.420  46.361  40.592 0.0000000000
108100  35.618  44.878  41.550 0.0000000000
108888  36.502  46.180  41.118 0.0000000000
108084  37.274  44.991  42.326 0.0000000000
107387  38.015  44.431  42.702 0.0000000000
110586  40.644  48.479  35.501 0.0000000000
110547  35.487  47.781  38.798 0.0000000000
103685  42.300  39.368  47.984 0.0000000000
103709  42.080  39.506  45.818 0.0000000000
102816  42.266  38.307  45.222 0.0000000000
101939  43.185  36.980  44.187 0.0000000000
112092  43.362  50.075  39.037 0.0000000000
112071  43.379  50.083  40.935 0.0000000000
112718  42.408  51.275  41.070 0.0000000000
112047  41.610  50.703  42.342 0.0000000000
112039  40.649  50.449  43.465 0.0000000000
111308  35.881  49.743  44.418 0.0000000000
111307  36.896  49.661  45.115 0.0000000000
110465  36.898  48.547  45.743 0.0000000000
109619  37.331  47.294  47.338 0.0000000000
108794  37.992  46.313  48.570 0.0000000000
107994  38.325  45.159  49.181 0.0000000000
108003  37.610  45.466  48.893 0.0000000000
106638  37.585  43.680  49.107 0.0000000000
105979  37.507  42.774  48.758 0.0000000000
115557  38.369  55.694  32.918 0.0000000000
115517  38.807  55.636  36.791 0.0000000000
115535  40.163  55.580  35.609 0.0000000000
114164  38.911  53.812  35.519 0.0000000000
112803  40.095  51.666  35.289 0.0000000000
112129  41.430  50.983  34.635 0.0000000000
112128  42.463  50.105  34.574 0.0000000000
112115  41.650  50.150  36.754 0.0000000000
112094  42.286  50.585  38.427 0.0000000000
108031  41.700  45.934  45.681 0.0000000000
108032  40.819  45.496  45.281 0.0000000000
107334  42.090  44.776  46.311 0.0000000000
106034  42.610  43.139  45.367 0.0000000000
106070  43.469  42.192  42.662 0.0000000000
104590  44.628  40.682  39.202 0.0000000000
105365  44.668  41.671  38.670 0.0000000000
105350  34.679  41.368  39.796 0.0000000000
106758  35.206  43.271  41.179 0.0000000000
105321  35.477  42.468  40.938 0.0000000000
105349  35.566  41.420  39.742 0.0000000000
105373  36.625  41.523  38.625 0.0000000000
105372  37.464  41.561  38.454 0.0000000000
105393  37.728  41.788  37.564 0.0000000000
108978  41.506  46.281  30.969 0.0000000000
108979  40.466  46.303  30.961 0.0000000000
113430  37.510  52.609  39.907 0.0000000000
113401  39.175  52.515  41.779 0.0000000000
114089  37.905  54.029  42.565 0.0000000000
114774  37.420  54.522  44.173 0.0000000000
113377  36.703  52.947  43.910 0.0000000000
112041  35.737  51.092  43.698 0.0000000000
111309  35.235  49.124  44.262 0.0000000000
117889  36.983  60.146  36.935 0.0000000000
118425  38.751  60.533  37.479 0.0000000000
117273  39.063  59.000  38.090 0.0000000000
116095  38.909  56.826  38.091 0.0000000000
115506  37.730  55.167  38.078 0.0000000000
114125  37.115  53.549  38.760 0.0000000000
106665  43.745  43.993  47.721 0.0000000000
106684  44.610  43.802  46.377 0.0000000000
105248  45.307  42.626  45.902 0.0000000000
105280  45.681  41.756  44.668 0.0000000000
104563  44.831  40.863  42.224 0.0000000000
103722  43.060  39.789  44.122 0.0000000000
104571  44.075  40.049  41.716 0.0000000000
103749  44.592  39.820  39.710 0.0000000000
109710  40.408  48.068  39.399 0.0000000000
109702  39.258  47.375  40.742 0.0000000000
109701  40.386  47.718  40.494 0.0000000000
109660  41.140  47.593  42.440 0.0000000000
109648  41.439  47.511  43.439 0.0000000000
111324  43.203  49.382  42.178 0.0000000000
110482  42.593  48.776  43.344 0.0000000000
109641  41.721  47.571  44.477 0.0000000000
109633  42.371  47.536  45.752 0.0000000000
109624  42.538  47.242  46.482 0.0000000000
108801  42.988  46.467  47.430 0.0000000000
113388  39.680  52.663  42.733 0.0000000000
112040  39.726  51.278  43.601 0.0000000000
112017  39.515  50.116  45.330 0.0000000000
111293  38.182  49.509  45.793 0.0000000000
111292  38.838  49.763  46.027 0.0000000000
111281  40.251  49.243  46.034 0.0000000000
110440  41.354  48.194  47.270 0.0000000000
109604  42.265  46.964  48.176 0.0000000000
107999  43.209  45.600  48.165 0.0000000000
107292  42.626  44.586  48.666 0.0000000000
105977  43.093  42.760  48.538 0.0000000000
105962  42.502  42.153  49.355 0.0000000000
106635  40.347  43.670  49.833 0.0000000000
105952  41.492  41.883  50.202 0.0000000000
104477  42.543  40.361  49.478 0.0000000000
103659  42.250  39.304  49.725 0.0000000000
111450  39.502  49.806  30.335 0.0000000000
110664  41.238  48.830  30.996 0.0000000000
110680  43.011  48.074  30.558 0.0000000000
115533  41.680  55.759  34.913 0.0000000000
114187  41.580  53.003  32.911 0.0000000000
112826  42.262  51.797  32.481 0.0000000000
111434  43.992  49.552  31.488 0.0000000000
110661  44.591  48.537  31.121 0.0000000000
109786  44.849  47.918  31.851 0.0000000000
109752  44.044  47.780  34.068 0.0000000000
110598  42.744  48.479  34.414 0.0000000000
111390  43.059  49.079  35.421 0.0000000000
110566  42.990  48.868  35.998 0.0000000000
110585  41.625  48.420  35.484 0.0000000000
109742  41.880  48.277  36.954 0.0000000000
109720  40.458  48.339  38.236 0.0000000000
108857  39.000  46.112  42.416 0.0000000000
108082  38.711  45.369  42.635 0.0000000000
106064  38.474  42.984  43.382 0.0000000000
106720  40.307  43.704  44.668 0.0000000000
106063  39.377  42.716  43.758 0.0000000000
105304  38.955  41.307  42.667 0.0000000000
104572  39.546  40.565  40.947 0.0000000000
104592  39.174  40.790  39.268 0.0000000000
106048  45.151  42.946  44.696 0.0000000000
106069  44.685  42.608  42.556 0.0000000000
106090  44.075  42.542  40.520 0.0000000000
106111  44.547  42.392  38.715 0.0000000000
105342  42.465  41.631  39.133 0.0000000000
100237  45.322  35.258  45.118 0.0000000000
101116  46.042  35.873  43.549 0.0000000000
109703  38.263  47.239  40.438 0.0000000000
110543  38.541  48.382  38.044 0.0000000000
109722  38.531  47.926  38.852 0.0000000000
109723  37.612  47.772  38.976 0.0000000000
101070  42.727  36.146  46.302 0.0000000000
112731  40.277  51.859  40.045 0.0000000000
113413  40.822  52.329  40.761 0.0000000000
113414  39.736  52.156  40.850 0.0000000000
112749  38.799  51.734  39.160 0.0000000000
112748  39.736  51.631  39.181 0.0000000000
112747  40.703  51.649  39.258 0.0000000000
108020  43.594  45.411  47.197 0.0000000000
107319  43.754  44.636  46.756 0.0000000000
107318  44.209  44.181  46.618 0.0000000000
107400  34.227  44.383  40.668 0.0000000000
107399  34.727  44.893  40.776 0.0000000000
106073  37.172  42.709  42.369 0.0000000000
106083  36.884  42.244  42.069 0.0000000000
105306  37.142  42.034  42.237 0.0000000000
105318  37.565  41.391  41.859 0.0000000000
104567  37.826  41.217  41.976 0.0000000000
110619  42.084  48.282  33.597 0.0000000000
109770  41.385  47.820  32.812 0.0000000000
110620  40.775  48.095  33.407 0.0000000000
108111  33.825  45.861  39.775 0.0000000000
115484  36.563  55.219  40.902 0.0000000000
115474  36.545  55.411  41.863 0.0000000000
115475  35.959  55.328  41.538 0.0000000000
114824  35.498  54.747  40.140 0.0000000000
115494  36.080  55.294  39.551 0.0000000000
115492  37.082  55.182  40.201 0.0000000000
104493  43.324  40.899  47.917 0.0000000000
104509  43.447  40.846  47.051 0.0000000000
101967  44.468  37.627  41.934 0.0000000000
110524  43.321  48.973  39.872 0.0000000000
110525  42.868  48.633  40.404 0.0000000000
111317  41.106  49.706  43.901 0.0000000000
111303  41.764  49.252  44.346 0.0000000000
111289  41.624  48.847  45.236 0.0000000000
111290  40.857  49.137  45.166 0.0000000000
112692  37.662  51.604  44.683 0.0000000000
108802  38.282  47.008  48.221 0.0000000000
109607  39.503  47.296  48.730 0.0000000000
108783  39.559  46.229  49.343 0.0000000000
105223  38.727  41.622  49.182 0.0000000000
114188  38.614  53.678  33.042 0.0000000000
113511  38.587  52.683  32.771 0.0000000000
113510  39.177  52.194  32.813 0.0000000000
112828  39.725  51.684  32.691 0.0000000000
112818  40.377  52.211  33.097 0.0000000000
116707  40.039  58.261  36.743 0.0000000000
116719  40.469  57.988  35.794 0.0000000000
116103  40.307  57.227  36.291 0.0000000000
112808  42.499  51.784  34.082 0.0000000000
113491  42.821  52.940  33.682 0.0000000000
112815  43.322  51.856  33.670 0.0000000000
113498  44.066  52.152  33.164 0.0000000000
112136  43.366  50.338  33.634 0.0000000000
111363  43.940  49.276  38.509 0.0000000000
111374  43.970  49.243  38.092 0.0000000000
110534  43.551  48.716  38.898 0.0000000000
108840  40.507  46.624  43.421 0.0000000000
108830  40.882  46.494  44.398 0.0000000000
106071  42.597  41.738  42.683 0.0000000000
105287  41.716  41.639  43.051 0.0000000000
105315  42.240  41.341  41.130 0.0000000000
104569  45.286  41.670  41.193 0.0000000000
105312  45.610  42.210  41.015 0.0000000000
105323  45.380  42.230  40.027 0.0000000000
109706  36.042  46.708  40.639 0.0000000000
108103  35.886  45.811  41.139 0.0000000000
109705  36.612  46.902  40.582 0.0000000000
108097  37.734  45.735  41.813 0.0000000000
108879  37.348  45.979  41.506 0.0000000000
110569  40.499  48.536  36.327 0.0000000000
110587  39.688  48.704  35.504 0.0000000000
110570  39.586  48.650  36.346 0.0000000000
110557  37.659  48.467  37.314 0.0000000000
110572  37.720  48.770  36.420 0.0000000000
109724  36.745  47.670  39.118 0.0000000000
110546  35.987  47.912  38.598 0.0000000000
109725  35.896  47.664  39.290 0.0000000000
109715  35.653  47.199  40.094 0.0000000000
102789  42.119  38.409  47.376 0.0000000000
102790  41.842  38.910  46.718 0.0000000000
101100  42.557  36.124  44.749 0.0000000000
101940  42.598  37.105  44.638 0.0000000000
101118  44.445  36.572  43.976 0.0000000000
101952  44.436  36.824  43.263 0.0000000000
101117  45.256  36.380  43.658 0.0000000000
111476  39.754  49.559  28.850 0.0000000000
112202  39.983  49.973  28.151 0.0000000000
112081  42.871  50.702  39.697 0.0000000000
112072  42.895  50.668  40.606 0.0000000000
112729  42.380  51.468  40.303 0.0000000000
113386  41.060  52.254  41.769 0.0000000000
112048  40.708  51.243  42.503 0.0000000000
112700  40.054  51.477  42.901 0.0000000000
110474  36.361  48.886  44.991 0.0000000000
110466  36.273  48.178  45.283 0.0000000000
108811  36.231  46.828  46.825 0.0000000000
109626  36.854  47.509  46.586 0.0000000000
108803  37.654  46.758  47.871 0.0000000000
108795  37.283  46.147  48.339 0.0000000000
108004  36.636  45.496  48.406 0.0000000000
107294  37.097  44.572  48.862 0.0000000000
106650  36.827  43.694  48.624 0.0000000000
114855  38.362  54.534  36.305 0.0000000000
114873  39.026  54.577  35.779 0.0000000000
114146  38.294  53.664  36.168 0.0000000000
112804  39.538  52.211  35.369 0.0000000000
112793  40.148  51.195  36.057 0.0000000000
112130  40.854  51.537  34.880 0.0000000000
112122  40.672  50.922  35.394 0.0000000000
112121  41.480  50.362  35.608 0.0000000000
112116  40.707  50.609  36.482 0.0000000000
112763  41.885  51.093  38.833 0.0000000000
112095  41.531  50.662  38.254 0.0000000000
112762  42.382  50.957  38.864 0.0000000000
112093  42.889  50.653  38.771 0.0000000000
108819  42.408  46.655  46.064 0.0000000000
106033  43.527  43.095  45.429 0.0000000000
106050  43.111  42.696  44.581 0.0000000000
106059  43.849  42.589  43.602 0.0000000000
105331  35.203  42.118  40.436 0.0000000000
107392  35.107  44.406  41.270 0.0000000000
106749  35.662  43.541  41.538 0.0000000000
105320  35.927  42.166  41.162 0.0000000000
105374  35.807  41.262  38.841 0.0000000000
105348  36.406  41.424  39.618 0.0000000000
104594  37.818  41.012  39.924 0.0000000000
105347  37.379  41.324  39.481 0.0000000000
105346  37.878  41.301  38.961 0.0000000000
105371  38.402  41.400  38.547 0.0000000000
108959  43.448  46.627  31.577 0.0000000000
108960  42.339  46.578  31.595 0.0000000000
109790  40.498  47.488  32.164 0.0000000000
109812  40.470  46.865  31.490 0.0000000000
109813  39.514  47.019  31.502 0.0000000000
108981  38.544  46.453  31.021 0.0000000000
113417  37.255  53.342  40.495 0.0000000000
113403  37.682  53.296  41.472 0.0000000000
114101  37.288  53.864  41.311 0.0000000000
115445  37.263  55.323  43.295 0.0000000000
114775  36.891  54.313  44.103 0.0000000000
112703  35.823  51.876  43.405 0.0000000000
111318  35.566  50.444  43.777 0.0000000000
117308  35.905  59.644  36.495 0.0000000000
117890  36.049  60.284  36.854 0.0000000000
118426  37.769  60.910  37.770 0.0000000000
118415  37.692  60.620  38.304 0.0000000000
117855  39.014  60.061  38.090 0.0000000000
116089  37.476  56.599  38.464 0.0000000000
116088  38.341  56.754  38.332 0.0000000000
115498  38.174  56.162  38.447 0.0000000000
115505  38.552  56.072  37.966 0.0000000000
114831  37.099  54.206  40.043 0.0000000000
114838  37.170  54.268  39.503 0.0000000000
114126  37.079  53.596  39.472 0.0000000000
113445  37.176  52.955  39.574 0.0000000000
105992  44.666  42.897  47.060 0.0000000000
104527  44.314  40.998  45.022 0.0000000000
105281  44.967  41.331  44.690 0.0000000000
105286  45.416  41.478  43.306 0.0000000000
104555  44.870  40.996  43.304 0.0000000000
103723  42.453  39.198  44.660 0.0000000000
103708  43.006  39.943  45.059 0.0000000000
103735  42.712  38.999  43.879 0.0000000000
103744  43.907  39.075  41.490 0.0000000000
103741  43.652  39.165  42.269 0.0000000000
103743  44.179  39.707  40.663 0.0000000000
102854  44.904  39.306  39.425 0.0000000000
109700  41.343  48.107  40.164 0.0000000000
109681  42.232  48.231  41.748 0.0000000000
110506  42.197  48.289  41.394 0.0000000000
112057  43.294  50.013  41.371 0.0000000000
111335  43.439  49.571  41.458 0.0000000000
109647  42.207  48.107  43.906 0.0000000000
109640  42.273  47.931  44.926 0.0000000000
109634  41.941  47.434  45.186 0.0000000000
110438  42.463  47.598  46.773 0.0000000000
109613  42.573  47.202  47.302 0.0000000000
114087  39.008  53.386  43.155 0.0000000000
113389  38.827  52.995  42.569 0.0000000000
114075  39.208  53.326  43.659 0.0000000000
112691  38.561  51.953  44.649 0.0000000000
112690  39.205  51.951  44.125 0.0000000000
112028  39.528  50.683  44.448 0.0000000000
111294  37.408  49.307  45.643 0.0000000000
111306  37.638  49.848  45.304 0.0000000000
110454  38.967  48.846  46.950 0.0000000000
111283  38.687  49.228  46.364 0.0000000000
111282  39.324  49.388  46.311 0.0000000000
112010  39.629  49.655  45.777 0.0000000000
110452  40.806  48.661  46.642 0.0000000000
110441  40.332  48.259  47.453 0.0000000000
109595  41.151  46.777  49.073 0.0000000000
109605  41.306  47.068  48.669 0.0000000000
108790  41.870  46.281  48.739 0.0000000000
108789  42.891  46.250  48.140 0.0000000000
108000  42.680  45.508  48.520 0.0000000000
108001  41.828  45.310  48.883 0.0000000000
106649  42.033  43.740  49.210 0.0000000000
106633  42.309  43.155  49.334 0.0000000000
105963  41.804  42.596  49.793 0.0000000000
107285  38.777  44.449  49.462 0.0000000000
107284  39.669  44.538  49.591 0.0000000000
106636  39.386  43.384  50.003 0.0000000000
105953  40.707  42.071  50.338 0.0000000000
105207  42.073  41.746  49.894 0.0000000000
105195  42.160  41.041  50.479 0.0000000000
104462  42.289  40.141  50.265 0.0000000000
112845  37.890  52.051  31.643 0.0000000000
113530  36.997  52.955  30.848 0.0000000000
113528  38.034  52.199  30.306 0.0000000000
112177  38.985  50.343  30.569 0.0000000000
111421  41.025  50.034  32.072 0.0000000000
111437  40.281  49.646  31.249 0.0000000000
111436  41.648  49.427  31.581 0.0000000000
110663  42.360  48.705  31.160 0.0000000000
111435  42.879  49.484  31.594 0.0000000000
114871  40.763  54.841  35.090 0.0000000000
114870  41.356  55.377  35.043 0.0000000000
114881  41.627  54.883  34.736 0.0000000000
114884  43.209  54.173  33.616 0.0000000000
115548  42.831  55.032  33.970 0.0000000000
114885  42.891  54.186  33.363 0.0000000000
114186  42.250  53.287  32.909 0.0000000000
113508  41.890  52.570  32.734 0.0000000000
113507  42.827  52.665  32.654 0.0000000000
112842  43.977  51.064  31.722 0.0000000000
112162  44.302  50.481  31.682 0.0000000000
111433  44.801  49.471  31.654 0.0000000000
109785  45.089  48.344  31.371 0.0000000000
110639  45.175  48.796  31.768 0.0000000000
110596  44.114  48.889  33.847 0.0000000000
109751  44.300  48.121  33.743 0.0000000000
110618  43.148  48.098  33.795 0.0000000000
110583  43.052  48.833  34.947 0.0000000000
112120  42.230  49.770  36.085 0.0000000000
111391  42.750  49.372  35.717 0.0000000000
110584  42.498  48.558  35.322 0.0000000000
110568  41.506  48.413  36.484 0.0000000000
109732  42.225  48.261  37.175 0.0000000000
109708  42.223  48.400  38.787 0.0000000000
109719  41.509  48.396  38.199 0.0000000000
109684  39.580  47.133  41.402 0.0000000000
108856  39.929  46.565  42.216 0.0000000000
107373  39.376  45.124  43.531 0.0000000000
108063  39.278  45.474  43.031 0.0000000000
107374  38.881  44.566  43.253 0.0000000000
106733  39.019  43.624  43.624 0.0000000000
106705  40.784  43.973  45.400 0.0000000000
107336  40.470  44.713  44.983 0.0000000000
105288  40.676  41.528  43.330 0.0000000000
106062  40.322  42.253  43.900 0.0000000000
105289  39.647  41.700  43.385 0.0000000000
104565  39.267  40.563  41.992 0.0000000000
105344  40.336  41.000  39.473 0.0000000000
104591  39.734  40.779  39.442 0.0000000000
105370  39.495  41.304  38.588 0.0000000000
105392  38.778  41.788  37.595 0.0000000000
105391  40.023  41.760  37.458 0.0000000000
106030  46.072  43.004  45.291 0.0000000000
106031  45.085  43.082  45.604 0.0000000000
106700  46.430  43.219  44.865 0.0000000000
106747  45.746  43.240  40.889 0.0000000000
106081  45.138  43.171  41.213 0.0000000000
106089  44.735  43.112  40.137 0.0000000000
106141  44.252  41.810  37.320 0.0000000000
105364  44.931  42.234  38.879 0.0000000000
106127  44.274  42.037  37.828 0.0000000000
109704  37.439  47.071  40.467 0.0000000000
108878  38.173  46.128  41.721 0.0000000000
110541  39.942  48.381  37.600 0.0000000000
110555  39.434  48.529  37.097 0.0000000000
110542  39.403  48.385  37.823 0.0000000000
101915  42.138  37.208  46.895 0.0000000000
100240  42.700  35.760  45.394 0.0000000000
100257  43.008  35.729  44.916 0.0000000000
112746  41.544  51.575  39.363 0.0000000000
113411  42.154  51.923  40.178 0.0000000000
113399  41.174  52.314  41.438 0.0000000000
113387  40.738  52.448  42.030 0.0000000000
109642  35.104  47.569  44.791 0.0000000000
109636  35.775  47.462  45.501 0.0000000000
108812  35.551  46.510  46.430 0.0000000000
108012  36.106  45.786  47.752 0.0000000000
113459  37.494  52.709  37.549 0.0000000000
113475  38.462  52.771  36.234 0.0000000000
112783  38.750  51.685  37.304 0.0000000000
112782  39.493  51.130  37.407 0.0000000000
112110  40.301  50.709  37.447 0.0000000000
112765  40.145  51.090  38.408 0.0000000000
112764  41.123  51.205  38.683 0.0000000000
107320  43.115  44.832  46.375 0.0000000000
106686  43.567  44.206  46.360 0.0000000000
106032  44.428  43.126  45.436 0.0000000000
106748  36.382  43.599  42.011 0.0000000000
106074  36.737  43.141  42.172 0.0000000000
105329  36.924  41.340  40.424 0.0000000000
104575  37.211  41.148  40.941 0.0000000000
104581  38.094  40.719  40.389 0.0000000000
108899  34.074  46.909  38.413 0.0000000000
108900  33.338  46.191  38.733 0.0000000000
108112  33.272  45.343  39.402 0.0000000000
107401  33.220  44.359  39.933 0.0000000000
114822  37.131  54.716  40.585 0.0000000000
114812  37.216  54.464  41.472 0.0000000000
114839  35.333  54.952  38.243 0.0000000000
115501  35.924  55.302  38.688 0.0000000000
115500  36.701  55.778  38.614 0.0000000000
105994  43.420  42.401  47.951 0.0000000000
105236  44.362  42.463  47.272 0.0000000000
105237  43.711  41.784  47.546 0.0000000000
105266  44.096  41.099  45.713 0.0000000000
102831  43.428  38.217  42.793 0.0000000000
102834  44.412  38.324  41.105 0.0000000000
110536  42.157  48.398  39.770 0.0000000000
110505  42.789  48.523  41.559 0.0000000000
112037  42.302  49.929  42.983 0.0000000000
111315  42.464  49.515  43.168 0.0000000000
110462  42.353  48.203  45.546 0.0000000000
110463  42.048  48.570  45.376 0.0000000000
110451  41.884  48.471  46.259 0.0000000000
114064  38.796  53.611  44.250 0.0000000000
113368  38.253  52.810  44.569 0.0000000000
112681  38.289  51.147  45.059 0.0000000000
109625  37.532  47.883  46.931 0.0000000000
110455  38.148  48.551  46.667 0.0000000000
110442  39.397  48.293  47.544 0.0000000000
109616  39.856  47.710  48.134 0.0000000000
109606  40.326  47.294  48.935 0.0000000000
108781  41.133  46.325  49.226 0.0000000000
107990  41.275  45.639  49.214 0.0000000000
107991  40.742  45.628  49.456 0.0000000000
107283  40.544  44.682  49.530 0.0000000000
105965  39.581  42.316  49.987 0.0000000000
105964  40.183  41.896  50.065 0.0000000000
114194  37.200  53.207  32.163 0.0000000000
113512  37.678  52.594  32.278 0.0000000000
112844  38.519  51.396  31.816 0.0000000000
112166  39.289  50.604  31.526 0.0000000000
112151  39.572  51.032  32.181 0.0000000000
112150  40.272  50.733  32.280 0.0000000000
112149  41.572  50.913  32.362 0.0000000000
117304  39.255  59.348  36.394 0.0000000000
116721  39.320  57.973  35.384 0.0000000000
117319  40.131  58.466  35.836 0.0000000000
116738  40.591  57.277  34.759 0.0000000000
113493  41.340  53.061  34.545 0.0000000000
114171  41.979  53.925  34.465 0.0000000000
114170  42.908  53.812  34.286 0.0000000000
114169  43.262  53.757  34.053 0.0000000000
114184  43.130  53.468  33.390 0.0000000000
113506  43.657  52.596  32.911 0.0000000000
113505  44.229  52.102  32.853 0.0000000000
112823  44.353  51.579  32.831 0.0000000000
112147  44.439  50.663  32.694 0.0000000000
111420  44.814  49.503  32.259 0.0000000000
111407  44.119  49.686  33.249 0.0000000000
111398  43.844  49.329  33.801 0.0000000000
111399  43.367  49.328  34.348 0.0000000000
111380  43.001  49.776  37.340 0.0000000000
111379  43.491  49.468  37.611 0.0000000000
110538  43.866  48.962  37.894 0.0000000000
110552  42.887  48.387  37.542 0.0000000000
110540  42.981  48.403  38.425 0.0000000000
109661  40.569  47.042  42.513 0.0000000000
108062  39.777  45.667  43.617 0.0000000000
107354  39.745  44.657  44.059 0.0000000000
106051  41.888  42.728  44.756 0.0000000000
106052  40.824  42.797  44.474 0.0000000000
105302  40.991  41.196  42.416 0.0000000000
105317  40.273  40.715  41.731 0.0000000000
105316  41.218  41.121  41.404 0.0000000000
105343  41.478  41.359  39.320 0.0000000000
105284  46.339  42.704  43.460 0.0000000000
106067  46.414  43.150  43.316 0.0000000000
106080  45.824  43.125  41.208 0.0000000000
106763  45.510  43.089  40.231 0.0000000000
108890  34.783  45.947  40.453 0.0000000000
108104  35.248  45.391  41.015 0.0000000000
108099  36.392  45.225  41.742 0.0000000000
108880  36.898  45.728  41.552 0.0000000000
108085  36.886  44.715  42.195 0.0000000000
107388  37.236  44.276  42.423 0.0000000000
106740  37.582  43.573  42.629 0.0000000000
106072  37.905  42.833  42.812 0.0000000000
110600  40.714  48.324  34.535 0.0000000000
110602  38.830  48.964  34.672 0.0000000000
110571  38.648  48.711  36.346 0.0000000000
110559  35.845  48.340  37.861 0.0000000000
110560  35.166  48.046  38.289 0.0000000000
109726  34.919  47.485  39.086 0.0000000000
108892  35.058  46.839  40.111 0.0000000000
114846  35.180  55.194  37.652 0.0000000000
104494  42.738  40.254  48.431 0.0000000000
104519  42.843  40.193  46.550 0.0000000000
103695  42.221  39.439  46.930 0.0000000000
102829  42.534  38.244  44.262 0.0000000000
101925  42.201  37.226  45.768 0.0000000000
101954  42.872  37.504  43.961 0.0000000000
101953  43.573  37.184  43.562 0.0000000000
101959  45.098  36.978  42.670 0.0000000000
111353  43.516  49.470  40.414 0.0000000000
112080  43.355  50.072  39.984 0.0000000000
112058  42.779  50.326  41.641 0.0000000000
112730  42.195  51.793  40.831 0.0000000000
112059  41.925  51.152  41.579 0.0000000000
112031  36.776  50.689  44.535 0.0000000000
109635  36.470  47.702  45.788 0.0000000000
107993  39.064  45.486  49.289 0.0000000000
108002  38.335  45.843  49.042 0.0000000000
107286  37.932  44.498  49.212 0.0000000000
105967  37.984  42.960  49.354 0.0000000000
105978  38.214  42.345  49.062 0.0000000000
105224  38.020  41.719  48.542 0.0000000000
114889  38.853  54.676  33.249 0.0000000000
115516  39.740  56.205  36.364 0.0000000000
115515  40.489  56.390  35.768 0.0000000000
114854  39.304  55.200  36.051 0.0000000000
114872  39.656  54.715  35.407 0.0000000000
114163  40.026  54.066  34.933 0.0000000000
113474  39.056  52.479  35.617 0.0000000000
113486  39.533  53.036  35.088 0.0000000000
113494  40.532  53.034  34.669 0.0000000000
112810  40.743  52.288  34.794 0.0000000000
112809  41.559  52.105  34.589 0.0000000000
112114  42.470  49.878  37.119 0.0000000000
112109  41.155  50.492  37.467 0.0000000000
112108  42.009  50.261  37.688 0.0000000000
112107  42.927  50.218  37.837 0.0000000000
112106  43.434  50.103  38.292 0.0000000000
108829  41.469  46.825  44.942 0.0000000000
108045  41.001  46.131  44.994 0.0000000000
107335  41.127  44.762  45.751 0.0000000000
106704  41.729  43.722  45.640 0.0000000000
105340  44.999  41.521  39.579 0.0000000000
104612  44.649  40.631  38.333 0.0000000000
104596  34.238  40.622  39.366 0.0000000000
106750  35.032  43.736  41.244 0.0000000000
106091  35.095  42.817  40.885 0.0000000000
106085  35.614  42.795  41.284 0.0000000000
104595  35.100  40.787  39.160 0.0000000000
105394  36.772  41.698  37.602 0.0000000000
108961  41.662  46.648  31.528 0.0000000000
110621  39.722  48.403  33.626 0.0000000000
110642  39.596  48.120  32.702 0.0000000000
112733  38.641  52.007  39.776 0.0000000000
113415  38.459  52.335  40.577 0.0000000000
113402  38.132  53.070  41.850 0.0000000000
114088  38.419  53.807  42.813 0.0000000000
114801  37.636  54.660  42.638 0.0000000000
114787  38.258  54.571  43.297 0.0000000000
114773  38.274  54.497  44.056 0.0000000000
114065  37.934  53.793  44.432 0.0000000000
112694  36.052  51.396  43.817 0.0000000000
117306  37.394  59.394  36.503 0.0000000000
118440  36.681  60.511  37.536 0.0000000000
117888  37.907  60.151  37.094 0.0000000000
117887  38.862  60.277  36.878 0.0000000000
117886  39.493  59.877  36.848 0.0000000000
117284  39.815  58.967  37.135 0.0000000000
116693  39.557  58.237  37.509 0.0000000000
116096  36.321  56.796  37.726 0.0000000000
116684  38.534  57.952  38.042 0.0000000000
116087  39.047  57.488  38.043 0.0000000000
116094  39.325  57.052  37.591 0.0000000000
114844  38.047  55.080  37.238 0.0000000000
114845  37.474  54.388  37.582 0.0000000000
114837  37.300  54.388  38.763 0.0000000000
114133  37.176  53.536  37.993 0.0000000000
113444  37.323  52.789  38.847 0.0000000000
113429  38.106  52.192  39.416 0.0000000000
107304  44.266  44.259  46.858 0.0000000000
106664  44.437  43.722  47.107 0.0000000000
106013  45.053  43.032  46.170 0.0000000000
106012  45.510  42.812  45.628 0.0000000000
105249  44.802  42.274  46.455 0.0000000000
105264  45.722  42.447  45.412 0.0000000000
105279  46.354  42.505  44.484 0.0000000000
105285  45.869  41.861  43.591 0.0000000000
105299  45.430  41.559  42.762 0.0000000000
104570  44.656  41.115  41.113 0.0000000000
104529  42.976  40.250  45.782 0.0000000000
104528  43.628  40.569  45.392 0.0000000000
104556  43.831  40.364  43.649 0.0000000000
103734  43.341  39.291  43.253 0.0000000000
104564  44.082  40.125  42.723 0.0000000000
104578  44.683  40.725  40.097 0.0000000000
109711  39.408  47.839  39.667 0.0000000000
109682  41.526  47.942  41.408 0.0000000000
110490  43.354  48.952  41.934 0.0000000000
110491  42.916  48.708  42.443 0.0000000000
111314  42.956  49.412  42.605 0.0000000000
110481  43.050  49.102  42.654 0.0000000000
108820  41.953  46.924  45.576 0.0000000000
108810  42.888  46.438  46.719 0.0000000000
108809  43.337  46.022  47.083 0.0000000000
108800  43.344  45.948  47.615 0.0000000000
112710  39.880  52.092  42.764 0.0000000000
113376  39.398  52.715  43.720 0.0000000000
112701  39.625  52.048  43.291 0.0000000000
112027  40.182  50.261  44.319 0.0000000000
111305  39.952  50.089  44.788 0.0000000000
112030  37.516  50.512  44.956 0.0000000000
112019  38.071  50.415  45.290 0.0000000000
112018  38.808  50.430  45.429 0.0000000000
112011  39.217  49.959  45.880 0.0000000000
111291  40.084  49.626  45.263 0.0000000000
109614  41.836  47.647  47.855 0.0000000000
109603  42.670  46.734  47.764 0.0000000000
108011  43.473  45.399  47.764 0.0000000000
107291  43.383  44.820  48.165 0.0000000000
106647  43.244  43.726  48.285 0.0000000000
107293  41.914  44.333  49.044 0.0000000000
106648  42.525  43.716  48.843 0.0000000000
105976  43.403  43.158  48.211 0.0000000000
105221  42.987  41.415  48.579 0.0000000000
106624  40.204  42.896  50.314 0.0000000000
106623  40.997  42.849  50.169 0.0000000000
105206  42.567  41.246  49.781 0.0000000000
103674  42.450  39.339  48.952 0.0000000000
102770  42.486  38.393  49.392 0.0000000000
111449  40.192  49.158  30.136 0.0000000000
111438  39.415  49.987  30.972 0.0000000000
110665  40.640  49.000  30.706 0.0000000000
110682  40.869  48.406  30.359 0.0000000000
110681  41.884  48.211  30.510 0.0000000000
110679  44.037  47.941  30.573 0.0000000000
115556  39.525  55.644  33.484 0.0000000000
114888  40.044  54.724  33.422 0.0000000000
116118  41.517  56.293  35.057 0.0000000000
114880  42.590  54.649  34.318 0.0000000000
114887  41.233  54.719  33.423 0.0000000000
114179  40.465  53.723  33.390 0.0000000000
113509  41.325  52.567  32.877 0.0000000000
112148  42.619  51.042  32.100 0.0000000000
112825  43.488  51.606  32.243 0.0000000000
112163  43.413  50.575  31.666 0.0000000000
110662  43.520  48.629  31.206 0.0000000000
110678  44.490  47.825  30.694 0.0000000000
109810  44.733  47.770  30.954 0.0000000000
109787  44.093  47.316  32.268 0.0000000000
109767  44.503  47.982  32.839 0.0000000000
109768  43.770  47.650  33.385 0.0000000000
111400  42.900  49.366  35.004 0.0000000000
111383  43.142  49.128  36.483 0.0000000000
110553  41.026  48.477  36.851 0.0000000000
109734  41.022  48.537  37.767 0.0000000000
108877  39.095  46.739  41.497 0.0000000000
108858  38.477  45.769  42.277 0.0000000000
107386  38.438  44.933  42.690 0.0000000000
106739  38.096  43.622  43.068 0.0000000000
105291  38.222  42.403  42.986 0.0000000000
106053  40.061  42.984  44.233 0.0000000000
106721  39.595  43.621  44.079 0.0000000000
105290  38.720  42.104  43.180 0.0000000000
104566  38.323  40.946  42.021 0.0000000000
104573  38.609  40.569  41.166 0.0000000000
104580  38.887  40.525  40.164 0.0000000000
104579  39.707  40.606  39.959 0.0000000000
104614  38.700  41.057  39.005 0.0000000000
106701  44.491  43.656  45.922 0.0000000000
106732  46.272  43.232  43.402 0.0000000000
106058  45.031  42.824  43.680 0.0000000000
106082  43.946  42.395  41.611 0.0000000000
105314  43.141  41.930  40.855 0.0000000000
105339  45.125  42.185  39.255 0.0000000000
106098  45.198  42.701  39.619 0.0000000000
106099  44.594  42.696  39.443 0.0000000000
106128  43.789  42.327  37.738 0.0000000000
106100  43.930  42.549  39.552 0.0000000000
105325  43.240  41.977  39.848 0.0000000000
105326  42.336  41.533  40.107 0.0000000000
100239  43.811  35.303  45.332 0.0000000000
100256  45.082  35.585  44.803 0.0000000000
100255  45.431  35.352  44.640 0.0000000000
101097  45.469  35.803  44.072 0.0000000000
99414  45.174  35.158  45.292 0.0000000000
99430  45.367  35.019  45.223 0.0000000000
100238  44.965  35.402  45.158 0.0000000000
100241  41.947  35.920  45.213 0.0000000000
100258  42.253  35.750  44.900 0.0000000000
100259  41.815  35.912  44.899 0.0000000000
101069  43.272  35.618  46.465 0.0000000000
101080  44.684  35.730  44.788 0.0000000000
101081  44.368  35.635  44.949 0.0000000000
101083  42.024  36.167  44.944 0.0000000000
101098  44.959  35.958  44.422 0.0000000000
101101  42.047  36.048  44.724 0.0000000000
102803  41.887  38.427  46.278 0.0000000000
102804  41.767  38.928  46.378 0.0000000000
103696  41.856  39.232  46.400 0.0000000000
103710  41.768  39.078  46.153 0.0000000000
104543  45.323  41.297  44.020 0.0000000000
104545  43.691  40.471  44.559 0.0000000000
104554  45.395  41.416  43.565 0.0000000000
104562  45.389  41.646  41.764 0.0000000000
104613  38.937  41.116  38.828 0.0000000000
105194  42.495  40.711  50.142 0.0000000000
105220  43.331  41.351  48.000 0.0000000000
105250  44.150  41.374  46.450 0.0000000000
105263  46.502  42.863  45.121 0.0000000000
105297  46.332  43.014  42.925 0.0000000000
105313  45.234  41.654  40.918 0.0000000000
105345  39.688  40.933  39.165 0.0000000000
105425  36.512  41.560  35.957 0.0000000000
106029  46.638  43.029  45.181 0.0000000000
106047  45.862  43.200  44.836 0.0000000000
106056  46.482  42.929  44.073 0.0000000000
106057  45.819  43.175  43.920 0.0000000000
106110  44.981  42.418  39.105 0.0000000000
106625  39.788  42.778  50.274 0.0000000000
106699  46.682  43.182  44.991 0.0000000000
106702  43.873  43.703  45.943 0.0000000000
106717  46.580  43.067  44.549 0.0000000000
106718  46.276  43.170  44.231 0.0000000000
106731  46.449  43.155  43.733 0.0000000000
106734  38.539  43.778  43.338 0.0000000000
106737  46.134  43.313  43.285 0.0000000000
106738  45.932  43.369  43.150 0.0000000000
106746  45.988  43.182  40.854 0.0000000000
106756  45.732  43.208  40.639 0.0000000000
106764  45.167  43.122  39.924 0.0000000000
107375  38.350  44.112  43.142 0.0000000000
107389  36.626  44.301  42.136 0.0000000000
108098  37.301  45.495  41.844 0.0000000000
108788  43.295  45.839  47.962 0.0000000000
108791  41.336  46.640  48.950 0.0000000000
108792  39.691  46.861  49.174 0.0000000000
108805  35.936  46.337  47.270 0.0000000000
108876  39.753  46.900  41.650 0.0000000000
108885  38.701  47.068  40.936 0.0000000000
108980  39.519  46.425  30.968 0.0000000000
109596  40.849  46.870  49.182 0.0000000000
109716  34.956  47.078  39.792 0.0000000000
109733  41.530  48.386  37.327 0.0000000000
109741  42.075  48.293  36.793 0.0000000000
109771  40.726  47.866  32.732 0.0000000000
109809  45.021  48.385  31.127 0.0000000000
109811  41.152  46.653  31.406 0.0000000000
110456  37.426  48.238  46.365 0.0000000000
110533  43.974  48.963  38.433 0.0000000000
110550  43.711  49.104  37.676 0.0000000000
110617  43.730  47.826  34.022 0.0000000000
110640  44.873  48.575  32.369 0.0000000000
110660  45.080  48.799  31.379 0.0000000000
111279  41.717  48.691  45.709 0.0000000000
111336  43.144  49.755  41.934 0.0000000000
111378  43.843  49.208  37.843 0.0000000000
111408  43.658  49.622  33.722 0.0000000000
111419  45.116  49.249  31.758 0.0000000000
111422  40.362  50.113  31.877 0.0000000000
111432  45.130  49.092  31.576 0.0000000000
111463  40.011  49.084  29.198 0.0000000000
111464  39.579  49.669  29.412 0.0000000000
111475  40.029  49.343  28.312 0.0000000000
112032  36.073  50.862  44.085 0.0000000000
112038  41.895  50.130  43.072 0.0000000000
112046  42.379  50.092  42.631 0.0000000000
112135  44.083  50.512  33.199 0.0000000000
112167  38.611  51.068  31.281 0.0000000000
112178  38.599  50.881  30.751 0.0000000000
112203  39.701  50.208  28.583 0.0000000000
112217  39.955  50.257  28.070 0.0000000000
112708  41.199  51.802  41.891 0.0000000000
112794  39.246  51.680  36.240 0.0000000000
112807  42.956  52.216  33.849 0.0000000000
112816  42.879  51.617  33.813 0.0000000000
112817  40.721  52.281  33.014 0.0000000000
112830  38.233  52.037  32.247 0.0000000000
112840  44.485  51.180  32.393 0.0000000000
112841  44.311  51.175  32.002 0.0000000000
112843  39.140  51.254  32.165 0.0000000000
112859  37.724  52.232  30.952 0.0000000000
113366  39.255  52.709  44.152 0.0000000000
113412  41.811  52.154  40.576 0.0000000000
113416  37.532  53.015  40.838 0.0000000000
113426  42.223  51.714  39.958 0.0000000000
113427  41.950  51.944  39.880 0.0000000000
113431  37.166  53.121  40.100 0.0000000000
113458  38.128  52.244  37.082 0.0000000000
113476  37.788  52.759  36.818 0.0000000000
113485  40.034  52.484  34.895 0.0000000000
113487  38.909  52.993  35.532 0.0000000000
113495  40.041  52.978  34.776 0.0000000000
113500  40.833  52.760  33.090 0.0000000000
113501  39.665  52.712  33.236 0.0000000000
113502  39.039  53.193  33.149 0.0000000000
113529  37.409  52.770  30.439 0.0000000000
114063  39.252  53.118  44.129 0.0000000000
114066  37.141  53.770  44.251 0.0000000000
114099  37.956  53.620  42.341 0.0000000000
114100  37.587  53.765  41.910 0.0000000000
114110  37.477  53.495  41.264 0.0000000000
114111  37.230  53.625  40.841 0.0000000000
114119  37.113  53.657  40.264 0.0000000000
114162  40.576  54.341  34.878 0.0000000000
114173  40.189  53.433  34.773 0.0000000000
114175  43.221  53.675  33.739 0.0000000000
114176  42.818  53.931  33.251 0.0000000000
114177  42.499  53.910  33.210 0.0000000000
114178  41.609  53.720  33.215 0.0000000000
114788  37.542  55.103  43.538 0.0000000000
114800  38.128  54.360  42.846 0.0000000000
114813  37.078  54.004  41.092 0.0000000000
114856  37.761  54.412  36.906 0.0000000000
114882  41.116  54.601  34.862 0.0000000000
114893  43.095  53.932  33.378 0.0000000000
114894  42.883  53.889  33.248 0.0000000000
115446  36.935  55.386  43.291 0.0000000000
115460  37.272  55.373  42.972 0.0000000000
115461  36.674  55.540  42.694 0.0000000000
115504  39.217  56.394  37.120 0.0000000000
115534  41.100  55.905  35.330 0.0000000000
115547  43.086  54.613  33.787 0.0000000000
115549  42.070  55.486  34.381 0.0000000000
115552  43.044  54.481  33.591 0.0000000000
115553  42.776  54.785  33.646 0.0000000000
116134  41.705  56.051  34.759 0.0000000000
116683  39.126  58.167  38.006 0.0000000000
116692  39.852  58.512  37.123 0.0000000000
116708  39.751  57.582  36.959 0.0000000000
116720  40.081  58.047  35.362 0.0000000000
117285  39.527  58.992  37.572 0.0000000000
117305  38.384  59.417  36.456 0.0000000000
117307  36.449  59.498  36.504 0.0000000000
117320  39.694  58.611  35.870 0.0000000000
117856  38.355  59.942  38.330 0.0000000000
117857  37.575  59.887  38.412 0.0000000000
117866  39.674  59.364  37.207 0.0000000000
117867  39.476  59.657  37.467 0.0000000000
117868  38.726  60.459  37.222 0.0000000000
117869  38.443  60.482  37.329 0.0000000000
117885  39.743  59.413  36.987 0.0000000000
118413  39.109  60.409  37.771 0.0000000000
118414  38.542  60.726  38.143 0.0000000000
118424  39.251  60.298  37.281 0.0000000000
118437  39.212  60.303  36.988 0.0000000000
118438  39.051  60.424  37.138 0.0000000000
118439  37.343  60.459  37.408 0.0000000000
