#!ascii label  , from subject 4025 vox2ras=TkReg
1743
8748  37.618  -51.621  3.777 0.2000000030
8747  38.147  -51.179  4.044 0.2000000030
8728  37.740  -51.729  4.269 0.2000000030
8769  36.036  -52.448  2.790 0.1000000015
9514  38.482  -50.239  3.764 0.3000000119
9515  37.341  -50.837  3.479 0.2000000030
8749  36.702  -51.923  3.324 0.1000000015
8013  37.481  -52.504  3.991 0.2000000030
8750  35.866  -51.706  3.000 0.1000000015
9531  34.680  -51.516  2.475 0.1000000015
8770  35.226  -51.995  2.463 0.1000000015
9544  33.648  -50.581  1.592 0.1000000015
8771  34.347  -51.823  1.880 0.1000000015
8791  33.866  -51.225  1.313 0.1000000015
10294  33.743  -49.772  0.795 0.2000000030
8808  34.065  -51.192  0.685 0.1000000015
10246  35.667  -50.308  3.553 0.1000000015
9517  35.061  -51.034  2.976 0.1000000015
9516  36.248  -51.021  3.319 0.1000000015
9532  34.211  -51.096  2.453 0.1000000015
10279  33.384  -49.661  1.558 0.1000000015
11076  33.480  -48.356  1.580 0.2000000030
11910  34.175  -47.288  1.650 0.1000000015
11091  33.687  -49.176  0.764 0.2000000030
12769  35.249  -46.283  1.809 0.2000000030
12794  35.689  -46.538  1.315 0.1000000015
12793  36.693  -46.338  1.221 0.1000000015
10247  34.599  -50.088  3.455 0.1000000015
9533  33.629  -50.425  2.262 0.1000000015
12796  34.398  -46.732  1.904 0.2000000030
13670  35.404  -45.703  2.208 0.2000000030
14619  35.807  -45.008  2.725 0.2000000030
13690  36.156  -45.830  1.667 0.2000000030
13668  37.036  -44.946  2.284 0.1000000015
13689  37.302  -45.475  1.701 0.2000000030
9518  34.103  -50.383  2.859 0.1000000015
10248  33.515  -49.554  3.233 0.1000000015
9519  33.646  -50.032  2.697 0.1000000015
11077  32.891  -49.044  1.986 0.2000000030
12772  33.204  -46.937  2.628 0.2000000030
11893  33.434  -47.454  2.195 0.3000000119
14594  36.951  -44.136  3.140 0.3000000119
14617  37.803  -44.392  2.469 0.2000000030
14637  38.111  -45.091  1.709 0.2000000030
13687  39.026  -45.268  1.241 0.2000000030
12771  33.876  -46.576  2.263 0.3000000119
11065  33.092  -47.966  2.272 0.2000000030
14595  35.673  -44.290  3.514 0.3000000119
15599  36.540  -43.685  3.669 0.3000000119
15576  37.820  -42.844  4.075 0.3000000119
15598  37.506  -43.613  3.315 0.3000000119
15611  38.089  -43.614  2.861 0.2000000030
14616  39.045  -44.255  2.160 0.2000000030
14635  39.262  -44.516  1.373 0.2000000030
16608  36.302  -42.744  4.612 0.4000000060
15600  35.971  -43.670  3.816 0.3000000119
13671  34.454  -45.864  2.570 0.2000000030
13650  34.944  -45.148  2.938 0.2000000030
15597  38.405  -43.211  3.371 0.3000000119
15610  38.704  -43.648  2.691 0.2000000030
15596  39.224  -43.013  3.122 0.2000000030
15609  39.320  -43.551  2.340 0.2000000030
16588  37.331  -41.899  5.262 0.3000000119
15577  36.922  -43.100  4.079 0.3000000119
16625  38.655  -42.319  3.893 0.2000000030
17548  39.150  -41.350  3.047 0.2000000030
16624  39.232  -42.030  3.129 0.2000000030
17564  39.297  -41.490  2.492 0.1000000015
17585  39.324  -41.715  1.661 0.2000000030
16639  39.439  -42.611  2.296 0.2000000030
15627  39.500  -43.551  1.758 0.2000000030
16587  37.768  -41.704  5.251 0.3000000119
17521  38.063  -41.383  5.270 0.3000000119
16606  38.001  -42.102  4.826 0.3000000119
18455  38.395  -40.614  5.404 0.2000000030
17536  38.448  -41.402  4.592 0.3000000119
18466  38.608  -40.456  4.439 0.2000000030
17549  38.801  -41.232  3.648 0.1000000015
18479  38.967  -40.598  2.912 0.1000000015
18480  38.696  -40.343  3.659 0.1000000015
18492  39.017  -40.621  1.884 0.1000000015
17503  37.903  -40.895  5.870 0.3000000119
18441  38.974  -39.966  6.298 0.2000000030
19457  39.702  -39.260  6.376 0.2000000030
20454  40.308  -38.715  6.369 0.1000000015
18454  38.897  -40.008  5.152 0.1000000015
20477  39.862  -38.528  5.725 0.1000000015
18465  38.783  -39.974  4.628 0.1000000015
19482  38.714  -39.942  4.394 0.1000000015
19493  38.799  -39.489  3.363 0.1000000015
19505  38.710  -39.630  2.434 0.1000000015
18442  38.285  -40.458  6.235 0.2000000030
20476  40.699  -38.025  5.728 0.1000000015
21451  40.737  -37.622  4.864 0.1000000015
20492  39.580  -38.341  4.787 0.1000000015
21452  40.117  -37.857  4.709 0.1000000015
19481  38.910  -39.378  4.464 0.1000000015
21470  40.172  -37.617  4.000 0.1000000015
20503  39.235  -38.305  3.696 0.1000000015
21468  42.245  -37.269  3.809 0.1000000015
21488  39.896  -37.475  2.902 0.1000000015
20512  38.986  -38.316  2.510 0.1000000015
21434  42.020  -37.776  5.240 0.1000000015
8772  33.809  -51.107  1.956 0.1000000015
11909  35.041  -47.361  0.900 0.1000000015
19264  40.392  -39.144  19.394 0.5000000000
20254  41.282  -38.887  19.971 0.5000000000
20255  40.608  -38.419  19.778 0.5000000000
20268  40.009  -38.367  19.217 0.5000000000
20269  39.423  -38.338  18.769 0.5000000000
19206  40.321  -39.785  20.898 0.2000000030
19205  41.317  -39.727  21.163 0.2000000030
19227  39.782  -39.014  20.576 0.3000000119
19226  40.734  -39.147  20.574 0.3000000119
20233  40.900  -38.683  20.172 0.5000000000
22243  40.035  -37.193  19.975 0.5000000000
21209  39.895  -37.549  19.543 0.5000000000
21210  39.460  -37.119  19.414 0.5000000000
21227  39.691  -37.854  19.052 0.5000000000
19266  38.934  -39.304  18.580 0.5000000000
20270  38.525  -38.249  18.523 0.5000000000
18283  39.563  -40.339  18.956 0.5000000000
16366  39.231  -42.638  18.311 0.5000000000
20235  39.215  -38.132  20.523 0.3000000119
21189  40.277  -37.593  20.111 0.5000000000
21228  39.204  -37.333  18.915 0.5000000000
18284  38.418  -40.392  18.484 0.5000000000
15424  40.156  -43.877  14.510 0.4000000060
15403  39.526  -43.745  15.410 0.5000000000
15380  40.119  -43.443  16.449 0.5000000000
15360  39.520  -43.330  17.438 0.5000000000
14406  40.383  -44.031  13.971 0.4000000060
19207  39.316  -39.783  20.852 0.3000000119
19228  38.801  -39.026  20.637 0.4000000060
22230  39.805  -37.109  20.060 0.5000000000
22231  38.933  -36.516  20.189 0.5000000000
22244  39.497  -36.902  19.795 0.5000000000
22259  39.137  -36.773  19.378 0.5000000000
22245  38.858  -36.374  19.701 0.5000000000
22260  38.463  -36.314  19.126 0.5000000000
21229  38.135  -37.168  18.608 0.5000000000
20271  37.490  -38.080  18.444 0.5000000000
17368  37.927  -41.324  18.353 0.6000000238
15381  39.018  -43.569  16.395 0.5000000000
16390  38.904  -43.137  17.759 0.5000000000
16367  38.185  -42.170  18.339 0.5000000000
14432  41.270  -44.336  12.404 0.4000000060
14419  40.650  -44.188  13.365 0.4000000060
15286  36.018  -43.389  21.287 0.1000000015
17307  35.792  -41.735  20.760 0.1000000015
18224  34.664  -40.824  20.753 0.1000000015
17329  35.648  -41.047  20.684 0.1000000015
18245  34.962  -40.420  20.692 0.1000000015
17328  36.556  -41.321  20.591 0.1000000015
18244  36.069  -40.345  20.509 0.1000000015
19231  35.459  -39.446  20.509 0.1000000015
19208  38.514  -39.776  20.813 0.2000000030
18243  37.220  -40.404  20.557 0.1000000015
21191  38.573  -37.243  20.529 0.5000000000
20236  38.168  -38.179  20.634 0.4000000060
22232  37.796  -36.343  20.470 0.4000000060
23277  37.943  -35.633  20.091 0.5000000000
23287  37.861  -35.481  19.640 0.5000000000
23296  37.718  -35.540  19.155 0.5000000000
22261  37.606  -36.221  18.649 0.5000000000
19267  37.678  -39.421  18.341 0.5000000000
15361  38.571  -43.377  17.227 0.5000000000
14466  41.292  -44.741  10.602 0.5000000000
14259  33.416  -44.624  23.601 0.1000000015
14301  34.369  -44.105  21.848 0.1000000015
15287  34.991  -43.348  21.534 0.1000000015
16316  35.439  -42.442  21.113 0.1000000015
17308  34.864  -41.396  20.879 0.1000000015
18225  34.180  -40.624  20.820 0.1000000015
15288  34.073  -43.197  21.705 0.1000000015
16317  34.478  -42.373  21.429 0.1000000015
19209  34.145  -40.017  20.829 0.1000000015
22220  34.712  -36.068  20.905 0.2000000030
23265  33.866  -35.367  21.189 0.2000000030
17327  37.527  -41.372  20.635 0.1000000015
20239  34.880  -38.545  20.590 0.1000000015
22235  34.598  -36.976  20.616 0.2000000030
19230  36.586  -39.379  20.492 0.2000000030
20238  35.919  -38.441  20.426 0.1000000015
21193  36.299  -37.392  20.565 0.2000000030
22233  36.551  -36.207  20.744 0.2000000030
23264  34.968  -35.185  21.253 0.2000000030
20237  37.046  -38.311  20.545 0.2000000030
21192  37.445  -37.239  20.642 0.3000000119
23278  37.112  -35.453  20.519 0.3000000119
24401  37.592  -35.120  19.937 0.5000000000
17382  37.104  -41.532  18.064 0.5000000000
24417  37.414  -34.980  19.651 0.4000000060
16415  35.852  -42.498  17.255 0.5000000000
17383  36.243  -41.399  17.758 0.5000000000
18297  36.733  -40.682  18.157 0.5000000000
15363  36.871  -43.107  17.308 0.5000000000
21230  37.175  -37.057  18.449 0.5000000000
15404  38.395  -43.981  15.485 0.5000000000
15382  38.020  -43.650  16.428 0.5000000000
15362  37.694  -43.268  17.261 0.5000000000
14407  39.972  -44.352  13.936 0.5000000000
16392  37.451  -42.486  17.829 0.5000000000
18285  37.483  -40.582  18.290 0.6000000238
14448  40.817  -44.730  11.504 0.4000000060
15244  33.048  -43.990  23.873 0.1000000015
14278  33.693  -44.469  22.584 0.1000000015
15266  33.285  -43.226  22.517 0.1000000015
16296  32.671  -42.588  23.079 0.1000000015
17279  32.057  -41.526  23.478 0.1000000015
14302  33.717  -43.678  22.030 0.1000000015
15289  33.624  -43.138  21.996 0.1000000015
16318  33.565  -42.391  21.908 0.1000000015
18226  33.294  -40.655  21.407 0.1000000015
19210  33.608  -39.796  21.010 0.1000000015
21179  33.026  -37.790  20.883 0.1000000015
22221  33.640  -36.646  20.793 0.2000000030
21195  34.413  -37.744  20.612 0.1000000015
22236  34.090  -37.229  20.596 0.2000000030
22218  36.090  -35.638  21.027 0.3000000119
23263  35.781  -35.209  21.104 0.3000000119
24386  34.234  -34.262  21.486 0.2000000030
23262  36.403  -35.349  20.813 0.3000000119
24385  35.346  -34.506  21.146 0.2000000030
24402  36.993  -34.593  20.258 0.4000000060
24403  36.257  -34.234  20.479 0.3000000119
24418  36.835  -34.532  19.662 0.4000000060
25503  36.550  -34.161  19.960 0.4000000060
18299  34.956  -40.324  17.684 0.5000000000
18298  35.894  -40.505  18.015 0.5000000000
24426  37.115  -35.009  19.246 0.5000000000
20291  33.858  -38.547  17.332 0.5000000000
20290  34.631  -38.306  17.761 0.5000000000
19285  35.547  -39.203  18.147 0.5000000000
19284  36.618  -39.817  18.242 0.6000000238
23297  37.009  -35.451  18.753 0.5000000000
21245  34.779  -37.255  17.846 0.5000000000
20289  35.334  -37.967  18.282 0.5000000000
19283  37.129  -40.142  18.249 0.5000000000
19268  36.669  -38.792  18.400 0.5000000000
14487  41.521  -44.935  9.663 0.4000000060
14488  40.752  -45.142  9.980 0.4000000060
14447  41.806  -44.454  11.548 0.4000000060
19158  31.338  -39.453  25.328 0.1000000015
18198  31.670  -40.619  23.675 0.1000000015
19188  31.506  -39.778  23.416 0.1000000015
16295  32.983  -42.361  22.417 0.1000000015
18207  31.968  -40.734  22.833 0.1000000015
19195  31.721  -39.643  22.603 0.1000000015
17290  32.547  -41.646  22.555 0.1000000015
19194  32.179  -40.209  22.267 0.1000000015
20216  31.506  -38.602  22.431 0.1000000015
19211  32.417  -39.631  21.601 0.1000000015
20223  32.479  -38.526  21.281 0.1000000015
21180  32.125  -37.689  21.449 0.1000000015
23267  32.017  -35.845  21.644 0.2000000030
23266  32.830  -35.711  21.285 0.2000000030
24387  32.781  -34.577  21.547 0.2000000030
28747  36.559  -30.465  15.804 0.2000000030
25487  35.007  -33.617  21.006 0.2000000030
27692  36.327  -31.103  15.745 0.2000000030
26643  35.668  -31.951  15.734 0.2000000030
26644  34.534  -32.166  16.281 0.2000000030
26630  33.924  -32.644  17.303 0.2000000030
25486  35.751  -34.145  20.729 0.2000000030
26661  36.129  -32.695  15.218 0.2000000030
26662  35.119  -32.845  15.493 0.2000000030
26663  34.571  -33.177  15.956 0.2000000030
25559  34.306  -33.422  16.729 0.2000000030
25549  34.145  -33.490  17.630 0.3000000119
25537  34.376  -33.837  18.255 0.4000000060
24474  35.041  -34.336  15.205 0.2000000030
25579  34.845  -33.719  15.566 0.3000000119
25580  34.487  -33.817  16.083 0.3000000119
24455  34.424  -34.282  16.565 0.4000000060
24443  34.377  -34.403  17.528 0.3000000119
24429  34.709  -34.416  18.356 0.4000000060
24428  35.458  -34.702  18.593 0.5000000000
25535  35.750  -34.156  19.109 0.4000000060
24427  36.368  -34.764  19.112 0.5000000000
21259  34.151  -37.332  16.110 0.5000000000
22291  34.323  -36.441  16.386 0.4000000060
23347  34.525  -35.562  15.716 0.4000000060
23327  34.345  -35.284  16.736 0.4000000060
23316  34.661  -35.450  17.705 0.4000000060
23315  35.283  -35.500  18.253 0.5000000000
24442  34.829  -34.914  18.147 0.5000000000
22279  34.495  -36.375  17.336 0.5000000000
21232  35.477  -37.058  18.279 0.5000000000
20273  35.932  -37.627  18.452 0.5000000000
20272  36.610  -37.811  18.455 0.5000000000
21231  36.299  -36.987  18.367 0.5000000000
22262  36.697  -36.208  18.480 0.5000000000
21139  30.958  -37.809  26.164 0.1000000015
20179  31.104  -38.616  25.802 0.1000000015
22177  30.507  -36.724  25.344 0.1000000015
20206  30.712  -38.044  24.025 0.1000000015
21162  30.610  -37.374  24.144 0.1000000015
21161  30.848  -37.637  23.502 0.1000000015
22198  30.654  -36.631  23.488 0.1000000015
22210  31.141  -36.883  22.585 0.1000000015
22211  30.799  -36.074  22.743 0.1000000015
23247  31.379  -35.946  22.234 0.2000000030
24364  31.683  -34.760  22.051 0.2000000030
24388  32.328  -35.218  21.647 0.2000000030
25489  33.191  -33.512  21.534 0.2000000030
25488  34.038  -33.333  21.318 0.2000000030
28748  35.905  -30.297  16.108 0.1000000015
27693  35.301  -31.096  16.117 0.2000000030
27694  34.467  -30.947  16.518 0.2000000030
30802  36.266  -28.562  16.339 0.1000000015
29799  35.632  -29.338  16.482 0.1000000015
28749  34.941  -30.101  16.392 0.1000000015
25504  35.919  -33.710  20.229 0.3000000119
26631  33.576  -32.138  17.900 0.1000000015
26622  33.920  -33.078  18.375 0.1000000015
26621  34.472  -33.530  18.643 0.3000000119
25523  35.490  -33.621  19.450 0.2000000030
22263  35.780  -36.244  18.366 0.5000000000
23298  36.105  -35.470  18.602 0.5000000000
22278  34.972  -36.305  18.051 0.5000000000
21125  31.177  -37.457  26.970 0.1000000015
22163  31.053  -36.522  26.552 0.1000000015
23180  30.766  -36.045  26.167 0.1000000015
22164  30.630  -36.563  25.959 0.1000000015
23202  30.610  -35.730  25.461 0.1000000015
23201  30.855  -35.095  25.785 0.1000000015
22185  30.510  -36.594  24.596 0.1000000015
24345  30.460  -34.877  23.846 0.1000000015
24336  30.606  -34.702  24.796 0.1000000015
23228  30.611  -35.520  23.291 0.1000000015
24365  30.754  -34.532  23.012 0.2000000030
25464  32.149  -33.669  21.931 0.2000000030
26580  32.607  -32.794  21.801 0.2000000030
26578  34.181  -32.951  20.805 0.2000000030
31842  35.975  -27.841  16.820 0.1000000015
28736  33.998  -29.994  16.893 0.1000000015
27681  33.807  -31.378  17.169 0.1000000015
26591  34.194  -32.754  20.095 0.1000000015
25505  34.879  -33.229  20.398 0.2000000030
27682  33.295  -31.290  18.100 0.1000000015
26606  34.673  -33.304  19.064 0.2000000030
26590  34.940  -33.156  19.780 0.2000000030
23157  31.864  -35.698  27.272 0.1000000015
23179  31.226  -35.499  26.436 0.1000000015
23177  33.043  -35.158  26.748 0.1000000015
24299  32.270  -34.279  26.225 0.1000000015
24335  30.795  -34.125  24.947 0.1000000015
24320  30.741  -34.944  25.441 0.1000000015
25433  30.752  -34.092  24.598 0.1000000015
25442  31.001  -33.358  23.600 0.1000000015
25465  31.264  -33.591  22.740 0.1000000015
26563  31.415  -32.969  23.243 0.1000000015
26562  31.920  -32.443  22.717 0.1000000015
26579  33.273  -32.587  21.279 0.2000000030
27635  32.898  -32.159  21.309 0.2000000030
26592  33.457  -32.334  20.495 0.1000000015
31811  37.080  -26.808  18.077 0.1000000015
31826  35.341  -27.695  17.385 0.1000000015
31827  34.830  -27.705  17.636 0.1000000015
29788  34.169  -29.123  17.238 0.1000000015
30780  34.291  -27.854  18.173 0.1000000015
29789  33.552  -29.192  17.741 0.1000000015
28737  33.439  -30.420  17.596 0.1000000015
26623  33.544  -32.124  18.730 0.1000000015
26607  34.041  -32.829  19.305 0.2000000030
24298  33.542  -34.469  26.413 0.1000000015
25395  33.100  -33.350  26.304 0.1000000015
25414  32.102  -33.183  26.007 0.1000000015
26531  31.467  -32.553  24.914 0.1000000015
26542  31.413  -32.504  23.889 0.1000000015
26541  31.727  -31.992  23.454 0.1000000015
27620  32.233  -31.390  22.470 0.1000000015
28679  32.381  -30.691  21.817 0.2000000030
27636  32.633  -31.872  21.693 0.2000000030
30767  35.443  -27.832  19.990 0.1000000015
31799  33.961  -27.671  19.281 0.1000000015
30768  34.460  -27.845  20.084 0.1000000015
30769  33.414  -28.438  19.862 0.1000000015
29768  32.479  -29.744  20.332 0.1000000015
27665  32.572  -30.655  20.378 0.1000000015
27651  32.702  -31.109  21.002 0.1000000015
31812  35.977  -27.042  18.187 0.1000000015
31814  34.259  -27.654  18.654 0.1000000015
29778  32.932  -29.191  18.890 0.1000000015
28711  32.607  -30.265  19.623 0.1000000015
27664  32.858  -31.434  20.145 0.1000000015
30781  33.717  -28.229  18.445 0.1000000015
28725  32.989  -30.274  18.426 0.1000000015
27673  33.048  -31.276  19.080 0.1000000015
26608  33.489  -32.146  19.641 0.1000000015
25394  34.130  -33.764  26.392 0.1000000015
26492  33.311  -32.649  26.269 0.1000000015
26513  32.691  -32.311  26.023 0.1000000015
27570  31.740  -32.013  25.137 0.1000000015
27582  32.167  -31.197  24.268 0.1000000015
28661  32.282  -30.601  22.779 0.1000000015
29707  36.017  -28.814  22.604 0.1000000015
30718  34.678  -28.630  22.080 0.1000000015
30703  33.816  -28.819  22.944 0.1000000015
29709  32.851  -29.311  22.302 0.1000000015
29751  36.376  -28.696  20.755 0.1000000015
29732  36.335  -28.836  21.701 0.1000000015
30737  34.754  -28.576  21.384 0.1000000015
29734  32.872  -29.164  21.381 0.1000000015
29735  32.477  -29.771  21.605 0.1000000015
30752  35.896  -28.298  20.354 0.1000000015
30753  35.309  -28.441  20.770 0.1000000015
30738  34.068  -28.619  21.583 0.1000000015
30755  33.431  -28.715  21.010 0.1000000015
29754  32.594  -29.577  20.945 0.1000000015
28695  32.477  -30.237  20.899 0.1000000015
28616  32.940  -30.969  25.333 0.1000000015
28628  34.042  -29.956  24.997 0.1000000015
29676  32.782  -29.656  23.873 0.1000000015
29674  34.633  -29.384  24.300 0.1000000015
29675  33.561  -29.404  24.217 0.1000000015
28642  32.345  -30.429  23.710 0.1000000015
29706  36.999  -29.331  22.422 0.1000000015
29690  35.243  -29.016  23.396 0.1000000015
29693  32.621  -29.818  23.048 0.1000000015
29731  37.128  -29.067  21.410 0.1000000015
30702  34.518  -28.689  22.848 0.1000000015
20234  40.162  -38.230  20.394 0.4000000060
21190  39.559  -37.400  20.307 0.4000000060
19232  34.372  -39.515  20.666 0.1000000015
19229  37.771  -39.319  20.629 0.2000000030
15256  33.220  -43.815  23.211 0.1000000015
17309  33.901  -41.504  21.316 0.1000000015
22234  35.515  -36.662  20.737 0.3000000119
21194  35.269  -37.629  20.631 0.2000000030
22219  35.639  -35.810  21.084 0.3000000119
15257  32.908  -43.287  23.664 0.1000000015
16287  32.346  -42.604  24.037 0.1000000015
18197  31.846  -40.977  23.304 0.1000000015
17310  33.173  -41.470  21.788 0.1000000015
18227  32.574  -40.854  22.024 0.1000000015
20222  33.154  -38.914  20.963 0.1000000015
20240  33.884  -38.473  20.641 0.1000000015
21196  33.782  -37.575  20.628 0.1000000015
22222  32.526  -36.739  21.273 0.1000000015
24384  36.183  -34.705  20.738 0.3000000119
25522  36.240  -34.046  19.592 0.4000000060
19286  34.410  -39.360  17.612 0.5000000000
19287  33.542  -39.465  17.185 0.5000000000
21246  34.179  -37.551  17.070 0.5000000000
19172  31.367  -39.702  24.283 0.1000000015
20190  31.003  -38.461  24.707 0.1000000015
20205  31.167  -38.724  23.459 0.1000000015
19212  31.720  -39.157  21.977 0.1000000015
20224  31.845  -38.576  21.707 0.1000000015
21173  31.246  -37.785  22.885 0.1000000015
22223  31.663  -36.797  21.760 0.1000000015
24363  32.166  -34.323  21.784 0.2000000030
27705  36.837  -31.075  15.583 0.2000000030
25536  34.953  -33.956  18.839 0.4000000060
24475  34.517  -34.546  15.818 0.5000000000
25578  35.610  -33.650  15.096 0.2000000030
23370  34.770  -35.612  14.949 0.5000000000
21126  30.880  -37.120  26.274 0.1000000015
21140  30.690  -37.266  25.699 0.1000000015
20191  30.750  -37.825  24.437 0.1000000015
22197  30.918  -37.241  23.086 0.1000000015
23216  30.523  -35.670  24.250 0.1000000015
23248  31.001  -35.356  22.630 0.2000000030
22146  31.635  -36.514  27.512 0.1000000015
24300  31.655  -34.805  26.274 0.1000000015
25466  30.776  -33.828  23.260 0.2000000030
31843  35.495  -27.903  17.002 0.1000000015
30803  35.243  -28.291  16.881 0.1000000015
29800  34.704  -29.061  16.854 0.1000000015
23178  32.071  -35.171  26.749 0.1000000015
23156  32.599  -35.650  27.547 0.1000000015
24319  31.171  -34.358  25.626 0.1000000015
24318  31.737  -33.763  25.838 0.1000000015
25432  31.030  -33.510  24.645 0.1000000015
25415  31.501  -33.263  25.468 0.1000000015
25443  30.687  -34.095  23.966 0.1000000015
27599  31.778  -31.764  23.910 0.1000000015
27650  32.963  -31.916  20.994 0.2000000030
31825  36.505  -27.240  17.303 0.1000000015
31813  34.886  -27.491  18.208 0.1000000015
30791  34.449  -28.229  17.479 0.1000000015
26514  31.850  -32.401  25.557 0.1000000015
27583  31.709  -31.852  24.595 0.1000000015
27598  31.993  -31.374  23.319 0.1000000015
30766  36.510  -28.025  19.966 0.1000000015
31797  35.707  -27.384  19.158 0.1000000015
31798  34.767  -27.566  19.247 0.1000000015
30754  34.206  -28.332  20.825 0.1000000015
29753  32.832  -29.087  20.551 0.1000000015
29767  32.675  -29.266  19.812 0.1000000015
26491  33.913  -32.872  26.449 0.1000000015
27568  33.148  -31.428  25.805 0.1000000015
27569  32.242  -31.448  25.295 0.1000000015
28629  32.848  -30.345  24.746 0.1000000015
29733  35.470  -28.669  21.761 0.1000000015
29692  33.335  -29.191  23.207 0.1000000015
30739  33.417  -28.885  21.870 0.1000000015
29691  34.153  -28.865  23.586 0.1000000015
29710  32.397  -29.980  22.315 0.1000000015
29752  35.866  -28.726  21.219 0.1000000015
28615  33.590  -30.728  25.466 0.1000000015
29673  35.658  -29.654  24.203 0.1000000015
28678  37.713  -29.559  21.834 0.1000000015
29689  36.392  -29.510  23.420 0.1000000015
16308  43.831  -42.341  21.416 0.1000000015
16307  44.428  -42.219  21.081 0.1000000015
17300  43.292  -41.227  21.351 0.1000000015
18217  43.111  -40.324  21.243 0.1000000015
19204  42.256  -39.736  21.291 0.1000000015
17301  42.341  -41.341  21.523 0.1000000015
18220  40.823  -40.489  21.320 0.1000000015
16330  44.723  -42.436  20.397 0.2000000030
17325  43.692  -41.118  20.819 0.1000000015
16345  44.722  -42.366  19.346 0.2000000030
18240  43.354  -40.343  21.033 0.1000000015
19225  41.702  -39.421  20.581 0.1000000015
15321  44.968  -42.677  19.057 0.2000000030
17343  44.588  -41.777  19.939 0.2000000030
19224  42.701  -39.657  20.834 0.2000000030
17344  43.700  -41.308  20.040 0.2000000030
18263  42.744  -40.161  20.250 0.2000000030
20232  41.438  -39.094  20.173 0.3000000119
19249  42.279  -39.638  20.450 0.3000000119
19250  41.821  -39.453  20.089 0.3000000119
17362  43.836  -41.718  19.042 0.2000000030
17345  42.755  -41.322  19.518 0.2000000030
16385  44.883  -42.534  17.426 0.2000000030
18264  41.860  -40.142  19.680 0.2000000030
16361  44.524  -42.338  18.437 0.2000000030
14405  44.082  -44.376  14.411 0.1000000015
15355  45.199  -42.979  17.817 0.2000000030
17361  44.370  -41.829  19.335 0.2000000030
16344  44.898  -42.583  18.680 0.2000000030
19251  41.191  -39.262  19.682 0.4000000060
14380  44.455  -44.114  15.868 0.1000000015
15375  45.140  -42.969  16.895 0.1000000015
14393  43.925  -44.525  15.368 0.1000000015
15397  44.949  -43.063  16.146 0.2000000030
16410  45.025  -42.719  16.943 0.2000000030
14404  44.441  -43.896  14.532 0.1000000015
14415  44.393  -44.010  13.790 0.2000000030
14392  44.408  -44.073  15.071 0.1000000015
16386  44.253  -42.417  17.353 0.2000000030
17363  43.323  -41.876  18.914 0.2000000030
16346  42.002  -41.937  19.336 0.2000000030
17346  41.545  -41.149  19.444 0.4000000060
15398  44.456  -43.536  15.390 0.1000000015
16347  41.511  -41.849  19.291 0.4000000060
18265  40.672  -40.201  19.421 0.4000000060
16411  44.722  -42.624  16.643 0.3000000119
16387  43.228  -42.637  17.451 0.3000000119
16434  44.593  -43.012  15.823 0.2000000030
16435  44.079  -43.139  15.108 0.4000000060
17364  41.131  -41.748  19.261 0.4000000060
15378  42.577  -43.349  16.014 0.4000000060
16412  43.759  -42.870  16.137 0.3000000119
29804  37.718  -28.875  15.360 0.1000000015
29798  36.626  -29.656  16.043 0.1000000015
18266  40.113  -41.007  19.367 0.4000000060
16389  41.087  -42.775  18.071 0.4000000060
17366  39.794  -41.698  18.997 0.5000000000
16414  42.154  -43.131  16.699 0.4000000060
16413  42.750  -42.935  16.743 0.3000000119
16388  41.856  -42.856  17.510 0.4000000060
15358  41.305  -43.087  17.178 0.4000000060
29796  37.891  -29.787  15.494 0.1000000015
29803  38.191  -29.540  15.222 0.1000000015
28746  37.192  -30.490  15.649 0.1000000015
16365  40.407  -42.633  18.396 0.5000000000
17367  38.805  -41.449  18.720 0.5000000000
27690  37.938  -31.151  15.657 0.1000000015
27691  37.054  -31.196  15.586 0.1000000015
26659  38.311  -32.078  15.578 0.1000000015
26660  37.206  -32.565  15.392 0.1000000015
16309  42.878  -42.391  21.643 0.1000000015
18219  41.819  -40.394  21.554 0.1000000015
17302  41.318  -41.385  21.438 0.1000000015
18221  39.772  -40.567  21.120 0.1000000015
19265  39.731  -39.173  19.019 0.4000000060
26642  36.675  -31.898  15.617 0.1000000015
15304  43.738  -43.476  20.575 0.1000000015
16362  43.714  -42.318  18.349 0.2000000030
16363  42.666  -42.297  18.635 0.3000000119
16364  41.405  -42.374  18.792 0.4000000060
28745  37.942  -30.182  15.589 0.1000000015
26641  37.542  -31.771  15.654 0.1000000015
16311  40.730  -42.399  21.487 0.1000000015
10163  34.898  -49.719  12.526 0.1000000015
9414  36.364  -50.976  12.555 0.1000000015
10164  33.835  -49.480  12.610 0.1000000015
10161  37.013  -50.295  12.813 0.1000000015
10142  34.657  -49.026  13.156 0.1000000015
10180  32.179  -49.599  12.263 0.1000000015
9417  33.256  -49.800  12.240 0.1000000015
9261  30.071  -50.529  20.522 0.1000000015
8585  30.053  -51.648  13.982 0.1000000015
9396  30.368  -50.735  13.352 0.1000000015
10141  35.751  -49.180  13.097 0.1000000015
10146  30.816  -50.052  13.307 0.1000000015
10166  31.853  -49.458  12.760 0.1000000015
10140  36.833  -49.425  13.135 0.1000000015
10181  31.555  -49.668  12.062 0.1000000015
7762  28.809  -52.067  20.994 0.1000000015
9260  30.898  -50.838  20.378 0.1000000015
8499  31.305  -51.736  20.276 0.1000000015
7729  28.710  -52.609  22.334 0.1000000015
8501  29.466  -51.565  20.871 0.1000000015
8484  30.254  -52.159  21.144 0.1000000015
8524  31.500  -51.836  18.567 0.1000000015
7099  29.926  -53.165  16.059 0.1000000015
7839  30.096  -52.606  14.940 0.1000000015
10143  33.594  -48.965  13.308 0.1000000015
10930  36.598  -48.699  13.671 0.1000000015
10139  37.857  -49.896  13.282 0.1000000015
10160  37.569  -50.522  12.923 0.1000000015
7760  30.920  -52.175  20.898 0.1000000015
7745  29.023  -52.697  21.614 0.1000000015
7761  29.291  -52.307  21.165 0.1000000015
7759  31.303  -52.792  20.636 0.1000000015
7777  31.481  -52.830  19.697 0.1000000015
7076  31.003  -53.800  18.014 0.1000000015
7087  30.715  -53.660  17.474 0.1000000015
7805  30.129  -52.745  16.580 0.1000000015
7088  30.444  -53.617  17.031 0.1000000015
7089  30.110  -53.209  16.485 0.1000000015
7104  30.969  -53.249  15.966 0.1000000015
7838  30.936  -52.542  15.548 0.1000000015
8584  30.511  -51.274  14.240 0.1000000015
10934  32.826  -48.815  14.261 0.1000000015
10932  34.414  -48.649  13.876 0.1000000015
10933  33.433  -48.628  14.036 0.1000000015
10144  32.539  -48.988  13.547 0.1000000015
10929  37.654  -48.845  13.535 0.1000000015
6377  31.319  -54.649  19.706 0.1000000015
7013  29.136  -53.677  23.871 0.1000000015
7039  28.976  -53.356  22.235 0.1000000015
7744  29.889  -52.797  21.531 0.1000000015
7036  31.073  -53.713  21.098 0.1000000015
7053  31.379  -53.912  20.331 0.1000000015
7064  31.429  -54.001  19.104 0.1000000015
6400  31.018  -54.296  17.770 0.1000000015
6419  30.686  -53.990  16.876 0.1000000015
7097  31.568  -53.474  16.498 0.1000000015
7024  28.687  -53.863  22.894 0.1000000015
7023  29.075  -53.905  22.393 0.1000000015
7038  29.467  -53.724  21.913 0.1000000015
6368  29.903  -54.573  21.830 0.1000000015
7037  30.417  -53.891  21.505 0.1000000015
7098  30.613  -53.471  16.483 0.1000000015
8566  31.589  -51.669  15.382 0.1000000015
9354  32.347  -50.678  15.391 0.1000000015
9355  31.510  -51.004  14.856 0.1000000015
10103  32.305  -49.911  15.020 0.1000000015
9373  31.826  -50.238  14.722 0.1000000015
10890  33.984  -48.993  15.133 0.1000000015
10121  32.857  -49.230  14.733 0.1000000015
10123  31.635  -49.975  14.245 0.1000000015
10909  36.313  -48.422  14.478 0.1000000015
10908  37.456  -48.318  14.324 0.1000000015
10138  38.770  -49.499  13.440 0.1000000015
10928  38.293  -49.142  13.488 0.1000000015
10119  39.288  -49.057  13.580 0.1000000015
10120  38.982  -49.025  13.846 0.1000000015
6387  31.105  -55.628  19.784 0.1000000015
6386  31.307  -55.117  19.299 0.1000000015
6346  29.187  -54.206  24.043 0.1000000015
6357  28.986  -54.902  23.141 0.1000000015
5721  29.484  -55.710  22.462 0.1000000015
6367  30.439  -55.087  21.231 0.1000000015
7054  30.893  -54.409  20.914 0.1000000015
6378  30.987  -55.188  20.229 0.1000000015
6399  31.358  -54.554  18.397 0.1000000015
6413  30.846  -54.220  17.263 0.1000000015
6417  32.089  -54.122  17.041 0.1000000015
6356  29.342  -54.694  22.473 0.1000000015
7096  32.585  -53.415  16.766 0.1000000015
7821  32.316  -52.621  16.338 0.1000000015
7837  31.753  -52.320  15.810 0.1000000015
8554  32.356  -51.709  15.892 0.1000000015
8553  33.160  -51.831  16.362 0.1000000015
10101  34.034  -49.577  15.573 0.1000000015
9353  33.329  -50.316  15.830 0.1000000015
10887  37.098  -48.344  15.318 0.1000000015
10888  35.961  -48.543  15.376 0.1000000015
10891  33.581  -49.255  15.157 0.1000000015
10911  34.202  -48.745  14.596 0.1000000015
10886  38.282  -48.280  15.251 0.1000000015
10907  38.608  -48.593  14.086 0.1000000015
5702  28.740  -55.590  24.568 0.1000000015
6337  28.771  -54.674  24.922 0.1000000015
6336  29.083  -54.279  24.361 0.1000000015
5107  29.160  -56.008  22.936 0.1000000015
5722  29.124  -55.443  22.911 0.1000000015
5737  29.869  -55.389  21.888 0.1000000015
5134  30.666  -56.229  20.805 0.1000000015
5766  31.413  -55.746  19.672 0.1000000015
5776  31.755  -55.225  18.686 0.1000000015
5787  32.016  -54.970  18.211 0.1000000015
6411  32.732  -54.386  17.756 0.1000000015
5765  32.196  -55.670  19.489 0.1000000015
7095  33.225  -53.380  17.019 0.1000000015
7820  33.440  -52.733  16.731 0.1000000015
7803  33.607  -53.137  17.104 0.1000000015
8552  34.228  -51.912  16.640 0.1000000015
9335  33.735  -50.991  16.271 0.1000000015
10085  34.587  -49.932  16.028 0.1000000015
9352  34.079  -50.265  16.069 0.1000000015
10872  35.152  -49.238  15.900 0.1000000015
10869  37.837  -48.608  16.178 0.1000000015
10870  36.675  -48.766  16.155 0.1000000015
10906  39.535  -48.673  14.181 0.1000000015
5118  31.063  -56.094  21.788 0.1000000015
5753  31.585  -55.995  21.003 0.1000000015
5068  28.768  -56.142  25.378 0.1000000015
5077  28.974  -56.154  24.312 0.1000000015
5091  29.300  -56.235  23.441 0.1000000015
5120  29.832  -56.042  21.917 0.1000000015
5133  31.073  -56.460  20.861 0.1000000015
5132  31.666  -56.051  20.326 0.1000000015
5752  32.358  -55.402  20.657 0.1000000015
5709  28.939  -55.671  23.563 0.1000000015
5119  30.430  -56.179  21.674 0.1000000015
5147  30.909  -56.324  20.459 0.1000000015
5774  33.102  -54.655  18.602 0.1000000015
6409  34.129  -53.745  18.135 0.1000000015
5775  32.508  -54.952  18.498 0.1000000015
7802  34.155  -52.755  17.232 0.1000000015
8551  35.151  -51.242  17.028 0.1000000015
9334  34.719  -50.682  16.364 0.1000000015
10083  36.243  -49.664  16.650 0.1000000015
10082  37.302  -49.420  16.759 0.1000000015
10871  35.653  -48.980  16.075 0.1000000015
5701  30.338  -55.758  24.299 0.1000000015
5067  29.210  -56.264  25.043 0.1000000015
5066  29.867  -56.118  24.688 0.1000000015
5708  30.667  -55.699  23.428 0.1000000015
5104  30.899  -56.001  22.327 0.1000000015
5735  31.703  -55.274  21.502 0.1000000015
5056  28.350  -56.051  26.567 0.1000000015
5055  28.931  -56.470  26.277 0.1000000015
5076  29.521  -56.251  24.097 0.1000000015
5105  30.524  -56.139  22.651 0.1000000015
6385  33.276  -54.363  19.497 0.1000000015
5751  32.837  -55.113  19.785 0.1000000015
7074  34.529  -53.325  18.249 0.1000000015
7084  34.447  -53.437  17.818 0.1000000015
7801  35.062  -52.679  17.680 0.1000000015
8537  34.860  -52.047  17.280 0.1000000015
9332  36.202  -50.252  17.189 0.1000000015
10080  38.844  -48.979  17.074 0.1000000015
10868  39.227  -48.523  16.404 0.1000000015
5694  29.619  -56.036  25.633 0.1000000015
6345  30.997  -54.964  23.616 0.1000000015
6355  31.568  -54.620  22.277 0.1000000015
5719  31.089  -55.567  22.586 0.1000000015
6376  32.620  -54.531  20.898 0.1000000015
7052  32.750  -53.856  20.675 0.1000000015
7051  33.323  -53.518  20.032 0.1000000015
7063  33.645  -53.605  19.217 0.1000000015
7789  34.362  -52.784  18.618 0.1000000015
7073  35.206  -52.923  18.144 0.1000000015
8522  35.613  -51.402  18.161 0.1000000015
7787  35.418  -52.466  17.999 0.1000000015
9298  36.281  -50.583  18.176 0.1000000015
8536  35.536  -51.523  17.744 0.1000000015
9314  36.959  -50.040  17.770 0.1000000015
9315  36.487  -50.447  17.750 0.1000000015
10065  37.345  -49.518  17.587 0.1000000015
10066  36.763  -49.899  17.218 0.1000000015
10853  38.056  -48.972  17.749 0.1000000015
11700  39.835  -48.093  16.777 0.1000000015
11698  40.854  -47.334  16.112 0.1000000015
5693  30.314  -55.582  25.123 0.1000000015
6335  30.740  -54.994  24.362 0.1000000015
6354  32.025  -54.104  22.038 0.1000000015
7035  32.493  -53.738  21.523 0.1000000015
5684  30.041  -55.332  26.082 0.1000000015
6366  31.858  -54.631  21.732 0.1000000015
7775  34.441  -52.142  18.749 0.1000000015
8523  34.919  -51.343  18.646 0.1000000015
10044  36.871  -49.644  18.192 0.1000000015
9297  36.886  -50.155  17.968 0.1000000015
10852  38.628  -48.426  17.727 0.1000000015
10851  39.072  -48.618  17.202 0.1000000015
11681  39.545  -47.974  17.299 0.1000000015
12555  40.789  -46.338  17.200 0.1000000015
13458  41.681  -46.075  16.435 0.1000000015
6326  30.654  -54.524  25.458 0.1000000015
6325  31.192  -54.204  24.733 0.1000000015
6343  32.061  -54.088  22.966 0.1000000015
7022  32.342  -53.294  22.691 0.1000000015
7741  32.506  -52.662  22.063 0.1000000015
7011  31.801  -54.070  23.663 0.1000000015
7758  32.795  -52.758  20.941 0.1000000015
7757  33.400  -52.473  20.175 0.1000000015
8510  33.681  -51.641  19.878 0.1000000015
10046  35.254  -49.853  18.702 0.1000000015
13389  40.393  -45.500  20.778 0.1000000015
13406  38.952  -45.367  19.060 0.1000000015
13426  38.021  -46.231  18.373 0.1000000015
11666  37.860  -47.583  18.317 0.1000000015
10834  36.435  -48.656  18.364 0.1000000015
13405  40.039  -45.012  19.405 0.1000000015
13425  38.669  -46.002  18.033 0.1000000015
11667  36.933  -47.608  18.419 0.1000000015
14320  40.535  -44.795  19.914 0.1000000015
14335  40.936  -44.781  19.382 0.1000000015
13404  40.558  -44.903  19.159 0.1000000015
13443  39.567  -46.293  17.637 0.1000000015
12558  38.761  -46.907  17.743 0.1000000015
10832  38.229  -48.116  18.194 0.1000000015
14319  41.114  -44.796  20.235 0.1000000015
14334  41.664  -44.546  19.531 0.1000000015
13423  40.782  -45.201  18.489 0.1000000015
11682  38.985  -47.620  17.682 0.1000000015
13441  41.428  -45.739  17.335 0.1000000015
12557  39.408  -47.084  17.572 0.1000000015
14367  43.042  -44.619  17.665 0.1000000015
13457  42.530  -45.418  16.514 0.1000000015
6988  31.456  -53.336  25.481 0.1000000015
6998  31.678  -53.733  24.376 0.1000000015
6997  31.986  -53.057  24.685 0.1000000015
7010  32.119  -53.315  23.735 0.1000000015
8498  32.741  -51.983  21.079 0.1000000015
8497  33.085  -51.697  20.647 0.1000000015
8509  34.230  -51.529  19.200 0.1000000015
9277  34.501  -50.653  19.052 0.1000000015
11668  35.860  -47.576  18.652 0.1000000015
10045  36.035  -49.737  18.488 0.1000000015
13391  38.408  -45.482  19.848 0.1000000015
12530  37.089  -46.210  19.189 0.1000000015
12544  37.439  -46.611  18.499 0.1000000015
13390  39.332  -45.379  20.174 0.1000000015
14317  42.772  -44.391  20.685 0.1000000015
14318  41.929  -44.653  20.409 0.1000000015
6987  31.913  -52.986  25.107 0.1000000015
7719  32.515  -52.605  23.555 0.1000000015
8455  32.706  -51.843  23.543 0.1000000015
7728  32.540  -52.440  22.916 0.1000000015
8467  32.629  -51.569  22.642 0.1000000015
8483  32.589  -51.930  21.617 0.1000000015
8482  32.731  -51.468  21.221 0.1000000015
9278  33.945  -50.706  19.621 0.1000000015
10026  34.250  -49.744  19.386 0.1000000015
11648  35.063  -47.572  19.666 0.1000000015
10814  34.589  -48.732  19.432 0.1000000015
12517  37.436  -45.975  20.210 0.1000000015
12546  35.783  -46.855  19.181 0.1000000015
10835  35.410  -48.776  18.846 0.1000000015
13372  40.617  -46.201  21.491 0.1000000015
12516  38.813  -45.975  20.706 0.1000000015
12545  36.476  -46.726  18.771 0.1000000015
13371  41.038  -46.003  21.415 0.1000000015
7694  32.274  -52.605  25.249 0.1000000015
7708  32.515  -52.525  24.373 0.1000000015
8439  32.702  -52.031  24.080 0.1000000015
9248  32.635  -50.980  21.814 0.1000000015
9247  32.926  -50.708  21.075 0.1000000015
10005  33.282  -49.911  20.692 0.1000000015
10027  33.675  -49.889  20.049 0.1000000015
11629  34.252  -47.972  20.566 0.1000000015
12532  35.729  -46.720  19.803 0.1000000015
12531  36.434  -46.450  19.566 0.1000000015
12515  39.609  -45.861  20.886 0.1000000015
13387  42.078  -45.156  21.054 0.1000000015
14316  43.057  -44.076  21.201 0.1000000015
7693  32.976  -52.019  24.959 0.1000000015
8438  33.260  -51.284  24.432 0.1000000015
9219  33.645  -50.229  23.883 0.1000000015
8454  32.929  -51.004  23.482 0.1000000015
9232  32.811  -50.575  22.537 0.1000000015
8466  32.822  -50.875  22.975 0.1000000015
9970  32.785  -50.214  22.015 0.1000000015
10777  33.410  -48.895  21.910 0.1000000015
10798  33.388  -49.012  20.940 0.1000000015
10797  33.764  -48.480  20.727 0.1000000015
12519  35.537  -46.903  20.477 0.1000000015
12518  36.326  -46.501  20.417 0.1000000015
12501  39.833  -46.628  21.675 0.1000000015
14293  42.279  -44.614  21.555 0.1000000015
15279  43.256  -43.473  21.423 0.1000000015
9231  33.190  -50.329  23.121 0.1000000015
9951  33.748  -49.743  23.244 0.1000000015
9968  34.081  -49.240  23.004 0.1000000015
9969  33.355  -49.536  22.508 0.1000000015
10754  33.593  -48.919  22.349 0.1000000015
10776  33.786  -48.293  21.387 0.1000000015
11628  34.967  -47.305  20.815 0.1000000015
14270  41.503  -45.381  22.156 0.1000000015
12480  41.345  -46.350  21.945 0.1000000015
12502  38.287  -46.749  21.355 0.1000000015
9950  34.574  -49.473  23.603 0.1000000015
10733  35.334  -48.828  23.135 0.1000000015
10734  34.565  -49.023  23.054 0.1000000015
11586  36.513  -48.060  22.335 0.1000000015
10751  36.289  -48.387  22.734 0.1000000015
10753  34.213  -48.510  22.498 0.1000000015
11610  36.715  -47.708  21.854 0.1000000015
11612  34.531  -47.708  21.580 0.1000000015
11611  35.554  -47.450  21.606 0.1000000015
13347  41.528  -45.992  22.139 0.1000000015
12481  40.829  -46.458  22.120 0.1000000015
12500  40.927  -46.401  21.791 0.1000000015
12503  37.097  -46.859  21.164 0.1000000015
15280  42.179  -43.503  21.610 0.1000000015
10774  37.542  -48.170  22.280 0.1000000015
11587  35.961  -47.944  22.253 0.1000000015
10752  35.399  -48.277  22.618 0.1000000015
11609  37.808  -47.656  21.773 0.1000000015
11607  39.371  -47.271  22.504 0.1000000015
11608  38.716  -47.602  22.216 0.1000000015
7860  29.642  -52.223  14.274 0.1000000015
8567  30.647  -51.700  14.754 0.1000000015
9374  30.966  -50.605  14.208 0.1000000015
9375  30.432  -51.059  13.971 0.1000000015
9395  30.879  -50.247  13.627 0.1000000015
10162  36.042  -49.988  12.578 0.1000000015
10145  31.451  -49.748  13.586 0.1000000015
10165  32.809  -49.413  12.611 0.1000000015
8597  29.722  -51.472  13.208 0.1000000015
8568  30.078  -52.210  14.438 0.1000000015
10167  30.801  -49.855  12.631 0.1000000015
8485  29.709  -52.203  21.180 0.1000000015
7790  31.411  -52.753  18.536 0.1000000015
7105  30.350  -53.076  15.731 0.1000000015
10931  35.488  -48.636  13.758 0.1000000015
7743  30.816  -52.943  21.232 0.1000000015
7804  30.869  -52.959  17.458 0.1000000015
7077  30.713  -53.973  17.505 0.1000000015
7822  31.467  -52.852  16.072 0.1000000015
10912  33.330  -48.973  14.708 0.1000000015
10122  32.310  -49.417  14.452 0.1000000015
10910  35.211  -48.584  14.558 0.1000000015
6412  31.667  -54.575  17.753 0.1000000015
6418  31.185  -54.175  16.862 0.1000000015
9336  32.885  -51.013  16.174 0.1000000015
10102  32.970  -49.592  15.190 0.1000000015
10889  34.888  -48.977  15.371 0.1000000015
5767  30.841  -56.039  20.132 0.1000000015
6347  28.982  -54.680  23.868 0.1000000015
5736  30.262  -55.898  21.339 0.1000000015
5754  30.597  -55.801  20.704 0.1000000015
7086  32.811  -53.778  17.248 0.1000000015
5106  29.720  -56.284  22.587 0.1000000015
5145  31.605  -55.995  19.903 0.1000000015
5786  32.223  -54.789  18.045 0.1000000015
6410  33.697  -54.051  17.987 0.1000000015
7085  33.547  -53.595  17.469 0.1000000015
7819  33.953  -52.471  16.851 0.1000000015
10084  35.261  -49.751  16.244 0.1000000015
10885  39.332  -48.369  15.088 0.1000000015
5090  29.893  -56.388  23.320 0.1000000015
5764  32.965  -54.887  19.067 0.1000000015
6397  33.648  -54.030  18.597 0.1000000015
9333  35.562  -50.383  16.843 0.1000000015
10081  38.295  -49.227  16.905 0.1000000015
5075  30.101  -56.188  23.864 0.1000000015
6365  32.265  -54.745  21.361 0.1000000015
6375  32.939  -54.558  20.264 0.1000000015
7075  33.955  -53.273  18.722 0.1000000015
9316  35.789  -50.759  17.372 0.1000000015
8535  36.093  -51.078  18.013 0.1000000015
10064  38.367  -49.032  17.370 0.1000000015
11699  40.184  -47.899  16.313 0.1000000015
6344  31.447  -54.705  23.190 0.1000000015
6334  31.342  -54.443  23.997 0.1000000015
7776  33.831  -52.620  19.273 0.1000000015
9299  35.564  -50.611  18.491 0.1000000015
10833  37.626  -48.634  18.164 0.1000000015
11680  40.131  -47.723  16.943 0.1000000015
12568  40.522  -47.362  16.695 0.1000000015
12567  41.005  -46.654  16.693 0.1000000015
9300  34.995  -50.513  18.729 0.1000000015
11665  38.487  -47.593  18.032 0.1000000015
12556  40.268  -47.003  17.311 0.1000000015
10047  34.708  -50.028  18.870 0.1000000015
13407  37.913  -45.792  18.975 0.1000000015
13424  39.688  -45.509  18.238 0.1000000015
12543  38.187  -46.789  18.127 0.1000000015
13388  41.398  -45.366  20.924 0.1000000015
14351  41.444  -44.830  18.874 0.1000000015
13442  40.375  -45.917  17.548 0.1000000015
13422  41.760  -45.127  18.255 0.1000000015
14382  43.040  -44.831  17.085 0.1000000015
13440  42.407  -45.051  17.648 0.1000000015
13386  42.299  -44.907  21.194 0.1000000015
9259  33.454  -50.764  20.329 0.1000000015
10815  33.879  -48.870  20.112 0.1000000015
13370  41.534  -45.731  21.620 0.1000000015
13369  41.945  -45.173  21.437 0.1000000015
12504  36.099  -46.978  21.158 0.1000000015
15400  42.657  -43.377  15.025 0.3000000119
15379  41.387  -43.336  16.526 0.3000000119
15359  40.689  -43.109  17.529 0.4000000060
15340  40.064  -43.083  18.028 0.4000000060
15401  41.706  -43.503  15.289 0.3000000119
10997  40.188  -48.433  6.495 0.1000000015
11809  40.802  -47.834  6.549 0.1000000015
11807  41.614  -46.849  7.333 0.2000000030
14512  41.541  -45.537  8.793 0.3000000119
15405  37.381  -44.000  15.650 0.4000000060
15399  43.476  -43.239  15.001 0.3000000119
14467  40.420  -45.129  10.716 0.4000000060
14433  40.199  -44.706  12.393 0.4000000060
13568  41.408  -45.933  8.060 0.2000000030
14513  40.586  -45.561  9.126 0.3000000119
14449  39.778  -45.191  11.505 0.4000000060
14420  39.458  -44.658  13.255 0.4000000060
10204  39.379  -49.097  6.839 0.1000000015
12661  41.020  -46.101  7.600 0.3000000119
14434  39.087  -45.010  12.323 0.4000000060
15443  38.706  -44.840  13.513 0.4000000060
10998  39.566  -48.717  6.199 0.1000000015
15383  37.050  -43.530  16.483 0.5000000000
12711  40.940  -46.892  6.458 0.2000000030
13569  40.927  -45.916  7.829 0.3000000119
13518  40.189  -45.430  10.221 0.3000000119
14421  38.616  -45.058  13.002 0.4000000060
15384  35.924  -43.174  16.778 0.4000000060
16394  35.824  -42.007  17.470 0.4000000060
14468  39.343  -45.495  10.435 0.4000000060
14450  38.497  -45.352  11.453 0.4000000060
15444  37.768  -44.947  13.429 0.4000000060
15445  36.735  -44.528  13.751 0.4000000060
15426  37.425  -44.413  14.677 0.5000000000
11013  39.670  -48.607  5.578 0.2000000030
11012  40.019  -48.216  5.434 0.2000000030
11834  40.535  -47.611  5.925 0.2000000030
12662  40.694  -46.393  7.370 0.2000000030
11833  40.930  -47.129  6.179 0.2000000030
13549  39.958  -45.762  9.421 0.3000000119
13533  39.694  -45.642  9.777 0.3000000119
10216  39.203  -49.032  5.833 0.1000000015
14531  40.783  -45.733  8.270 0.3000000119
14435  37.980  -45.191  12.405 0.4000000060
15406  36.365  -43.951  15.480 0.5000000000
15407  35.134  -43.552  15.695 0.5000000000
16416  35.258  -42.319  17.068 0.4000000060
15461  37.338  -45.025  12.707 0.4000000060
15427  36.371  -44.317  14.551 0.5000000000
15428  35.394  -43.958  14.618 0.5000000000
15385  34.798  -42.983  16.478 0.4000000060
11858  40.064  -47.924  5.129 0.2000000030
12712  40.564  -46.960  5.858 0.2000000030
12687  40.499  -46.656  6.479 0.2000000030
13570  40.321  -46.226  7.750 0.4000000060
12663  40.054  -46.535  7.029 0.2000000030
14532  39.946  -46.157  8.378 0.3000000119
13571  39.271  -46.338  7.412 0.4000000060
14514  39.524  -46.011  9.066 0.3000000119
16417  34.461  -42.282  16.607 0.4000000060
17397  34.745  -41.742  17.066 0.4000000060
14533  38.827  -46.066  8.327 0.4000000060
14469  38.014  -45.470  10.647 0.4000000060
14451  37.502  -45.261  11.593 0.4000000060
12732  39.954  -47.429  5.224 0.2000000030
11027  40.063  -48.458  4.605 0.2000000030
13612  40.086  -46.864  5.547 0.2000000030
17386  33.799  -41.025  17.089 0.4000000060
12688  39.877  -46.572  6.246 0.2000000030
14490  38.315  -45.560  9.784 0.3000000119
13521  37.512  -45.367  11.013 0.4000000060
14436  37.151  -45.101  12.240 0.4000000060
10226  39.700  -49.235  4.627 0.2000000030
12752  39.777  -47.503  4.649 0.2000000030
13572  38.100  -46.028  7.632 0.4000000060
18300  33.999  -40.322  17.471 0.4000000060
14515  38.504  -45.812  9.035 0.3000000119
15462  36.555  -44.740  12.736 0.5000000000
15429  34.430  -43.551  14.811 0.5000000000
10242  39.805  -49.505  3.620 0.2000000030
11875  40.012  -47.923  4.506 0.2000000030
14491  37.339  -45.468  9.948 0.4000000060
14452  36.600  -44.870  11.674 0.4000000060
15408  34.147  -43.020  15.726 0.5000000000
16418  33.855  -42.068  16.413 0.4000000060
24493  34.717  -34.959  15.220 0.4000000060
9497  39.208  -49.928  4.014 0.2000000030
11876  39.908  -47.745  4.030 0.2000000030
12713  39.557  -46.862  5.736 0.2000000030
12689  39.054  -46.733  6.433 0.2000000030
14516  37.567  -45.460  9.109 0.4000000060
16459  35.142  -44.347  12.931 0.5000000000
15447  34.483  -43.988  13.791 0.5000000000
9498  38.419  -50.646  4.427 0.2000000030
14534  37.818  -45.589  8.355 0.4000000060
15476  35.962  -44.450  12.026 0.5000000000
15446  35.609  -44.335  13.500 0.5000000000
15386  34.337  -42.740  16.280 0.5000000000
22310  34.470  -36.580  15.342 0.4000000060
24492  35.154  -34.881  14.793 0.2000000030
21247  33.669  -38.151  17.016 0.4000000060
18301  33.367  -40.386  16.816 0.4000000060
11062  40.227  -48.838  3.323 0.2000000030
13596  38.337  -46.348  6.887 0.4000000060
16437  33.454  -42.329  15.830 0.4000000060
9529  39.560  -49.479  2.984 0.2000000030
12734  38.962  -47.399  4.910 0.2000000030
12714  38.802  -47.202  5.569 0.2000000030
11047  39.202  -48.621  3.484 0.2000000030
21278  33.940  -37.927  15.873 0.4000000060
19293  32.935  -39.577  16.290 0.4000000060
19294  32.505  -40.123  15.986 0.4000000060
14471  36.116  -44.898  10.826 0.3000000119
16460  34.803  -44.143  13.096 0.5000000000
15430  33.686  -43.119  14.895 0.5000000000
17400  32.689  -41.171  15.946 0.4000000060
14517  36.571  -45.359  9.214 0.4000000060
14492  36.417  -45.361  10.061 0.3000000119
14453  35.783  -44.600  11.436 0.4000000060
13573  37.075  -45.613  7.745 0.4000000060
16471  34.725  -44.250  12.465 0.5000000000
11029  38.463  -48.411  4.238 0.2000000030
20312  33.480  -38.606  15.923 0.4000000060
16452  33.259  -42.557  15.024 0.5000000000
16461  33.141  -42.917  14.151 0.5000000000
15477  35.142  -44.470  11.835 0.5000000000
15448  33.778  -43.481  14.141 0.5000000000
16485  34.113  -43.895  11.991 0.5000000000
15488  34.634  -44.324  11.475 0.5000000000
15425  38.955  -44.480  14.329 0.4000000060
20300  33.433  -38.691  16.784 0.4000000060
15464  33.738  -43.576  13.472 0.5000000000
15460  42.709  -43.529  12.835 0.3000000119
15440  42.214  -43.465  13.306 0.3000000119
15422  41.948  -43.443  14.307 0.2000000030
15423  41.026  -43.507  14.506 0.2000000030
14445  43.089  -44.610  11.990 0.2000000030
14430  42.789  -43.998  12.265 0.3000000119
14464  43.004  -44.887  10.590 0.2000000030
14465  42.221  -44.633  10.543 0.2000000030
12685  41.748  -46.594  7.683 0.2000000030
8706  37.259  -51.664  4.978 0.1000000015
7994  36.722  -52.423  4.751 0.1000000015
11033  34.560  -49.115  4.664 0.1000000015
15419  44.232  -43.653  14.254 0.1000000015
15421  42.889  -43.512  14.183 0.2000000030
15438  43.791  -43.619  13.292 0.2000000030
15439  43.121  -43.493  13.327 0.2000000030
14416  43.915  -44.400  13.507 0.1000000015
13493  43.182  -44.945  12.042 0.1000000015
15458  43.723  -43.949  12.612 0.2000000030
14429  43.760  -44.367  12.852 0.1000000015
10227  38.921  -49.968  4.670 0.1000000015
9499  37.846  -51.198  4.628 0.1000000015
11030  37.631  -48.992  4.288 0.1000000015
11015  37.075  -48.475  5.060 0.1000000015
11837  36.574  -47.936  5.710 0.1000000015
10228  37.023  -49.608  4.008 0.1000000015
11016  36.073  -48.474  5.129 0.1000000015
11811  36.097  -47.355  6.312 0.1000000015
11032  35.599  -49.142  4.653 0.1000000015
11839  34.591  -47.982  5.966 0.1000000015
11787  33.583  -47.037  7.335 0.1000000015
11813  34.147  -47.499  6.852 0.1000000015
11788  33.127  -46.856  7.313 0.1000000015
15437  44.140  -43.871  13.308 0.2000000030
15457  44.085  -44.009  12.921 0.1000000015
13597  37.399  -46.139  6.959 0.1000000015
13551  36.168  -45.393  9.378 0.3000000119
10243  38.844  -49.433  3.408 0.1000000015
11048  38.406  -49.046  3.733 0.1000000015
11835  38.462  -47.777  5.030 0.1000000015
11810  36.955  -47.320  6.067 0.1000000015
13598  36.379  -45.966  7.229 0.2000000030
14518  36.180  -45.351  8.742 0.3000000119
14494  34.571  -45.042  9.757 0.3000000119
14473  34.009  -44.339  10.388 0.3000000119
12692  35.576  -46.640  7.010 0.1000000015
13574  35.905  -45.414  8.117 0.2000000030
14519  34.275  -45.375  9.189 0.3000000119
10244  37.837  -49.803  3.705 0.1000000015
12693  34.854  -47.154  7.057 0.1000000015
13576  34.060  -46.205  8.087 0.2000000030
13537  33.529  -45.260  9.266 0.3000000119
12667  33.318  -46.483  7.847 0.1000000015
12642  32.743  -46.064  8.365 0.2000000030
14496  32.199  -44.461  9.455 0.4000000060
11814  32.907  -47.175  6.745 0.1000000015
12668  32.228  -46.227  7.762 0.1000000015
13556  31.670  -45.270  8.324 0.3000000119
15303  44.549  -43.002  20.518 0.1000000015
15337  44.721  -43.330  18.559 0.1000000015
15465  33.415  -43.304  13.681 0.4000000060
16486  33.561  -43.362  12.026 0.4000000060
14472  35.033  -44.532  10.854 0.3000000119
15489  34.183  -44.114  11.227 0.4000000060
15479  33.793  -43.710  11.486 0.4000000060
14474  33.061  -44.131  10.207 0.4000000060
15491  32.681  -43.409  10.659 0.4000000060
14475  32.515  -43.921  10.101 0.4000000060
15506  31.627  -43.366  9.586 0.5000000000
14521  31.805  -44.945  8.750 0.3000000119
14497  31.527  -43.908  9.029 0.5000000000
11816  31.624  -46.635  6.118 0.2000000030
12695  32.042  -46.719  7.086 0.1000000015
14522  31.364  -44.416  8.313 0.4000000060
11020  32.425  -47.869  5.047 0.1000000015
11842  31.775  -46.925  5.675 0.1000000015
12696  31.546  -46.289  6.664 0.2000000030
13578  31.475  -45.527  7.505 0.2000000030
11035  32.529  -48.217  4.433 0.1000000015
11861  32.059  -47.244  4.828 0.1000000015
12716  31.513  -46.233  5.774 0.2000000030
11050  32.871  -48.767  3.567 0.1000000015
11878  32.379  -47.694  3.593 0.1000000015
16453  32.689  -42.119  14.615 0.4000000060
17411  32.545  -41.373  15.223 0.3000000119
16462  32.383  -42.328  13.667 0.4000000060
16473  33.028  -43.199  13.014 0.4000000060
16487  32.744  -42.739  11.652 0.4000000060
16474  32.353  -42.215  12.621 0.4000000060
15492  31.961  -43.145  10.324 0.4000000060
16499  31.678  -42.447  10.103 0.4000000060
16498  32.227  -42.560  10.783 0.4000000060
16512  31.342  -42.413  9.174 0.5000000000
15523  31.346  -43.281  8.626 0.4000000060
14537  31.154  -44.447  7.089 0.3000000119
15536  31.250  -43.252  7.545 0.4000000060
13634  32.379  -45.552  4.418 0.2000000030
13635  31.859  -45.539  4.833 0.2000000030
14546  31.425  -44.500  6.498 0.2000000030
12754  32.767  -46.737  3.253 0.1000000015
12735  32.216  -46.587  4.084 0.2000000030
10293  34.403  -49.801  0.140 0.1000000015
17424  32.058  -41.346  14.242 0.4000000060
18317  32.307  -40.541  14.879 0.4000000060
17434  31.884  -41.472  13.232 0.4000000060
17450  31.681  -41.195  11.887 0.4000000060
17441  31.909  -41.570  12.428 0.4000000060
17458  31.760  -41.635  10.903 0.4000000060
17470  31.511  -41.533  9.743 0.4000000060
17487  31.528  -41.505  8.702 0.3000000119
16549  31.399  -42.368  7.533 0.4000000060
16530  31.313  -42.374  8.184 0.4000000060
15548  31.598  -43.649  6.478 0.3000000119
13652  33.337  -45.931  3.371 0.2000000030
14572  33.387  -44.596  4.501 0.2000000030
14557  32.325  -44.491  5.223 0.2000000030
14558  31.704  -44.553  5.978 0.2000000030
12753  33.366  -46.434  2.856 0.2000000030
9573  35.525  -50.505  -0.685 0.1000000015
10308  34.994  -50.169  -0.442 0.1000000015
11090  34.575  -48.499  0.553 0.1000000015
19317  32.583  -39.735  14.625 0.4000000060
18337  31.637  -40.104  13.404 0.4000000060
20358  31.830  -39.011  12.334 0.4000000060
18345  31.485  -40.353  12.895 0.4000000060
18360  31.530  -40.539  11.344 0.4000000060
18352  31.484  -40.396  12.241 0.4000000060
18378  31.490  -40.609  10.315 0.4000000060
18430  31.730  -40.609  8.297 0.4000000060
18403  31.601  -40.577  9.235 0.3000000119
17508  33.200  -41.703  6.440 0.3000000119
17509  32.265  -41.774  6.730 0.3000000119
17496  32.180  -41.179  7.189 0.3000000119
17497  31.638  -41.551  7.646 0.3000000119
14571  34.644  -44.177  4.138 0.2000000030
15581  34.223  -43.738  4.596 0.2000000030
15562  33.691  -43.412  5.308 0.3000000119
16592  33.021  -43.139  5.814 0.2000000030
16571  31.595  -42.367  6.909 0.3000000119
14597  33.652  -45.264  3.736 0.2000000030
14556  32.997  -44.005  5.139 0.2000000030
13651  34.114  -45.535  3.218 0.2000000030
20311  34.082  -38.175  15.296 0.3000000119
20330  34.214  -38.525  14.592 0.3000000119
20331  33.683  -38.795  15.175 0.3000000119
19316  33.396  -39.063  14.463 0.4000000060
19300  33.054  -39.299  15.363 0.3000000119
20348  32.856  -38.518  13.322 0.3000000119
19334  33.570  -38.711  13.706 0.4000000060
20357  32.525  -38.256  12.498 0.4000000060
19351  31.625  -39.602  12.853 0.4000000060
20369  31.655  -38.753  11.566 0.4000000060
19362  31.547  -39.650  11.867 0.4000000060
20372  32.049  -38.099  9.855 0.3000000119
20373  31.569  -38.724  10.423 0.4000000060
19368  31.492  -39.651  10.882 0.4000000060
18427  33.893  -40.338  6.927 0.3000000119
19429  33.300  -39.487  7.436 0.2000000030
20428  32.918  -38.913  7.771 0.2000000030
20405  31.821  -38.726  8.642 0.2000000030
19401  31.648  -39.570  8.620 0.3000000119
19380  31.548  -39.653  9.793 0.3000000119
18445  34.640  -40.962  6.568 0.3000000119
18447  33.297  -40.949  6.800 0.3000000119
18428  32.795  -40.433  7.216 0.2000000030
18429  32.023  -40.526  7.673 0.2000000030
19431  31.811  -40.015  8.035 0.2000000030
15579  35.565  -43.578  4.139 0.2000000030
16591  34.823  -42.817  5.310 0.3000000119
16568  34.703  -42.402  5.682 0.3000000119
16569  33.652  -42.586  5.927 0.3000000119
21299  34.731  -37.433  14.586 0.3000000119
21277  34.263  -37.497  15.426 0.3000000119
21341  32.968  -37.481  11.497 0.3000000119
22414  34.424  -36.770  8.653 0.2000000030
22391  33.994  -36.594  9.111 0.2000000030
21346  32.673  -37.391  10.268 0.2000000030
21402  35.370  -37.693  7.686 0.2000000030
21404  33.816  -37.798  8.057 0.2000000030
21380  33.231  -37.668  8.419 0.2000000030
21357  32.493  -37.631  9.039 0.2000000030
23369  35.417  -35.560  14.562 0.2000000030
11066  32.790  -48.472  2.619 0.1000000015
11894  32.825  -47.546  2.716 0.1000000015
16590  35.463  -42.705  5.112 0.3000000119
14596  34.393  -44.820  3.666 0.2000000030
15402  40.633  -43.544  15.434 0.3000000119
15442  40.670  -43.721  13.991 0.3000000119
14418  41.625  -43.773  13.037 0.3000000119
15322  44.725  -43.025  19.614 0.1000000015
16451  44.117  -43.368  14.658 0.2000000030
12690  37.866  -46.944  6.211 0.1000000015
14535  36.884  -45.299  8.480 0.3000000119
22330  34.965  -36.311  14.708 0.3000000119
12715  38.162  -47.387  5.571 0.1000000015
18309  32.471  -40.599  15.663 0.3000000119
14493  35.580  -45.102  10.116 0.2000000030
11014  37.880  -48.348  4.892 0.1000000015
15474  43.123  -44.095  12.180 0.2000000030
14431  42.281  -43.916  12.520 0.3000000119
14446  42.726  -44.391  11.862 0.1000000015
11017  35.078  -48.674  5.376 0.1000000015
15420  43.749  -43.455  14.241 0.2000000030
11031  36.609  -49.106  4.559 0.1000000015
11836  37.558  -47.722  5.500 0.1000000015
11838  35.616  -48.067  5.923 0.1000000015
11812  35.158  -47.462  6.531 0.1000000015
12666  34.463  -46.696  7.564 0.1000000015
12691  36.685  -46.642  6.539 0.2000000030
13536  35.376  -45.328  9.522 0.3000000119
12665  35.305  -46.141  7.682 0.2000000030
13553  34.921  -45.496  8.946 0.3000000119
14495  33.477  -44.799  9.665 0.4000000060
15490  33.546  -43.769  10.835 0.4000000060
13575  34.743  -45.961  8.209 0.3000000119
13554  33.694  -45.698  8.733 0.3000000119
13538  33.020  -45.225  9.252 0.3000000119
17457  32.188  -42.234  11.275 0.4000000060
12736  31.733  -46.191  4.887 0.2000000030
13615  31.690  -45.345  5.401 0.2000000030
17425  31.712  -40.897  13.704 0.4000000060
17449  32.109  -41.933  11.783 0.4000000060
14573  32.517  -44.943  4.740 0.2000000030
18327  32.033  -40.283  13.949 0.4000000060
16570  32.486  -42.741  6.266 0.3000000119
15564  32.074  -43.966  5.858 0.2000000030
19335  32.414  -39.267  13.526 0.4000000060
18446  33.849  -41.114  6.562 0.3000000119
15580  34.923  -43.619  4.399 0.2000000030
15545  34.414  -42.949  5.418 0.2000000030
19315  34.322  -38.832  14.009 0.4000000060
20368  31.964  -37.850  11.099 0.4000000060
20384  31.931  -38.200  8.969 0.2000000030
19427  35.483  -39.452  7.269 0.2000000030
20426  34.859  -38.560  7.494 0.2000000030
21403  34.407  -37.804  7.847 0.2000000030
19314  34.963  -38.783  13.616 0.3000000119
21298  35.809  -37.491  13.816 0.2000000030
14485  42.892  -45.138  9.957 0.1000000015
13531  42.790  -45.476  9.791 0.1000000015
13547  42.398  -45.801  8.889 0.1000000015
16450  44.248  -43.355  15.064 0.1000000015
14486  42.444  -45.173  9.575 0.1000000015
12641  42.155  -46.471  8.436 0.1000000015
13567  41.875  -46.211  8.225 0.1000000015
24491  35.915  -34.725  14.605 0.1000000015
24472  37.528  -34.166  14.547 0.1000000015
23368  36.284  -35.471  14.298 0.1000000015
22329  35.603  -36.432  14.271 0.1000000015
22328  36.607  -36.384  13.941 0.1000000015
20329  35.011  -38.414  13.948 0.1000000015
21316  37.221  -37.931  13.747 0.2000000030
19349  34.129  -38.481  13.270 0.2000000030
20344  37.195  -38.364  13.450 0.2000000030
20346  35.405  -38.698  13.468 0.2000000030
19332  35.472  -38.882  13.240 0.2000000030
19333  34.634  -38.710  13.515 0.2000000030
20343  38.176  -38.367  13.421 0.2000000030
19331  36.445  -38.788  13.096 0.2000000030
19348  34.912  -38.766  12.892 0.2000000030
20347  33.357  -38.229  13.208 0.2000000030
21331  33.396  -37.662  12.269 0.2000000030
21344  34.562  -36.763  11.187 0.1000000015
20327  38.074  -38.087  13.750 0.2000000030
20355  34.818  -38.375  12.563 0.2000000030
21330  33.786  -37.672  12.333 0.1000000015
21339  35.276  -37.290  11.672 0.1000000015
21340  34.103  -37.421  11.976 0.1000000015
25598  36.328  -34.237  14.633 0.1000000015
24490  36.705  -34.554  14.447 0.1000000015
23367  37.496  -35.224  14.112 0.1000000015
21318  35.745  -38.345  13.602 0.2000000030
16566  36.137  -41.908  5.747 0.2000000030
17506  35.188  -41.564  6.127 0.2000000030
16589  36.436  -42.145  5.415 0.2000000030
17504  37.227  -40.922  6.230 0.2000000030
18443  36.461  -40.738  6.560 0.2000000030
18444  35.610  -40.867  6.582 0.2000000030
17523  36.960  -41.553  5.703 0.2000000030
18426  35.026  -40.234  7.005 0.2000000030
18424  37.159  -40.306  6.943 0.2000000030
18425  36.064  -40.210  6.988 0.2000000030
18423  38.337  -40.190  7.002 0.1000000015
19425  37.665  -39.582  7.291 0.1000000015
18422  39.332  -39.977  7.225 0.1000000015
18440  39.717  -39.720  6.882 0.1000000015
21296  37.862  -37.486  13.847 0.1000000015
20425  35.947  -38.613  7.365 0.1000000015
19426  36.565  -39.528  7.283 0.1000000015
18402  39.157  -39.859  7.486 0.1000000015
19424  38.766  -39.575  7.510 0.1000000015
18421  40.093  -39.621  7.511 0.1000000015
18400  40.113  -39.557  7.738 0.1000000015
20452  42.005  -38.777  6.530 0.1000000015
21314  39.319  -37.887  13.642 0.1000000015
22324  40.648  -36.762  14.553 0.1000000015
21295  38.919  -37.487  13.765 0.1000000015
21378  34.826  -37.199  8.171 0.1000000015
21401  36.388  -37.775  7.482 0.1000000015
20423  38.047  -38.743  7.397 0.1000000015
20424  37.007  -38.701  7.382 0.1000000015
19399  39.441  -39.672  7.655 0.1000000015
19455  41.384  -39.310  7.116 0.1000000015
19421  41.554  -39.565  7.690 0.1000000015
21294  40.016  -37.569  13.983 0.1000000015
19330  37.475  -38.622  13.101 0.1000000015
22434  37.700  -36.982  7.641 0.1000000015
22412  36.210  -36.411  8.168 0.1000000015
22432  39.630  -37.131  7.598 0.1000000015
22435  36.770  -37.017  7.746 0.1000000015
21398  39.287  -37.967  7.637 0.1000000015
21399  38.348  -37.870  7.559 0.1000000015
20419  41.023  -38.723  8.182 0.1000000015
20421  39.872  -38.887  7.839 0.1000000015
19423  39.450  -39.323  7.730 0.1000000015
20422  38.977  -38.769  7.622 0.1000000015
19395  42.437  -39.289  8.169 0.1000000015
20401  41.027  -39.195  8.270 0.1000000015
20402  40.461  -39.264  8.041 0.1000000015
19396  41.640  -39.447  8.164 0.1000000015
20326  39.864  -38.130  13.581 0.1000000015
20342  39.088  -38.236  13.391 0.1000000015
22413  35.341  -36.509  8.498 0.1000000015
21375  42.040  -37.867  8.061 0.1000000015
21376  40.999  -37.845  7.787 0.1000000015
20400  41.684  -38.850  8.423 0.1000000015
23448  35.229  -36.121  9.262 0.1000000015
17493  37.869  -40.598  6.443 0.1000000015
19397  40.718  -39.510  7.932 0.1000000015
19420  42.410  -39.523  7.678 0.1000000015
22411  37.059  -36.318  8.120 0.1000000015
12842  38.762  -46.320  -0.373 0.1000000015
13731  38.496  -45.570  -0.397 0.1000000015
12843  38.193  -46.167  -0.697 0.1000000015
11977  37.725  -47.375  -1.223 0.1000000015
12873  36.264  -47.264  -1.846 0.1000000015
12003  35.722  -47.795  -2.041 0.1000000015
12005  34.120  -48.355  -2.334 0.1000000015
11928  39.019  -46.883  -0.082 0.1000000015
13730  39.135  -45.609  -0.086 0.1000000015
13747  37.250  -46.319  -1.250 0.1000000015
11978  37.163  -47.519  -1.602 0.1000000015
14653  39.126  -44.579  0.322 0.1000000015
13712  38.956  -45.645  0.534 0.1000000015
12791  38.321  -46.418  0.584 0.1000000015
12818  38.559  -46.900  0.228 0.1000000015
11955  38.549  -46.981  -0.550 0.1000000015
14671  38.270  -44.522  -0.267 0.1000000015
14636  38.740  -44.910  1.700 0.1000000015
12792  37.648  -46.317  0.961 0.1000000015
14654  38.697  -44.011  0.124 0.1000000015
15647  39.399  -43.613  1.006 0.1000000015
16654  39.448  -42.711  1.419 0.1000000015
15667  38.322  -43.452  0.042 0.1000000015
15648  38.892  -43.507  0.467 0.1000000015
16666  39.105  -42.688  0.811 0.1000000015
11129  33.132  -48.332  -1.883 0.1000000015
5089  30.292  -56.226  23.319 0.1000000015
5146  31.202  -56.175  20.210 0.1000000015
5707  31.088  -55.257  23.219 0.1000000015
5720  30.786  -55.874  22.898 0.1000000015
5734  32.198  -55.203  21.167 0.1000000015
6396  34.062  -53.632  18.346 0.1000000015
6398  33.159  -54.469  18.280 0.1000000015
6999  29.139  -54.039  24.471 0.1000000015
7012  29.198  -54.001  24.240 0.1000000015
7083  35.151  -53.138  17.966 0.1000000015
7707  32.826  -51.958  24.465 0.1000000015
7742  31.218  -53.328  20.884 0.1000000015
7788  35.010  -52.407  18.340 0.1000000015
7993  37.328  -52.318  4.434 0.1000000015
8500  30.542  -51.455  20.772 0.1000000015
8521  35.961  -51.009  18.182 0.1000000015
8727  38.054  -51.227  4.292 0.2000000030
9513  39.425  -49.647  3.369 0.2000000030
9530  39.224  -49.569  3.238 0.1000000015
9557  33.820  -50.440  0.873 0.1000000015
9986  33.030  -49.768  21.527 0.1000000015
9987  32.806  -50.415  21.599 0.1000000015
10025  34.825  -49.420  19.007 0.1000000015
10063  38.764  -48.807  17.344 0.1000000015
10100  34.795  -49.472  15.820 0.1000000015
10225  40.260  -48.842  4.122 0.2000000030
10241  40.227  -49.087  3.573 0.2000000030
10262  40.239  -49.022  3.116 0.2000000030
10263  39.965  -49.287  2.939 0.2000000030
10264  39.452  -49.214  2.957 0.2000000030
10265  33.317  -49.739  2.396 0.1000000015
10280  33.055  -49.406  2.084 0.2000000030
10307  35.553  -49.591  -0.448 0.1000000015
10775  36.899  -48.186  22.415 0.1000000015
10816  33.535  -49.403  20.433 0.1000000015
10913  32.816  -49.043  14.543 0.1000000015
11028  39.834  -48.597  5.007 0.2000000030
11045  40.150  -48.489  3.766 0.2000000030
11046  39.849  -48.386  3.400 0.2000000030
11063  40.159  -48.755  3.055 0.2000000030
11064  39.769  -48.816  2.933 0.2000000030
11588  35.106  -47.852  22.221 0.1000000015
11649  34.410  -48.243  19.919 0.1000000015
11815  31.915  -46.982  6.364 0.2000000030
11859  39.640  -47.565  4.474 0.2000000030
11860  39.241  -47.831  4.341 0.2000000030
11862  31.735  -46.662  5.295 0.1000000015
11877  39.591  -48.130  3.776 0.2000000030
11929  38.670  -47.183  -0.101 0.1000000015
11954  38.970  -46.677  -0.233 0.1000000015
11976  38.202  -46.916  -1.010 0.1000000015
12002  36.626  -47.792  -1.831 0.1000000015
12499  41.273  -46.207  21.752 0.1000000015
12505  35.509  -47.089  21.038 0.1000000015
12643  32.319  -45.866  8.232 0.2000000030
12660  41.997  -46.644  7.992 0.1000000015
12664  39.578  -46.542  6.774 0.2000000030
12669  31.701  -46.261  7.293 0.1000000015
12686  41.172  -46.587  7.266 0.3000000119
12694  32.714  -46.709  7.351 0.1000000015
12733  39.504  -47.300  5.075 0.2000000030
12751  39.897  -47.664  4.553 0.2000000030
12770  34.714  -46.335  2.090 0.2000000030
12795  34.873  -46.758  1.630 0.2000000030
12817  38.972  -46.613  0.172 0.1000000015
12821  36.253  -46.828  0.840 0.1000000015
12841  39.165  -46.353  -0.011 0.1000000015
12854  38.334  -46.624  -0.765 0.1000000015
12855  37.783  -46.583  -1.107 0.1000000015
12856  36.967  -46.949  -1.549 0.1000000015
13346  41.768  -45.398  21.792 0.1000000015
13444  39.090  -46.539  17.687 0.1000000015
13505  37.768  -45.403  11.148 0.4000000060
13506  37.468  -45.317  11.236 0.4000000060
13519  39.887  -45.548  10.057 0.3000000119
13520  37.666  -45.420  10.868 0.4000000060
13532  40.220  -45.525  9.757 0.3000000119
13534  36.288  -45.398  9.593 0.3000000119
13535  35.949  -45.369  9.637 0.3000000119
13548  41.922  -45.799  8.592 0.1000000015
13550  39.578  -45.808  9.453 0.3000000119
13552  35.870  -45.394  9.081 0.3000000119
13555  32.407  -45.420  8.667 0.3000000119
13577  31.964  -45.701  8.116 0.3000000119
13592  41.509  -46.274  7.748 0.2000000030
13593  41.311  -46.057  7.543 0.3000000119
13594  40.275  -46.722  5.842 0.2000000030
13595  40.163  -46.594  6.014 0.2000000030
13599  35.764  -45.960  7.452 0.2000000030
13600  31.433  -45.298  6.424 0.2000000030
13613  39.992  -46.617  5.733 0.2000000030
13614  32.054  -45.127  4.853 0.2000000030
13631  39.833  -47.065  5.323 0.2000000030
13632  39.820  -46.894  5.479 0.2000000030
13633  33.047  -45.450  3.925 0.2000000030
13653  32.662  -46.017  3.745 0.2000000030
13669  36.395  -45.276  2.238 0.1000000015
13672  33.812  -46.054  2.843 0.2000000030
13688  38.471  -45.730  1.160 0.1000000015
13691  35.605  -46.057  1.725 0.2000000030
13713  38.727  -46.294  0.498 0.1000000015
14269  41.797  -45.382  22.005 0.1000000015
14292  42.866  -44.067  21.437 0.1000000015
14336  40.517  -44.857  19.473 0.1000000015
14394  36.931  -44.301  15.238 0.5000000000
14395  36.651  -44.281  15.201 0.5000000000
14408  36.767  -44.393  14.955 0.5000000000
14409  36.476  -44.327  15.030 0.5000000000
14417  41.971  -43.565  12.954 0.3000000119
14428  44.161  -44.088  13.207 0.1000000015
14470  37.174  -45.270  10.878 0.4000000060
14489  39.146  -45.745  9.591 0.3000000119
14511  42.159  -45.561  8.958 0.1000000015
14520  33.914  -45.220  9.311 0.3000000119
14530  41.169  -45.726  8.197 0.2000000030
14536  36.386  -45.323  8.613 0.3000000119
14570  35.190  -43.897  4.025 0.2000000030
14593  37.399  -43.983  2.906 0.3000000119
14615  39.450  -44.026  1.956 0.2000000030
14618  36.618  -44.671  2.732 0.3000000119
14670  38.866  -45.073  -0.157 0.1000000015
15267  32.967  -43.260  23.092 0.1000000015
15336  45.100  -42.844  18.630 0.2000000030
15339  40.405  -42.983  18.009 0.4000000060
15377  43.203  -43.260  15.524 0.3000000119
15409  33.626  -42.775  15.371 0.5000000000
15441  41.316  -43.556  13.717 0.3000000119
15459  43.107  -43.754  12.445 0.2000000030
15463  35.510  -44.464  12.590 0.5000000000
15475  42.859  -44.154  12.167 0.2000000030
15478  34.012  -43.910  11.581 0.4000000060
15480  33.275  -43.373  11.312 0.4000000060
15505  32.140  -43.697  10.074 0.4000000060
15546  34.151  -42.890  5.664 0.3000000119
15547  32.300  -43.489  6.075 0.2000000030
15560  35.275  -43.228  4.620 0.2000000030
15561  34.674  -43.179  4.947 0.2000000030
15563  32.751  -43.729  5.698 0.2000000030
15578  36.175  -43.304  4.132 0.3000000119
16360  45.029  -42.635  18.027 0.2000000030
16368  37.631  -41.893  18.214 0.5000000000
16384  45.095  -42.752  17.389 0.1000000015
16391  38.320  -42.914  17.857 0.5000000000
16393  36.455  -42.341  17.536 0.5000000000
16433  44.983  -42.849  16.479 0.2000000030
16436  34.019  -42.538  16.211 0.5000000000
16438  32.959  -42.034  15.301 0.3000000119
16472  34.071  -43.760  12.820 0.5000000000
16484  34.489  -44.255  11.856 0.5000000000
16496  34.360  -44.195  11.568 0.4000000060
16497  34.190  -44.065  11.669 0.5000000000
16567  35.714  -42.067  5.734 0.2000000030
16593  32.642  -43.299  5.988 0.2000000030
16607  37.133  -42.437  4.682 0.3000000119
16609  35.748  -43.085  4.503 0.2000000030
16667  38.520  -42.628  0.311 0.1000000015
17280  31.752  -41.219  24.003 0.1000000015
17289  33.029  -41.862  22.166 0.1000000015
17299  44.030  -41.692  21.164 0.1000000015
17311  32.813  -41.468  22.110 0.1000000015
17324  44.343  -41.683  20.622 0.1000000015
17347  40.690  -41.255  19.357 0.4000000060
17348  40.257  -41.494  19.243 0.5000000000
17365  40.588  -41.933  19.078 0.5000000000
17384  35.326  -41.383  17.572 0.4000000060
17385  34.437  -41.144  17.434 0.4000000060
17398  34.125  -41.617  16.823 0.4000000060
17399  33.355  -41.382  16.395 0.4000000060
17410  32.939  -41.701  15.779 0.3000000119
17435  31.629  -40.727  13.254 0.4000000060
17442  31.625  -40.972  12.654 0.4000000060
17494  37.660  -40.495  6.668 0.1000000015
17495  32.749  -41.209  6.895 0.3000000119
17505  36.215  -41.441  5.993 0.2000000030
17507  34.209  -41.709  6.201 0.3000000119
17510  31.814  -41.667  7.042 0.3000000119
17522  37.555  -41.386  5.598 0.2000000030
18182  31.561  -40.415  24.359 0.1000000015
18208  31.688  -40.199  23.113 0.1000000015
18218  42.667  -40.412  21.435 0.1000000015
18223  38.024  -40.187  20.780 0.2000000030
18241  43.146  -39.970  20.757 0.2000000030
18246  34.415  -40.144  20.759 0.1000000015
18262  43.287  -40.547  20.615 0.1000000015
18282  40.071  -39.688  19.214 0.4000000060
18308  32.794  -40.543  16.244 0.4000000060
18328  31.723  -40.515  13.582 0.4000000060
18336  31.945  -39.802  13.595 0.4000000060
18401  39.672  -39.688  7.628 0.1000000015
19202  43.185  -40.018  21.152 0.1000000015
19203  42.924  -39.874  21.221 0.1000000015
19223  43.156  -39.824  21.022 0.2000000030
19233  33.737  -39.185  20.771 0.1000000015
19269  36.003  -38.301  18.477 0.5000000000
19301  32.521  -39.941  15.504 0.3000000119
19336  31.841  -39.658  13.372 0.4000000060
19350  32.057  -39.004  12.818 0.4000000060
19394  42.884  -39.144  8.070 0.1000000015
19398  39.973  -39.502  7.817 0.1000000015
19400  32.047  -39.025  8.315 0.2000000030
19422  40.843  -39.457  7.542 0.1000000015
19428  34.370  -39.431  7.346 0.3000000119
19430  32.319  -39.507  7.850 0.2000000030
19471  39.221  -39.206  5.531 0.1000000015
19494  38.631  -39.912  4.053 0.1000000015
20325  40.481  -38.068  13.864 0.1000000015
20328  37.590  -38.042  13.762 0.2000000030
20345  36.101  -38.619  13.349 0.2000000030
20356  33.954  -37.970  12.723 0.2000000030
20367  34.527  -37.986  12.412 0.1000000015
20385  31.553  -38.751  9.339 0.2000000030
20399  42.589  -38.776  8.225 0.1000000015
20403  33.115  -38.130  8.114 0.2000000030
20404  32.600  -38.390  8.322 0.2000000030
20420  40.565  -38.826  8.094 0.1000000015
20427  33.598  -38.425  7.778 0.2000000030
20453  41.072  -38.634  6.572 0.1000000015
20491  40.160  -38.037  5.174 0.1000000015
21147  30.947  -37.897  25.448 0.1000000015
21148  30.672  -37.453  24.911 0.1000000015
21181  31.550  -37.718  22.101 0.1000000015
21260  33.739  -38.016  16.515 0.4000000060
21315  38.727  -38.090  13.601 0.1000000015
21317  36.500  -38.088  13.619 0.2000000030
21379  34.070  -37.364  8.311 0.2000000030
21381  32.720  -37.842  8.551 0.2000000030
21396  40.730  -38.439  7.923 0.1000000015
21397  40.217  -38.096  7.720 0.1000000015
21400  37.387  -37.824  7.434 0.1000000015
21435  41.266  -37.674  5.328 0.1000000015
21436  40.873  -37.701  5.327 0.1000000015
21450  41.705  -37.495  4.621 0.1000000015
22229  40.124  -37.339  20.113 0.5000000000
22389  35.241  -36.195  9.024 0.1000000015
22390  34.752  -36.294  9.252 0.1000000015
22415  33.752  -36.992  8.732 0.2000000030
22433  38.662  -36.981  7.556 0.1000000015
22436  35.876  -36.997  7.812 0.1000000015
22437  35.344  -37.074  8.011 0.1000000015
23276  38.602  -36.020  19.949 0.5000000000
23286  38.359  -35.881  19.651 0.5000000000
23295  38.135  -35.765  19.365 0.5000000000
23424  35.211  -35.999  9.569 0.1000000015
23447  35.658  -35.919  9.090 0.1000000015
23474  35.897  -36.136  8.577 0.1000000015
24383  36.736  -34.959  20.628 0.3000000119
25577  36.668  -33.603  14.789 0.1000000015
25599  36.008  -34.093  14.762 0.1000000015
26640  37.948  -31.670  15.663 0.1000000015
27706  36.692  -31.075  15.620 0.2000000030
28712  32.459  -30.219  20.288 0.1000000015
28755  37.006  -30.890  15.573 0.2000000030
28756  36.771  -30.839  15.637 0.2000000030
29708  35.216  -28.668  22.565 0.1000000015
29797  37.515  -29.611  15.585 0.1000000015
30704  33.540  -28.977  22.925 0.1000000015
30719  33.985  -28.719  22.328 0.1000000015
30720  33.478  -28.965  22.601 0.1000000015
30790  34.955  -27.989  17.172 0.1000000015
30792  33.891  -28.538  17.875 0.1000000015
30804  34.768  -28.505  17.033 0.1000000015
