#!ascii label  , from subject 3962 vox2ras=TkReg
274
71608  -27.590  -10.591  2.019 0.0000000000
66892  -24.308  -15.552  3.009 0.0000000000
68860  -30.162  -13.585  4.191 0.0000000000
64065  -27.870  -18.599  3.588 0.0000000000
80206  -25.424  -0.754  4.665 0.0000000000
101390  -28.961  -1.420  4.327 0.0000000000
74054  -24.111  -7.021  1.582 0.0000000000
60220  -26.679  -22.778  4.407 0.0000000000
65022  -26.124  -16.907  2.578 0.0000000000
63165  -25.207  -19.412  3.376 0.0000000000
101398  -27.489  -1.622  3.809 0.0000000000
76947  -24.762  -2.780  2.597 0.0000000000
70746  -23.777  -11.362  2.056 0.0000000000
71605  -22.102  -10.332  2.699 0.0000000000
72445  -26.008  -9.386  1.367 0.0000000000
74858  -27.425  -6.705  2.216 0.0000000000
73243  -28.604  -8.707  3.117 0.0000000000
71580  -30.050  -9.956  4.685 0.0000000000
68873  -22.861  -13.588  3.266 0.0000000000
68889  -25.332  -13.494  1.921 0.0000000000
69819  -28.954  -12.443  3.009 0.0000000000
67892  -26.991  -14.433  2.258 0.0000000000
66877  -29.343  -16.120  3.633 0.0000000000
64974  -30.304  -17.491  5.159 0.0000000000
74848  -21.462  -5.767  3.439 0.0000000000
101382  -26.458  -4.677  2.323 0.0000000000
101324  -29.361  -3.878  4.322 0.0000000000
62141  -24.188  -20.801  4.208 0.0000000000
62144  -27.257  -20.398  3.782 0.0000000000
64991  -23.239  -18.104  4.229 0.0000000000
64063  -22.920  -18.733  4.483 0.0000000000
76935  -24.272  -2.460  3.453 0.0000000000
75595  -22.853  -3.561  3.274 0.0000000000
70764  -25.955  -11.040  1.427 0.0000000000
71616  -24.636  -10.229  1.512 0.0000000000
71618  -26.352  -10.240  1.490 0.0000000000
73250  -27.628  -8.951  2.117 0.0000000000
72437  -27.891  -9.694  2.403 0.0000000000
72424  -29.364  -9.463  3.969 0.0000000000
71609  -28.316  -10.589  2.622 0.0000000000
67877  -23.583  -14.529  3.070 0.0000000000
68888  -24.356  -13.381  2.355 0.0000000000
67890  -24.917  -14.451  2.321 0.0000000000
66906  -25.594  -15.425  2.453 0.0000000000
65011  -26.913  -17.389  2.745 0.0000000000
65934  -27.737  -16.634  2.788 0.0000000000
64992  -28.580  -17.362  3.576 0.0000000000
64973  -29.742  -17.104  4.581 0.0000000000
64067  -28.924  -18.178  4.361 0.0000000000
101397  -25.983  -2.231  4.919 0.0000000000
101357  -26.440  -1.829  5.748 0.0000000000
101402  -25.008  -1.722  5.005 0.0000000000
80738  -25.707  0.923  4.658 0.0000000000
80748  -27.619  1.324  3.747 0.0000000000
101388  -28.132  -1.757  3.882 0.0000000000
72435  -22.439  -9.245  2.416 0.0000000000
74044  -21.305  -7.393  2.955 0.0000000000
74864  -22.660  -6.453  2.196 0.0000000000
74865  -23.260  -5.624  2.092 0.0000000000
74866  -24.767  -5.841  1.520 0.0000000000
101327  -28.761  -6.355  3.827 0.0000000000
101359  -27.969  -6.086  2.787 0.0000000000
101322  -29.529  -4.829  5.622 0.0000000000
68875  -29.132  -13.455  3.221 0.0000000000
70725  -29.774  -11.802  4.023 0.0000000000
60218  -25.261  -22.448  4.241 0.0000000000
61166  -25.777  -21.731  3.928 0.0000000000
62143  -26.273  -20.830  3.677 0.0000000000
61167  -26.858  -21.664  4.108 0.0000000000
65932  -24.039  -16.540  3.403 0.0000000000
65940  -25.575  -16.308  2.637 0.0000000000
65009  -24.927  -17.479  3.204 0.0000000000
64082  -25.547  -18.492  3.155 0.0000000000
63166  -26.071  -19.296  3.202 0.0000000000
101403  -26.371  -2.147  4.068 0.0000000000
101399  -27.773  -0.540  3.821 0.0000000000
101333  -26.666  -2.371  2.974 0.0000000000
101371  -26.941  -2.670  2.804 0.0000000000
69832  -22.669  -11.894  2.805 0.0000000000
70745  -22.860  -11.296  2.512 0.0000000000
71615  -23.874  -9.921  1.748 0.0000000000
73256  -24.684  -8.217  1.342 0.0000000000
74055  -25.280  -7.195  1.238 0.0000000000
74057  -26.927  -8.209  1.690 0.0000000000
74049  -28.296  -7.894  2.727 0.0000000000
101335  -29.209  -7.380  4.299 0.0000000000
74023  -29.481  -7.825  4.804 0.0000000000
59301  -27.907  -23.238  5.401 0.0000000000
60206  -28.042  -22.425  5.277 0.0000000000
69818  -23.069  -12.986  3.010 0.0000000000
69834  -24.671  -12.264  1.790 0.0000000000
69854  -27.022  -11.892  1.710 0.0000000000
70748  -28.102  -11.488  2.195 0.0000000000
69837  -27.652  -12.375  1.966 0.0000000000
67894  -28.569  -13.889  2.743 0.0000000000
67879  -29.076  -14.538  3.069 0.0000000000
65942  -26.993  -16.328  2.536 0.0000000000
66908  -27.761  -15.477  2.572 0.0000000000
66896  -29.443  -15.032  3.363 0.0000000000
66861  -30.165  -15.966  4.497 0.0000000000
65901  -30.264  -16.499  4.854 0.0000000000
80217  -28.635  0.906  3.603 0.0000000000
75601  -23.218  -3.869  2.589 0.0000000000
101396  -25.646  -4.192  2.202 0.0000000000
101370  -27.727  -3.878  3.050 0.0000000000
101369  -27.143  -5.560  2.331 0.0000000000
101374  -29.275  -2.793  4.376 0.0000000000
71599  -29.496  -11.145  3.741 0.0000000000
71591  -30.408  -11.007  4.670 0.0000000000
63125  -22.917  -20.362  4.875 0.0000000000
62160  -24.923  -20.220  3.572 0.0000000000
62161  -25.728  -20.139  3.409 0.0000000000
62163  -27.176  -19.612  3.501 0.0000000000
61146  -28.202  -21.250  4.876 0.0000000000
62145  -28.161  -20.166  4.338 0.0000000000
63150  -28.427  -19.198  4.234 0.0000000000
75589  -23.122  -4.013  3.716 0.0000000000
70765  -26.831  -11.052  1.633 0.0000000000
71619  -26.988  -10.203  1.703 0.0000000000
72447  -27.343  -9.620  1.927 0.0000000000
72438  -28.456  -9.640  2.971 0.0000000000
66891  -23.235  -15.562  3.407 0.0000000000
67878  -24.370  -14.786  2.733 0.0000000000
67891  -25.969  -14.477  2.177 0.0000000000
66905  -24.838  -15.221  2.606 0.0000000000
64084  -27.374  -18.499  3.321 0.0000000000
65012  -27.907  -17.601  3.273 0.0000000000
64085  -27.886  -18.257  3.517 0.0000000000
64993  -29.090  -17.492  4.115 0.0000000000
64066  -28.380  -18.305  3.860 0.0000000000
101389  -28.489  -1.619  4.098 0.0000000000
101376  -30.365  -0.902  5.197 0.0000000000
73255  -23.687  -8.148  1.721 0.0000000000
73248  -21.790  -8.263  2.629 0.0000000000
74046  -22.546  -7.360  2.180 0.0000000000
74045  -22.016  -7.295  2.480 0.0000000000
74053  -23.021  -7.093  1.921 0.0000000000
101323  -29.345  -6.186  5.035 0.0000000000
68876  -29.593  -13.337  3.792 0.0000000000
69805  -29.789  -12.757  4.111 0.0000000000
59313  -26.029  -23.278  4.388 0.0000000000
60219  -26.016  -22.534  4.164 0.0000000000
65931  -22.922  -16.608  3.892 0.0000000000
65008  -23.818  -17.633  3.827 0.0000000000
64081  -24.615  -18.566  3.561 0.0000000000
76946  -24.019  -2.728  2.900 0.0000000000
101393  -25.306  -2.161  3.004 0.0000000000
101384  -26.175  -2.677  2.724 0.0000000000
101349  -27.118  -2.451  3.056 0.0000000000
71617  -25.547  -10.216  1.397 0.0000000000
72444  -25.131  -9.289  1.325 0.0000000000
72443  -24.247  -9.178  1.613 0.0000000000
73257  -25.696  -8.382  1.284 0.0000000000
73258  -26.509  -8.633  1.511 0.0000000000
73251  -28.109  -8.785  2.534 0.0000000000
74040  -28.725  -7.870  3.310 0.0000000000
101348  -28.734  -7.254  3.530 0.0000000000
74034  -29.062  -7.727  3.851 0.0000000000
74035  -29.345  -8.042  4.371 0.0000000000
73227  -29.583  -8.650  4.734 0.0000000000
68872  -22.063  -13.485  3.822 0.0000000000
69835  -25.819  -12.620  1.651 0.0000000000
69836  -26.764  -12.636  1.751 0.0000000000
68890  -26.374  -13.545  1.885 0.0000000000
67893  -27.881  -14.214  2.447 0.0000000000
66909  -28.485  -14.782  2.710 0.0000000000
65941  -26.249  -16.200  2.497 0.0000000000
65023  -26.580  -16.724  2.565 0.0000000000
65935  -28.424  -16.702  3.159 0.0000000000
66894  -28.233  -16.145  2.870 0.0000000000
66895  -28.905  -15.693  3.125 0.0000000000
66878  -29.899  -15.531  3.904 0.0000000000
65902  -30.973  -16.629  5.547 0.0000000000
71597  -21.623  -10.713  3.232 0.0000000000
74857  -22.295  -4.827  2.899 0.0000000000
74849  -22.250  -4.938  3.496 0.0000000000
75603  -25.615  -5.079  1.780 0.0000000000
75602  -24.524  -4.119  1.977 0.0000000000
101383  -26.294  -3.720  2.493 0.0000000000
74047  -27.092  -7.135  1.830 0.0000000000
74868  -26.783  -6.449  1.780 0.0000000000
101325  -29.120  -4.785  4.152 0.0000000000
101329  -29.080  -3.705  3.851 0.0000000000
101328  -29.283  -3.425  4.114 0.0000000000
101360  -30.480  -2.442  5.677 0.0000000000
69838  -28.418  -12.360  2.455 0.0000000000
70734  -28.729  -11.523  2.795 0.0000000000
70735  -29.256  -11.676  3.405 0.0000000000
70726  -30.269  -11.477  4.494 0.0000000000
61163  -23.582  -21.310  4.644 0.0000000000
62140  -23.266  -20.801  4.738 0.0000000000
63147  -23.302  -19.788  4.535 0.0000000000
62162  -26.580  -19.933  3.432 0.0000000000
63126  -28.960  -19.508  4.809 0.0000000000
64064  -23.764  -18.722  4.146 0.0000000000
76241  -23.298  -2.967  3.684 0.0000000000
76250  -23.312  -2.812  3.377 0.0000000000
76259  -23.414  -2.874  3.016 0.0000000000
69851  -24.939  -11.596  1.475 0.0000000000
70762  -24.517  -11.207  1.616 0.0000000000
70763  -25.170  -11.027  1.406 0.0000000000
73259  -27.141  -8.797  1.774 0.0000000000
72446  -26.737  -9.484  1.601 0.0000000000
73237  -29.035  -8.640  3.640 0.0000000000
72430  -28.938  -9.503  3.515 0.0000000000
71589  -29.267  -10.022  3.806 0.0000000000
67876  -22.542  -14.547  3.528 0.0000000000
68874  -23.569  -13.515  2.809 0.0000000000
67889  -24.162  -14.142  2.650 0.0000000000
66907  -26.600  -15.400  2.417 0.0000000000
65918  -29.013  -16.674  3.557 0.0000000000
64047  -29.554  -18.315  4.738 0.0000000000
101378  -26.454  -3.019  4.583 0.0000000000
101401  -25.803  -2.003  5.271 0.0000000000
73242  -20.669  -8.238  3.921 0.0000000000
74855  -21.533  -6.836  2.782 0.0000000000
74856  -22.002  -6.226  2.629 0.0000000000
69820  -29.391  -12.578  3.619 0.0000000000
69806  -30.339  -12.475  4.564 0.0000000000
60217  -24.545  -22.556  4.530 0.0000000000
61165  -24.839  -21.744  4.188 0.0000000000
62142  -25.287  -20.947  3.734 0.0000000000
61168  -27.622  -21.022  4.299 0.0000000000
66893  -25.051  -15.799  2.723 0.0000000000
65933  -24.936  -16.435  3.007 0.0000000000
65021  -25.502  -16.974  2.805 0.0000000000
65010  -25.914  -17.651  2.810 0.0000000000
64083  -26.453  -18.432  3.067 0.0000000000
101377  -26.332  -3.502  4.560 0.0000000000
101392  -25.629  -2.940  4.315 0.0000000000
101387  -27.690  -2.335  3.561 0.0000000000
71607  -23.979  -10.627  1.748 0.0000000000
71606  -23.220  -10.290  2.199 0.0000000000
72436  -23.398  -9.159  2.033 0.0000000000
74056  -26.492  -7.517  1.509 0.0000000000
74048  -27.508  -7.893  2.047 0.0000000000
74859  -27.929  -7.129  2.596 0.0000000000
101358  -28.426  -7.087  3.116 0.0000000000
101326  -29.314  -7.017  4.669 0.0000000000
74010  -29.655  -7.427  5.375 0.0000000000
73238  -29.361  -8.657  4.169 0.0000000000
67864  -30.237  -14.556  4.054 0.0000000000
59300  -27.138  -23.479  4.817 0.0000000000
60205  -27.437  -22.215  4.624 0.0000000000
69817  -22.380  -12.452  3.250 0.0000000000
69833  -23.421  -12.399  2.580 0.0000000000
69852  -25.475  -11.760  1.481 0.0000000000
69853  -26.316  -11.849  1.568 0.0000000000
70747  -27.473  -11.486  1.850 0.0000000000
68891  -27.306  -13.419  2.087 0.0000000000
68892  -28.061  -13.219  2.453 0.0000000000
68893  -28.623  -13.072  2.782 0.0000000000
67880  -29.680  -14.296  3.619 0.0000000000
66879  -30.378  -14.988  4.326 0.0000000000
65900  -29.905  -16.329  4.382 0.0000000000
80207  -29.607  0.654  4.245 0.0000000000
76260  -23.954  -3.216  2.632 0.0000000000
101400  -25.455  -3.402  2.322 0.0000000000
74867  -25.910  -6.257  1.457 0.0000000000
75604  -26.402  -5.593  1.864 0.0000000000
71598  -29.012  -10.585  3.413 0.0000000000
71590  -29.803  -10.535  4.225 0.0000000000
63148  -24.359  -19.591  3.888 0.0000000000
63167  -26.838  -19.177  3.296 0.0000000000
63168  -27.304  -19.159  3.444 0.0000000000
61145  -27.545  -21.554  4.463 0.0000000000
62119  -28.643  -20.351  4.912 0.0000000000
64046  -28.825  -18.690  4.452 0.0000000000
63149  -27.788  -19.276  3.694 0.0000000000
65919  -29.503  -16.546  4.022 0.0000000000
73249  -22.685  -8.100  2.146 0.0000000000
74039  -20.794  -7.308  3.605 0.0000000000
74052  -22.435  -6.889  2.248 0.0000000000
74847  -21.143  -6.577  3.210 0.0000000000
