#!ascii label  , from subject 3962 vox2ras=TkReg
677
62160  -24.923  -20.220  3.572 0.5555555820
63165  -25.207  -19.412  3.376 0.6666666865
64082  -25.547  -18.492  3.155 0.7777777910
64083  -26.453  -18.432  3.067 0.7777777910
65022  -26.124  -16.907  2.578 0.8888888955
65935  -28.424  -16.702  3.159 0.8888888955
62140  -23.266  -20.801  4.738 0.5555555820
63148  -24.359  -19.591  3.888 0.5555555820
64081  -24.615  -18.566  3.561 0.6666666865
65011  -26.913  -17.389  2.745 0.8888888955
65023  -26.580  -16.724  2.565 0.8888888955
66908  -27.761  -15.477  2.572 1.0000000000
66895  -28.905  -15.693  3.125 0.8888888955
66909  -28.485  -14.782  2.710 1.0000000000
64991  -23.239  -18.104  4.229 0.7777777910
65932  -24.039  -16.540  3.403 1.0000000000
66892  -24.308  -15.552  3.009 1.0000000000
65940  -25.575  -16.308  2.637 1.0000000000
66906  -25.594  -15.425  2.453 1.0000000000
66893  -25.051  -15.799  2.723 1.0000000000
66907  -26.600  -15.400  2.417 1.0000000000
67891  -25.969  -14.477  2.177 1.0000000000
67892  -26.991  -14.433  2.258 1.0000000000
67894  -28.569  -13.889  2.743 1.0000000000
67893  -27.881  -14.214  2.447 1.0000000000
68875  -29.132  -13.455  3.221 1.0000000000
69838  -28.418  -12.360  2.455 1.0000000000
69819  -28.954  -12.443  3.009 0.7777777910
66891  -23.235  -15.562  3.407 0.8888888955
67878  -24.370  -14.786  2.733 1.0000000000
68889  -25.332  -13.494  1.921 1.0000000000
68890  -26.374  -13.545  1.885 1.0000000000
69837  -27.652  -12.375  1.966 1.0000000000
70735  -29.256  -11.676  3.405 0.8888888955
70734  -28.729  -11.523  2.795 1.0000000000
71599  -29.496  -11.145  3.741 0.7777777910
68873  -22.861  -13.588  3.266 0.5555555820
69833  -23.421  -12.399  2.580 0.7777777910
68874  -23.569  -13.515  2.809 0.8888888955
69835  -25.819  -12.620  1.651 1.0000000000
69834  -24.671  -12.264  1.790 0.8888888955
69854  -27.022  -11.892  1.710 1.0000000000
70747  -27.473  -11.486  1.850 1.0000000000
71609  -28.316  -10.589  2.622 0.8888888955
72424  -29.364  -9.463  3.969 0.7777777910
71580  -30.050  -9.956  4.685 0.6666666865
72425  -29.666  -9.458  4.507 0.6666666865
69816  -21.593  -12.378  4.036 0.4444444478
69817  -22.380  -12.452  3.250 0.7777777910
70745  -22.860  -11.296  2.512 0.6666666865
70762  -24.517  -11.207  1.616 0.7777777910
69851  -24.939  -11.596  1.475 0.8888888955
70764  -25.955  -11.040  1.427 0.8888888955
71619  -26.988  -10.203  1.703 1.0000000000
71608  -27.590  -10.591  2.019 1.0000000000
72437  -27.891  -9.694  2.403 0.8888888955
72438  -28.456  -9.640  2.971 0.7777777910
72398  -30.257  -9.066  5.652 0.5555555820
73238  -29.361  -8.657  4.169 0.7777777910
73214  -29.820  -8.452  5.305 0.6666666865
71605  -22.102  -10.332  2.699 0.6666666865
70744  -22.120  -11.387  2.936 0.6666666865
71607  -23.979  -10.627  1.748 0.7777777910
71606  -23.220  -10.290  2.199 0.7777777910
71616  -24.636  -10.229  1.512 0.8888888955
71617  -25.547  -10.216  1.397 0.8888888955
72445  -26.008  -9.386  1.367 1.0000000000
72446  -26.737  -9.484  1.601 1.0000000000
72447  -27.343  -9.620  1.927 0.8888888955
73251  -28.109  -8.785  2.534 0.8888888955
73243  -28.604  -8.707  3.117 0.8888888955
73237  -29.035  -8.640  3.640 0.7777777910
74049  -28.296  -7.894  2.727 0.8888888955
74040  -28.725  -7.870  3.310 0.7777777910
74034  -29.062  -7.727  3.851 0.7777777910
74023  -29.481  -7.825  4.804 0.7777777910
74010  -29.655  -7.427  5.375 0.6666666865
71597  -21.623  -10.713  3.232 0.5555555820
71615  -23.874  -9.921  1.748 0.8888888955
72444  -25.131  -9.289  1.325 0.8888888955
74057  -26.927  -8.209  1.690 1.0000000000
73250  -27.628  -8.951  2.117 0.8888888955
101348  -28.734  -7.254  3.530 0.7777777910
101326  -29.314  -7.017  4.669 0.6666666865
74011  -29.928  -6.856  6.315 0.5555555820
72435  -22.439  -9.245  2.416 0.7777777910
72434  -21.557  -9.218  2.930 0.6666666865
72436  -23.398  -9.159  2.033 0.8888888955
73256  -24.684  -8.217  1.342 1.0000000000
73257  -25.696  -8.382  1.284 1.0000000000
74047  -27.092  -7.135  1.830 0.8888888955
74048  -27.508  -7.893  2.047 0.8888888955
74858  -27.425  -6.705  2.216 0.8888888955
101327  -28.761  -6.355  3.827 0.7777777910
101323  -29.345  -6.186  5.035 0.7777777910
101359  -27.969  -6.086  2.787 0.7777777910
101322  -29.529  -4.829  5.622 0.5555555820
73232  -20.758  -8.426  4.330 0.4444444478
73247  -21.143  -8.244  3.309 0.5555555820
74046  -22.546  -7.360  2.180 0.7777777910
73255  -23.687  -8.148  1.721 1.0000000000
74055  -25.280  -7.195  1.238 1.0000000000
74868  -26.783  -6.449  1.780 0.8888888955
101325  -29.120  -4.785  4.152 0.6666666865
74848  -21.462  -5.767  3.439 0.6666666865
74855  -21.533  -6.836  2.782 0.6666666865
74865  -23.260  -5.624  2.092 0.7777777910
74866  -24.767  -5.841  1.520 0.8888888955
75603  -25.615  -5.079  1.780 0.7777777910
74867  -25.910  -6.257  1.457 0.8888888955
101382  -26.458  -4.677  2.323 0.7777777910
101369  -27.143  -5.560  2.331 0.8888888955
101370  -27.727  -3.878  3.050 0.6666666865
101329  -29.080  -3.705  3.851 0.6666666865
101374  -29.275  -2.793  4.376 0.6666666865
101360  -30.480  -2.442  5.677 0.5555555820
74838  -22.753  -5.532  3.930 0.3333333433
74849  -22.250  -4.938  3.496 0.5555555820
74857  -22.295  -4.827  2.899 0.6666666865
75595  -22.853  -3.561  3.274 0.5555555820
75602  -24.524  -4.119  1.977 0.7777777910
101400  -25.455  -3.402  2.322 0.6666666865
101396  -25.646  -4.192  2.202 0.6666666865
101383  -26.294  -3.720  2.493 0.6666666865
101371  -26.941  -2.670  2.804 0.6666666865
101390  -28.961  -1.420  4.327 0.6666666865
101376  -30.365  -0.902  5.197 0.5555555820
75589  -23.122  -4.013  3.716 0.4444444478
74839  -24.193  -5.786  4.070 0.4444444478
75583  -23.974  -4.533  4.091 0.5555555820
76259  -23.414  -2.874  3.016 0.6666666865
76260  -23.954  -3.216  2.632 0.6666666865
76947  -24.762  -2.780  2.597 0.6666666865
101387  -27.690  -2.335  3.561 0.6666666865
76935  -24.272  -2.460  3.453 0.6666666865
76946  -24.019  -2.728  2.900 0.6666666865
101393  -25.306  -2.161  3.004 0.6666666865
101384  -26.175  -2.677  2.724 0.6666666865
101388  -28.132  -1.757  3.882 0.6666666865
65010  -25.914  -17.651  2.810 0.8888888955
65008  -23.818  -17.633  3.827 1.0000000000
65933  -24.936  -16.435  3.007 1.0000000000
65941  -26.249  -16.200  2.497 1.0000000000
71604  -21.449  -9.956  3.277 0.5555555820
74028  -20.572  -7.359  4.144 0.5555555820
73221  -21.124  -8.373  4.629 0.2222222239
101324  -29.361  -3.878  4.322 0.4444444478
76250  -23.312  -2.812  3.377 0.6666666865
70733  -21.588  -11.449  3.564 0.4444444478
71596  -21.186  -10.331  3.880 0.4444444478
101391  -30.566  0.656  5.008 0.5555555820
62142  -25.287  -20.947  3.734 0.5555555820
62143  -26.273  -20.830  3.677 0.5555555820
63166  -26.071  -19.296  3.202 0.5555555820
63167  -26.838  -19.177  3.296 0.5555555820
64992  -28.580  -17.362  3.576 0.7777777910
65918  -29.013  -16.674  3.557 0.8888888955
61163  -23.582  -21.310  4.644 0.5555555820
64084  -27.374  -18.499  3.321 0.6666666865
65012  -27.907  -17.601  3.273 0.8888888955
66877  -29.343  -16.120  3.633 0.7777777910
66896  -29.443  -15.032  3.363 0.8888888955
62118  -22.637  -20.801  5.209 0.4444444478
63146  -22.442  -19.243  4.927 0.5555555820
67879  -29.076  -14.538  3.069 1.0000000000
64062  -22.246  -18.523  4.833 0.2222222239
65007  -22.988  -17.493  4.167 0.6666666865
69820  -29.391  -12.578  3.619 0.6666666865
70726  -30.269  -11.477  4.494 0.6666666865
65930  -22.004  -16.301  4.440 0.5555555820
71591  -30.408  -11.007  4.670 0.6666666865
66889  -21.572  -15.448  4.544 0.4444444478
71581  -30.475  -10.455  5.035 0.5555555820
68859  -21.539  -13.394  4.610 0.2222222239
73215  -30.107  -8.258  6.003 0.5555555820
70721  -21.107  -11.255  4.868 0.3333333433
72428  -20.672  -8.735  3.967 0.4444444478
75547  -30.361  -5.863  7.435 0.4444444478
72408  -21.531  -9.528  4.933 0.3333333433
101352  -30.692  -3.822  6.755 0.5555555820
74029  -22.006  -6.611  4.365 0.3333333433
74837  -21.241  -6.058  4.236 0.4444444478
79598  -31.385  0.547  5.546 0.2222222239
76231  -24.083  -3.293  4.111 0.6666666865
101333  -26.666  -2.371  2.974 0.6666666865
101398  -27.489  -1.622  3.809 0.6666666865
101399  -27.773  -0.540  3.821 0.6666666865
101389  -28.489  -1.619  4.098 0.6666666865
63147  -23.302  -19.788  4.535 0.5555555820
62141  -24.188  -20.801  4.208 0.5555555820
62161  -25.728  -20.139  3.409 0.6666666865
65021  -25.502  -16.974  2.805 1.0000000000
66894  -28.233  -16.145  2.870 1.0000000000
65934  -27.737  -16.634  2.788 0.8888888955
63125  -22.917  -20.362  4.875 0.4444444478
64063  -22.920  -18.733  4.483 0.6666666865
64064  -23.764  -18.722  4.146 0.6666666865
65009  -24.927  -17.479  3.204 0.8888888955
65942  -26.993  -16.328  2.536 1.0000000000
64990  -22.581  -17.979  4.451 0.6666666865
65931  -22.922  -16.608  3.892 0.8888888955
66905  -24.838  -15.221  2.606 1.0000000000
67890  -24.917  -14.451  2.321 1.0000000000
68891  -27.306  -13.419  2.087 1.0000000000
68892  -28.061  -13.219  2.453 1.0000000000
68893  -28.623  -13.072  2.782 1.0000000000
67877  -23.583  -14.529  3.070 1.0000000000
67876  -22.542  -14.547  3.528 0.5555555820
66890  -22.241  -15.513  3.902 0.5555555820
67889  -24.162  -14.142  2.650 1.0000000000
69836  -26.764  -12.636  1.751 1.0000000000
70748  -28.102  -11.488  2.195 1.0000000000
71598  -29.012  -10.585  3.413 0.8888888955
71590  -29.803  -10.535  4.225 0.7777777910
67875  -21.775  -14.509  4.182 0.5555555820
68872  -22.063  -13.485  3.822 0.6666666865
69818  -23.069  -12.986  3.010 0.7777777910
69832  -22.669  -11.894  2.805 0.6666666865
70746  -23.777  -11.362  2.056 0.8888888955
68888  -24.356  -13.381  2.355 0.8888888955
69852  -25.475  -11.760  1.481 0.8888888955
69853  -26.316  -11.849  1.568 1.0000000000
72430  -28.938  -9.503  3.515 0.8888888955
71589  -29.267  -10.022  3.806 0.7777777910
73227  -29.583  -8.650  4.734 0.6666666865
72414  -30.522  -9.755  5.547 0.5555555820
70763  -25.170  -11.027  1.406 0.8888888955
70765  -26.831  -11.052  1.633 1.0000000000
71618  -26.352  -10.240  1.490 1.0000000000
74035  -29.345  -8.042  4.371 0.7777777910
73259  -27.141  -8.797  1.774 1.0000000000
101335  -29.209  -7.380  4.299 0.7777777910
70732  -21.241  -11.315  4.333 0.4444444478
72443  -24.247  -9.178  1.613 0.8888888955
73258  -26.509  -8.633  1.511 1.0000000000
101358  -28.426  -7.087  3.116 0.7777777910
72429  -20.946  -9.127  3.705 0.5555555820
73248  -21.790  -8.263  2.629 0.6666666865
74056  -26.492  -7.517  1.509 1.0000000000
74859  -27.929  -7.129  2.596 0.8888888955
73242  -20.669  -8.238  3.921 0.5555555820
74044  -21.305  -7.393  2.955 0.5555555820
74054  -24.111  -7.021  1.582 1.0000000000
74053  -23.021  -7.093  1.921 0.7777777910
74045  -22.016  -7.295  2.480 0.7777777910
74856  -22.002  -6.226  2.629 0.6666666865
74864  -22.660  -6.453  2.196 0.7777777910
74836  -20.724  -6.491  3.866 0.6666666865
75604  -26.402  -5.593  1.864 0.7777777910
101328  -29.283  -3.425  4.114 0.5555555820
101351  -31.245  -2.290  6.604 0.4444444478
75601  -23.218  -3.869  2.589 0.6666666865
76241  -23.298  -2.967  3.684 0.6666666865
101349  -27.118  -2.451  3.056 0.6666666865
74017  -20.831  -7.435  4.385 0.3333333433
79592  -31.996  -0.278  5.996 0.3333333433
61164  -23.904  -21.896  4.651 0.5555555820
67880  -29.680  -14.296  3.619 0.7777777910
61143  -22.990  -21.685  5.149 0.3333333433
63124  -22.504  -20.031  5.138 0.4444444478
70725  -29.774  -11.802  4.023 0.6666666865
67863  -21.328  -14.617  4.841 0.1111111119
71584  -21.001  -10.401  4.633 0.3333333433
72419  -20.830  -9.339  4.266 0.3333333433
80207  -29.607  0.654  4.245 0.6666666865
62119  -28.643  -20.351  4.912 0.4444444478
62104  -31.166  -20.705  6.743 0.2222222239
61166  -25.777  -21.731  3.928 0.4444444478
61167  -26.858  -21.664  4.108 0.4444444478
62144  -27.257  -20.398  3.782 0.4444444478
62145  -28.161  -20.166  4.338 0.4444444478
63126  -28.960  -19.508  4.809 0.4444444478
63128  -30.422  -19.287  5.637 0.2222222239
62163  -27.176  -19.612  3.501 0.4444444478
63150  -28.427  -19.198  4.234 0.4444444478
64049  -30.789  -18.448  5.862 0.1111111119
64015  -31.812  -17.905  6.874 0.1111111119
64046  -28.825  -18.690  4.452 0.4444444478
64047  -29.554  -18.315  4.738 0.3333333433
63168  -27.304  -19.159  3.444 0.4444444478
64065  -27.870  -18.599  3.588 0.4444444478
64974  -30.304  -17.491  5.159 0.3333333433
64975  -30.858  -17.836  5.768 0.2222222239
64067  -28.924  -18.178  4.361 0.4444444478
64066  -28.380  -18.305  3.860 0.4444444478
65901  -30.264  -16.499  4.854 0.2222222239
65902  -30.973  -16.629  5.547 0.1111111119
66841  -31.874  -15.104  6.573 0.1111111119
66861  -30.165  -15.966  4.497 0.3333333433
66878  -29.899  -15.531  3.904 0.5555555820
66879  -30.378  -14.988  4.326 0.6666666865
67849  -31.030  -14.621  5.263 0.4444444478
68846  -31.464  -13.084  5.651 0.3333333433
68860  -30.162  -13.585  4.191 0.6666666865
68861  -30.650  -13.369  4.743 0.5555555820
68876  -29.593  -13.337  3.792 0.6666666865
69806  -30.339  -12.475  4.564 0.5555555820
69790  -30.952  -12.737  5.134 0.5555555820
70716  -31.090  -11.748  5.517 0.3333333433
69805  -29.789  -12.757  4.111 0.5555555820
70698  -30.848  -10.994  5.444 0.4444444478
70715  -30.756  -11.616  5.153 0.4444444478
101403  -26.371  -2.147  4.068 0.5555555820
80217  -28.635  0.906  3.603 0.5555555820
61146  -28.202  -21.250  4.876 0.4444444478
62121  -30.165  -19.914  5.648 0.2222222239
66862  -30.585  -15.495  4.845 0.4444444478
66863  -31.292  -15.383  5.756 0.3333333433
67864  -30.237  -14.556  4.054 0.6666666865
67865  -30.620  -14.334  4.641 0.4444444478
70699  -31.263  -11.435  5.812 0.3333333433
71565  -30.871  -10.447  5.763 0.4444444478
73207  -30.547  -8.214  6.834 0.4444444478
101397  -25.983  -2.231  4.919 0.5555555820
62162  -26.580  -19.933  3.432 0.4444444478
67850  -31.530  -14.196  5.899 0.2222222239
60220  -26.679  -22.778  4.407 0.4444444478
60206  -28.042  -22.425  5.277 0.4444444478
61147  -28.703  -21.653  5.700 0.4444444478
62103  -30.118  -20.625  6.049 0.2222222239
60218  -25.261  -22.448  4.241 0.4444444478
63106  -30.774  -19.640  6.130 0.1111111119
64030  -31.755  -18.708  6.937 0.1111111119
62105  -31.758  -19.935  7.191 0.1111111119
64956  -31.424  -17.363  6.291 0.1111111119
65867  -32.374  -16.460  7.354 0.1111111119
66825  -32.407  -15.306  7.283 0.1111111119
67831  -31.947  -14.155  6.667 0.2222222239
69771  -31.686  -12.380  6.114 0.1111111119
68827  -31.804  -13.347  6.363 0.2222222239
71566  -31.292  -10.576  6.483 0.3333333433
72399  -30.727  -9.424  6.314 0.4444444478
72390  -30.964  -9.105  7.189 0.3333333433
73208  -31.066  -8.335  7.637 0.3333333433
74829  -20.732  -6.784  4.230 0.4444444478
64085  -27.886  -18.257  3.517 0.5555555820
64993  -29.090  -17.492  4.115 0.5555555820
74002  -30.592  -7.259  7.417 0.4444444478
64973  -29.742  -17.104  4.581 0.3333333433
62120  -29.281  -20.491  5.531 0.4444444478
62102  -29.621  -20.765  5.912 0.3333333433
61168  -27.622  -21.022  4.299 0.4444444478
61145  -27.545  -21.554  4.463 0.4444444478
63127  -29.860  -19.367  5.248 0.4444444478
64048  -30.396  -18.535  5.440 0.4444444478
64028  -30.722  -18.893  5.877 0.1111111119
65882  -31.694  -16.261  6.468 0.1111111119
66842  -32.083  -15.876  6.909 0.1111111119
65900  -29.905  -16.329  4.382 0.3333333433
68845  -31.094  -13.720  5.188 0.3333333433
69791  -31.241  -12.166  5.545 0.3333333433
72400  -31.235  -9.870  7.040 0.4444444478
65866  -31.971  -16.498  6.919 0.1111111119
60205  -27.437  -22.215  4.624 0.4444444478
61132  -29.438  -21.214  6.070 0.4444444478
61133  -30.094  -21.573  6.449 0.2222222239
60219  -26.016  -22.534  4.164 0.4444444478
63107  -31.452  -19.464  6.744 0.1111111119
64944  -32.241  -17.419  7.297 0.1111111119
55657  -28.591  -27.417  7.547 0.1111111119
56534  -25.476  -26.546  5.750 0.3333333433
55672  -27.373  -27.012  7.121 0.2222222239
56522  -29.574  -26.527  7.447 0.1111111119
57478  -23.679  -25.355  5.732 0.3333333433
56533  -24.638  -26.267  5.591 0.3333333433
55669  -24.650  -27.221  5.919 0.3333333433
57480  -26.665  -25.682  5.669 0.3333333433
57481  -27.427  -25.460  6.019 0.3333333433
56537  -28.105  -26.322  7.042 0.2222222239
57482  -28.347  -25.450  6.668 0.2222222239
56521  -28.769  -26.431  7.314 0.2222222239
57462  -28.770  -25.801  7.065 0.2222222239
58352  -23.125  -24.479  5.837 0.2222222239
57495  -24.690  -25.287  5.348 0.3333333433
56545  -25.533  -25.858  5.455 0.3333333433
56546  -26.099  -26.004  5.572 0.3333333433
57483  -29.133  -25.251  6.927 0.1111111119
59296  -23.459  -23.630  5.342 0.2222222239
58363  -23.951  -24.379  5.332 0.3333333433
59297  -24.494  -23.479  4.756 0.3333333433
58364  -24.703  -24.406  5.040 0.3333333433
59298  -25.368  -23.811  4.623 0.3333333433
58365  -25.464  -24.528  4.960 0.3333333433
58366  -26.289  -24.514  4.977 0.3333333433
58367  -27.031  -24.498  5.243 0.3333333433
58353  -27.665  -24.529  5.665 0.3333333433
59287  -28.333  -23.564  5.827 0.3333333433
58354  -28.377  -24.505  6.220 0.3333333433
58355  -29.280  -24.479  6.718 0.1111111119
59288  -29.167  -23.509  6.415 0.2222222239
60203  -22.821  -22.812  5.518 0.2222222239
60204  -23.737  -22.809  4.888 0.2222222239
59311  -24.919  -22.918  4.430 0.3333333433
59313  -26.029  -23.278  4.388 0.3333333433
59299  -26.149  -23.873  4.630 0.3333333433
59300  -27.138  -23.479  4.817 0.3333333433
59301  -27.907  -23.238  5.401 0.3333333433
60202  -22.168  -22.122  5.840 0.3333333433
61144  -23.366  -22.314  5.028 0.3333333433
61165  -24.839  -21.744  4.188 0.3333333433
60191  -28.376  -22.792  5.695 0.3333333433
60207  -28.535  -22.313  5.738 0.3333333433
60192  -29.029  -22.383  6.171 0.3333333433
74810  -30.811  -6.783  7.872 0.2222222239
56535  -26.427  -26.400  6.039 0.3333333433
56536  -27.336  -26.316  6.620 0.3333333433
55673  -28.080  -26.963  7.312 0.2222222239
57463  -29.525  -25.625  7.194 0.1111111119
57494  -24.265  -24.853  5.399 0.3333333433
57497  -26.318  -25.289  5.363 0.3333333433
57498  -27.035  -25.120  5.549 0.3333333433
60217  -24.545  -22.556  4.530 0.3333333433
54800  -27.741  -28.448  7.614 0.1111111119
54801  -28.784  -28.465  7.761 0.1111111119
55668  -23.894  -27.113  5.832 0.3333333433
55670  -25.489  -27.280  6.314 0.3333333433
55671  -26.422  -27.266  6.823 0.3333333433
54802  -29.771  -28.410  7.998 0.1111111119
55658  -29.634  -27.484  7.713 0.1111111119
57479  -24.165  -25.843  5.585 0.3333333433
57464  -30.394  -25.619  7.420 0.1111111119
59285  -22.661  -23.710  5.959 0.2222222239
58343  -29.665  -24.871  7.061 0.1111111119
59289  -29.981  -23.499  6.831 0.1111111119
60193  -29.960  -22.615  6.618 0.1111111119
75548  -31.554  -5.077  7.946 0.2222222239
65917  -22.324  -17.184  4.441 0.5555555820
74003  -31.196  -7.468  8.043 0.2222222239
55656  -27.578  -27.630  7.422 0.1111111119
56532  -23.717  -26.352  5.794 0.2222222239
56544  -25.101  -25.678  5.389 0.3333333433
60190  -22.324  -23.252  6.054 0.2222222239
57496  -25.565  -25.207  5.238 0.3333333433
59286  -27.633  -23.881  5.366 0.3333333433
58356  -30.099  -24.185  7.107 0.1111111119
60189  -22.018  -22.840  6.211 0.2222222239
59314  -26.508  -23.369  4.538 0.3333333433
55655  -26.872  -27.648  7.259 0.2222222239
54812  -24.616  -28.019  6.409 0.3333333433
54811  -23.875  -27.826  6.109 0.2222222239
54813  -25.469  -28.285  6.884 0.3333333433
54814  -26.261  -28.115  7.209 0.3333333433
56531  -22.878  -26.217  6.237 0.2222222239
72391  -31.504  -9.536  7.913 0.1111111119
73199  -32.413  -8.358  8.549 0.1111111119
73198  -31.669  -8.385  8.224 0.1111111119
73990  -31.936  -7.448  8.392 0.1111111119
73991  -32.901  -7.451  8.597 0.1111111119
74795  -31.470  -6.619  7.899 0.1111111119
74796  -32.221  -6.418  8.416 0.1111111119
76887  -32.260  -2.269  7.287 0.1111111119
78947  -32.012  -1.337  6.624 0.1111111119
101344  -31.846  -3.144  7.546 0.1111111119
78280  -32.818  -1.364  6.832 0.1111111119
101377  -26.332  -3.502  4.560 0.4444444478
101392  -25.629  -2.940  4.315 0.4444444478
80208  -30.385  1.381  4.665 0.3333333433
80210  -32.024  1.489  5.554 0.1111111119
79599  -32.447  0.657  5.796 0.1111111119
80206  -25.424  -0.754  4.665 0.4444444478
80748  -27.619  1.324  3.747 0.4444444478
80749  -28.706  1.776  3.432 0.4444444478
80750  -29.525  2.148  3.742 0.4444444478
80751  -30.018  2.329  4.178 0.2222222239
80740  -30.652  2.318  4.629 0.2222222239
81289  -31.449  3.005  4.679 0.2222222239
80741  -31.678  2.294  5.173 0.2222222239
81787  -28.777  4.348  0.722 0.1111111119
82287  -30.813  4.741  2.116 0.1111111119
81300  -33.071  3.287  4.654 0.1111111119
101378  -26.454  -3.019  4.583 0.4444444478
101357  -26.440  -1.829  5.748 0.4444444478
101365  -26.184  -2.269  5.142 0.4444444478
101401  -25.803  -2.003  5.271 0.3333333433
101402  -25.008  -1.722  5.005 0.4444444478
80738  -25.707  0.923  4.658 0.4444444478
81294  -26.776  2.465  4.136 0.3333333433
81296  -29.007  2.643  3.260 0.3333333433
81762  -29.420  3.466  2.953 0.1111111119
81297  -30.032  3.005  3.974 0.1111111119
81763  -30.377  3.733  3.418 0.1111111119
81288  -30.815  3.021  4.394 0.2222222239
81298  -31.139  3.627  4.111 0.1111111119
81775  -31.246  4.249  3.300 0.1111111119
101364  -27.073  -2.634  5.380 0.2222222239
80202  -24.768  -0.963  5.677 0.3333333433
80203  -24.563  0.048  5.733 0.3333333433
81295  -27.952  2.425  3.281 0.4444444478
81760  -27.263  3.399  3.074 0.2222222239
81761  -28.323  3.239  2.654 0.2222222239
81772  -27.518  3.831  1.882 0.1111111119
81774  -30.032  4.157  2.572 0.1111111119
81773  -28.779  3.915  1.816 0.1111111119
101343  -26.049  -1.566  5.773 0.3333333433
79588  -25.797  -0.080  6.567 0.3333333433
80197  -24.908  -0.304  6.262 0.3333333433
81287  -25.428  2.659  5.353 0.2222222239
81759  -26.255  3.988  4.267 0.1111111119
81785  -26.837  4.525  1.216 0.1111111119
82840  -27.589  5.579  0.197 0.1111111119
101385  -28.313  -1.008  7.240 0.1111111119
101386  -27.443  -0.155  7.187 0.1111111119
80198  -24.957  0.612  7.075 0.2222222239
80736  -24.530  1.502  6.287 0.3333333433
81284  -25.069  3.016  6.949 0.2222222239
81756  -25.372  4.136  5.916 0.1111111119
82271  -25.965  5.376  3.352 0.1111111119
81771  -26.595  4.386  2.455 0.1111111119
82285  -26.137  5.407  1.596 0.1111111119
81786  -27.746  4.280  0.734 0.1111111119
82299  -29.765  4.817  0.582 0.1111111119
101373  -28.102  -0.433  7.480 0.1111111119
78940  -27.859  0.367  7.962 0.1111111119
79589  -26.609  0.482  7.409 0.1111111119
79583  -27.137  1.046  8.344 0.1111111119
80733  -25.987  2.208  8.874 0.1111111119
80732  -24.842  2.106  8.126 0.1111111119
81280  -25.423  3.520  8.282 0.1111111119
82244  -25.983  5.211  6.557 0.1111111119
82256  -25.710  5.312  5.072 0.1111111119
82808  -25.276  6.475  4.197 0.1111111119
79584  -27.924  0.818  9.114 0.1111111119
78926  -28.682  0.277  9.581 0.1111111119
80194  -27.974  1.462  9.714 0.1111111119
81281  -25.941  3.086  9.087 0.1111111119
81748  -26.818  4.300  8.643 0.1111111119
81753  -26.537  5.074  7.579 0.1111111119
80184  -27.862  2.206  9.797 0.1111111119
80185  -28.588  1.613  10.306 0.1111111119
80719  -27.860  3.062  9.879 0.1111111119
72382  -32.101  -9.089  8.418 0.1111111119
75549  -32.668  -5.363  8.197 0.1111111119
101336  -31.981  -4.216  7.924 0.1111111119
80218  -29.325  1.421  3.716 0.4444444478
80739  -29.909  1.727  4.219 0.3333333433
80209  -31.092  1.482  5.186 0.2222222239
81777  -32.386  4.499  3.332 0.1111111119
82286  -29.617  4.413  1.553 0.1111111119
80193  -27.129  1.740  9.067 0.1111111119
81747  -25.898  4.055  8.222 0.1111111119
82789  -26.074  6.608  6.088 0.1111111119
81273  -27.379  3.621  9.533 0.1111111119
73972  -33.516  -7.851  8.933 0.1111111119
73184  -33.100  -8.420  8.895 0.1111111119
78941  -28.415  -0.001  8.687 0.1111111119
79569  -28.308  0.885  10.017 0.1111111119
80729  -26.995  2.673  9.393 0.1111111119
73973  -34.123  -7.737  9.187 0.1111111119
73185  -33.720  -8.460  9.298 0.1111111119
73992  -33.762  -7.173  8.733 0.1111111119
74797  -33.292  -6.409  8.396 0.1111111119
76201  -33.296  -4.424  7.752 0.1111111119
101341  -32.566  -3.721  7.700 0.1111111119
77566  -33.331  -2.254  7.285 0.1111111119
78281  -33.535  -1.604  6.947 0.1111111119
78950  -32.963  -0.757  6.514 0.1111111119
80211  -33.004  1.468  5.578 0.1111111119
79600  -33.383  0.607  5.822 0.1111111119
80752  -33.779  2.912  4.695 0.1111111119
81766  -33.138  3.959  4.021 0.1111111119
101381  -26.423  -1.221  6.144 0.2222222239
101372  -27.432  -1.168  6.544 0.1111111119
101379  -26.798  -0.313  6.678 0.2222222239
101589  -30.491  5.060  0.122 0.1111111119
101375  -28.544  -1.899  7.135 0.1111111119
101350  -29.510  -2.851  7.603 0.1111111119
78264  -29.537  -1.247  8.906 0.1111111119
101590  -29.601  4.837  -0.532 0.1111111119
78927  -29.371  -0.219  9.883 0.1111111119
82823  -25.346  6.553  2.427 0.1111111119
82831  -26.683  6.848  1.328 0.1111111119
79570  -29.042  0.651  10.456 0.1111111119
82790  -27.074  6.611  7.252 0.1111111119
81262  -27.943  3.545  9.876 0.1111111119
76888  -32.879  -2.343  7.360 0.1111111119
79593  -32.882  0.039  6.101 0.1111111119
81290  -32.316  2.911  4.971 0.2222222239
82298  -28.163  4.742  -0.308 0.1111111119
101596  -31.624  4.731  2.554 0.1111111119
81291  -32.910  2.734  5.095 0.1111111119
81299  -32.069  3.611  4.414 0.2222222239
81776  -31.974  4.053  3.968 0.2222222239
79587  -25.276  -0.752  6.181 0.3333333433
101380  -26.770  -0.806  6.423 0.1111111119
82297  -26.950  5.171  0.410 0.1111111119
80199  -25.916  1.343  8.272 0.1111111119
78262  -28.352  -0.169  8.042 0.1111111119
78263  -28.695  -0.720  8.061 0.1111111119
81752  -25.735  4.268  7.515 0.1111111119
78942  -28.979  -0.385  9.045 0.1111111119
82245  -26.569  5.890  7.192 0.1111111119
72392  -32.240  -9.816  8.425 0.1111111119
80742  -32.595  2.244  5.336 0.1111111119
81765  -32.508  3.906  4.126 0.1111111119
81737  -27.462  4.099  9.353 0.1111111119
76879  -33.122  -3.101  7.537 0.1111111119
80743  -33.519  2.336  5.144 0.1111111119
81778  -33.510  4.303  3.497 0.1111111119
82306  -32.002  5.141  1.673 0.1111111119
82807  -24.796  7.697  3.379 0.1111111119
54797  -24.593  -28.848  6.651 0.2222222239
65929  -21.426  -16.186  4.881 0.2222222239
63145  -22.082  -18.894  5.206 0.3333333433
101367  -25.235  -4.065  4.296 0.3333333433
101361  -25.507  -4.808  4.489 0.2222222239
101363  -26.951  -3.851  4.992 0.1111111119
101356  -27.530  -3.749  5.426 0.1111111119
74018  -21.308  -7.258  4.507 0.1111111119
74019  -22.131  -7.491  4.517 0.1111111119
74031  -24.675  -6.999  4.299 0.1111111119
74840  -25.718  -5.653  4.559 0.1111111119
101355  -27.256  -4.816  5.385 0.1111111119
101362  -24.902  -4.971  4.332 0.2222222239
63123  -21.877  -19.422  5.666 0.2222222239
64989  -21.896  -17.808  4.825 0.2222222239
69801  -21.375  -12.110  4.717 0.2222222239
69782  -21.445  -12.759  5.066 0.1111111119
101368  -26.205  -4.475  4.653 0.3333333433
65916  -21.592  -16.970  4.861 0.2222222239
74032  -25.990  -7.090  4.546 0.1111111119
74841  -26.821  -6.126  5.274 0.1111111119
53944  -26.229  -28.678  7.393 0.1111111119
53929  -22.797  -29.330  6.769 0.1111111119
54796  -23.780  -28.644  6.431 0.1111111119
55667  -23.203  -27.087  6.211 0.1111111119
62116  -21.617  -20.392  6.401 0.1111111119
66876  -21.275  -15.594  5.160 0.1111111119
71573  -21.317  -10.740  5.113 0.2222222239
72407  -21.052  -9.446  4.689 0.2222222239
53931  -24.746  -29.481  6.832 0.1111111119
53932  -25.606  -29.192  7.202 0.1111111119
53928  -22.255  -28.689  7.001 0.1111111119
54795  -22.949  -28.059  6.563 0.1111111119
55654  -22.307  -27.087  6.713 0.1111111119
56520  -21.872  -25.979  6.923 0.1111111119
57477  -22.624  -25.278  6.295 0.1111111119
58351  -22.311  -24.436  6.415 0.1111111119
63105  -21.588  -19.428  6.476 0.1111111119
64988  -21.394  -17.653  5.423 0.1111111119
72409  -22.393  -9.474  4.873 0.1111111119
54799  -26.880  -28.281  7.480 0.1111111119
52996  -24.249  -30.037  6.864 0.1111111119
59284  -21.860  -23.616  6.592 0.1111111119
62117  -22.030  -20.543  5.734 0.1111111119
54810  -23.500  -27.541  6.199 0.1111111119
54798  -25.097  -28.982  6.869 0.1111111119
53930  -23.928  -29.469  6.626 0.1111111119
62101  -21.452  -20.434  7.050 0.1111111119
71574  -22.082  -10.685  5.371 0.1111111119
61131  -21.352  -21.306  6.948 0.1111111119
64061  -21.753  -18.457  5.311 0.1111111119
71575  -23.189  -10.469  5.031 0.1111111119
71561  -21.536  -11.462  5.207 0.1111111119
74030  -23.144  -6.987  4.273 0.1111111119
53943  -25.857  -28.577  7.203 0.1111111119
59312  -25.358  -23.101  4.390 0.3333333433
63149  -27.788  -19.276  3.694 0.4444444478
64029  -31.197  -18.533  6.317 0.1111111119
65883  -32.021  -16.254  6.918 0.1111111119
65919  -29.503  -16.546  4.022 0.3333333433
72413  -30.053  -9.408  5.077 0.5555555820
72418  -20.683  -8.947  4.074 0.4444444478
73231  -20.645  -8.788  4.280 0.4444444478
73241  -20.626  -8.582  4.106 0.4444444478
73249  -22.685  -8.100  2.146 0.8888888955
74039  -20.794  -7.308  3.605 0.7777777910
74052  -22.435  -6.889  2.248 0.7777777910
74830  -20.909  -6.835  4.384 0.4444444478
74847  -21.143  -6.577  3.210 0.6666666865
77565  -32.795  -1.824  7.129 0.1111111119
81274  -27.999  3.775  9.874 0.1111111119
81308  -31.538  3.971  3.909 0.2222222239
81309  -31.705  3.833  4.121 0.2222222239
81764  -32.214  3.860  4.178 0.2222222239
101394  -26.152  -0.700  6.290 0.3333333433
101395  -25.543  -1.336  5.836 0.3333333433
101591  -31.516  4.876  2.144 0.1111111119
