#!ascii label  , from subject 3962 vox2ras=TkReg
240
64943  -31.876  -16.981  6.899 0.0000000000
68860  -30.162  -13.585  4.191 0.0000000000
101390  -28.961  -1.420  4.327 0.0000000000
101323  -29.345  -6.186  5.035 0.0000000000
72390  -30.964  -9.105  7.189 0.0000000000
69752  -33.014  -12.289  8.825 0.0000000000
101398  -27.489  -1.622  3.809 0.0000000000
73215  -30.107  -8.258  6.003 0.0000000000
71580  -30.050  -9.956  4.685 0.0000000000
66863  -31.292  -15.383  5.756 0.0000000000
68827  -31.804  -13.347  6.363 0.0000000000
67819  -32.595  -14.208  7.537 0.0000000000
61132  -29.438  -21.214  6.070 0.0000000000
64974  -30.304  -17.491  5.159 0.0000000000
81287  -25.428  2.659  5.353 0.0000000000
81294  -26.776  2.465  4.136 0.0000000000
80750  -29.525  2.148  3.742 0.0000000000
101391  -30.566  0.656  5.008 0.0000000000
79592  -31.996  -0.278  5.996 0.0000000000
101324  -29.361  -3.878  4.322 0.0000000000
76887  -32.260  -2.269  7.287 0.0000000000
101336  -31.981  -4.216  7.924 0.0000000000
74796  -32.221  -6.418  8.416 0.0000000000
73184  -33.100  -8.420  8.895 0.0000000000
70715  -30.756  -11.616  5.153 0.0000000000
71557  -32.125  -10.604  8.072 0.0000000000
72424  -29.364  -9.463  3.969 0.0000000000
71609  -28.316  -10.589  2.622 0.0000000000
65882  -31.694  -16.261  6.468 0.0000000000
66841  -31.874  -15.104  6.573 0.0000000000
66842  -32.083  -15.876  6.909 0.0000000000
58343  -29.665  -24.871  7.061 0.0000000000
58356  -30.099  -24.185  7.107 0.0000000000
59289  -29.981  -23.499  6.831 0.0000000000
64973  -29.742  -17.104  4.581 0.0000000000
64067  -28.924  -18.178  4.361 0.0000000000
81295  -27.952  2.425  3.281 0.0000000000
101388  -28.132  -1.757  3.882 0.0000000000
80207  -29.607  0.654  4.245 0.0000000000
79598  -31.385  0.547  5.546 0.0000000000
101376  -30.365  -0.902  5.197 0.0000000000
101322  -29.529  -4.829  5.622 0.0000000000
101351  -31.245  -2.290  6.604 0.0000000000
101352  -30.692  -3.822  6.755 0.0000000000
101344  -31.846  -3.144  7.546 0.0000000000
75547  -30.361  -5.863  7.435 0.0000000000
73207  -30.547  -8.214  6.834 0.0000000000
74810  -30.811  -6.783  7.872 0.0000000000
73208  -31.066  -8.335  7.637 0.0000000000
73991  -32.901  -7.451  8.597 0.0000000000
73198  -31.669  -8.385  8.224 0.0000000000
68875  -29.132  -13.455  3.221 0.0000000000
70725  -29.774  -11.802  4.023 0.0000000000
69806  -30.339  -12.475  4.564 0.0000000000
68817  -32.515  -13.158  7.473 0.0000000000
70687  -31.837  -11.605  6.766 0.0000000000
70679  -32.636  -11.584  8.249 0.0000000000
71547  -32.712  -10.492  8.826 0.0000000000
71548  -33.249  -10.703  9.451 0.0000000000
61133  -30.094  -21.573  6.449 0.0000000000
62102  -29.621  -20.765  5.912 0.0000000000
62104  -31.166  -20.705  6.743 0.0000000000
63106  -30.774  -19.640  6.130 0.0000000000
101335  -29.209  -7.380  4.299 0.0000000000
74011  -29.928  -6.856  6.315 0.0000000000
74023  -29.481  -7.825  4.804 0.0000000000
73214  -29.820  -8.452  5.305 0.0000000000
72414  -30.522  -9.755  5.547 0.0000000000
67865  -30.620  -14.334  4.641 0.0000000000
68845  -31.094  -13.720  5.188 0.0000000000
67850  -31.530  -14.196  5.899 0.0000000000
68816  -32.195  -13.612  6.988 0.0000000000
68808  -32.852  -13.626  8.034 0.0000000000
61134  -30.741  -21.899  6.955 0.0000000000
66896  -29.443  -15.032  3.363 0.0000000000
66861  -30.165  -15.966  4.497 0.0000000000
65901  -30.264  -16.499  4.854 0.0000000000
64956  -31.424  -17.363  6.291 0.0000000000
81756  -25.372  4.136  5.916 0.0000000000
80736  -24.530  1.502  6.287 0.0000000000
81761  -28.323  3.239  2.654 0.0000000000
81762  -29.420  3.466  2.953 0.0000000000
81297  -30.032  3.005  3.974 0.0000000000
80217  -28.635  0.906  3.603 0.0000000000
80739  -29.909  1.727  4.219 0.0000000000
81289  -31.449  3.005  4.679 0.0000000000
80210  -32.024  1.489  5.554 0.0000000000
79599  -32.447  0.657  5.796 0.0000000000
79593  -32.882  0.039  6.101 0.0000000000
101374  -29.275  -2.793  4.376 0.0000000000
101360  -30.480  -2.442  5.677 0.0000000000
78947  -32.012  -1.337  6.624 0.0000000000
78280  -32.818  -1.364  6.832 0.0000000000
77566  -33.331  -2.254  7.285 0.0000000000
76201  -33.296  -4.424  7.752 0.0000000000
75549  -32.668  -5.363  8.197 0.0000000000
71599  -29.496  -11.145  3.741 0.0000000000
71591  -30.408  -11.007  4.670 0.0000000000
71565  -30.871  -10.447  5.763 0.0000000000
69791  -31.241  -12.166  5.545 0.0000000000
70699  -31.263  -11.435  5.812 0.0000000000
72400  -31.235  -9.870  7.040 0.0000000000
72392  -32.240  -9.816  8.425 0.0000000000
72372  -33.327  -9.065  9.222 0.0000000000
64048  -30.396  -18.535  5.440 0.0000000000
64049  -30.789  -18.448  5.862 0.0000000000
64015  -31.812  -17.905  6.874 0.0000000000
65866  -31.971  -16.498  6.919 0.0000000000
65867  -32.374  -16.460  7.354 0.0000000000
65868  -32.796  -16.387  7.812 0.0000000000
65854  -32.792  -16.677  7.815 0.0000000000
58344  -30.261  -24.815  7.306 0.0000000000
101389  -28.489  -1.619  4.098 0.0000000000
101327  -28.761  -6.355  3.827 0.0000000000
68876  -29.593  -13.337  3.792 0.0000000000
69805  -29.789  -12.757  4.111 0.0000000000
69751  -32.812  -12.679  8.111 0.0000000000
69760  -32.399  -12.170  7.456 0.0000000000
70680  -33.060  -11.475  9.165 0.0000000000
70671  -33.442  -11.353  9.935 0.0000000000
74034  -29.062  -7.727  3.851 0.0000000000
74035  -29.345  -8.042  4.371 0.0000000000
73227  -29.583  -8.650  4.734 0.0000000000
72425  -29.666  -9.458  4.507 0.0000000000
72398  -30.257  -9.066  5.652 0.0000000000
67849  -31.030  -14.621  5.263 0.0000000000
66824  -32.247  -14.578  6.996 0.0000000000
67831  -31.947  -14.155  6.667 0.0000000000
67810  -32.843  -14.063  7.962 0.0000000000
67811  -32.951  -14.373  8.429 0.0000000000
57462  -28.770  -25.801  7.065 0.0000000000
56521  -28.769  -26.431  7.314 0.0000000000
60194  -30.525  -22.762  7.034 0.0000000000
66878  -29.899  -15.531  3.904 0.0000000000
65902  -30.973  -16.629  5.547 0.0000000000
81284  -25.069  3.016  6.949 0.0000000000
81759  -26.255  3.988  4.267 0.0000000000
81760  -27.263  3.399  3.074 0.0000000000
80749  -28.706  1.776  3.432 0.0000000000
81296  -29.007  2.643  3.260 0.0000000000
101399  -27.773  -0.540  3.821 0.0000000000
80208  -30.385  1.381  4.665 0.0000000000
80740  -30.652  2.318  4.629 0.0000000000
80209  -31.092  1.482  5.186 0.0000000000
80741  -31.678  2.294  5.173 0.0000000000
101325  -29.120  -4.785  4.152 0.0000000000
101329  -29.080  -3.705  3.851 0.0000000000
101328  -29.283  -3.425  4.114 0.0000000000
78281  -33.535  -1.604  6.947 0.0000000000
76879  -33.122  -3.101  7.537 0.0000000000
101341  -32.566  -3.721  7.700 0.0000000000
76206  -33.758  -3.875  7.541 0.0000000000
74795  -31.470  -6.619  7.899 0.0000000000
73972  -33.516  -7.851  8.933 0.0000000000
70734  -28.729  -11.523  2.795 0.0000000000
70726  -30.269  -11.477  4.494 0.0000000000
71581  -30.475  -10.455  5.035 0.0000000000
70698  -30.848  -10.994  5.444 0.0000000000
68846  -31.464  -13.084  5.651 0.0000000000
69790  -30.952  -12.737  5.134 0.0000000000
69771  -31.686  -12.380  6.114 0.0000000000
70688  -32.166  -11.335  7.545 0.0000000000
71556  -31.661  -10.626  7.322 0.0000000000
72391  -31.504  -9.536  7.913 0.0000000000
71538  -33.277  -9.866  9.342 0.0000000000
72383  -32.734  -9.303  8.826 0.0000000000
63107  -31.452  -19.464  6.744 0.0000000000
64028  -30.722  -18.893  5.877 0.0000000000
64030  -31.755  -18.708  6.937 0.0000000000
73237  -29.035  -8.640  3.640 0.0000000000
72430  -28.938  -9.503  3.515 0.0000000000
71589  -29.267  -10.022  3.806 0.0000000000
66825  -32.407  -15.306  7.283 0.0000000000
67820  -32.774  -15.051  7.896 0.0000000000
66826  -32.795  -15.871  7.829 0.0000000000
57463  -29.525  -25.625  7.194 0.0000000000
59288  -29.167  -23.509  6.415 0.0000000000
59290  -30.652  -23.391  7.245 0.0000000000
65918  -29.013  -16.674  3.557 0.0000000000
64992  -28.580  -17.362  3.576 0.0000000000
64993  -29.090  -17.492  4.115 0.0000000000
64047  -29.554  -18.315  4.738 0.0000000000
80738  -25.707  0.923  4.658 0.0000000000
80748  -27.619  1.324  3.747 0.0000000000
74002  -30.592  -7.259  7.417 0.0000000000
74003  -31.196  -7.468  8.043 0.0000000000
73990  -31.936  -7.448  8.392 0.0000000000
73199  -32.413  -8.358  8.549 0.0000000000
69819  -28.954  -12.443  3.009 0.0000000000
69820  -29.391  -12.578  3.619 0.0000000000
69759  -32.074  -12.706  6.853 0.0000000000
71539  -33.760  -10.351  10.105 0.0000000000
62103  -30.118  -20.625  6.049 0.0000000000
62121  -30.165  -19.914  5.648 0.0000000000
63128  -30.422  -19.287  5.637 0.0000000000
101348  -28.734  -7.254  3.530 0.0000000000
101326  -29.314  -7.017  4.669 0.0000000000
74010  -29.655  -7.427  5.375 0.0000000000
73238  -29.361  -8.657  4.169 0.0000000000
72399  -30.727  -9.424  6.314 0.0000000000
67864  -30.237  -14.556  4.054 0.0000000000
68861  -30.650  -13.369  4.743 0.0000000000
68809  -33.097  -13.307  8.945 0.0000000000
66807  -33.256  -15.042  9.285 0.0000000000
55673  -28.080  -26.963  7.312 0.0000000000
60192  -29.029  -22.383  6.171 0.0000000000
60193  -29.960  -22.615  6.618 0.0000000000
61122  -31.439  -21.363  7.254 0.0000000000
67880  -29.680  -14.296  3.619 0.0000000000
66879  -30.378  -14.988  4.326 0.0000000000
66862  -30.585  -15.495  4.845 0.0000000000
65900  -29.905  -16.329  4.382 0.0000000000
81763  -30.377  3.733  3.418 0.0000000000
81298  -31.139  3.627  4.111 0.0000000000
80218  -29.325  1.421  3.716 0.0000000000
80751  -30.018  2.329  4.178 0.0000000000
81288  -30.815  3.021  4.394 0.0000000000
81290  -32.316  2.911  4.971 0.0000000000
80742  -32.595  2.244  5.336 0.0000000000
101370  -27.727  -3.878  3.050 0.0000000000
78950  -32.963  -0.757  6.514 0.0000000000
76888  -32.879  -2.343  7.360 0.0000000000
76880  -34.173  -3.438  7.398 0.0000000000
75548  -31.554  -5.077  7.946 0.0000000000
74797  -33.292  -6.409  8.396 0.0000000000
71598  -29.012  -10.585  3.413 0.0000000000
71590  -29.803  -10.535  4.225 0.0000000000
70735  -29.256  -11.676  3.405 0.0000000000
70716  -31.090  -11.748  5.517 0.0000000000
71566  -31.292  -10.576  6.483 0.0000000000
72382  -32.101  -9.089  8.418 0.0000000000
64975  -30.858  -17.836  5.768 0.0000000000
64944  -32.241  -17.419  7.297 0.0000000000
62120  -29.281  -20.491  5.531 0.0000000000
64029  -31.197  -18.533  6.317 0.0000000000
65883  -32.021  -16.254  6.918 0.0000000000
65919  -29.503  -16.546  4.022 0.0000000000
67818  -32.264  -14.135  7.035 0.0000000000
72413  -30.053  -9.408  5.077 0.0000000000
77565  -32.795  -1.824  7.129 0.0000000000
