#!ascii label  , from subject 3962 vox2ras=TkReg
190
72199  27.738  -13.657  3.165 0.0000000000
65031  25.587  -22.322  3.101 0.0000000000
76089  28.034  -7.922  3.489 0.0000000000
83399  25.911  1.862  1.404 0.0000000000
63248  24.002  -23.971  2.986 0.0000000000
79532  29.360  -5.408  4.083 0.0000000000
80158  28.902  -2.784  2.838 0.0000000000
69584  25.753  -16.657  1.688 0.0000000000
67853  26.735  -18.448  2.474 0.0000000000
69580  28.651  -16.453  3.292 0.0000000000
73910  30.015  -11.338  5.099 0.0000000000
71270  30.179  -14.497  4.532 0.0000000000
74722  27.707  -11.176  3.505 0.0000000000
76083  30.070  -8.351  5.028 0.0000000000
82213  26.268  0.048  1.248 0.0000000000
82197  29.038  -0.220  1.469 0.0000000000
65043  27.398  -20.570  3.251 0.0000000000
79543  28.483  -3.552  2.682 0.0000000000
80770  28.183  -2.475  1.873 0.0000000000
71316  26.473  -14.986  2.546 0.0000000000
69582  27.096  -16.673  2.545 0.0000000000
70401  27.961  -15.611  2.966 0.0000000000
64126  24.513  -23.164  2.848 0.0000000000
75408  27.340  -10.179  3.278 0.0000000000
75398  28.810  -9.364  4.440 0.0000000000
76084  29.176  -8.390  4.562 0.0000000000
79531  30.371  -4.047  4.222 0.0000000000
78242  30.437  -6.169  4.636 0.0000000000
82778  25.353  1.250  2.136 0.0000000000
81498  25.262  -1.792  1.209 0.0000000000
83413  29.024  2.528  0.239 0.0000000000
83396  29.560  1.951  0.836 0.0000000000
82211  28.420  0.127  1.065 0.0000000000
82787  29.858  0.883  1.681 0.0000000000
81480  29.971  -0.620  2.649 0.0000000000
67851  28.305  -18.467  3.179 0.0000000000
66937  27.234  -19.290  2.906 0.0000000000
62262  23.395  -24.609  2.790 0.0000000000
101667  28.583  -6.850  4.109 0.0000000000
101671  28.338  -6.213  3.666 0.0000000000
79542  29.214  -3.778  3.417 0.0000000000
80156  30.618  -2.862  3.748 0.0000000000
67855  25.486  -18.610  1.318 0.0000000000
68724  26.247  -17.584  2.024 0.0000000000
68722  27.711  -17.541  2.861 0.0000000000
68703  29.337  -17.809  3.513 0.0000000000
72181  29.022  -12.966  4.135 0.0000000000
72186  29.288  -13.886  4.166 0.0000000000
72180  29.561  -13.387  4.415 0.0000000000
72200  26.813  -13.600  2.727 0.0000000000
73935  26.715  -12.227  2.726 0.0000000000
73065  27.686  -12.672  3.161 0.0000000000
73921  28.577  -11.259  4.199 0.0000000000
74710  29.454  -10.387  4.785 0.0000000000
76073  31.005  -8.466  5.341 0.0000000000
76848  29.473  -7.064  4.524 0.0000000000
77548  30.987  -6.962  5.130 0.0000000000
81497  26.687  -1.248  1.183 0.0000000000
82805  26.920  1.636  0.890 0.0000000000
82212  27.287  0.152  1.042 0.0000000000
81496  27.793  -0.916  1.192 0.0000000000
80786  28.218  -1.463  1.492 0.0000000000
80768  29.446  -1.219  2.489 0.0000000000
80753  29.932  -1.794  2.991 0.0000000000
65046  25.261  -21.662  2.558 0.0000000000
66939  25.865  -19.459  2.000 0.0000000000
70385  29.368  -15.467  3.818 0.0000000000
69551  30.025  -16.481  4.170 0.0000000000
80169  27.863  -3.012  1.892 0.0000000000
71294  27.201  -14.723  2.792 0.0000000000
71315  27.165  -15.258  2.737 0.0000000000
71293  28.097  -14.708  3.213 0.0000000000
61254  22.042  -25.486  2.565 0.0000000000
61253  23.057  -25.549  3.081 0.0000000000
64125  25.041  -22.776  2.990 0.0000000000
75407  28.174  -9.730  3.916 0.0000000000
80146  30.969  -3.517  4.104 0.0000000000
79530  31.412  -3.994  4.247 0.0000000000
82789  25.579  1.081  1.602 0.0000000000
82214  25.694  0.229  1.473 0.0000000000
82806  26.138  1.209  1.263 0.0000000000
82803  29.093  1.294  0.915 0.0000000000
67834  29.125  -18.524  3.477 0.0000000000
66936  28.019  -19.352  3.218 0.0000000000
64136  24.126  -22.737  2.348 0.0000000000
101672  27.768  -6.270  2.870 0.0000000000
78902  28.154  -4.910  2.555 0.0000000000
79541  29.935  -3.316  3.737 0.0000000000
80157  29.627  -2.755  3.312 0.0000000000
83370  25.561  2.786  2.495 0.0000000000
68725  25.664  -17.618  1.448 0.0000000000
69583  26.347  -16.669  2.220 0.0000000000
69581  27.871  -16.589  2.891 0.0000000000
68721  28.604  -17.509  3.202 0.0000000000
68720  29.168  -17.164  3.432 0.0000000000
73048  29.197  -12.422  4.333 0.0000000000
73047  29.881  -12.356  4.825 0.0000000000
71296  25.813  -14.301  2.114 0.0000000000
74723  27.325  -11.314  3.063 0.0000000000
73934  27.206  -12.035  2.878 0.0000000000
73066  27.121  -12.819  2.818 0.0000000000
73923  27.747  -11.902  3.290 0.0000000000
73922  28.269  -11.712  3.776 0.0000000000
75397  29.713  -9.361  4.958 0.0000000000
75389  30.623  -9.377  5.312 0.0000000000
101669  28.914  -6.347  4.157 0.0000000000
78226  30.768  -6.586  4.897 0.0000000000
76835  31.392  -7.660  5.284 0.0000000000
83414  27.908  2.827  0.102 0.0000000000
82819  27.656  2.062  0.534 0.0000000000
82804  27.940  1.180  0.731 0.0000000000
82210  29.134  0.385  1.314 0.0000000000
81495  28.595  -0.849  1.499 0.0000000000
80769  28.819  -1.872  2.102 0.0000000000
81481  29.249  -0.768  1.995 0.0000000000
81479  31.010  -0.371  2.892 0.0000000000
81467  30.662  -1.096  3.173 0.0000000000
80752  31.039  -1.845  3.518 0.0000000000
67854  26.080  -18.509  1.960 0.0000000000
66938  26.514  -19.317  2.540 0.0000000000
66007  27.687  -20.144  3.253 0.0000000000
66008  27.020  -20.056  2.977 0.0000000000
65044  26.967  -20.825  3.160 0.0000000000
65045  26.192  -21.145  2.917 0.0000000000
71271  29.584  -14.080  4.320 0.0000000000
71279  29.392  -14.525  4.083 0.0000000000
71278  29.763  -14.941  4.305 0.0000000000
79548  28.055  -3.655  2.150 0.0000000000
70421  26.144  -15.400  2.341 0.0000000000
70403  26.483  -15.923  2.446 0.0000000000
70419  27.089  -15.548  2.695 0.0000000000
70386  28.648  -15.496  3.401 0.0000000000
63257  24.172  -23.432  2.775 0.0000000000
63247  24.736  -23.748  3.188 0.0000000000
63246  25.701  -23.715  3.459 0.0000000000
73901  30.874  -11.266  5.351 0.0000000000
74721  28.088  -10.753  3.889 0.0000000000
78896  30.547  -5.225  4.441 0.0000000000
78895  31.315  -4.866  4.428 0.0000000000
82817  28.848  1.913  0.560 0.0000000000
82788  29.429  0.668  1.442 0.0000000000
82196  29.590  0.097  1.840 0.0000000000
82195  30.389  0.316  2.338 0.0000000000
67852  27.482  -18.441  2.864 0.0000000000
62263  22.723  -25.041  2.641 0.0000000000
62276  23.039  -24.088  2.263 0.0000000000
63258  23.545  -23.609  2.367 0.0000000000
83379  25.694  2.319  1.819 0.0000000000
68723  26.951  -17.564  2.452 0.0000000000
72187  28.705  -13.534  3.775 0.0000000000
72198  28.311  -14.134  3.441 0.0000000000
72179  30.789  -13.308  5.056 0.0000000000
73046  30.644  -12.180  5.275 0.0000000000
71317  26.088  -14.930  2.313 0.0000000000
71295  26.356  -14.293  2.540 0.0000000000
72201  26.110  -13.416  2.427 0.0000000000
72188  28.095  -13.099  3.378 0.0000000000
73054  28.213  -12.563  3.527 0.0000000000
73912  28.786  -11.870  4.169 0.0000000000
73911  29.239  -11.442  4.523 0.0000000000
74711  28.660  -10.489  4.396 0.0000000000
74701  30.287  -10.346  5.240 0.0000000000
75388  31.535  -9.419  5.464 0.0000000000
77561  30.456  -6.857  4.841 0.0000000000
76836  30.561  -7.547  5.057 0.0000000000
80787  27.641  -2.231  1.495 0.0000000000
83398  26.399  2.469  1.133 0.0000000000
80754  29.316  -2.273  2.812 0.0000000000
65030  26.124  -22.061  3.233 0.0000000000
66009  26.336  -20.199  2.671 0.0000000000
66010  25.589  -20.461  2.200 0.0000000000
71280  28.765  -14.638  3.586 0.0000000000
69561  29.112  -16.087  3.534 0.0000000000
70374  30.000  -15.578  4.331 0.0000000000
70375  29.724  -15.974  4.022 0.0000000000
69579  29.280  -16.683  3.553 0.0000000000
69560  29.563  -16.344  3.804 0.0000000000
70384  29.607  -15.136  4.144 0.0000000000
70402  27.159  -15.730  2.687 0.0000000000
70420  26.637  -15.437  2.572 0.0000000000
70438  26.265  -15.177  2.449 0.0000000000
70439  25.848  -15.070  2.184 0.0000000000
71335  26.194  -14.921  2.416 0.0000000000
71336  26.176  -15.162  2.390 0.0000000000
73053  28.685  -12.512  3.963 0.0000000000
73067  26.485  -12.771  2.641 0.0000000000
73936  26.374  -12.185  2.634 0.0000000000
78225  31.146  -6.407  4.961 0.0000000000
80168  28.343  -2.846  2.271 0.0000000000
82818  28.408  1.957  0.517 0.0000000000
