#!ascii label  , from subject 3966 vox2ras=TkReg
1491
52857  -43.735  -48.896  73.991 0.0000000000
45904  -29.665  -54.106  84.151 0.0000000000
57287  -51.387  -45.549  63.562 0.0000000000
57284  -37.730  -45.078  63.661 0.0000000000
64630  -45.979  -40.159  70.424 0.0000000000
50491  -36.973  -50.695  80.201 0.0000000000
49524  -32.813  -52.929  74.517 0.0000000000
54008  -31.794  -48.717  67.973 0.0000000000
44829  -23.636  -56.331  83.876 0.0000000000
67940  -57.471  -36.745  65.922 0.0000000000
42645  -28.831  -57.988  74.852 0.0000000000
55015  -40.688  -47.216  69.308 0.0000000000
60923  -42.480  -42.965  66.660 0.0000000000
58405  -45.825  -44.756  71.662 0.0000000000
51666  -39.684  -49.934  76.568 0.0000000000
52830  -34.695  -49.204  74.621 0.0000000000
53960  -37.215  -48.809  71.336 0.0000000000
55055  -34.515  -47.000  65.662 0.0000000000
72260  -56.334  -32.711  64.190 0.0000000000
48382  -26.477  -53.914  83.266 0.0000000000
46061  -24.457  -55.177  77.492 0.0000000000
46021  -28.504  -55.449  78.993 0.0000000000
63468  -49.360  -40.969  67.121 0.0000000000
51551  -32.570  -50.422  83.646 0.0000000000
48409  -30.647  -53.516  79.588 0.0000000000
52759  -30.682  -49.510  77.903 0.0000000000
51724  -30.184  -50.803  71.394 0.0000000000
44802  -18.845  -56.892  85.256 0.0000000000
64585  -50.165  -39.172  73.728 0.0000000000
59571  -52.439  -43.432  69.951 0.0000000000
64689  -54.460  -39.253  67.307 0.0000000000
59648  -55.157  -43.263  65.433 0.0000000000
64717  -52.037  -39.868  64.114 0.0000000000
43739  -20.484  -57.868  79.140 0.0000000000
46091  -34.051  -55.826  76.812 0.0000000000
53965  -42.257  -48.123  71.874 0.0000000000
56073  -42.998  -46.086  70.519 0.0000000000
54980  -44.859  -47.104  73.000 0.0000000000
51682  -41.687  -50.420  75.525 0.0000000000
52852  -39.076  -50.027  73.558 0.0000000000
53945  -40.016  -49.117  72.109 0.0000000000
54998  -38.669  -48.068  69.889 0.0000000000
57342  -50.812  -45.783  60.639 0.0000000000
57306  -52.755  -45.434  62.109 0.0000000000
48372  -27.843  -53.849  83.954 0.0000000000
47292  -27.070  -54.884  80.559 0.0000000000
45981  -29.106  -55.916  81.703 0.0000000000
60989  -38.719  -42.362  62.174 0.0000000000
63449  -44.919  -41.186  68.803 0.0000000000
64700  -43.504  -40.254  66.144 0.0000000000
64666  -46.385  -39.613  67.473 0.0000000000
64687  -47.356  -39.673  66.030 0.0000000000
64645  -48.062  -39.919  68.939 0.0000000000
51588  -34.870  -50.205  82.064 0.0000000000
52705  -32.088  -49.711  80.435 0.0000000000
52742  -33.193  -49.419  78.683 0.0000000000
53970  -32.804  -48.581  70.728 0.0000000000
53935  -31.366  -49.111  73.340 0.0000000000
52887  -30.322  -49.519  69.671 0.0000000000
56126  -36.202  -46.243  64.554 0.0000000000
60858  -51.700  -42.215  72.626 0.0000000000
62247  -56.182  -41.517  67.270 0.0000000000
63518  -56.820  -40.821  65.578 0.0000000000
62297  -53.552  -41.575  64.488 0.0000000000
65819  -55.664  -38.319  64.271 0.0000000000
70166  -53.071  -34.702  62.446 0.0000000000
43700  -21.421  -57.034  84.272 0.0000000000
43708  -19.529  -57.194  82.246 0.0000000000
43731  -21.180  -57.055  81.161 0.0000000000
46129  -25.795  -55.544  74.855 0.0000000000
43776  -23.655  -57.291  75.690 0.0000000000
42619  -26.101  -58.700  76.002 0.0000000000
48424  -31.691  -53.094  77.587 0.0000000000
47328  -32.197  -54.587  78.037 0.0000000000
48453  -34.865  -54.543  76.106 0.0000000000
56117  -38.994  -46.210  66.208 0.0000000000
58502  -39.918  -44.019  65.550 0.0000000000
58460  -41.390  -44.857  67.955 0.0000000000
59568  -44.396  -43.543  69.310 0.0000000000
63381  -45.062  -41.829  71.596 0.0000000000
51637  -38.264  -50.639  78.562 0.0000000000
52764  -35.535  -49.529  77.383 0.0000000000
52811  -37.749  -49.986  75.104 0.0000000000
53940  -35.405  -49.162  72.174 0.0000000000
53990  -34.744  -48.699  69.382 0.0000000000
55045  -32.475  -48.261  66.976 0.0000000000
55024  -35.754  -47.902  68.432 0.0000000000
56095  -37.868  -47.085  66.672 0.0000000000
70144  -57.151  -34.911  65.226 0.0000000000
74602  -58.314  -30.606  66.686 0.0000000000
45960  -24.818  -55.259  83.170 0.0000000000
44869  -23.960  -56.248  80.262 0.0000000000
47290  -25.503  -54.844  80.868 0.0000000000
47343  -26.522  -54.734  77.618 0.0000000000
46086  -28.554  -55.159  76.244 0.0000000000
62291  -41.133  -41.741  64.196 0.0000000000
60969  -48.028  -42.304  63.971 0.0000000000
59646  -49.883  -43.818  65.446 0.0000000000
49415  -31.057  -52.093  84.554 0.0000000000
47263  -31.403  -54.490  82.297 0.0000000000
50465  -30.392  -51.288  81.974 0.0000000000
50505  -29.527  -51.406  79.092 0.0000000000
50531  -30.231  -51.930  76.026 0.0000000000
52806  -32.783  -48.960  75.870 0.0000000000
52845  -30.453  -49.803  74.339 0.0000000000
49522  -31.310  -52.193  73.400 0.0000000000
56014  -45.345  -47.314  75.824 0.0000000000
51501  -30.032  -50.961  85.608 0.0000000000
52644  -34.380  -49.213  83.678 0.0000000000
52672  -36.274  -49.339  82.204 0.0000000000
57153  -47.547  -45.376  74.714 0.0000000000
60821  -46.549  -42.822  74.547 0.0000000000
64581  -46.867  -39.815  73.668 0.0000000000
65686  -49.330  -37.997  75.676 0.0000000000
64607  -48.344  -39.881  72.046 0.0000000000
62194  -49.866  -41.848  71.109 0.0000000000
60906  -50.981  -43.146  68.994 0.0000000000
58494  -51.553  -44.332  66.594 0.0000000000
62226  -54.415  -41.681  68.908 0.0000000000
58485  -54.247  -44.111  67.634 0.0000000000
57274  -53.029  -45.283  64.592 0.0000000000
59670  -53.389  -44.170  62.997 0.0000000000
67973  -54.912  -36.534  63.567 0.0000000000
43696  -17.076  -57.348  83.240 0.0000000000
41282  -20.180  -60.048  80.036 0.0000000000
44891  -22.154  -57.119  78.281 0.0000000000
42596  -21.380  -58.921  77.812 0.0000000000
46024  -30.867  -55.071  80.115 0.0000000000
46065  -31.162  -55.400  77.802 0.0000000000
44916  -31.363  -56.519  75.238 0.0000000000
42639  -34.277  -58.053  76.237 0.0000000000
53947  -42.633  -48.900  72.815 0.0000000000
54978  -43.067  -47.871  72.401 0.0000000000
53949  -44.319  -47.795  73.344 0.0000000000
52836  -42.931  -50.057  74.629 0.0000000000
52854  -41.284  -50.050  73.594 0.0000000000
52873  -41.796  -49.581  73.102 0.0000000000
53964  -41.516  -48.438  71.697 0.0000000000
57303  -50.024  -45.282  63.216 0.0000000000
57323  -50.813  -45.766  61.722 0.0000000000
57324  -51.744  -45.687  61.342 0.0000000000
57305  -51.683  -45.705  62.476 0.0000000000
47227  -28.840  -54.139  84.550 0.0000000000
45961  -28.856  -55.487  83.091 0.0000000000
45941  -29.764  -55.144  83.603 0.0000000000
58532  -37.108  -44.084  62.309 0.0000000000
59662  -37.695  -43.989  62.675 0.0000000000
63433  -45.507  -40.526  69.526 0.0000000000
63450  -45.244  -40.562  68.407 0.0000000000
64653  -45.881  -40.082  68.941 0.0000000000
64655  -47.274  -39.618  68.222 0.0000000000
64632  -47.345  -39.982  70.187 0.0000000000
51606  -35.363  -50.397  81.121 0.0000000000
52707  -34.130  -50.228  80.647 0.0000000000
52725  -35.118  -49.916  79.307 0.0000000000
53987  -31.955  -48.520  69.934 0.0000000000
53969  -31.859  -48.539  71.051 0.0000000000
54000  -31.168  -48.843  68.969 0.0000000000
51741  -30.074  -50.523  68.203 0.0000000000
57267  -36.586  -45.852  63.916 0.0000000000
57281  -34.968  -45.545  63.130 0.0000000000
57302  -35.924  -45.052  62.453 0.0000000000
64691  -57.320  -39.746  66.371 0.0000000000
64723  -57.486  -39.036  65.477 0.0000000000
64721  -55.940  -39.779  64.692 0.0000000000
66865  -57.601  -37.844  65.235 0.0000000000
44828  -22.525  -56.819  84.189 0.0000000000
43720  -21.146  -57.040  82.276 0.0000000000
44855  -21.999  -56.863  81.975 0.0000000000
44926  -27.164  -56.207  74.467 0.0000000000
43779  -26.221  -57.526  74.849 0.0000000000
42643  -27.304  -57.669  74.791 0.0000000000
42621  -27.730  -58.866  76.299 0.0000000000
41383  -28.759  -58.813  75.913 0.0000000000
49495  -32.192  -52.927  76.377 0.0000000000
48439  -33.297  -53.359  76.477 0.0000000000
48451  -33.539  -53.329  75.175 0.0000000000
55040  -39.578  -46.713  67.617 0.0000000000
57245  -39.806  -45.969  66.849 0.0000000000
56089  -40.756  -46.209  68.404 0.0000000000
57204  -44.355  -45.486  71.140 0.0000000000
57231  -43.454  -44.924  69.882 0.0000000000
58424  -44.698  -44.413  70.436 0.0000000000
60867  -45.332  -43.044  70.871 0.0000000000
60855  -45.532  -43.100  71.737 0.0000000000
51652  -39.274  -49.937  77.519 0.0000000000
51664  -38.099  -50.230  77.039 0.0000000000
52790  -38.528  -50.044  75.754 0.0000000000
52869  -37.956  -49.566  72.777 0.0000000000
52868  -37.109  -49.416  72.750 0.0000000000
53959  -36.316  -48.997  71.203 0.0000000000
53958  -35.458  -49.137  71.189 0.0000000000
53973  -35.532  -48.971  70.297 0.0000000000
55009  -35.164  -48.570  69.160 0.0000000000
53992  -36.075  -48.476  69.600 0.0000000000
55014  -39.863  -47.569  69.124 0.0000000000
55026  -38.087  -47.398  68.347 0.0000000000
55027  -39.086  -47.310  68.298 0.0000000000
56105  -38.280  -46.792  66.084 0.0000000000
47258  -25.258  -54.742  82.848 0.0000000000
45979  -24.794  -55.307  82.054 0.0000000000
47274  -26.059  -54.534  81.696 0.0000000000
47293  -27.879  -55.243  80.298 0.0000000000
47308  -27.268  -55.051  79.545 0.0000000000
47326  -27.709  -55.222  78.744 0.0000000000
47364  -27.077  -54.806  76.809 0.0000000000
46063  -28.712  -55.321  77.348 0.0000000000
59632  -41.600  -43.238  66.118 0.0000000000
60955  -40.839  -42.642  64.991 0.0000000000
60957  -42.014  -42.151  65.441 0.0000000000
64713  -44.424  -39.412  64.796 0.0000000000
64729  -42.444  -40.123  64.170 0.0000000000
64742  -43.584  -39.402  62.874 0.0000000000
63487  -48.500  -40.630  66.293 0.0000000000
62281  -47.981  -41.464  64.669 0.0000000000
62267  -48.865  -41.733  65.825 0.0000000000
60958  -48.893  -42.994  65.120 0.0000000000
62268  -49.510  -42.333  66.229 0.0000000000
51533  -31.999  -50.815  83.917 0.0000000000
49423  -30.971  -52.235  83.519 0.0000000000
51549  -31.086  -50.954  83.059 0.0000000000
52721  -30.789  -49.563  79.367 0.0000000000
52703  -30.363  -49.791  79.987 0.0000000000
52738  -29.858  -49.969  78.652 0.0000000000
50519  -29.576  -51.228  78.030 0.0000000000
51663  -29.698  -50.283  77.242 0.0000000000
52808  -34.700  -49.231  75.605 0.0000000000
52786  -34.598  -49.223  76.542 0.0000000000
53890  -33.335  -48.933  74.907 0.0000000000
52878  -30.156  -49.858  71.816 0.0000000000
52846  -31.029  -49.375  73.868 0.0000000000
51720  -30.136  -50.540  72.585 0.0000000000
50571  -30.307  -51.194  73.278 0.0000000000
55054  -33.752  -47.292  65.787 0.0000000000
52659  -35.246  -49.205  82.966 0.0000000000
52708  -39.510  -49.358  79.712 0.0000000000
56016  -46.630  -46.319  75.115 0.0000000000
62109  -47.316  -41.698  76.818 0.0000000000
63347  -47.330  -40.551  76.573 0.0000000000
63363  -46.561  -40.781  74.358 0.0000000000
64573  -47.456  -39.220  75.367 0.0000000000
65698  -50.096  -38.506  74.502 0.0000000000
64583  -49.245  -38.977  74.297 0.0000000000
64595  -49.864  -39.477  73.442 0.0000000000
63385  -49.189  -40.421  72.060 0.0000000000
63386  -50.355  -40.996  72.496 0.0000000000
60883  -51.887  -42.570  71.389 0.0000000000
60894  -51.318  -43.100  70.299 0.0000000000
59570  -51.862  -43.418  69.808 0.0000000000
59617  -51.567  -43.744  67.646 0.0000000000
58464  -52.225  -43.785  68.367 0.0000000000
63469  -54.588  -40.644  68.014 0.0000000000
60949  -56.280  -42.257  66.287 0.0000000000
59619  -55.401  -43.115  67.543 0.0000000000
59637  -55.348  -43.577  66.147 0.0000000000
58507  -53.700  -44.743  65.577 0.0000000000
58508  -54.598  -44.125  65.452 0.0000000000
58526  -53.513  -44.603  63.291 0.0000000000
59658  -53.629  -43.680  64.025 0.0000000000
63514  -53.049  -40.566  64.381 0.0000000000
60971  -52.169  -42.061  64.080 0.0000000000
63530  -51.540  -40.784  63.906 0.0000000000
71146  -56.547  -33.874  64.471 0.0000000000
67974  -56.004  -36.318  63.898 0.0000000000
69072  -54.992  -35.419  63.383 0.0000000000
43718  -19.440  -57.526  81.255 0.0000000000
43707  -18.653  -57.421  82.140 0.0000000000
43728  -19.081  -58.498  80.499 0.0000000000
42577  -18.825  -58.978  80.670 0.0000000000
42588  -19.795  -58.863  79.457 0.0000000000
44877  -23.608  -56.257  78.993 0.0000000000
44876  -22.986  -56.655  79.601 0.0000000000
44884  -23.374  -56.310  77.949 0.0000000000
42615  -22.329  -58.296  76.898 0.0000000000
41303  -24.506  -59.764  79.103 0.0000000000
47278  -31.131  -53.989  81.075 0.0000000000
46004  -31.030  -55.434  81.101 0.0000000000
47294  -31.025  -54.446  80.587 0.0000000000
46067  -33.377  -55.245  77.361 0.0000000000
46066  -32.271  -55.343  77.660 0.0000000000
46089  -31.925  -55.681  77.025 0.0000000000
46116  -31.657  -55.882  76.114 0.0000000000
44917  -32.735  -56.403  75.927 0.0000000000
42637  -32.569  -58.571  75.856 0.0000000000
55000  -40.712  -47.876  70.057 0.0000000000
55016  -41.426  -46.809  69.667 0.0000000000
54991  -42.509  -47.406  71.385 0.0000000000
56063  -44.276  -46.197  71.590 0.0000000000
56065  -45.597  -46.043  72.381 0.0000000000
51681  -40.724  -50.253  75.623 0.0000000000
51695  -39.367  -50.397  75.129 0.0000000000
51710  -40.127  -50.470  74.312 0.0000000000
52871  -39.601  -49.629  72.790 0.0000000000
53961  -38.198  -48.749  71.395 0.0000000000
54997  -37.665  -48.161  70.009 0.0000000000
53977  -39.471  -48.280  70.590 0.0000000000
53978  -40.277  -48.175  70.500 0.0000000000
58553  -52.828  -44.949  61.205 0.0000000000
48371  -27.225  -53.531  83.913 0.0000000000
47260  -26.610  -54.310  82.538 0.0000000000
47261  -27.461  -54.414  82.855 0.0000000000
47276  -27.912  -55.195  81.601 0.0000000000
45980  -28.565  -55.502  80.767 0.0000000000
62222  -43.994  -42.350  67.943 0.0000000000
62265  -42.847  -41.642  66.301 0.0000000000
63465  -44.424  -41.000  67.650 0.0000000000
64684  -44.521  -40.198  66.934 0.0000000000
64702  -45.376  -39.405  65.616 0.0000000000
64703  -46.290  -39.482  65.342 0.0000000000
64686  -46.346  -39.460  66.395 0.0000000000
64656  -48.093  -39.735  67.880 0.0000000000
63451  -48.836  -40.290  68.572 0.0000000000
51587  -33.927  -50.284  82.228 0.0000000000
51585  -32.132  -50.231  82.200 0.0000000000
52688  -33.022  -50.175  81.459 0.0000000000
52723  -32.762  -49.580  79.657 0.0000000000
52741  -32.097  -49.340  78.662 0.0000000000
53938  -33.580  -48.850  72.394 0.0000000000
53919  -32.698  -48.878  73.602 0.0000000000
53954  -31.887  -48.702  72.082 0.0000000000
53968  -31.098  -48.780  71.523 0.0000000000
52881  -30.106  -50.047  70.675 0.0000000000
50590  -30.313  -51.735  70.295 0.0000000000
51731  -30.046  -50.494  69.298 0.0000000000
56112  -34.813  -46.645  65.135 0.0000000000
57265  -34.604  -45.926  63.820 0.0000000000
65708  -51.701  -38.669  73.217 0.0000000000
63373  -51.319  -41.295  72.893 0.0000000000
64598  -51.891  -40.128  72.747 0.0000000000
62176  -52.531  -41.551  72.131 0.0000000000
59557  -52.684  -42.775  71.056 0.0000000000
65784  -55.745  -38.300  66.895 0.0000000000
64672  -56.165  -39.964  67.232 0.0000000000
64673  -56.770  -39.918  66.958 0.0000000000
62269  -56.817  -41.289  66.174 0.0000000000
60975  -55.774  -41.958  65.403 0.0000000000
60973  -54.155  -42.545  64.570 0.0000000000
63516  -55.311  -40.688  64.816 0.0000000000
64720  -54.792  -39.798  64.523 0.0000000000
65805  -54.284  -38.969  64.259 0.0000000000
73451  -56.052  -32.432  63.456 0.0000000000
70168  -54.757  -34.027  63.030 0.0000000000
71157  -54.220  -33.477  62.456 0.0000000000
43685  -20.541  -57.035  84.728 0.0000000000
44826  -19.286  -56.998  83.733 0.0000000000
43709  -20.362  -57.089  82.706 0.0000000000
43719  -20.291  -57.162  81.651 0.0000000000
43730  -20.320  -57.420  80.476 0.0000000000
46085  -25.108  -55.034  76.165 0.0000000000
46083  -23.696  -56.045  76.295 0.0000000000
44923  -24.731  -56.392  75.052 0.0000000000
42630  -24.797  -57.969  75.563 0.0000000000
41368  -25.414  -59.022  76.760 0.0000000000
41347  -25.739  -59.241  77.612 0.0000000000
41369  -26.392  -59.028  76.818 0.0000000000
49475  -30.599  -52.834  78.531 0.0000000000
47327  -31.660  -54.373  78.410 0.0000000000
48417  -32.320  -54.053  77.947 0.0000000000
48427  -34.045  -54.488  77.183 0.0000000000
47348  -34.616  -55.010  77.011 0.0000000000
57257  -38.394  -45.947  65.167 0.0000000000
58512  -38.963  -44.606  64.447 0.0000000000
58490  -39.479  -45.299  65.978 0.0000000000
58480  -41.086  -44.504  67.336 0.0000000000
58481  -42.083  -43.914  67.456 0.0000000000
57229  -41.881  -45.554  69.019 0.0000000000
58440  -42.750  -44.587  68.862 0.0000000000
59587  -43.549  -43.383  68.194 0.0000000000
60893  -44.572  -42.758  68.877 0.0000000000
62193  -44.966  -41.862  70.073 0.0000000000
63395  -45.305  -40.759  71.277 0.0000000000
50506  -37.683  -50.793  79.408 0.0000000000
51635  -36.624  -50.344  78.874 0.0000000000
51650  -37.649  -50.397  77.778 0.0000000000
52788  -36.629  -49.803  76.213 0.0000000000
52831  -35.774  -49.431  74.444 0.0000000000
52833  -37.810  -50.009  74.256 0.0000000000
52832  -36.804  -49.707  74.277 0.0000000000
52848  -34.973  -49.240  73.844 0.0000000000
53939  -34.433  -49.025  72.164 0.0000000000
53971  -33.751  -48.738  70.510 0.0000000000
54002  -33.200  -48.553  68.869 0.0000000000
54017  -32.119  -48.528  67.449 0.0000000000
55034  -33.621  -48.246  67.878 0.0000000000
55035  -34.754  -47.855  67.570 0.0000000000
55047  -34.813  -47.301  66.497 0.0000000000
55012  -37.797  -47.738  69.242 0.0000000000
55036  -35.986  -47.315  67.399 0.0000000000
55048  -35.821  -47.109  66.437 0.0000000000
56114  -36.793  -46.674  65.175 0.0000000000
56115  -37.829  -46.491  65.307 0.0000000000
69060  -57.457  -36.129  65.573 0.0000000000
71130  -57.470  -34.108  66.298 0.0000000000
73420  -57.346  -32.503  65.795 0.0000000000
73436  -57.379  -31.699  65.616 0.0000000000
74623  -57.159  -31.154  64.707 0.0000000000
74659  -57.496  -30.168  63.290 0.0000000000
44830  -24.335  -55.802  83.538 0.0000000000
44857  -23.754  -56.358  81.464 0.0000000000
44858  -24.373  -55.876  81.279 0.0000000000
45999  -24.520  -55.645  80.217 0.0000000000
46039  -24.909  -55.044  78.516 0.0000000000
47291  -26.235  -54.702  80.743 0.0000000000
46040  -25.520  -54.899  79.224 0.0000000000
47341  -25.016  -54.798  77.508 0.0000000000
47363  -26.171  -54.671  76.723 0.0000000000
46112  -27.201  -55.017  75.275 0.0000000000
46132  -28.692  -55.703  74.808 0.0000000000
59653  -39.421  -43.382  63.968 0.0000000000
60979  -39.689  -42.374  63.193 0.0000000000
63510  -42.212  -40.958  64.916 0.0000000000
59666  -49.494  -44.229  64.081 0.0000000000
58525  -50.214  -45.009  64.122 0.0000000000
47205  -30.769  -53.801  84.293 0.0000000000
45943  -31.235  -55.261  83.646 0.0000000000
48373  -31.260  -53.499  83.578 0.0000000000
48384  -31.017  -52.971  82.247 0.0000000000
49453  -30.581  -52.928  81.067 0.0000000000
51583  -30.425  -50.469  81.406 0.0000000000
50476  -29.635  -51.499  80.535 0.0000000000
49463  -29.769  -52.248  79.811 0.0000000000
49484  -30.156  -52.156  77.704 0.0000000000
49493  -30.376  -52.221  76.791 0.0000000000
49507  -31.968  -52.742  75.191 0.0000000000
52763  -34.492  -49.328  77.549 0.0000000000
52762  -33.419  -49.229  77.649 0.0000000000
52783  -31.623  -49.138  76.823 0.0000000000
53905  -32.149  -48.950  74.847 0.0000000000
52827  -30.927  -49.337  74.973 0.0000000000
52803  -30.221  -49.709  76.522 0.0000000000
50544  -29.980  -51.244  75.518 0.0000000000
50545  -30.401  -51.947  75.066 0.0000000000
55052  -31.421  -48.370  65.928 0.0000000000
53909  -43.532  -48.899  75.058 0.0000000000
53895  -44.636  -47.967  74.900 0.0000000000
43686  -21.324  -57.117  85.400 0.0000000000
44818  -24.592  -55.814  84.921 0.0000000000
45939  -24.998  -55.181  84.392 0.0000000000
47242  -25.132  -54.401  84.007 0.0000000000
48357  -27.538  -52.981  84.589 0.0000000000
48344  -28.872  -53.109  84.916 0.0000000000
48345  -29.248  -52.967  84.926 0.0000000000
48336  -30.205  -52.446  85.273 0.0000000000
50407  -30.963  -51.588  84.905 0.0000000000
50429  -31.400  -50.923  84.386 0.0000000000
51534  -32.282  -50.357  84.128 0.0000000000
52625  -33.311  -49.247  84.358 0.0000000000
51552  -33.435  -50.128  83.712 0.0000000000
51570  -35.106  -49.786  82.717 0.0000000000
51589  -35.920  -49.970  81.663 0.0000000000
51590  -36.897  -50.029  81.000 0.0000000000
51609  -37.959  -50.307  80.339 0.0000000000
51624  -38.693  -50.285  79.448 0.0000000000
51625  -39.189  -49.831  79.148 0.0000000000
52814  -42.583  -49.758  75.502 0.0000000000
54956  -45.542  -47.502  74.432 0.0000000000
56051  -45.918  -46.452  73.369 0.0000000000
58389  -46.195  -45.318  72.946 0.0000000000
60804  -47.120  -43.478  76.086 0.0000000000
59507  -46.738  -43.663  74.856 0.0000000000
59518  -46.062  -43.757  73.073 0.0000000000
62136  -45.824  -41.889  73.456 0.0000000000
63371  -46.062  -40.713  73.079 0.0000000000
64592  -46.625  -39.958  72.658 0.0000000000
65695  -48.080  -38.568  75.399 0.0000000000
64593  -47.610  -39.553  72.982 0.0000000000
64620  -47.357  -39.970  71.107 0.0000000000
64621  -48.018  -40.258  70.931 0.0000000000
63434  -48.713  -40.510  69.642 0.0000000000
63435  -49.488  -41.010  69.287 0.0000000000
60869  -51.348  -42.345  72.455 0.0000000000
62211  -50.612  -42.544  69.588 0.0000000000
62245  -50.357  -42.709  67.743 0.0000000000
60948  -50.705  -43.464  67.040 0.0000000000
58493  -50.964  -44.223  66.242 0.0000000000
57259  -51.564  -45.143  65.089 0.0000000000
62196  -53.390  -41.397  70.461 0.0000000000
60896  -53.960  -42.554  69.641 0.0000000000
62228  -55.568  -41.963  67.853 0.0000000000
59593  -54.448  -43.344  68.604 0.0000000000
58466  -53.598  -44.008  68.349 0.0000000000
58484  -53.189  -44.238  67.551 0.0000000000
57260  -52.386  -45.130  65.532 0.0000000000
57273  -51.985  -45.424  64.441 0.0000000000
57289  -53.283  -45.231  63.357 0.0000000000
57307  -53.412  -45.024  62.597 0.0000000000
58535  -52.684  -44.367  61.743 0.0000000000
59657  -52.916  -43.321  63.890 0.0000000000
59669  -52.662  -43.599  63.247 0.0000000000
59691  -51.870  -43.938  61.159 0.0000000000
66883  -56.633  -37.007  64.368 0.0000000000
66881  -54.452  -37.438  63.733 0.0000000000
65816  -52.772  -38.265  63.808 0.0000000000
69071  -54.140  -35.802  63.316 0.0000000000
66879  -52.225  -37.553  63.528 0.0000000000
65815  -51.805  -38.447  63.699 0.0000000000
44840  -18.146  -57.154  82.711 0.0000000000
44868  -23.025  -56.667  80.650 0.0000000000
44875  -22.333  -56.902  80.019 0.0000000000
43747  -21.437  -57.490  78.579 0.0000000000
44901  -22.804  -56.888  76.804 0.0000000000
43754  -21.330  -57.858  77.951 0.0000000000
42595  -20.935  -58.591  78.235 0.0000000000
41321  -20.770  -59.215  78.546 0.0000000000
44860  -30.610  -55.936  82.247 0.0000000000
46003  -30.196  -55.662  80.833 0.0000000000
46022  -29.378  -55.518  79.357 0.0000000000
46044  -31.309  -54.871  78.615 0.0000000000
46043  -30.256  -55.373  78.646 0.0000000000
46042  -29.184  -55.508  78.360 0.0000000000
46087  -29.639  -55.389  76.478 0.0000000000
46134  -30.253  -55.987  74.854 0.0000000000
43793  -30.282  -57.387  74.637 0.0000000000
47387  -35.360  -55.295  75.899 0.0000000000
46092  -35.023  -55.855  76.713 0.0000000000
44919  -34.301  -57.139  76.223 0.0000000000
43782  -33.143  -57.501  75.701 0.0000000000
42636  -31.178  -58.431  75.448 0.0000000000
42635  -30.097  -58.536  75.461 0.0000000000
53923  -43.121  -49.114  73.372 0.0000000000
53948  -43.635  -48.273  73.157 0.0000000000
53924  -43.460  -48.889  73.513 0.0000000000
52856  -43.164  -49.482  73.700 0.0000000000
52855  -42.249  -50.073  73.907 0.0000000000
52874  -42.517  -49.554  73.354 0.0000000000
57286  -50.449  -45.242  63.847 0.0000000000
57304  -50.692  -45.614  62.831 0.0000000000
45903  -29.236  -54.108  84.224 0.0000000000
45940  -28.981  -54.981  84.234 0.0000000000
45923  -30.084  -54.690  84.061 0.0000000000
58521  -37.194  -44.650  62.901 0.0000000000
58522  -38.047  -44.355  63.289 0.0000000000
64642  -46.112  -40.066  69.769 0.0000000000
64643  -46.635  -39.884  69.519 0.0000000000
64631  -46.673  -39.926  70.367 0.0000000000
51607  -36.574  -50.473  80.571 0.0000000000
51621  -35.531  -50.339  80.127 0.0000000000
51622  -36.637  -50.602  79.787 0.0000000000
54001  -32.283  -48.613  68.899 0.0000000000
57283  -36.925  -45.357  63.397 0.0000000000
57282  -36.001  -45.534  63.077 0.0000000000
58520  -36.479  -45.044  62.793 0.0000000000
58531  -36.338  -44.477  62.109 0.0000000000
67924  -57.234  -36.616  66.117 0.0000000000
66832  -57.387  -37.613  66.213 0.0000000000
66849  -57.648  -37.710  65.847 0.0000000000
65808  -57.338  -38.611  65.009 0.0000000000
44843  -22.792  -56.701  82.882 0.0000000000
43791  -28.494  -57.188  74.550 0.0000000000
43790  -27.511  -57.100  74.543 0.0000000000
42644  -27.862  -57.818  74.868 0.0000000000
42633  -28.091  -58.558  75.621 0.0000000000
49508  -32.760  -53.054  75.698 0.0000000000
55028  -39.804  -47.006  68.382 0.0000000000
56088  -40.095  -46.581  68.004 0.0000000000
55029  -40.437  -46.764  68.652 0.0000000000
57205  -45.112  -45.341  71.496 0.0000000000
57221  -44.727  -44.988  70.913 0.0000000000
58404  -45.305  -44.548  71.092 0.0000000000
59540  -45.357  -43.872  70.776 0.0000000000
59541  -45.709  -43.993  71.369 0.0000000000
51665  -38.824  -50.102  76.664 0.0000000000
53942  -37.118  -49.101  72.090 0.0000000000
53974  -36.464  -48.639  70.279 0.0000000000
55039  -39.163  -46.974  67.543 0.0000000000
47259  -25.853  -54.276  82.683 0.0000000000
47309  -27.968  -55.321  79.487 0.0000000000
46062  -28.140  -55.238  77.655 0.0000000000
46041  -28.282  -55.338  78.136 0.0000000000
59633  -42.188  -43.211  66.505 0.0000000000
60944  -41.668  -42.777  65.687 0.0000000000
60945  -42.290  -42.558  66.031 0.0000000000
64730  -43.481  -39.449  63.943 0.0000000000
63501  -48.335  -41.277  65.393 0.0000000000
63488  -49.313  -41.494  66.533 0.0000000000
62283  -49.023  -42.490  65.566 0.0000000000
51550  -31.689  -50.766  83.525 0.0000000000
52740  -31.166  -49.410  78.639 0.0000000000
52739  -30.416  -49.621  78.633 0.0000000000
52758  -30.098  -49.879  77.980 0.0000000000
52781  -30.244  -49.673  77.339 0.0000000000
52829  -33.982  -49.054  75.007 0.0000000000
52865  -30.404  -49.713  73.077 0.0000000000
50580  -30.413  -51.296  72.202 0.0000000000
56110  -33.034  -47.095  65.041 0.0000000000
64562  -47.435  -39.452  76.301 0.0000000000
65699  -50.571  -38.353  74.203 0.0000000000
65688  -50.340  -37.975  74.851 0.0000000000
64584  -50.116  -38.979  73.992 0.0000000000
64596  -50.671  -40.106  73.010 0.0000000000
64609  -50.215  -40.117  72.983 0.0000000000
59556  -52.227  -42.916  70.792 0.0000000000
59555  -51.998  -43.137  70.462 0.0000000000
59591  -52.353  -43.677  69.101 0.0000000000
65764  -53.813  -39.061  67.273 0.0000000000
64670  -53.787  -39.813  67.772 0.0000000000
59649  -55.856  -42.837  65.964 0.0000000000
58517  -54.473  -43.858  64.748 0.0000000000
59659  -54.578  -43.199  64.803 0.0000000000
63513  -52.140  -40.312  64.172 0.0000000000
64736  -51.560  -39.596  63.842 0.0000000000
70156  -56.441  -34.957  64.184 0.0000000000
71145  -55.913  -34.014  63.684 0.0000000000
44814  -18.255  -56.779  84.333 0.0000000000
43729  -19.515  -58.093  80.084 0.0000000000
42578  -19.288  -58.922  80.043 0.0000000000
43738  -20.006  -58.365  79.387 0.0000000000
46038  -24.084  -55.718  78.254 0.0000000000
46060  -23.836  -55.769  77.242 0.0000000000
39994  -23.677  -59.947  78.761 0.0000000000
48402  -30.830  -53.571  80.708 0.0000000000
46090  -32.974  -55.885  76.848 0.0000000000
46117  -32.359  -55.952  76.504 0.0000000000
44903  -33.138  -56.154  76.422 0.0000000000
54990  -41.533  -47.847  71.070 0.0000000000
55001  -41.607  -47.282  70.323 0.0000000000
54979  -44.021  -47.523  72.711 0.0000000000
54992  -43.620  -47.104  71.937 0.0000000000
54993  -44.545  -46.764  72.304 0.0000000000
56064  -45.157  -46.082  72.008 0.0000000000
56049  -45.184  -46.477  72.531 0.0000000000
51668  -41.148  -49.903  75.935 0.0000000000
51697  -40.938  -50.688  74.942 0.0000000000
52872  -40.698  -49.580  72.902 0.0000000000
52853  -40.289  -50.046  73.564 0.0000000000
53944  -38.936  -49.166  72.070 0.0000000000
53962  -39.241  -48.655  71.382 0.0000000000
54989  -40.899  -48.144  70.907 0.0000000000
57341  -49.933  -45.679  60.950 0.0000000000
57325  -52.355  -45.298  60.906 0.0000000000
47244  -27.707  -54.052  83.610 0.0000000000
47277  -28.504  -55.424  82.272 0.0000000000
59674  -38.204  -42.966  62.257 0.0000000000
62223  -44.463  -41.981  68.202 0.0000000000
62243  -44.274  -41.623  67.760 0.0000000000
64665  -45.480  -40.047  67.800 0.0000000000
64664  -44.892  -40.431  67.540 0.0000000000
64685  -45.426  -39.637  66.688 0.0000000000
51604  -33.519  -50.263  81.587 0.0000000000
51605  -34.300  -50.358  81.331 0.0000000000
52724  -34.151  -49.912  79.822 0.0000000000
53937  -32.707  -48.773  72.683 0.0000000000
53955  -32.730  -48.656  71.727 0.0000000000
53986  -30.985  -48.670  70.342 0.0000000000
52882  -30.499  -49.288  71.024 0.0000000000
52886  -30.065  -50.226  69.951 0.0000000000
56125  -35.199  -46.244  64.530 0.0000000000
66705  -52.360  -37.905  73.380 0.0000000000
64623  -53.196  -39.334  71.648 0.0000000000
64622  -52.884  -40.105  71.895 0.0000000000
63400  -53.042  -40.631  71.739 0.0000000000
60872  -52.611  -42.208  71.485 0.0000000000
62177  -53.143  -41.476  71.312 0.0000000000
67923  -56.867  -36.543  66.357 0.0000000000
67922  -56.053  -36.500  66.576 0.0000000000
66830  -56.400  -37.449  66.616 0.0000000000
65785  -56.642  -38.335  66.751 0.0000000000
65766  -56.749  -39.160  66.887 0.0000000000
63502  -57.198  -40.371  65.734 0.0000000000
63489  -57.241  -40.354  66.223 0.0000000000
62301  -56.727  -41.267  65.749 0.0000000000
62284  -56.626  -41.533  65.820 0.0000000000
62300  -56.400  -41.439  65.516 0.0000000000
62299  -55.720  -41.487  65.154 0.0000000000
63517  -56.309  -40.718  65.108 0.0000000000
65807  -56.406  -38.603  64.528 0.0000000000
65806  -55.352  -38.938  64.388 0.0000000000
64719  -53.660  -39.774  64.359 0.0000000000
73469  -55.696  -32.025  62.672 0.0000000000
72273  -55.428  -32.799  62.879 0.0000000000
43699  -20.482  -57.035  83.698 0.0000000000
46110  -25.249  -55.176  75.594 0.0000000000
46109  -24.375  -55.847  75.550 0.0000000000
46128  -25.055  -55.748  75.000 0.0000000000
42631  -25.748  -58.081  75.433 0.0000000000
43778  -25.361  -57.429  75.040 0.0000000000
42618  -25.104  -58.588  76.065 0.0000000000
41371  -28.415  -59.029  76.662 0.0000000000
41370  -27.337  -59.016  76.880 0.0000000000
48416  -31.465  -53.574  78.311 0.0000000000
48440  -34.233  -53.978  76.797 0.0000000000
48426  -33.241  -54.032  77.444 0.0000000000
48428  -34.370  -54.767  77.086 0.0000000000
48441  -34.585  -54.651  76.857 0.0000000000
57270  -38.789  -45.355  65.041 0.0000000000
57258  -38.988  -45.739  65.725 0.0000000000
57246  -40.369  -45.579  67.337 0.0000000000
58479  -40.381  -45.068  66.950 0.0000000000
58461  -42.068  -44.417  68.210 0.0000000000
56072  -42.140  -46.574  70.086 0.0000000000
56080  -41.857  -46.132  69.450 0.0000000000
56081  -42.551  -45.930  69.906 0.0000000000
58442  -44.376  -44.112  69.802 0.0000000000
58441  -43.600  -44.331  69.317 0.0000000000
58462  -43.145  -44.052  68.508 0.0000000000
59567  -43.778  -43.715  68.805 0.0000000000
59588  -44.093  -43.254  68.692 0.0000000000
62153  -45.261  -42.531  71.413 0.0000000000
62173  -45.004  -42.103  70.846 0.0000000000
63413  -45.030  -41.286  70.641 0.0000000000
63394  -45.053  -41.375  71.319 0.0000000000
50507  -38.129  -50.815  79.246 0.0000000000
51636  -37.527  -50.668  78.783 0.0000000000
52789  -37.761  -49.984  76.131 0.0000000000
52766  -37.371  -50.099  76.882 0.0000000000
52809  -35.700  -49.435  75.418 0.0000000000
52810  -36.726  -49.806  75.247 0.0000000000
52834  -38.730  -50.187  74.333 0.0000000000
52812  -38.629  -50.147  75.058 0.0000000000
52867  -36.321  -49.298  72.718 0.0000000000
52850  -36.963  -49.622  73.436 0.0000000000
52849  -35.722  -49.340  73.311 0.0000000000
53922  -34.998  -49.203  72.665 0.0000000000
53972  -34.647  -48.954  70.344 0.0000000000
53989  -33.886  -48.678  69.582 0.0000000000
53988  -32.974  -48.590  69.740 0.0000000000
54010  -33.374  -48.432  68.356 0.0000000000
54003  -34.006  -48.509  68.727 0.0000000000
55023  -34.694  -48.388  68.593 0.0000000000
55037  -37.339  -47.198  67.501 0.0000000000
56094  -36.770  -47.036  66.632 0.0000000000
56103  -36.298  -46.925  65.839 0.0000000000
56104  -37.344  -46.880  65.910 0.0000000000
56106  -38.834  -46.561  66.416 0.0000000000
56116  -38.564  -46.346  65.813 0.0000000000
57256  -37.856  -46.013  64.703 0.0000000000
73408  -57.743  -31.654  67.052 0.0000000000
73421  -57.702  -31.706  66.268 0.0000000000
74624  -57.702  -30.813  65.286 0.0000000000
74643  -57.819  -30.131  64.228 0.0000000000
74642  -57.017  -30.917  63.992 0.0000000000
75833  -58.371  -29.747  64.249 0.0000000000
44845  -24.323  -55.883  82.334 0.0000000000
46000  -24.815  -55.310  80.963 0.0000000000
46019  -25.087  -55.125  79.871 0.0000000000
47275  -26.890  -54.635  81.647 0.0000000000
47325  -26.848  -54.886  78.610 0.0000000000
47307  -26.252  -54.788  79.615 0.0000000000
47324  -25.837  -54.716  78.434 0.0000000000
47323  -25.321  -54.737  77.979 0.0000000000
47342  -25.671  -54.675  77.470 0.0000000000
47386  -27.619  -54.875  76.047 0.0000000000
46113  -28.180  -55.184  75.351 0.0000000000
46131  -27.701  -55.538  74.717 0.0000000000
59642  -39.590  -44.029  64.861 0.0000000000
59652  -38.706  -44.142  63.675 0.0000000000
60968  -41.197  -41.952  64.550 0.0000000000
60967  -40.599  -42.333  64.233 0.0000000000
60980  -40.375  -42.005  63.501 0.0000000000
63499  -43.290  -40.678  66.308 0.0000000000
62280  -42.316  -41.700  65.515 0.0000000000
64711  -42.883  -40.298  65.372 0.0000000000
64741  -42.625  -39.608  63.080 0.0000000000
64704  -46.969  -39.830  65.102 0.0000000000
64716  -47.002  -40.298  64.614 0.0000000000
60982  -48.286  -43.009  63.240 0.0000000000
59645  -49.302  -43.406  65.246 0.0000000000
59655  -49.140  -43.559  64.752 0.0000000000
59656  -49.551  -44.114  64.493 0.0000000000
58524  -49.769  -44.701  63.881 0.0000000000
58513  -50.037  -44.385  64.897 0.0000000000
48359  -30.889  -52.883  84.196 0.0000000000
47229  -31.310  -54.244  84.043 0.0000000000
50452  -30.717  -51.569  82.681 0.0000000000
49431  -31.005  -52.507  82.979 0.0000000000
49442  -30.492  -52.312  81.823 0.0000000000
49441  -30.135  -52.034  81.370 0.0000000000
52687  -32.314  -50.052  81.409 0.0000000000
51584  -31.404  -50.240  81.867 0.0000000000
52686  -31.306  -49.916  81.017 0.0000000000
51619  -29.556  -50.704  79.479 0.0000000000
51602  -29.608  -50.739  80.201 0.0000000000
50490  -29.511  -51.325  79.828 0.0000000000
49474  -29.885  -52.174  78.720 0.0000000000
50530  -29.754  -51.425  76.736 0.0000000000
49494  -31.055  -52.539  76.062 0.0000000000
52745  -36.289  -49.919  78.048 0.0000000000
52744  -35.519  -49.716  78.484 0.0000000000
52785  -33.583  -49.067  76.666 0.0000000000
52784  -32.583  -49.041  76.720 0.0000000000
52761  -32.382  -49.200  77.715 0.0000000000
53936  -31.925  -48.852  73.026 0.0000000000
53906  -32.715  -48.909  74.449 0.0000000000
53918  -31.872  -49.020  73.942 0.0000000000
52804  -30.904  -49.331  76.066 0.0000000000
52826  -30.333  -49.764  75.464 0.0000000000
51678  -29.863  -50.419  76.043 0.0000000000
51694  -30.067  -50.430  74.912 0.0000000000
50560  -30.633  -51.803  73.920 0.0000000000
49506  -31.117  -52.422  74.570 0.0000000000
55044  -31.813  -48.463  66.589 0.0000000000
43673  -20.474  -57.185  85.837 0.0000000000
49422  -26.696  -53.038  84.377 0.0000000000
50405  -30.337  -51.563  85.502 0.0000000000
49390  -30.565  -52.021  85.274 0.0000000000
50406  -30.787  -51.406  85.151 0.0000000000
51521  -32.864  -49.544  84.352 0.0000000000
53747  -33.873  -48.763  84.192 0.0000000000
52643  -33.809  -49.314  84.145 0.0000000000
51535  -33.334  -49.709  84.162 0.0000000000
51553  -34.272  -49.690  83.541 0.0000000000
51569  -34.242  -50.106  82.978 0.0000000000
52658  -34.638  -49.463  83.312 0.0000000000
51571  -35.703  -49.676  82.313 0.0000000000
52689  -36.554  -49.723  81.489 0.0000000000
51591  -37.640  -49.963  80.759 0.0000000000
51592  -38.154  -49.915  80.518 0.0000000000
51610  -38.366  -50.240  80.037 0.0000000000
51593  -38.461  -49.796  80.258 0.0000000000
52726  -39.788  -49.491  78.919 0.0000000000
51639  -39.531  -49.747  78.252 0.0000000000
53893  -43.436  -48.917  75.260 0.0000000000
54945  -44.719  -47.802  75.303 0.0000000000
53911  -44.783  -47.885  74.513 0.0000000000
54946  -45.534  -47.614  75.113 0.0000000000
57134  -47.153  -45.763  74.589 0.0000000000
56027  -46.501  -46.474  74.377 0.0000000000
57170  -46.609  -46.021  73.952 0.0000000000
57187  -46.221  -46.006  73.284 0.0000000000
58377  -46.583  -45.218  73.792 0.0000000000
60822  -46.941  -42.770  75.339 0.0000000000
59519  -46.392  -43.985  73.972 0.0000000000
60840  -46.092  -42.929  73.699 0.0000000000
60839  -45.779  -43.075  72.793 0.0000000000
62124  -46.316  -41.992  74.267 0.0000000000
64572  -47.088  -39.846  74.617 0.0000000000
63383  -45.958  -40.374  72.347 0.0000000000
66686  -49.693  -37.553  75.629 0.0000000000
65685  -48.600  -38.183  75.946 0.0000000000
65696  -48.876  -38.595  75.188 0.0000000000
64594  -48.744  -39.373  73.327 0.0000000000
64606  -47.150  -39.794  71.952 0.0000000000
63384  -48.753  -40.161  71.886 0.0000000000
63397  -49.496  -41.115  71.508 0.0000000000
63415  -48.671  -40.612  70.670 0.0000000000
63416  -49.286  -41.212  70.395 0.0000000000
62210  -49.977  -41.838  70.032 0.0000000000
62139  -51.623  -41.752  72.990 0.0000000000
62155  -51.163  -41.997  72.999 0.0000000000
60857  -51.507  -42.236  72.683 0.0000000000
62195  -50.590  -42.463  70.822 0.0000000000
62225  -50.489  -42.603  68.389 0.0000000000
60925  -50.284  -42.831  67.385 0.0000000000
60926  -50.671  -43.174  67.746 0.0000000000
59636  -51.302  -43.851  66.995 0.0000000000
58505  -51.168  -44.812  65.433 0.0000000000
57252  -51.743  -44.921  65.781 0.0000000000
63454  -53.807  -40.901  68.727 0.0000000000
63437  -53.332  -40.819  69.755 0.0000000000
62212  -53.819  -41.782  69.638 0.0000000000
63471  -56.235  -40.744  67.271 0.0000000000
63470  -55.412  -40.906  67.730 0.0000000000
62246  -55.697  -41.453  67.639 0.0000000000
58486  -55.002  -43.826  67.357 0.0000000000
59594  -55.160  -42.824  68.026 0.0000000000
59618  -54.796  -43.582  67.808 0.0000000000
58506  -53.054  -44.912  65.986 0.0000000000
57261  -53.051  -45.104  65.434 0.0000000000
57288  -52.433  -45.589  63.405 0.0000000000
58537  -53.381  -44.566  62.628 0.0000000000
58536  -53.042  -44.639  61.962 0.0000000000
59679  -53.122  -44.195  62.532 0.0000000000
60972  -52.859  -42.591  64.234 0.0000000000
60984  -51.838  -42.590  63.714 0.0000000000
59668  -51.498  -43.251  62.926 0.0000000000
70145  -57.399  -35.645  65.605 0.0000000000
67956  -57.287  -36.961  64.788 0.0000000000
69059  -57.183  -35.958  64.954 0.0000000000
65817  -53.815  -38.206  63.942 0.0000000000
66880  -53.290  -37.443  63.612 0.0000000000
70167  -54.265  -34.599  62.955 0.0000000000
69088  -54.258  -35.244  63.174 0.0000000000
69087  -53.612  -35.273  62.920 0.0000000000
67971  -52.684  -36.622  63.266 0.0000000000
43697  -18.994  -57.151  82.706 0.0000000000
44825  -18.680  -56.988  83.353 0.0000000000
44841  -18.593  -57.144  82.693 0.0000000000
43717  -18.645  -58.168  81.227 0.0000000000
43706  -17.498  -57.761  82.422 0.0000000000
42567  -18.343  -58.976  81.287 0.0000000000
41281  -19.445  -59.808  80.455 0.0000000000
44856  -22.893  -56.635  81.730 0.0000000000
44883  -22.815  -56.720  78.586 0.0000000000
44882  -22.185  -57.055  79.146 0.0000000000
43740  -21.391  -57.203  79.879 0.0000000000
44913  -23.435  -56.676  75.917 0.0000000000
44902  -23.242  -56.602  76.479 0.0000000000
43775  -23.195  -57.209  76.074 0.0000000000
42606  -22.025  -58.706  77.277 0.0000000000
42614  -21.912  -57.971  77.190 0.0000000000
42605  -21.589  -58.335  77.575 0.0000000000
42604  -21.163  -58.167  77.992 0.0000000000
41326  -26.100  -59.304  78.566 0.0000000000
45964  -31.308  -55.292  82.647 0.0000000000
44833  -31.130  -55.676  83.029 0.0000000000
45963  -31.139  -55.714  82.439 0.0000000000
46002  -29.363  -55.645  80.389 0.0000000000
46023  -30.249  -55.301  79.751 0.0000000000
47310  -30.861  -54.415  79.205 0.0000000000
46064  -29.979  -55.502  77.597 0.0000000000
46088  -30.841  -55.520  76.753 0.0000000000
46115  -30.462  -55.708  75.495 0.0000000000
44915  -30.609  -56.251  74.911 0.0000000000
44929  -30.053  -56.527  74.603 0.0000000000
44930  -30.713  -56.815  74.720 0.0000000000
46119  -35.588  -56.063  75.737 0.0000000000
47367  -35.294  -55.709  76.431 0.0000000000
46093  -35.517  -56.132  76.216 0.0000000000
43784  -34.633  -57.530  76.361 0.0000000000
44918  -33.781  -56.862  76.034 0.0000000000
43783  -33.971  -57.540  76.049 0.0000000000
41387  -32.350  -59.221  76.389 0.0000000000
42647  -30.537  -58.096  74.994 0.0000000000
51683  -42.401  -50.379  75.080 0.0000000000
51698  -41.884  -50.495  74.620 0.0000000000
51712  -41.620  -50.307  74.065 0.0000000000
53946  -41.201  -49.034  72.305 0.0000000000
58534  -49.526  -44.949  62.779 0.0000000000
57322  -49.862  -45.473  62.132 0.0000000000
47245  -28.311  -54.391  83.686 0.0000000000
45962  -29.773  -55.711  82.680 0.0000000000
59663  -38.472  -43.347  62.949 0.0000000000
64654  -46.491  -39.773  68.542 0.0000000000
64644  -47.314  -39.838  69.237 0.0000000000
51620  -34.728  -50.310  80.641 0.0000000000
51732  -30.199  -49.947  68.967 0.0000000000
52897  -30.472  -49.702  68.408 0.0000000000
52896  -30.315  -50.010  67.844 0.0000000000
57266  -35.603  -45.824  63.878 0.0000000000
57301  -35.248  -45.138  62.514 0.0000000000
66831  -57.034  -37.498  66.441 0.0000000000
65786  -57.136  -38.431  66.566 0.0000000000
65787  -57.467  -38.793  66.274 0.0000000000
64706  -57.500  -39.727  65.865 0.0000000000
64722  -57.046  -39.775  65.247 0.0000000000
44827  -21.769  -57.001  83.662 0.0000000000
43710  -21.182  -57.038  83.253 0.0000000000
44842  -21.911  -56.955  83.019 0.0000000000
44925  -26.253  -56.165  74.564 0.0000000000
43789  -26.643  -56.900  74.537 0.0000000000
43780  -26.915  -57.503  74.717 0.0000000000
42632  -26.915  -58.120  75.255 0.0000000000
42620  -27.088  -58.794  76.095 0.0000000000
49486  -31.695  -52.844  77.034 0.0000000000
48425  -32.402  -53.282  77.327 0.0000000000
49496  -32.745  -53.089  76.370 0.0000000000
48452  -34.266  -53.779  75.776 0.0000000000
56097  -39.231  -46.675  67.005 0.0000000000
56107  -39.331  -46.316  66.670 0.0000000000
56098  -39.815  -46.354  67.277 0.0000000000
56099  -40.340  -46.142  67.782 0.0000000000
57239  -40.738  -45.715  67.967 0.0000000000
56074  -43.719  -45.880  71.047 0.0000000000
57219  -43.094  -45.457  70.074 0.0000000000
57220  -43.884  -45.195  70.519 0.0000000000
59554  -44.884  -43.620  70.156 0.0000000000
51651  -38.566  -50.308  77.709 0.0000000000
52851  -37.931  -49.888  73.489 0.0000000000
53941  -36.296  -49.094  72.022 0.0000000000
54004  -34.474  -48.550  68.889 0.0000000000
53991  -35.594  -48.664  69.623 0.0000000000
55010  -35.646  -48.378  69.124 0.0000000000
54999  -39.698  -48.030  69.813 0.0000000000
55013  -38.899  -47.687  69.106 0.0000000000
55038  -38.427  -47.176  67.473 0.0000000000
56096  -38.698  -46.905  66.795 0.0000000000
47273  -25.360  -54.830  81.840 0.0000000000
47344  -27.553  -55.068  77.729 0.0000000000
47365  -27.914  -55.088  76.914 0.0000000000
59631  -40.618  -43.552  65.918 0.0000000000
59643  -40.241  -43.192  64.941 0.0000000000
59644  -41.099  -42.901  65.509 0.0000000000
60956  -41.460  -42.284  65.164 0.0000000000
64712  -43.460  -39.665  65.088 0.0000000000
63486  -47.909  -40.122  65.961 0.0000000000
63500  -47.694  -40.487  65.290 0.0000000000
62282  -48.511  -42.155  65.015 0.0000000000
60970  -48.471  -42.828  64.228 0.0000000000
60959  -49.450  -43.070  65.681 0.0000000000
50428  -31.378  -51.343  84.357 0.0000000000
49424  -31.025  -52.337  83.861 0.0000000000
50439  -31.370  -51.319  83.785 0.0000000000
50438  -31.024  -51.664  83.521 0.0000000000
52704  -31.133  -49.696  80.159 0.0000000000
52720  -30.091  -49.763  79.281 0.0000000000
51633  -29.591  -50.606  78.752 0.0000000000
51648  -29.743  -50.363  78.127 0.0000000000
52787  -35.626  -49.484  76.396 0.0000000000
52807  -33.669  -49.026  75.678 0.0000000000
52866  -30.903  -49.263  72.984 0.0000000000
53917  -31.406  -49.199  73.773 0.0000000000
51708  -30.190  -50.445  73.765 0.0000000000
55046  -33.653  -47.754  66.748 0.0000000000
51503  -30.805  -50.974  85.162 0.0000000000
52622  -31.119  -49.738  84.838 0.0000000000
52645  -34.882  -48.869  83.325 0.0000000000
52693  -38.930  -49.356  80.251 0.0000000000
55999  -45.701  -46.603  76.321 0.0000000000
56015  -46.086  -47.018  75.699 0.0000000000
56000  -46.394  -46.309  76.104 0.0000000000
56001  -46.689  -45.906  75.722 0.0000000000
57115  -47.009  -45.045  75.445 0.0000000000
62118  -47.141  -41.680  75.865 0.0000000000
62125  -46.928  -41.630  74.899 0.0000000000
63357  -47.066  -40.452  75.296 0.0000000000
63356  -46.958  -40.334  74.728 0.0000000000
66673  -50.572  -36.992  75.490 0.0000000000
66687  -50.223  -37.509  75.319 0.0000000000
65687  -49.897  -38.039  75.163 0.0000000000
65697  -49.674  -38.534  74.893 0.0000000000
64608  -49.514  -39.948  72.728 0.0000000000
63398  -50.084  -41.528  71.933 0.0000000000
60871  -52.164  -42.393  71.819 0.0000000000
60870  -51.573  -42.434  72.219 0.0000000000
60882  -51.665  -42.733  71.187 0.0000000000
60895  -51.748  -43.126  70.480 0.0000000000
59569  -51.507  -43.424  69.287 0.0000000000
59589  -51.326  -43.467  68.325 0.0000000000
59590  -51.846  -43.667  68.666 0.0000000000
58463  -51.985  -43.737  68.361 0.0000000000
58483  -52.388  -44.106  67.568 0.0000000000
64659  -53.244  -39.970  68.509 0.0000000000
63455  -54.691  -41.291  68.377 0.0000000000
60927  -56.197  -42.194  66.928 0.0000000000
59638  -55.812  -42.938  66.631 0.0000000000
58498  -55.372  -43.622  66.886 0.0000000000
58497  -54.625  -44.188  66.546 0.0000000000
58516  -53.757  -44.545  64.417 0.0000000000
62296  -52.395  -41.366  64.237 0.0000000000
62310  -51.742  -41.653  63.917 0.0000000000
62309  -51.000  -41.481  63.440 0.0000000000
71137  -57.218  -34.107  65.442 0.0000000000
69074  -56.501  -35.816  64.232 0.0000000000
69073  -55.903  -35.427  63.753 0.0000000000
69086  -52.575  -35.421  62.620 0.0000000000
44824  -17.624  -56.988  83.395 0.0000000000
41300  -19.816  -59.481  79.787 0.0000000000
42629  -23.952  -57.855  75.725 0.0000000000
42616  -23.258  -58.158  76.279 0.0000000000
41344  -22.567  -59.140  77.239 0.0000000000
41322  -21.665  -59.609  78.258 0.0000000000
39993  -22.844  -60.212  78.870 0.0000000000
39979  -24.772  -59.810  80.018 0.0000000000
47279  -31.303  -54.453  81.497 0.0000000000
46005  -31.291  -55.153  81.521 0.0000000000
47295  -31.262  -54.912  81.152 0.0000000000
46046  -33.052  -54.905  77.631 0.0000000000
46045  -32.525  -54.933  77.857 0.0000000000
42623  -34.022  -58.623  76.424 0.0000000000
42638  -33.564  -58.195  75.989 0.0000000000
55002  -42.460  -46.830  70.719 0.0000000000
56062  -43.224  -46.584  71.241 0.0000000000
57206  -45.743  -45.497  72.006 0.0000000000
51667  -40.491  -49.828  76.363 0.0000000000
51680  -39.971  -50.234  75.789 0.0000000000
51696  -40.082  -50.679  75.125 0.0000000000
51709  -39.470  -50.395  74.513 0.0000000000
51711  -41.025  -50.465  74.155 0.0000000000
52870  -38.681  -49.560  72.651 0.0000000000
53943  -37.985  -49.143  72.103 0.0000000000
53975  -37.485  -48.502  70.645 0.0000000000
53976  -38.447  -48.381  70.660 0.0000000000
53963  -40.398  -48.515  71.345 0.0000000000
57343  -51.689  -45.627  60.274 0.0000000000
48383  -26.942  -54.048  83.132 0.0000000000
47262  -28.161  -55.048  82.719 0.0000000000
46001  -28.603  -55.466  79.880 0.0000000000
60904  -43.609  -42.731  67.745 0.0000000000
60946  -42.809  -42.205  66.551 0.0000000000
62266  -43.197  -41.887  66.826 0.0000000000
63484  -43.508  -41.031  66.772 0.0000000000
64683  -43.907  -40.491  66.719 0.0000000000
63466  -45.047  -40.517  67.826 0.0000000000
64701  -44.430  -39.612  65.899 0.0000000000
64714  -45.368  -39.468  64.544 0.0000000000
64667  -47.260  -39.524  67.153 0.0000000000
64668  -48.065  -39.798  66.840 0.0000000000
63467  -48.792  -40.288  67.463 0.0000000000
51568  -33.315  -50.268  82.992 0.0000000000
51567  -32.403  -50.375  82.895 0.0000000000
51586  -32.964  -50.256  82.112 0.0000000000
52706  -33.288  -50.076  80.783 0.0000000000
52722  -31.672  -49.499  79.487 0.0000000000
52760  -31.440  -49.287  77.793 0.0000000000
53908  -34.238  -49.109  73.809 0.0000000000
53907  -33.579  -49.003  74.238 0.0000000000
53920  -33.533  -48.939  73.294 0.0000000000
53953  -31.254  -48.951  72.514 0.0000000000
52879  -30.681  -49.277  72.152 0.0000000000
51725  -30.458  -51.332  70.941 0.0000000000
51727  -30.165  -50.938  70.341 0.0000000000
50589  -30.002  -51.177  69.783 0.0000000000
50593  -29.710  -51.457  69.170 0.0000000000
51742  -30.154  -50.163  68.670 0.0000000000
56111  -33.914  -46.815  65.074 0.0000000000
56124  -34.223  -46.363  64.448 0.0000000000
57264  -33.660  -46.083  63.712 0.0000000000
57279  -33.075  -45.765  63.040 0.0000000000
57280  -33.984  -45.632  63.091 0.0000000000
66695  -51.128  -37.820  74.290 0.0000000000
65707  -50.831  -38.773  73.508 0.0000000000
64597  -50.944  -39.841  72.938 0.0000000000
63374  -51.829  -41.053  72.772 0.0000000000
62157  -51.810  -41.851  72.750 0.0000000000
64610  -52.471  -40.164  72.362 0.0000000000
63387  -52.208  -41.088  72.579 0.0000000000
59543  -52.227  -42.449  71.497 0.0000000000
64690  -55.204  -38.978  67.204 0.0000000000
64671  -55.152  -39.853  67.481 0.0000000000
65765  -56.060  -39.103  67.115 0.0000000000
63472  -56.750  -40.599  66.897 0.0000000000
64674  -57.092  -39.862  66.679 0.0000000000
63473  -57.069  -40.402  66.528 0.0000000000
62248  -56.743  -41.176  66.582 0.0000000000
60950  -56.623  -41.706  66.067 0.0000000000
60961  -56.221  -42.069  65.761 0.0000000000
60960  -55.664  -42.646  65.633 0.0000000000
60974  -55.283  -42.361  65.249 0.0000000000
62298  -54.721  -41.580  64.822 0.0000000000
63515  -54.182  -40.673  64.546 0.0000000000
65804  -53.215  -38.969  64.128 0.0000000000
72259  -55.868  -33.060  63.476 0.0000000000
71158  -55.206  -33.494  63.077 0.0000000000
44815  -19.096  -56.927  84.302 0.0000000000
43684  -19.787  -56.992  84.117 0.0000000000
43698  -19.586  -57.068  83.209 0.0000000000
46084  -24.524  -55.256  76.452 0.0000000000
46108  -23.845  -56.263  75.743 0.0000000000
44914  -24.063  -56.609  75.466 0.0000000000
43787  -25.141  -56.825  74.838 0.0000000000
43777  -24.506  -57.212  75.264 0.0000000000
42617  -24.164  -58.449  76.139 0.0000000000
41348  -26.714  -59.134  77.717 0.0000000000
47329  -32.838  -54.620  77.697 0.0000000000
47346  -33.457  -54.704  77.455 0.0000000000
47347  -34.083  -54.915  77.229 0.0000000000
46068  -34.368  -55.311  76.995 0.0000000000
57269  -38.251  -45.405  64.422 0.0000000000
58511  -38.372  -44.757  63.887 0.0000000000
58501  -39.378  -44.841  65.437 0.0000000000
57250  -39.504  -45.736  66.368 0.0000000000
58491  -40.115  -44.695  66.356 0.0000000000
58492  -41.004  -43.814  66.600 0.0000000000
59613  -41.808  -43.682  66.825 0.0000000000
59614  -42.509  -43.353  67.114 0.0000000000
56079  -41.097  -46.609  69.040 0.0000000000
56090  -41.380  -46.003  68.884 0.0000000000
57230  -42.664  -45.228  69.433 0.0000000000
57241  -42.163  -45.019  68.801 0.0000000000
59586  -42.778  -43.725  67.836 0.0000000000
59615  -43.113  -43.200  67.571 0.0000000000
60905  -44.046  -42.759  68.296 0.0000000000
62209  -44.854  -41.971  69.245 0.0000000000
60880  -44.895  -42.704  69.891 0.0000000000
63432  -45.064  -41.206  69.794 0.0000000000
63414  -45.422  -40.649  70.483 0.0000000000
64618  -45.832  -40.255  71.180 0.0000000000
50492  -37.374  -50.754  79.854 0.0000000000
51623  -37.206  -50.693  79.358 0.0000000000
51649  -36.940  -50.347  78.144 0.0000000000
52765  -36.576  -49.973  77.250 0.0000000000
51679  -39.248  -50.136  75.824 0.0000000000
53921  -34.482  -49.122  73.062 0.0000000000
53956  -33.638  -48.772  71.461 0.0000000000
53957  -34.549  -49.004  71.287 0.0000000000
54009  -32.709  -48.444  67.989 0.0000000000
55033  -32.919  -48.279  67.610 0.0000000000
55022  -34.100  -48.390  68.387 0.0000000000
54996  -37.035  -48.308  70.119 0.0000000000
55011  -36.631  -48.066  69.444 0.0000000000
55025  -36.898  -47.471  68.449 0.0000000000
56102  -35.323  -46.924  65.805 0.0000000000
56113  -35.768  -46.620  65.179 0.0000000000
56127  -37.170  -46.277  64.557 0.0000000000
57268  -37.463  -45.737  64.070 0.0000000000
69047  -57.459  -36.039  65.849 0.0000000000
70137  -57.473  -35.055  65.942 0.0000000000
71129  -57.518  -34.327  65.910 0.0000000000
72241  -57.469  -33.562  65.904 0.0000000000
72251  -56.897  -33.130  65.178 0.0000000000
73435  -56.859  -31.800  64.880 0.0000000000
75810  -58.772  -29.838  65.996 0.0000000000
73452  -56.334  -31.840  63.692 0.0000000000
73470  -56.411  -31.232  63.058 0.0000000000
74658  -56.855  -30.523  62.864 0.0000000000
74657  -56.197  -30.860  62.256 0.0000000000
44844  -23.666  -56.347  82.618 0.0000000000
46018  -24.356  -55.685  79.347 0.0000000000
47306  -25.711  -54.833  80.155 0.0000000000
46020  -25.614  -54.874  79.711 0.0000000000
47362  -25.282  -54.811  76.642 0.0000000000
47383  -25.369  -54.932  76.068 0.0000000000
46111  -26.233  -54.999  75.309 0.0000000000
47385  -26.692  -54.715  75.969 0.0000000000
46130  -26.720  -55.485  74.739 0.0000000000
44927  -28.131  -56.328  74.487 0.0000000000
48463  -33.542  -53.308  73.993 0.0000000000
59664  -39.129  -42.949  63.284 0.0000000000
59654  -40.025  -42.888  64.311 0.0000000000
60966  -39.919  -42.730  63.957 0.0000000000
60990  -39.427  -41.984  62.427 0.0000000000
62292  -41.611  -41.518  64.578 0.0000000000
63524  -42.054  -40.716  64.297 0.0000000000
63523  -41.661  -40.787  63.820 0.0000000000
63512  -47.322  -41.006  64.353 0.0000000000
59665  -49.112  -43.847  63.806 0.0000000000
58533  -49.243  -44.305  63.129 0.0000000000
57285  -50.051  -45.137  63.657 0.0000000000
45924  -30.878  -54.846  84.455 0.0000000000
47246  -31.417  -54.447  83.163 0.0000000000
49432  -31.168  -53.046  83.309 0.0000000000
48385  -31.264  -53.578  82.646 0.0000000000
48394  -31.330  -54.002  81.984 0.0000000000
48393  -31.068  -53.470  81.604 0.0000000000
48401  -30.339  -52.953  80.318 0.0000000000
51566  -31.582  -50.501  82.676 0.0000000000
51565  -30.840  -50.733  82.348 0.0000000000
52685  -30.618  -49.951  80.644 0.0000000000
51582  -29.763  -50.814  80.887 0.0000000000
50464  -30.000  -51.517  81.336 0.0000000000
49452  -29.997  -52.283  80.937 0.0000000000
48408  -30.263  -52.885  79.755 0.0000000000
49464  -30.249  -52.743  79.285 0.0000000000
49485  -31.005  -52.771  77.453 0.0000000000
51634  -35.943  -50.158  79.373 0.0000000000
52743  -34.321  -49.532  78.590 0.0000000000
52782  -30.808  -49.353  77.066 0.0000000000
53889  -32.812  -48.903  75.182 0.0000000000
53888  -32.364  -48.943  75.375 0.0000000000
52847  -31.440  -49.219  74.021 0.0000000000
52828  -31.507  -49.150  74.539 0.0000000000
52805  -31.816  -49.047  75.640 0.0000000000
50559  -30.168  -51.195  74.401 0.0000000000
49523  -32.024  -52.559  73.941 0.0000000000
56123  -33.193  -46.549  64.308 0.0000000000
52837  -43.555  -49.153  74.439 0.0000000000
52838  -43.860  -48.679  74.212 0.0000000000
53894  -44.073  -48.370  75.004 0.0000000000
56013  -44.557  -47.395  75.813 0.0000000000
43672  -19.705  -57.001  85.099 0.0000000000
44817  -23.653  -56.323  85.195 0.0000000000
47243  -25.511  -54.153  83.416 0.0000000000
48381  -25.910  -53.798  83.443 0.0000000000
48370  -26.334  -53.401  83.926 0.0000000000
48358  -28.116  -53.354  84.485 0.0000000000
47202  -28.998  -53.592  84.808 0.0000000000
47203  -29.246  -53.771  84.523 0.0000000000
48346  -29.860  -52.846  85.081 0.0000000000
47204  -30.102  -53.571  84.500 0.0000000000
48347  -30.616  -52.616  84.798 0.0000000000
48348  -31.116  -52.257  84.743 0.0000000000
48360  -31.185  -52.404  84.570 0.0000000000
50418  -30.980  -51.081  84.982 0.0000000000
50419  -31.173  -51.168  85.050 0.0000000000
49416  -31.188  -51.724  84.665 0.0000000000
50477  -36.942  -50.620  80.431 0.0000000000
52690  -37.105  -49.604  81.308 0.0000000000
51608  -37.388  -50.367  80.496 0.0000000000
50479  -37.727  -50.609  80.140 0.0000000000
50493  -37.968  -50.763  79.735 0.0000000000
50494  -38.353  -50.622  79.639 0.0000000000
50508  -38.536  -50.623  79.148 0.0000000000
51611  -38.796  -49.813  79.830 0.0000000000
51638  -38.899  -50.233  78.571 0.0000000000
51653  -40.020  -49.664  77.299 0.0000000000
52747  -40.601  -49.116  78.052 0.0000000000
52767  -40.423  -49.406  77.508 0.0000000000
52791  -40.611  -49.556  76.978 0.0000000000
52815  -43.324  -49.438  74.969 0.0000000000
53925  -44.237  -48.387  73.909 0.0000000000
53926  -44.990  -47.734  74.112 0.0000000000
54981  -45.334  -47.029  73.408 0.0000000000
54957  -46.185  -47.140  74.730 0.0000000000
54966  -46.020  -47.048  74.201 0.0000000000
56050  -45.615  -46.441  72.988 0.0000000000
57186  -45.964  -45.713  72.587 0.0000000000
58388  -46.177  -45.025  72.266 0.0000000000
59485  -47.101  -44.015  76.233 0.0000000000
59509  -46.892  -44.373  75.000 0.0000000000
60803  -47.170  -42.856  75.979 0.0000000000
59508  -46.954  -43.860  75.302 0.0000000000
58366  -46.995  -44.679  74.708 0.0000000000
59529  -46.183  -44.595  72.983 0.0000000000
59528  -46.010  -44.070  72.178 0.0000000000
62135  -45.511  -42.377  72.615 0.0000000000
63370  -45.524  -41.582  72.744 0.0000000000
63382  -45.297  -41.049  72.135 0.0000000000
64604  -45.688  -40.419  71.793 0.0000000000
64605  -46.262  -40.015  71.870 0.0000000000
64619  -46.545  -39.935  71.155 0.0000000000
65684  -47.882  -38.604  76.146 0.0000000000
64582  -47.902  -39.009  74.331 0.0000000000
64633  -47.997  -40.210  69.933 0.0000000000
63396  -48.733  -40.368  71.518 0.0000000000
63452  -49.623  -40.900  68.101 0.0000000000
63372  -51.280  -41.552  72.944 0.0000000000
62175  -50.567  -42.075  71.956 0.0000000000
60881  -51.227  -42.682  71.591 0.0000000000
62224  -50.152  -41.764  68.809 0.0000000000
62244  -50.007  -42.058  67.408 0.0000000000
60947  -50.159  -43.189  66.609 0.0000000000
59634  -50.318  -43.713  66.071 0.0000000000
59616  -51.091  -43.594  67.372 0.0000000000
59635  -50.785  -43.882  66.486 0.0000000000
59647  -50.402  -43.940  65.878 0.0000000000
58504  -50.591  -44.314  65.645 0.0000000000
58514  -50.531  -44.915  64.595 0.0000000000
57272  -51.068  -45.263  64.392 0.0000000000
60884  -53.346  -42.303  70.596 0.0000000000
59572  -53.362  -43.149  70.002 0.0000000000
62227  -55.010  -41.879  68.356 0.0000000000
60908  -55.622  -42.351  67.645 0.0000000000
60907  -55.075  -42.499  68.245 0.0000000000
60897  -54.566  -42.603  68.941 0.0000000000
59573  -54.199  -43.000  69.413 0.0000000000
59592  -53.146  -43.638  69.113 0.0000000000
58465  -52.804  -43.871  68.359 0.0000000000
58495  -52.590  -44.617  66.587 0.0000000000
58496  -53.560  -44.501  66.658 0.0000000000
57253  -52.062  -44.850  66.158 0.0000000000
58552  -52.543  -44.427  61.327 0.0000000000
60985  -52.525  -43.106  63.857 0.0000000000
59678  -52.190  -43.959  62.055 0.0000000000
67957  -57.564  -36.768  65.498 0.0000000000
66864  -56.929  -37.798  64.563 0.0000000000
66863  -56.469  -37.979  64.391 0.0000000000
67975  -56.767  -36.412  64.465 0.0000000000
66882  -55.869  -37.573  64.121 0.0000000000
65818  -54.916  -38.231  64.088 0.0000000000
64737  -52.352  -38.992  63.954 0.0000000000
70155  -55.333  -34.605  63.388 0.0000000000
69070  -53.251  -35.930  63.096 0.0000000000
67972  -53.796  -36.613  63.444 0.0000000000
39958  -18.928  -60.168  81.752 0.0000000000
41280  -18.838  -59.692  81.156 0.0000000000
44867  -22.130  -56.903  80.887 0.0000000000
44893  -23.248  -56.409  77.055 0.0000000000
44892  -22.629  -56.871  77.603 0.0000000000
43766  -22.751  -57.511  76.516 0.0000000000
43756  -22.394  -57.281  77.067 0.0000000000
43755  -21.883  -57.547  77.605 0.0000000000
43746  -20.973  -57.943  78.315 0.0000000000
42589  -20.296  -58.752  78.892 0.0000000000
41301  -20.639  -59.732  79.242 0.0000000000
39975  -20.820  -60.447  80.075 0.0000000000
41325  -25.118  -59.462  78.411 0.0000000000
45942  -30.542  -55.435  84.005 0.0000000000
44846  -30.254  -55.534  83.050 0.0000000000
45983  -31.111  -55.695  82.014 0.0000000000
45982  -30.332  -55.941  81.858 0.0000000000
46114  -29.219  -55.417  75.481 0.0000000000
46133  -29.674  -55.840  74.825 0.0000000000
44928  -29.102  -56.449  74.565 0.0000000000
43792  -29.459  -57.292  74.557 0.0000000000
48465  -34.717  -54.303  75.305 0.0000000000
47405  -35.149  -54.958  75.317 0.0000000000
47366  -35.064  -55.232  76.580 0.0000000000
44906  -35.413  -56.747  76.231 0.0000000000
44905  -34.611  -56.685  76.431 0.0000000000
44904  -33.606  -56.268  76.421 0.0000000000
43781  -32.032  -57.503  75.347 0.0000000000
43794  -30.952  -57.555  74.880 0.0000000000
42646  -29.888  -58.008  74.835 0.0000000000
42634  -29.175  -58.516  75.420 0.0000000000
41384  -29.398  -58.930  76.074 0.0000000000
41343  -21.764  -58.994  77.536 0.0000000000
42622  -33.345  -58.687  76.204 0.0000000000
42628  -23.527  -57.746  75.920 0.0000000000
42655  -30.259  -57.749  74.719 0.0000000000
42656  -30.391  -57.926  74.823 0.0000000000
43765  -22.201  -57.722  77.005 0.0000000000
43767  -23.274  -57.594  76.089 0.0000000000
43788  -25.824  -56.852  74.651 0.0000000000
43798  -30.498  -57.672  74.754 0.0000000000
43799  -30.636  -57.856  74.843 0.0000000000
44831  -30.288  -55.428  83.496 0.0000000000
44832  -30.727  -55.787  83.416 0.0000000000
44847  -30.787  -56.011  82.673 0.0000000000
44848  -31.149  -55.729  82.687 0.0000000000
44859  -30.308  -55.819  82.520 0.0000000000
44870  -24.423  -55.802  80.672 0.0000000000
44912  -23.029  -56.959  76.324 0.0000000000
44924  -25.446  -56.222  74.737 0.0000000000
45905  -30.343  -54.226  84.225 0.0000000000
45921  -28.896  -54.630  84.487 0.0000000000
45922  -29.212  -54.458  84.251 0.0000000000
45984  -31.403  -55.064  81.968 0.0000000000
46069  -34.780  -55.315  76.823 0.0000000000
47228  -29.039  -54.215  84.469 0.0000000000
47345  -28.067  -55.186  77.409 0.0000000000
47361  -24.758  -54.913  77.002 0.0000000000
47384  -25.816  -54.768  75.992 0.0000000000
47388  -35.432  -55.679  76.189 0.0000000000
48335  -29.967  -52.499  85.325 0.0000000000
48418  -32.624  -54.346  77.768 0.0000000000
48438  -32.710  -53.096  76.699 0.0000000000
49391  -30.923  -51.827  84.984 0.0000000000
49403  -29.536  -52.531  85.274 0.0000000000
49404  -30.830  -52.039  84.990 0.0000000000
49405  -31.033  -52.014  84.996 0.0000000000
50478  -37.198  -50.628  80.282 0.0000000000
50480  -38.132  -50.557  80.003 0.0000000000
51502  -30.625  -51.059  85.324 0.0000000000
51536  -33.974  -49.493  83.982 0.0000000000
51554  -34.787  -49.587  83.149 0.0000000000
51603  -30.040  -50.256  80.516 0.0000000000
51699  -42.439  -50.343  74.738 0.0000000000
52671  -35.567  -49.531  82.548 0.0000000000
52702  -29.804  -50.146  79.802 0.0000000000
52719  -29.728  -50.183  79.195 0.0000000000
52835  -42.408  -50.278  74.494 0.0000000000
52858  -43.928  -48.530  73.735 0.0000000000
53910  -44.069  -48.453  74.542 0.0000000000
54947  -46.210  -47.143  75.204 0.0000000000
54964  -44.882  -47.569  73.649 0.0000000000
54965  -45.556  -47.237  73.854 0.0000000000
56002  -46.748  -45.696  75.437 0.0000000000
56017  -46.701  -45.893  75.281 0.0000000000
56036  -45.708  -46.752  73.483 0.0000000000
56037  -46.103  -46.597  73.766 0.0000000000
57112  -45.960  -45.794  76.747 0.0000000000
57113  -46.596  -45.552  76.423 0.0000000000
57114  -46.941  -45.341  75.817 0.0000000000
57135  -46.856  -45.474  75.007 0.0000000000
57136  -47.202  -45.081  75.258 0.0000000000
57152  -47.497  -45.760  74.598 0.0000000000
57154  -47.291  -45.235  74.953 0.0000000000
57240  -41.394  -45.360  68.418 0.0000000000
57247  -40.989  -45.208  67.809 0.0000000000
57251  -40.042  -45.465  66.747 0.0000000000
57271  -50.656  -45.159  64.269 0.0000000000
58343  -47.206  -44.667  75.951 0.0000000000
58358  -47.214  -44.659  75.398 0.0000000000
58367  -47.794  -44.882  74.924 0.0000000000
58368  -47.612  -44.954  75.177 0.0000000000
58423  -44.010  -44.550  70.007 0.0000000000
58482  -51.960  -43.838  67.888 0.0000000000
58503  -50.151  -44.187  65.299 0.0000000000
58515  -51.067  -45.055  64.881 0.0000000000
58523  -49.389  -44.294  63.635 0.0000000000
59484  -46.901  -43.739  76.640 0.0000000000
59496  -46.917  -43.650  75.583 0.0000000000
59497  -47.078  -44.117  75.717 0.0000000000
59542  -52.133  -42.572  71.333 0.0000000000
59680  -53.345  -44.327  62.686 0.0000000000
60788  -46.970  -43.485  76.359 0.0000000000
60854  -45.432  -42.891  71.324 0.0000000000
60856  -51.138  -42.292  72.979 0.0000000000
60868  -45.532  -43.528  71.157 0.0000000000
60924  -42.938  -42.597  67.037 0.0000000000
60928  -56.547  -41.725  66.379 0.0000000000
60962  -56.720  -41.679  65.923 0.0000000000
60978  -38.998  -42.754  62.909 0.0000000000
60988  -38.049  -42.777  61.919 0.0000000000
62137  -51.156  -41.921  73.160 0.0000000000
62138  -51.375  -41.808  72.979 0.0000000000
62154  -45.209  -42.096  72.111 0.0000000000
62156  -51.628  -42.046  72.948 0.0000000000
62174  -49.990  -41.682  71.645 0.0000000000
62213  -54.433  -42.155  69.159 0.0000000000
62242  -43.841  -41.849  67.462 0.0000000000
62249  -57.036  -40.701  66.372 0.0000000000
62270  -57.022  -40.876  66.203 0.0000000000
62279  -41.853  -41.854  65.160 0.0000000000
62285  -57.003  -41.085  65.959 0.0000000000
62286  -56.993  -41.019  66.024 0.0000000000
62293  -41.970  -41.531  65.042 0.0000000000
62295  -48.139  -42.123  64.328 0.0000000000
62306  -41.315  -41.389  64.053 0.0000000000
63364  -46.880  -40.949  74.841 0.0000000000
63399  -52.680  -40.792  72.193 0.0000000000
63464  -43.943  -41.289  67.286 0.0000000000
63483  -43.051  -41.164  66.377 0.0000000000
63485  -44.107  -40.659  67.003 0.0000000000
63498  -42.905  -40.865  65.980 0.0000000000
63503  -57.219  -40.616  65.996 0.0000000000
63509  -41.858  -41.005  64.391 0.0000000000
64586  -50.349  -39.046  73.578 0.0000000000
64688  -47.977  -39.978  66.286 0.0000000000
64699  -43.077  -40.425  65.841 0.0000000000
64705  -57.322  -39.975  65.645 0.0000000000
64718  -52.540  -39.716  64.180 0.0000000000
65700  -51.178  -38.184  73.860 0.0000000000
65767  -57.126  -39.238  66.674 0.0000000000
65768  -57.261  -39.390  66.509 0.0000000000
65800  -57.646  -38.595  65.707 0.0000000000
65809  -57.578  -38.507  65.394 0.0000000000
67991  -52.627  -35.990  62.965 0.0000000000
70136  -57.414  -34.617  65.700 0.0000000000
70154  -54.873  -34.865  63.264 0.0000000000
74673  -57.351  -30.180  62.632 0.0000000000
