#!ascii label  , from subject 3966 vox2ras=TkReg
1395
66873  -40.501  -37.585  63.642 0.0000000000
78111  -55.813  -27.185  59.102 0.0000000000
73479  -47.810  -31.794  61.396 0.0000000000
45950  -9.659  -55.442  82.504 0.0000000000
66770  -36.521  -37.489  68.643 0.0000000000
51564  -23.918  -50.310  82.445 0.0000000000
55975  -32.023  -46.016  79.067 0.0000000000
57150  -37.893  -45.143  74.430 0.0000000000
63369  -40.214  -40.471  73.643 0.0000000000
46036  -18.452  -55.282  78.527 0.0000000000
47257  -21.344  -53.832  82.568 0.0000000000
49491  -23.070  -52.381  77.538 0.0000000000
56007  -28.709  -46.389  75.546 0.0000000000
57145  -32.826  -45.605  74.799 0.0000000000
67827  -42.473  -36.292  70.946 0.0000000000
66777  -46.362  -36.962  68.411 0.0000000000
75867  -52.230  -29.623  60.784 0.0000000000
69099  -44.272  -35.342  62.218 0.0000000000
80538  -52.629  -25.807  54.521 0.0000000000
41259  -7.043  -59.670  81.286 0.0000000000
68933  -40.876  -36.740  73.014 0.0000000000
67933  -38.255  -36.355  65.887 0.0000000000
53872  -24.533  -48.913  76.267 0.0000000000
53811  -28.307  -48.511  80.649 0.0000000000
69022  -49.494  -35.780  66.650 0.0000000000
79379  -59.793  -26.470  53.379 0.0000000000
58384  -35.949  -45.040  72.194 0.0000000000
59538  -37.706  -43.804  71.548 0.0000000000
47340  -21.369  -54.084  77.807 0.0000000000
57180  -31.316  -45.283  72.764 0.0000000000
57202  -33.802  -45.019  72.055 0.0000000000
57148  -36.060  -45.738  74.529 0.0000000000
65760  -41.630  -38.136  67.073 0.0000000000
66731  -44.417  -36.961  70.065 0.0000000000
66847  -43.041  -37.380  65.668 0.0000000000
76994  -54.731  -28.740  60.397 0.0000000000
76958  -54.726  -29.143  64.049 0.0000000000
80484  -57.785  -24.889  58.660 0.0000000000
43753  -9.580  -57.137  77.810 0.0000000000
43703  -7.896  -57.448  82.160 0.0000000000
65730  -38.176  -38.475  70.275 0.0000000000
65715  -39.997  -38.468  72.318 0.0000000000
67823  -37.919  -36.843  70.241 0.0000000000
68994  -39.412  -35.605  69.826 0.0000000000
69009  -36.293  -35.491  67.817 0.0000000000
48380  -22.909  -52.521  82.444 0.0000000000
48342  -22.918  -53.411  85.604 0.0000000000
50411  -23.783  -51.767  85.516 0.0000000000
52637  -25.263  -50.205  84.606 0.0000000000
53904  -23.576  -48.656  74.322 0.0000000000
54953  -25.596  -47.776  74.079 0.0000000000
55995  -30.448  -46.054  77.040 0.0000000000
54921  -28.528  -47.009  77.467 0.0000000000
54899  -29.397  -47.133  80.056 0.0000000000
53779  -29.405  -48.027  82.924 0.0000000000
45992  -14.003  -55.832  80.188 0.0000000000
45936  -15.416  -55.532  83.269 0.0000000000
47172  -14.646  -54.541  87.032 0.0000000000
71166  -45.525  -33.916  61.457 0.0000000000
69057  -46.744  -35.374  64.516 0.0000000000
71134  -48.810  -34.185  64.323 0.0000000000
81726  -61.934  -24.356  54.069 0.0000000000
45897  -8.201  -55.634  85.561 0.0000000000
59461  -38.475  -43.147  77.347 0.0000000000
62105  -39.390  -41.223  76.983 0.0000000000
60837  -39.243  -43.076  73.722 0.0000000000
62192  -38.869  -41.788  70.626 0.0000000000
45996  -18.040  -55.217  80.598 0.0000000000
47254  -19.141  -54.395  82.925 0.0000000000
47287  -19.922  -54.231  80.999 0.0000000000
48399  -22.209  -53.350  80.208 0.0000000000
50489  -23.365  -51.393  79.787 0.0000000000
56032  -27.071  -47.115  73.243 0.0000000000
57160  -29.073  -45.526  73.100 0.0000000000
57143  -30.651  -45.692  74.664 0.0000000000
57100  -32.172  -45.872  77.387 0.0000000000
57103  -35.236  -45.968  76.582 0.0000000000
57091  -37.691  -45.402  77.298 0.0000000000
46034  -16.569  -55.861  78.404 0.0000000000
70063  -42.944  -34.726  73.935 0.0000000000
70009  -45.609  -34.495  76.778 0.0000000000
68938  -45.083  -35.379  72.768 0.0000000000
67806  -47.223  -36.118  71.275 0.0000000000
74667  -49.819  -30.553  61.241 0.0000000000
72240  -51.147  -32.442  65.369 0.0000000000
74621  -52.947  -31.094  64.837 0.0000000000
37437  -1.486  -63.425  82.323 0.0000000000
67984  -41.904  -36.480  62.457 0.0000000000
71205  -43.687  -33.299  59.527 0.0000000000
74703  -46.898  -30.727  59.425 0.0000000000
75897  -49.326  -29.562  58.807 0.0000000000
77012  -51.130  -28.917  58.248 0.0000000000
78132  -52.225  -27.420  57.369 0.0000000000
80495  -53.916  -25.545  56.888 0.0000000000
79344  -51.633  -25.936  55.939 0.0000000000
44792  -6.536  -57.109  86.019 0.0000000000
41232  -5.111  -59.830  84.905 0.0000000000
38660  -2.917  -61.532  83.525 0.0000000000
65682  -43.087  -38.082  75.437 0.0000000000
65678  -40.282  -38.853  75.970 0.0000000000
66681  -41.198  -37.793  75.141 0.0000000000
68890  -41.934  -35.692  75.143 0.0000000000
70102  -41.319  -36.213  71.554 0.0000000000
67894  -40.180  -36.400  67.491 0.0000000000
66858  -39.097  -37.612  64.603 0.0000000000
47199  -21.571  -54.388  86.069 0.0000000000
52780  -23.953  -49.822  76.671 0.0000000000
52717  -24.745  -49.966  79.372 0.0000000000
54929  -26.784  -47.456  75.838 0.0000000000
53841  -26.868  -48.642  78.080 0.0000000000
52683  -25.860  -49.748  81.709 0.0000000000
52657  -27.489  -49.167  83.855 0.0000000000
46009  -10.931  -55.591  79.204 0.0000000000
47284  -11.778  -54.940  80.193 0.0000000000
45932  -11.258  -54.987  83.689 0.0000000000
67954  -44.606  -35.994  64.680 0.0000000000
67914  -47.779  -36.510  66.720 0.0000000000
66757  -51.244  -36.735  68.859 0.0000000000
70115  -51.161  -33.895  67.841 0.0000000000
81706  -55.694  -24.355  55.958 0.0000000000
80512  -58.236  -25.404  55.649 0.0000000000
75933  -59.241  -29.348  56.430 0.0000000000
77081  -58.250  -28.078  53.239 0.0000000000
75940  -61.372  -29.602  54.449 0.0000000000
58421  -35.209  -44.552  70.471 0.0000000000
58422  -35.998  -44.497  70.794 0.0000000000
59564  -34.568  -43.946  69.129 0.0000000000
58398  -32.697  -44.825  71.153 0.0000000000
58399  -33.576  -44.858  71.208 0.0000000000
57203  -34.582  -45.012  72.096 0.0000000000
66845  -40.857  -37.910  65.620 0.0000000000
66822  -42.523  -37.934  66.404 0.0000000000
66861  -42.329  -37.433  64.608 0.0000000000
76995  -55.658  -28.169  60.303 0.0000000000
76982  -55.589  -28.543  61.373 0.0000000000
78090  -56.969  -27.553  60.929 0.0000000000
79278  -57.947  -26.581  60.791 0.0000000000
79301  -56.632  -26.022  58.639 0.0000000000
43727  -9.251  -56.763  79.987 0.0000000000
43736  -8.686  -57.477  79.663 0.0000000000
44853  -8.774  -56.459  81.884 0.0000000000
66771  -36.904  -37.847  69.240 0.0000000000
66729  -38.288  -37.757  70.616 0.0000000000
67850  -36.981  -36.680  69.487 0.0000000000
67874  -37.157  -35.926  69.195 0.0000000000
67891  -35.881  -36.387  68.184 0.0000000000
47195  -17.122  -54.583  85.965 0.0000000000
51563  -23.634  -50.997  82.185 0.0000000000
50425  -23.539  -51.556  84.063 0.0000000000
51547  -23.828  -50.889  83.335 0.0000000000
51531  -24.611  -50.503  84.849 0.0000000000
52667  -24.526  -50.087  82.605 0.0000000000
55984  -30.722  -46.218  78.082 0.0000000000
55973  -30.079  -46.567  79.241 0.0000000000
55964  -30.867  -46.518  80.160 0.0000000000
55953  -30.547  -46.898  81.322 0.0000000000
45957  -16.870  -55.320  82.463 0.0000000000
45918  -16.657  -54.924  84.115 0.0000000000
47194  -16.094  -54.580  85.982 0.0000000000
65671  -44.469  -38.123  77.324 0.0000000000
72283  -46.829  -32.479  61.515 0.0000000000
71153  -47.500  -33.465  62.534 0.0000000000
71154  -48.291  -33.021  62.874 0.0000000000
58335  -38.638  -43.984  75.850 0.0000000000
59493  -38.853  -43.245  75.372 0.0000000000
58365  -38.504  -44.451  74.347 0.0000000000
60879  -38.868  -42.407  71.080 0.0000000000
62208  -37.689  -41.739  69.313 0.0000000000
63430  -37.993  -40.668  69.329 0.0000000000
46016  -18.615  -55.011  79.612 0.0000000000
45997  -18.983  -54.596  80.780 0.0000000000
46017  -19.389  -54.596  79.646 0.0000000000
48422  -22.044  -53.665  77.939 0.0000000000
47322  -21.546  -53.857  78.723 0.0000000000
48415  -22.687  -53.064  79.032 0.0000000000
49461  -22.876  -52.514  80.270 0.0000000000
49473  -23.360  -51.984  79.168 0.0000000000
57176  -28.185  -45.917  72.177 0.0000000000
57164  -32.491  -45.425  73.782 0.0000000000
57162  -30.586  -45.485  73.589 0.0000000000
57144  -31.754  -45.662  74.705 0.0000000000
57122  -31.901  -45.699  76.063 0.0000000000
57123  -33.392  -45.709  75.817 0.0000000000
57102  -34.159  -45.875  76.733 0.0000000000
57124  -34.551  -45.790  75.661 0.0000000000
57149  -37.023  -45.608  74.495 0.0000000000
57126  -36.616  -45.810  75.461 0.0000000000
57106  -37.905  -45.297  76.293 0.0000000000
57092  -38.137  -44.704  77.124 0.0000000000
46035  -17.538  -55.652  78.461 0.0000000000
68957  -43.393  -35.818  72.276 0.0000000000
68937  -44.033  -35.370  72.877 0.0000000000
68958  -44.359  -35.864  72.174 0.0000000000
66752  -44.966  -37.058  69.317 0.0000000000
67830  -45.842  -36.412  70.539 0.0000000000
67857  -46.888  -36.634  69.949 0.0000000000
67833  -48.566  -36.552  70.557 0.0000000000
67858  -47.805  -36.747  69.840 0.0000000000
74687  -50.726  -30.096  61.250 0.0000000000
74639  -51.608  -30.991  63.037 0.0000000000
75840  -52.462  -30.227  62.435 0.0000000000
76936  -56.259  -27.932  65.947 0.0000000000
75896  -48.125  -29.902  58.840 0.0000000000
75910  -47.475  -29.639  57.567 0.0000000000
77049  -49.472  -28.113  56.759 0.0000000000
77050  -50.261  -27.966  56.925 0.0000000000
77030  -52.060  -28.054  57.766 0.0000000000
78155  -50.871  -27.352  56.840 0.0000000000
79329  -51.280  -26.559  56.448 0.0000000000
41274  -7.652  -59.071  80.062 0.0000000000
39935  -6.468  -60.538  81.381 0.0000000000
47133  -7.288  -54.938  88.318 0.0000000000
45896  -7.526  -56.078  85.635 0.0000000000
44757  -5.911  -56.379  87.456 0.0000000000
42515  -4.195  -58.634  86.751 0.0000000000
41220  -3.067  -59.651  86.068 0.0000000000
39892  -3.310  -60.394  84.857 0.0000000000
39891  -2.459  -60.911  84.839 0.0000000000
38647  -1.921  -61.876  84.459 0.0000000000
62123  -39.746  -41.291  75.237 0.0000000000
64556  -39.810  -39.701  76.551 0.0000000000
63362  -39.902  -40.421  74.746 0.0000000000
67786  -40.382  -37.205  72.515 0.0000000000
66694  -40.502  -37.836  74.096 0.0000000000
67779  -41.144  -36.845  74.066 0.0000000000
67770  -41.632  -36.496  74.778 0.0000000000
68915  -41.305  -36.437  73.727 0.0000000000
70061  -41.786  -35.305  73.312 0.0000000000
68954  -41.060  -36.507  71.997 0.0000000000
67892  -38.373  -35.498  67.696 0.0000000000
67875  -39.475  -35.570  68.544 0.0000000000
67909  -39.168  -36.297  66.696 0.0000000000
67910  -39.946  -36.854  66.643 0.0000000000
66842  -38.346  -36.735  65.296 0.0000000000
47256  -20.646  -54.013  82.780 0.0000000000
47222  -20.658  -54.232  84.954 0.0000000000
47223  -21.777  -53.988  84.823 0.0000000000
53885  -24.130  -49.158  75.185 0.0000000000
53870  -23.991  -49.759  75.952 0.0000000000
53854  -24.107  -49.735  77.107 0.0000000000
52736  -24.240  -49.941  78.277 0.0000000000
53839  -24.674  -49.004  77.965 0.0000000000
56023  -27.833  -46.549  74.372 0.0000000000
54955  -27.114  -46.979  74.584 0.0000000000
54940  -27.397  -46.917  75.277 0.0000000000
54910  -28.465  -47.754  78.598 0.0000000000
54909  -27.777  -47.939  77.809 0.0000000000
53824  -27.096  -48.926  79.243 0.0000000000
53809  -26.353  -49.421  79.913 0.0000000000
53810  -27.254  -49.053  80.512 0.0000000000
52684  -26.741  -49.362  81.721 0.0000000000
53795  -27.689  -48.910  81.690 0.0000000000
57055  -35.524  -45.775  79.627 0.0000000000
47285  -12.416  -55.087  79.664 0.0000000000
47252  -12.531  -55.081  81.278 0.0000000000
45971  -11.609  -54.892  81.140 0.0000000000
47140  -14.563  -54.055  89.257 0.0000000000
69079  -43.214  -35.807  62.345 0.0000000000
67966  -42.926  -36.372  63.627 0.0000000000
69066  -44.460  -35.614  63.243 0.0000000000
69041  -48.023  -35.674  65.369 0.0000000000
67939  -47.629  -36.020  65.907 0.0000000000
67915  -49.086  -36.353  67.066 0.0000000000
67881  -49.814  -36.544  68.635 0.0000000000
67901  -50.465  -36.362  67.712 0.0000000000
73396  -51.609  -31.851  67.155 0.0000000000
72228  -50.500  -33.043  66.522 0.0000000000
71108  -52.262  -32.842  67.697 0.0000000000
80509  -53.653  -25.412  56.109 0.0000000000
80510  -54.438  -24.959  56.256 0.0000000000
80526  -54.243  -25.511  55.380 0.0000000000
79348  -56.018  -25.987  54.707 0.0000000000
78167  -56.652  -27.129  54.615 0.0000000000
78136  -58.100  -27.209  56.703 0.0000000000
77059  -57.620  -28.287  55.434 0.0000000000
79400  -59.173  -25.666  51.036 0.0000000000
79391  -57.988  -26.720  51.214 0.0000000000
78192  -59.099  -27.540  53.062 0.0000000000
77071  -59.565  -28.429  54.034 0.0000000000
77072  -60.897  -28.208  53.891 0.0000000000
78179  -61.341  -27.246  53.712 0.0000000000
79368  -63.023  -25.968  52.923 0.0000000000
58374  -37.220  -45.014  73.121 0.0000000000
58387  -38.096  -44.462  72.938 0.0000000000
58403  -37.109  -44.363  71.843 0.0000000000
59552  -36.827  -44.037  70.426 0.0000000000
47338  -19.712  -54.771  78.110 0.0000000000
58396  -31.070  -44.809  71.089 0.0000000000
57200  -32.027  -45.025  71.955 0.0000000000
57165  -33.511  -45.437  73.783 0.0000000000
57146  -33.968  -45.563  74.731 0.0000000000
57166  -34.541  -45.509  73.703 0.0000000000
57185  -35.986  -45.297  72.884 0.0000000000
66749  -41.943  -37.139  68.855 0.0000000000
66730  -43.332  -37.035  70.068 0.0000000000
66773  -42.556  -37.863  68.045 0.0000000000
66799  -43.447  -37.631  67.445 0.0000000000
66825  -44.671  -37.090  67.272 0.0000000000
75868  -53.141  -29.342  60.611 0.0000000000
75842  -53.943  -29.427  62.943 0.0000000000
76981  -54.439  -28.982  61.597 0.0000000000
76959  -55.581  -28.519  63.803 0.0000000000
82802  -58.521  -23.472  57.368 0.0000000000
42571  -8.098  -58.217  80.005 0.0000000000
42550  -7.504  -58.314  81.869 0.0000000000
63393  -39.822  -40.392  71.507 0.0000000000
64591  -40.417  -39.453  73.077 0.0000000000
65724  -39.368  -38.266  71.463 0.0000000000
66721  -39.534  -37.802  71.688 0.0000000000
67800  -39.493  -37.160  71.472 0.0000000000
68979  -39.816  -35.977  70.720 0.0000000000
67852  -38.173  -36.055  70.039 0.0000000000
69002  -37.520  -35.584  68.670 0.0000000000
67907  -37.338  -35.521  66.815 0.0000000000
48366  -22.464  -53.295  83.362 0.0000000000
48353  -21.880  -53.749  84.082 0.0000000000
48355  -22.810  -53.018  84.128 0.0000000000
49396  -23.394  -52.863  85.559 0.0000000000
51532  -25.295  -50.460  85.186 0.0000000000
54936  -24.248  -48.372  74.658 0.0000000000
53886  -24.680  -48.424  75.462 0.0000000000
56008  -29.587  -46.156  75.761 0.0000000000
54931  -28.203  -46.832  76.404 0.0000000000
55982  -29.186  -46.627  77.119 0.0000000000
54911  -29.115  -47.065  78.971 0.0000000000
54898  -28.720  -47.789  79.758 0.0000000000
53796  -28.587  -48.322  81.769 0.0000000000
54887  -29.781  -47.290  81.075 0.0000000000
46012  -14.749  -55.962  79.264 0.0000000000
45993  -15.099  -55.963  80.312 0.0000000000
45935  -14.417  -55.584  83.253 0.0000000000
47192  -14.152  -54.808  85.996 0.0000000000
47193  -15.109  -54.657  85.995 0.0000000000
70176  -45.426  -34.568  61.911 0.0000000000
69082  -45.331  -35.259  63.043 0.0000000000
70163  -46.427  -34.771  62.835 0.0000000000
70152  -47.876  -34.528  64.006 0.0000000000
70132  -49.475  -34.703  66.230 0.0000000000
80547  -52.368  -25.637  53.693 0.0000000000
79353  -53.205  -25.936  54.315 0.0000000000
79376  -52.981  -25.845  53.360 0.0000000000
81746  -59.675  -24.294  52.255 0.0000000000
80548  -61.025  -25.267  54.046 0.0000000000
82847  -59.896  -23.364  53.070 0.0000000000
84002  -60.499  -22.456  53.366 0.0000000000
45911  -9.795  -55.055  84.201 0.0000000000
45929  -8.766  -55.759  83.641 0.0000000000
62081  -39.423  -41.355  78.667 0.0000000000
60759  -38.792  -42.535  76.910 0.0000000000
60801  -39.237  -42.574  75.307 0.0000000000
60838  -39.671  -42.299  73.909 0.0000000000
60852  -39.161  -43.218  72.789 0.0000000000
62151  -39.439  -42.446  72.378 0.0000000000
62172  -39.888  -41.074  72.099 0.0000000000
64616  -39.203  -39.809  70.758 0.0000000000
64641  -37.967  -39.022  69.746 0.0000000000
45958  -17.784  -54.770  82.617 0.0000000000
47253  -18.456  -54.472  83.115 0.0000000000
45959  -18.497  -54.568  82.434 0.0000000000
47269  -19.479  -54.340  82.285 0.0000000000
47271  -20.668  -53.990  81.765 0.0000000000
47321  -20.742  -54.225  78.708 0.0000000000
47288  -20.792  -53.958  80.700 0.0000000000
47272  -21.452  -53.777  81.530 0.0000000000
48391  -22.766  -52.699  81.553 0.0000000000
50463  -23.243  -51.748  81.169 0.0000000000
51581  -23.678  -50.522  81.373 0.0000000000
56048  -28.168  -46.076  72.836 0.0000000000
56035  -29.047  -45.803  74.148 0.0000000000
57179  -30.401  -45.271  72.675 0.0000000000
57161  -29.588  -45.567  73.582 0.0000000000
56025  -29.527  -45.860  74.726 0.0000000000
56009  -30.552  -45.875  75.906 0.0000000000
55996  -31.324  -45.874  77.204 0.0000000000
57085  -32.249  -45.953  77.877 0.0000000000
57070  -33.186  -45.884  79.043 0.0000000000
57086  -32.778  -45.927  78.160 0.0000000000
57072  -34.730  -45.863  78.669 0.0000000000
57073  -35.734  -45.965  78.577 0.0000000000
57125  -35.614  -45.864  75.544 0.0000000000
57104  -36.269  -45.970  76.473 0.0000000000
57075  -37.538  -45.475  78.352 0.0000000000
57076  -38.010  -44.744  78.199 0.0000000000
46014  -16.840  -55.836  79.438 0.0000000000
70027  -43.274  -34.523  75.672 0.0000000000
70048  -44.833  -34.657  74.772 0.0000000000
68904  -45.455  -34.742  74.206 0.0000000000
68922  -46.852  -34.917  73.328 0.0000000000
67804  -45.524  -36.140  71.255 0.0000000000
67787  -46.817  -35.690  71.859 0.0000000000
73481  -49.375  -31.134  61.628 0.0000000000
72270  -49.789  -32.006  62.864 0.0000000000
73448  -50.514  -31.699  63.042 0.0000000000
73434  -52.197  -31.541  64.435 0.0000000000
74579  -52.854  -30.975  67.187 0.0000000000
75819  -53.861  -30.045  64.460 0.0000000000
75780  -54.042  -30.028  67.227 0.0000000000
66901  -39.614  -36.847  61.890 0.0000000000
66892  -41.519  -36.817  62.890 0.0000000000
68000  -40.908  -36.311  61.611 0.0000000000
69096  -41.513  -35.874  61.252 0.0000000000
70173  -42.786  -35.434  60.910 0.0000000000
70194  -43.930  -34.779  60.517 0.0000000000
71181  -44.513  -33.723  60.422 0.0000000000
72298  -45.712  -32.347  60.334 0.0000000000
73496  -46.245  -31.817  60.279 0.0000000000
73515  -47.239  -30.866  60.091 0.0000000000
74684  -48.800  -30.475  60.519 0.0000000000
74706  -49.243  -30.081  60.159 0.0000000000
75880  -50.091  -29.776  60.001 0.0000000000
75922  -48.396  -28.968  56.947 0.0000000000
75912  -49.696  -29.158  57.923 0.0000000000
75899  -51.586  -29.027  58.995 0.0000000000
75900  -52.347  -28.867  58.933 0.0000000000
77015  -53.910  -28.013  58.724 0.0000000000
78121  -54.141  -27.456  58.199 0.0000000000
79299  -55.030  -26.760  58.036 0.0000000000
79311  -53.378  -26.408  57.100 0.0000000000
79345  -52.365  -25.869  55.865 0.0000000000
80523  -52.026  -25.728  55.224 0.0000000000
80537  -51.710  -25.485  54.378 0.0000000000
44821  -8.267  -56.376  83.689 0.0000000000
44819  -7.409  -57.428  84.221 0.0000000000
42540  -6.828  -58.928  83.433 0.0000000000
43640  -5.151  -57.423  87.296 0.0000000000
42524  -5.942  -58.422  85.073 0.0000000000
41241  -6.404  -59.748  83.340 0.0000000000
39905  -4.904  -60.848  83.735 0.0000000000
39917  -4.536  -61.287  83.044 0.0000000000
38689  -3.174  -62.192  82.130 0.0000000000
37429  -2.138  -62.415  82.789 0.0000000000
66685  -43.616  -37.390  76.507 0.0000000000
64557  -40.699  -38.979  76.744 0.0000000000
65692  -40.169  -38.616  74.765 0.0000000000
65679  -40.722  -38.529  75.730 0.0000000000
66682  -41.732  -37.428  75.311 0.0000000000
67760  -42.488  -36.263  76.024 0.0000000000
68891  -42.252  -35.394  75.800 0.0000000000
70045  -42.359  -34.810  74.468 0.0000000000
70075  -41.995  -35.094  72.710 0.0000000000
68982  -42.056  -35.883  71.484 0.0000000000
68995  -40.362  -35.664  69.949 0.0000000000
67853  -40.635  -35.741  69.474 0.0000000000
67854  -41.371  -36.025  69.771 0.0000000000
67895  -40.924  -37.080  67.480 0.0000000000
66820  -40.214  -37.444  66.185 0.0000000000
66872  -39.422  -37.726  63.654 0.0000000000
67890  -35.352  -36.249  67.531 0.0000000000
69017  -35.185  -35.353  66.774 0.0000000000
69037  -35.997  -35.392  66.154 0.0000000000
67949  -36.179  -35.989  65.034 0.0000000000
66856  -37.046  -36.793  64.522 0.0000000000
66870  -37.323  -37.460  63.885 0.0000000000
66889  -38.652  -37.700  62.802 0.0000000000
66900  -38.894  -37.167  62.003 0.0000000000
47224  -22.499  -53.725  85.346 0.0000000000
50542  -23.445  -51.211  76.209 0.0000000000
51676  -23.538  -50.467  76.019 0.0000000000
50529  -23.563  -50.876  77.450 0.0000000000
51632  -23.631  -50.537  78.692 0.0000000000
51618  -23.805  -50.156  79.698 0.0000000000
52698  -24.122  -49.990  80.128 0.0000000000
54963  -26.210  -47.622  73.261 0.0000000000
54938  -25.857  -47.725  74.862 0.0000000000
53873  -25.344  -48.164  76.229 0.0000000000
54920  -27.662  -47.415  76.969 0.0000000000
53857  -26.171  -48.290  77.091 0.0000000000
53840  -25.656  -48.831  77.983 0.0000000000
53822  -25.199  -49.367  78.656 0.0000000000
52700  -25.532  -49.882  80.513 0.0000000000
52682  -24.962  -50.042  81.601 0.0000000000
52668  -25.326  -49.950  82.731 0.0000000000
52656  -26.541  -49.530  83.906 0.0000000000
44880  -9.987  -56.497  78.421 0.0000000000
45988  -10.282  -55.843  79.965 0.0000000000
47317  -11.893  -55.250  78.306 0.0000000000
47316  -11.471  -55.459  78.284 0.0000000000
47300  -11.452  -55.261  79.396 0.0000000000
45989  -10.892  -55.288  80.266 0.0000000000
45951  -10.593  -54.958  82.404 0.0000000000
47213  -11.033  -54.942  84.391 0.0000000000
47171  -13.645  -54.707  86.996 0.0000000000
67952  -42.833  -36.842  64.322 0.0000000000
67936  -44.156  -36.764  65.810 0.0000000000
67912  -45.118  -36.857  66.832 0.0000000000
67955  -45.481  -35.768  64.806 0.0000000000
67913  -46.433  -36.687  66.692 0.0000000000
67898  -47.274  -36.911  67.595 0.0000000000
67880  -49.003  -36.807  68.876 0.0000000000
72248  -49.850  -33.267  64.282 0.0000000000
71116  -49.813  -34.006  66.919 0.0000000000
70119  -50.033  -34.348  67.453 0.0000000000
80482  -56.023  -25.626  58.032 0.0000000000
81681  -56.407  -23.936  57.021 0.0000000000
81697  -57.936  -23.558  55.888 0.0000000000
79347  -54.863  -25.830  54.916 0.0000000000
80528  -56.633  -24.934  55.138 0.0000000000
80513  -59.092  -24.794  55.840 0.0000000000
79316  -59.565  -26.165  56.997 0.0000000000
77034  -60.408  -28.220  57.779 0.0000000000
77069  -57.548  -28.174  53.702 0.0000000000
77064  -58.667  -28.915  54.846 0.0000000000
75935  -60.405  -29.867  55.318 0.0000000000
78180  -62.301  -27.185  53.387 0.0000000000
58420  -34.220  -44.693  70.439 0.0000000000
58419  -33.341  -44.710  70.355 0.0000000000
58400  -34.464  -44.859  71.293 0.0000000000
66860  -41.238  -37.775  64.584 0.0000000000
77006  -55.506  -27.791  59.508 0.0000000000
76996  -56.367  -27.781  60.513 0.0000000000
78101  -56.734  -27.369  60.248 0.0000000000
78102  -57.348  -27.044  60.482 0.0000000000
78113  -57.041  -26.947  60.035 0.0000000000
79290  -57.562  -26.248  59.714 0.0000000000
79289  -56.353  -26.686  59.038 0.0000000000
44866  -9.512  -56.346  80.559 0.0000000000
44865  -8.934  -56.564  81.166 0.0000000000
44839  -9.011  -55.941  82.311 0.0000000000
66747  -37.371  -37.637  69.777 0.0000000000
66746  -36.923  -37.094  69.397 0.0000000000
67873  -36.771  -36.509  69.070 0.0000000000
47219  -17.461  -54.641  84.734 0.0000000000
51548  -24.250  -50.367  83.671 0.0000000000
55974  -31.208  -46.266  79.088 0.0000000000
55965  -31.786  -46.164  79.951 0.0000000000
72284  -47.622  -32.150  61.611 0.0000000000
71168  -47.262  -32.747  62.004 0.0000000000
72268  -47.952  -32.660  62.243 0.0000000000
57129  -38.511  -44.580  75.274 0.0000000000
58354  -38.755  -44.009  75.057 0.0000000000
62207  -37.084  -42.100  68.994 0.0000000000
60892  -37.852  -42.398  69.841 0.0000000000
46037  -19.207  -54.849  78.670 0.0000000000
48423  -22.650  -53.151  78.127 0.0000000000
49482  -23.026  -52.516  78.584 0.0000000000
57163  -31.500  -45.464  73.718 0.0000000000
57127  -37.507  -45.553  75.402 0.0000000000
57128  -38.148  -45.123  75.395 0.0000000000
57107  -38.370  -44.683  76.136 0.0000000000
67801  -42.927  -36.093  71.785 0.0000000000
67802  -43.610  -36.263  71.623 0.0000000000
66776  -45.474  -37.029  68.586 0.0000000000
66753  -46.015  -36.781  69.432 0.0000000000
66754  -47.074  -36.908  69.193 0.0000000000
75866  -51.060  -29.835  60.957 0.0000000000
74670  -51.727  -30.375  62.114 0.0000000000
75851  -52.053  -30.001  61.877 0.0000000000
76926  -56.208  -28.235  66.879 0.0000000000
75909  -46.416  -29.676  57.390 0.0000000000
79328  -50.358  -26.762  56.247 0.0000000000
41260  -7.447  -59.198  80.825 0.0000000000
39952  -6.586  -60.420  80.325 0.0000000000
41250  -6.829  -59.952  82.478 0.0000000000
45881  -6.873  -55.508  87.532 0.0000000000
45873  -6.059  -55.214  89.002 0.0000000000
39882  -2.710  -60.420  85.744 0.0000000000
38636  -2.290  -61.400  85.325 0.0000000000
62134  -39.913  -41.382  74.219 0.0000000000
67778  -40.813  -37.060  73.586 0.0000000000
68914  -41.046  -36.737  73.480 0.0000000000
68934  -41.140  -36.441  72.730 0.0000000000
68953  -40.439  -36.703  71.764 0.0000000000
67908  -37.994  -35.608  67.098 0.0000000000
67893  -39.050  -35.626  67.946 0.0000000000
67934  -38.991  -36.612  65.976 0.0000000000
47240  -20.687  -54.067  83.824 0.0000000000
47241  -21.365  -53.872  83.573 0.0000000000
53871  -24.185  -49.604  76.255 0.0000000000
53855  -24.312  -49.290  77.200 0.0000000000
56006  -28.098  -46.519  75.110 0.0000000000
53825  -28.027  -48.530  79.532 0.0000000000
57056  -36.541  -45.862  79.566 0.0000000000
45914  -13.080  -55.181  84.240 0.0000000000
69098  -43.683  -35.495  61.905 0.0000000000
69080  -43.940  -35.636  62.717 0.0000000000
69042  -48.975  -35.433  66.061 0.0000000000
69021  -48.532  -36.014  66.263 0.0000000000
67916  -49.974  -36.021  67.253 0.0000000000
72217  -52.322  -32.090  67.754 0.0000000000
80524  -52.788  -25.815  55.346 0.0000000000
80525  -53.467  -25.695  55.485 0.0000000000
80539  -53.312  -25.820  54.884 0.0000000000
78172  -56.455  -27.395  53.889 0.0000000000
78168  -57.139  -27.397  55.239 0.0000000000
77062  -56.969  -27.906  54.177 0.0000000000
79392  -59.063  -26.479  51.934 0.0000000000
78178  -60.176  -27.245  53.768 0.0000000000
79365  -60.641  -26.407  53.756 0.0000000000
58385  -36.712  -44.926  72.483 0.0000000000
58402  -36.473  -44.618  71.467 0.0000000000
59565  -35.578  -43.917  69.452 0.0000000000
59566  -36.425  -43.820  69.698 0.0000000000
58417  -31.547  -44.640  70.316 0.0000000000
57201  -32.918  -45.026  72.009 0.0000000000
57182  -33.174  -45.240  72.879 0.0000000000
57183  -34.119  -45.256  72.857 0.0000000000
58401  -35.405  -44.877  71.552 0.0000000000
57184  -35.153  -45.271  72.684 0.0000000000
57168  -36.563  -45.426  73.532 0.0000000000
66772  -41.521  -37.669  67.846 0.0000000000
66750  -42.933  -37.521  69.164 0.0000000000
65746  -42.023  -38.126  67.542 0.0000000000
66798  -42.730  -37.886  67.162 0.0000000000
66823  -43.261  -37.558  66.607 0.0000000000
66800  -44.281  -37.349  67.697 0.0000000000
66824  -44.124  -37.147  66.796 0.0000000000
76993  -53.836  -29.020  60.509 0.0000000000
76980  -53.700  -29.247  61.100 0.0000000000
76960  -56.399  -27.805  63.570 0.0000000000
76947  -56.313  -27.755  64.830 0.0000000000
78056  -57.330  -27.069  64.728 0.0000000000
80485  -58.557  -24.474  58.709 0.0000000000
81669  -58.916  -23.854  58.232 0.0000000000
81668  -58.063  -24.071  58.274 0.0000000000
43714  -8.118  -57.594  80.866 0.0000000000
42572  -8.429  -57.676  79.951 0.0000000000
42560  -7.732  -58.399  81.045 0.0000000000
64617  -39.628  -39.135  71.409 0.0000000000
65723  -38.802  -38.613  70.896 0.0000000000
66728  -37.859  -37.227  70.241 0.0000000000
66720  -38.898  -37.621  71.195 0.0000000000
67799  -38.923  -37.163  71.116 0.0000000000
67824  -38.510  -36.844  70.618 0.0000000000
67825  -39.379  -36.446  71.010 0.0000000000
69001  -36.732  -35.789  68.541 0.0000000000
69010  -37.157  -35.399  67.997 0.0000000000
69020  -37.539  -35.421  67.589 0.0000000000
69019  -36.969  -35.380  67.169 0.0000000000
48379  -22.595  -53.105  82.388 0.0000000000
48367  -22.869  -52.768  83.341 0.0000000000
49410  -23.140  -52.386  84.477 0.0000000000
54952  -24.679  -47.894  74.016 0.0000000000
54937  -24.991  -47.924  74.795 0.0000000000
55994  -29.712  -46.324  76.683 0.0000000000
55983  -29.561  -46.604  77.851 0.0000000000
54886  -28.971  -47.762  80.804 0.0000000000
46013  -15.832  -55.997  79.361 0.0000000000
45916  -14.985  -55.384  84.194 0.0000000000
47217  -15.514  -54.858  85.025 0.0000000000
47174  -16.689  -54.496  87.058 0.0000000000
71151  -45.791  -34.450  62.053 0.0000000000
71152  -46.484  -34.266  62.359 0.0000000000
71143  -48.462  -33.834  63.610 0.0000000000
70153  -48.496  -34.326  64.161 0.0000000000
70142  -48.746  -34.597  64.850 0.0000000000
70143  -49.386  -34.344  65.473 0.0000000000
80578  -59.337  -25.113  50.919 0.0000000000
82858  -59.659  -23.228  51.941 0.0000000000
47211  -9.755  -54.959  84.881 0.0000000000
47134  -8.289  -54.636  88.567 0.0000000000
59448  -38.509  -42.972  78.172 0.0000000000
60742  -38.745  -42.484  77.781 0.0000000000
60819  -39.232  -42.821  74.595 0.0000000000
60820  -39.591  -42.095  74.832 0.0000000000
59526  -37.960  -43.919  72.123 0.0000000000
59527  -38.451  -43.944  72.547 0.0000000000
59539  -38.198  -43.597  71.868 0.0000000000
62171  -39.459  -41.740  71.586 0.0000000000
63392  -39.288  -40.895  70.850 0.0000000000
64640  -37.673  -39.632  69.210 0.0000000000
45977  -18.264  -54.826  81.644 0.0000000000
45998  -19.598  -54.420  80.308 0.0000000000
47286  -19.445  -54.370  81.605 0.0000000000
47270  -19.998  -54.194  82.056 0.0000000000
47320  -19.922  -54.549  78.744 0.0000000000
47305  -21.838  -53.637  79.542 0.0000000000
47304  -21.098  -53.937  79.652 0.0000000000
47289  -21.605  -53.702  80.482 0.0000000000
48390  -22.226  -53.377  81.310 0.0000000000
48400  -22.607  -52.932  80.683 0.0000000000
49462  -23.175  -52.036  79.988 0.0000000000
49451  -23.093  -52.102  80.731 0.0000000000
50475  -23.284  -51.571  80.568 0.0000000000
51580  -23.439  -51.222  81.272 0.0000000000
51600  -23.486  -50.908  80.507 0.0000000000
57177  -28.741  -45.608  72.537 0.0000000000
56034  -28.568  -45.908  73.597 0.0000000000
57199  -31.153  -45.094  71.854 0.0000000000
57198  -30.237  -44.917  71.674 0.0000000000
57142  -30.081  -45.629  74.145 0.0000000000
56026  -30.073  -45.903  75.255 0.0000000000
56010  -31.026  -45.796  76.543 0.0000000000
57101  -33.035  -45.819  76.978 0.0000000000
57087  -33.893  -45.909  77.810 0.0000000000
57088  -34.939  -45.989  77.635 0.0000000000
57147  -35.032  -45.713  74.620 0.0000000000
57105  -37.198  -45.740  76.386 0.0000000000
57090  -36.958  -45.885  77.414 0.0000000000
58318  -38.395  -43.941  76.808 0.0000000000
58304  -38.323  -43.804  77.994 0.0000000000
45976  -17.442  -55.310  81.545 0.0000000000
70046  -43.083  -34.626  74.790 0.0000000000
70047  -43.890  -34.623  74.957 0.0000000000
70064  -43.741  -34.680  74.211 0.0000000000
68903  -45.012  -34.723  74.228 0.0000000000
68921  -45.799  -34.972  73.426 0.0000000000
68905  -46.404  -34.750  74.179 0.0000000000
68939  -46.192  -35.362  72.485 0.0000000000
67828  -43.900  -36.615  70.851 0.0000000000
67829  -44.946  -36.543  70.708 0.0000000000
67805  -46.347  -36.071  71.198 0.0000000000
68940  -47.327  -35.220  72.575 0.0000000000
67788  -47.792  -35.782  72.029 0.0000000000
67789  -48.833  -35.626  71.978 0.0000000000
67808  -49.304  -36.138  71.333 0.0000000000
73466  -50.248  -31.411  62.462 0.0000000000
73482  -50.127  -30.837  61.768 0.0000000000
74640  -52.339  -30.947  63.659 0.0000000000
73450  -51.765  -31.384  63.653 0.0000000000
73419  -52.340  -31.594  65.619 0.0000000000
74600  -52.956  -31.163  66.190 0.0000000000
75832  -53.939  -29.800  63.808 0.0000000000
75820  -54.403  -29.701  64.748 0.0000000000
75798  -54.666  -29.676  66.753 0.0000000000
37438  -1.606  -63.103  82.097 0.0000000000
37450  -1.828  -63.198  81.464 0.0000000000
36217  -1.547  -63.510  81.627 0.0000000000
69116  -41.929  -35.522  60.934 0.0000000000
70193  -42.401  -35.041  60.290 0.0000000000
71180  -43.382  -34.217  59.822 0.0000000000
72297  -44.930  -32.748  60.167 0.0000000000
72322  -45.192  -32.307  59.913 0.0000000000
73495  -45.799  -31.954  60.076 0.0000000000
73514  -46.550  -31.253  59.908 0.0000000000
74683  -47.949  -30.676  60.378 0.0000000000
74704  -47.610  -30.514  59.652 0.0000000000
75878  -48.470  -29.956  59.375 0.0000000000
75879  -48.935  -29.874  59.502 0.0000000000
77028  -50.040  -28.615  57.300 0.0000000000
77027  -49.125  -28.753  57.213 0.0000000000
75913  -50.510  -28.938  57.902 0.0000000000
75898  -50.533  -29.317  58.794 0.0000000000
77013  -51.867  -28.663  58.268 0.0000000000
77031  -52.708  -27.772  57.729 0.0000000000
77014  -52.924  -28.459  58.427 0.0000000000
78120  -53.400  -27.671  57.973 0.0000000000
78134  -53.774  -27.009  57.697 0.0000000000
78133  -52.912  -27.087  57.256 0.0000000000
79330  -52.451  -26.348  56.678 0.0000000000
39951  -5.849  -60.993  80.439 0.0000000000
45898  -8.770  -55.381  85.224 0.0000000000
45909  -8.440  -55.824  84.557 0.0000000000
44793  -7.117  -56.690  85.490 0.0000000000
44808  -7.586  -56.739  84.794 0.0000000000
44807  -6.970  -57.275  84.944 0.0000000000
43676  -6.910  -57.997  84.211 0.0000000000
43665  -6.508  -57.927  85.112 0.0000000000
44756  -5.143  -56.701  87.910 0.0000000000
42522  -4.551  -58.848  86.011 0.0000000000
42516  -4.848  -58.517  86.403 0.0000000000
42523  -5.318  -58.792  85.671 0.0000000000
42530  -5.771  -59.140  84.604 0.0000000000
41240  -5.686  -60.084  83.809 0.0000000000
39894  -5.119  -60.403  84.305 0.0000000000
39903  -2.880  -60.972  84.073 0.0000000000
39904  -3.746  -61.038  83.672 0.0000000000
38661  -3.367  -61.545  83.189 0.0000000000
38676  -3.789  -61.661  82.685 0.0000000000
38675  -2.905  -61.871  82.826 0.0000000000
37430  -2.663  -62.281  82.397 0.0000000000
38674  -2.411  -61.896  83.292 0.0000000000
37404  -2.365  -62.525  84.498 0.0000000000
64571  -44.207  -39.015  75.909 0.0000000000
65683  -43.897  -38.081  76.231 0.0000000000
62093  -39.411  -41.216  77.866 0.0000000000
65668  -39.964  -38.985  77.013 0.0000000000
65659  -40.099  -38.944  77.251 0.0000000000
65669  -40.308  -38.770  76.756 0.0000000000
65706  -40.230  -38.535  73.639 0.0000000000
64578  -40.068  -39.460  74.232 0.0000000000
66680  -40.717  -38.028  74.967 0.0000000000
65681  -42.259  -38.203  75.440 0.0000000000
68902  -41.709  -35.999  74.500 0.0000000000
67759  -41.910  -36.378  75.282 0.0000000000
70026  -42.505  -34.749  75.384 0.0000000000
70025  -41.945  -35.187  74.964 0.0000000000
70074  -41.776  -35.613  72.661 0.0000000000
70088  -41.967  -35.527  72.240 0.0000000000
68955  -41.985  -35.788  71.762 0.0000000000
68981  -41.593  -35.941  71.035 0.0000000000
67876  -40.178  -35.671  68.808 0.0000000000
67877  -41.090  -36.561  68.313 0.0000000000
66819  -39.537  -36.925  66.020 0.0000000000
66844  -39.788  -37.519  65.400 0.0000000000
66859  -40.163  -37.754  64.562 0.0000000000
69008  -35.487  -35.698  67.482 0.0000000000
69016  -34.589  -35.747  66.302 0.0000000000
69054  -35.617  -35.537  65.665 0.0000000000
67931  -36.410  -35.639  65.787 0.0000000000
66855  -36.495  -36.739  64.345 0.0000000000
66869  -36.671  -37.119  63.964 0.0000000000
66887  -36.462  -37.430  63.159 0.0000000000
47238  -18.949  -54.480  83.922 0.0000000000
48354  -22.467  -53.473  84.544 0.0000000000
52779  -23.852  -49.915  76.113 0.0000000000
51661  -23.798  -50.045  76.443 0.0000000000
51662  -23.658  -50.350  76.930 0.0000000000
50518  -23.582  -51.049  78.119 0.0000000000
51647  -23.654  -50.378  77.885 0.0000000000
52715  -23.757  -50.253  79.124 0.0000000000
52716  -24.074  -50.131  79.169 0.0000000000
54939  -26.647  -47.408  75.055 0.0000000000
54928  -26.039  -47.783  75.615 0.0000000000
53874  -26.247  -47.875  76.284 0.0000000000
53858  -27.093  -48.010  77.313 0.0000000000
53823  -26.141  -49.193  78.866 0.0000000000
52701  -26.338  -49.454  80.892 0.0000000000
52670  -27.112  -49.244  82.793 0.0000000000
52669  -26.213  -49.673  82.787 0.0000000000
53797  -29.087  -47.961  82.221 0.0000000000
53778  -28.739  -48.416  82.828 0.0000000000
57053  -33.711  -45.763  79.684 0.0000000000
46008  -10.415  -56.040  78.958 0.0000000000
46011  -13.666  -55.698  79.139 0.0000000000
46010  -12.886  -55.257  79.087 0.0000000000
47302  -12.449  -55.159  78.968 0.0000000000
47301  -12.014  -55.114  79.151 0.0000000000
45952  -11.657  -54.920  82.236 0.0000000000
45970  -10.964  -54.946  81.296 0.0000000000
47235  -10.791  -54.964  84.045 0.0000000000
69989  -46.020  -34.621  77.593 0.0000000000
66875  -42.368  -36.937  63.858 0.0000000000
67965  -42.156  -36.699  63.159 0.0000000000
67953  -43.553  -36.529  64.609 0.0000000000
67937  -45.539  -36.302  65.674 0.0000000000
69069  -46.219  -35.161  64.065 0.0000000000
69056  -45.920  -35.429  64.375 0.0000000000
67938  -46.765  -36.146  65.905 0.0000000000
66803  -47.849  -37.043  67.990 0.0000000000
66804  -48.053  -37.050  68.198 0.0000000000
67899  -48.595  -36.854  67.900 0.0000000000
67882  -50.524  -36.548  68.426 0.0000000000
67861  -50.855  -36.363  69.372 0.0000000000
72257  -50.513  -32.099  63.506 0.0000000000
72256  -49.713  -32.760  63.479 0.0000000000
72249  -50.532  -32.815  64.466 0.0000000000
71102  -50.743  -33.499  67.683 0.0000000000
72215  -50.412  -33.253  66.979 0.0000000000
71100  -49.717  -33.930  67.706 0.0000000000
70120  -50.729  -34.505  67.687 0.0000000000
79312  -54.577  -26.407  57.627 0.0000000000
79313  -55.379  -25.728  57.649 0.0000000000
80496  -54.831  -25.209  57.090 0.0000000000
80511  -55.293  -24.586  56.434 0.0000000000
81695  -56.025  -24.141  56.437 0.0000000000
81696  -56.981  -23.697  56.350 0.0000000000
81707  -56.302  -24.271  55.733 0.0000000000
79354  -54.076  -25.966  54.539 0.0000000000
79349  -57.253  -26.160  55.260 0.0000000000
80529  -57.631  -24.819  55.354 0.0000000000
80530  -58.374  -24.557  55.548 0.0000000000
79334  -59.497  -25.263  56.462 0.0000000000
79333  -58.877  -25.789  56.213 0.0000000000
77052  -58.697  -28.700  56.826 0.0000000000
77033  -59.342  -28.269  57.442 0.0000000000
75914  -59.534  -28.730  57.351 0.0000000000
75916  -60.884  -29.045  57.462 0.0000000000
75924  -60.194  -29.594  56.905 0.0000000000
78204  -58.175  -27.245  51.926 0.0000000000
78190  -57.550  -27.522  52.314 0.0000000000
77070  -58.394  -28.418  53.956 0.0000000000
75944  -60.680  -29.024  54.247 0.0000000000
75938  -59.705  -29.491  55.008 0.0000000000
75939  -60.634  -29.662  54.742 0.0000000000
74743  -61.200  -30.129  55.378 0.0000000000
74753  -61.249  -29.953  54.784 0.0000000000
79366  -61.831  -26.280  53.784 0.0000000000
80549  -62.372  -25.350  53.844 0.0000000000
59551  -36.013  -44.196  70.154 0.0000000000
58418  -32.452  -44.671  70.302 0.0000000000
65780  -41.319  -38.071  66.372 0.0000000000
65799  -41.626  -38.215  66.064 0.0000000000
66846  -41.899  -38.011  65.621 0.0000000000
76983  -56.377  -27.994  61.207 0.0000000000
78091  -57.615  -27.031  61.350 0.0000000000
79279  -58.757  -25.879  60.813 0.0000000000
80472  -57.816  -25.476  59.206 0.0000000000
79302  -57.316  -25.573  58.858 0.0000000000
43745  -9.411  -57.125  78.744 0.0000000000
43737  -9.080  -57.084  79.539 0.0000000000
43726  -8.695  -57.091  80.370 0.0000000000
43704  -8.389  -56.817  82.044 0.0000000000
65738  -37.700  -38.320  69.886 0.0000000000
66748  -37.823  -37.876  70.201 0.0000000000
67851  -37.468  -36.589  69.818 0.0000000000
49430  -23.167  -52.071  82.282 0.0000000000
49419  -23.193  -52.142  83.247 0.0000000000
50437  -23.489  -51.550  82.828 0.0000000000
51530  -23.871  -50.797  84.657 0.0000000000
52654  -24.889  -50.147  83.761 0.0000000000
55963  -30.075  -46.810  80.465 0.0000000000
45937  -16.337  -55.302  83.314 0.0000000000
45917  -15.891  -55.117  84.135 0.0000000000
47218  -16.456  -54.753  84.972 0.0000000000
71167  -46.581  -33.242  61.873 0.0000000000
59479  -38.633  -43.235  76.383 0.0000000000
59506  -38.887  -43.579  74.428 0.0000000000
60877  -37.439  -43.454  70.305 0.0000000000
60865  -38.185  -43.337  71.432 0.0000000000
60878  -38.027  -42.861  70.703 0.0000000000
62191  -38.317  -41.838  69.985 0.0000000000
63412  -38.726  -40.693  70.060 0.0000000000
63411  -38.268  -41.267  69.623 0.0000000000
48436  -21.904  -53.871  77.332 0.0000000000
48414  -22.224  -53.513  78.790 0.0000000000
48406  -22.333  -53.342  79.469 0.0000000000
48407  -22.611  -52.972  79.840 0.0000000000
49472  -22.964  -52.535  79.466 0.0000000000
57121  -31.199  -45.706  75.321 0.0000000000
46015  -17.781  -55.525  79.519 0.0000000000
68936  -43.085  -35.349  72.857 0.0000000000
68919  -43.552  -34.935  73.460 0.0000000000
66732  -45.341  -36.755  70.013 0.0000000000
66733  -45.854  -36.611  70.009 0.0000000000
67856  -46.246  -36.544  70.093 0.0000000000
67832  -47.555  -36.460  70.591 0.0000000000
67807  -48.212  -36.212  71.340 0.0000000000
67859  -48.786  -36.769  69.641 0.0000000000
74668  -50.479  -30.431  61.454 0.0000000000
74653  -50.741  -30.760  62.052 0.0000000000
74654  -51.427  -30.689  62.328 0.0000000000
74655  -52.205  -30.545  62.647 0.0000000000
74641  -53.068  -30.623  63.823 0.0000000000
76946  -55.547  -28.481  64.989 0.0000000000
76945  -54.903  -29.032  65.321 0.0000000000
76935  -55.585  -28.603  66.072 0.0000000000
79317  -60.865  -26.119  57.737 0.0000000000
74724  -46.522  -30.498  58.671 0.0000000000
74725  -47.311  -30.273  59.070 0.0000000000
75895  -46.946  -29.964  58.315 0.0000000000
77029  -51.062  -28.328  57.502 0.0000000000
78131  -51.593  -27.635  57.301 0.0000000000
78156  -51.761  -26.993  57.028 0.0000000000
78157  -52.327  -26.948  57.117 0.0000000000
39919  -6.159  -60.605  82.190 0.0000000000
47164  -7.694  -55.426  86.574 0.0000000000
45888  -7.242  -55.709  86.546 0.0000000000
45887  -6.519  -56.236  86.948 0.0000000000
44774  -5.900  -56.819  86.964 0.0000000000
42507  -3.962  -58.382  87.659 0.0000000000
41211  -3.458  -59.149  86.568 0.0000000000
41231  -4.123  -59.803  85.167 0.0000000000
39893  -4.413  -60.449  84.488 0.0000000000
41230  -3.471  -59.810  85.490 0.0000000000
39902  -2.413  -61.257  84.390 0.0000000000
38659  -2.173  -61.689  83.932 0.0000000000
38648  -2.156  -61.488  84.661 0.0000000000
37389  -1.995  -62.049  84.848 0.0000000000
62114  -39.590  -41.281  76.141 0.0000000000
63342  -39.618  -40.611  76.569 0.0000000000
63352  -39.771  -40.470  75.774 0.0000000000
64567  -39.905  -39.521  75.368 0.0000000000
66704  -40.311  -37.747  73.090 0.0000000000
67768  -41.051  -37.331  74.307 0.0000000000
67758  -41.512  -37.000  74.927 0.0000000000
67769  -41.400  -36.716  74.433 0.0000000000
68901  -41.503  -36.379  74.251 0.0000000000
68916  -41.649  -35.731  73.769 0.0000000000
70073  -41.451  -36.195  72.464 0.0000000000
70086  -41.359  -36.384  71.972 0.0000000000
69012  -38.642  -35.464  68.430 0.0000000000
69004  -39.181  -35.463  68.909 0.0000000000
66843  -38.905  -36.948  65.382 0.0000000000
47255  -19.946  -54.209  82.953 0.0000000000
47239  -19.824  -54.277  83.915 0.0000000000
48343  -23.645  -53.514  86.020 0.0000000000
53884  -23.732  -49.566  75.326 0.0000000000
52756  -23.926  -49.954  77.579 0.0000000000
52757  -24.174  -49.743  77.588 0.0000000000
53838  -24.345  -49.515  77.866 0.0000000000
52737  -24.611  -49.590  78.379 0.0000000000
56022  -27.247  -46.876  73.968 0.0000000000
54930  -27.460  -47.109  76.160 0.0000000000
53842  -27.710  -48.432  78.623 0.0000000000
45972  -13.268  -55.476  81.103 0.0000000000
45991  -13.090  -55.401  79.968 0.0000000000
47268  -12.514  -55.074  80.539 0.0000000000
47267  -12.092  -54.888  80.951 0.0000000000
47251  -12.115  -54.932  81.565 0.0000000000
47154  -15.144  -54.271  88.137 0.0000000000
67985  -42.595  -36.157  62.601 0.0000000000
67986  -43.268  -35.885  63.027 0.0000000000
67967  -43.894  -35.919  63.687 0.0000000000
69058  -47.362  -35.516  64.921 0.0000000000
69040  -47.100  -35.745  65.282 0.0000000000
67900  -49.775  -36.439  67.838 0.0000000000
73406  -51.642  -31.914  66.127 0.0000000000
72229  -50.975  -32.398  66.444 0.0000000000
72216  -50.994  -32.803  67.319 0.0000000000
71118  -51.703  -33.511  67.629 0.0000000000
80527  -55.396  -24.951  55.492 0.0000000000
79314  -58.209  -26.755  56.530 0.0000000000
78158  -57.550  -27.308  55.931 0.0000000000
77051  -57.934  -28.179  56.438 0.0000000000
77060  -58.413  -28.948  55.967 0.0000000000
79399  -58.565  -26.018  50.756 0.0000000000
78205  -58.662  -27.274  52.336 0.0000000000
77082  -58.826  -28.140  53.561 0.0000000000
82839  -62.473  -23.677  53.906 0.0000000000
80550  -63.002  -25.447  53.285 0.0000000000
81728  -63.223  -24.991  53.021 0.0000000000
57169  -37.318  -45.257  73.782 0.0000000000
58364  -38.158  -44.753  73.896 0.0000000000
58375  -37.827  -44.828  73.420 0.0000000000
58386  -37.655  -44.457  72.469 0.0000000000
59537  -37.133  -44.135  71.201 0.0000000000
59553  -37.464  -43.694  70.814 0.0000000000
47359  -21.590  -54.172  76.674 0.0000000000
48437  -22.566  -53.435  76.995 0.0000000000
49504  -23.199  -52.205  76.357 0.0000000000
58416  -30.520  -44.633  70.494 0.0000000000
58397  -31.833  -44.788  71.118 0.0000000000
57181  -32.235  -45.263  72.839 0.0000000000
57167  -35.548  -45.578  73.632 0.0000000000
67855  -42.385  -36.841  69.786 0.0000000000
66751  -43.986  -37.390  69.297 0.0000000000
65747  -42.364  -38.022  67.451 0.0000000000
66774  -43.631  -37.593  68.383 0.0000000000
66775  -44.591  -37.305  68.515 0.0000000000
66801  -45.176  -37.060  67.755 0.0000000000
75852  -53.364  -29.588  61.735 0.0000000000
75853  -54.147  -29.313  62.269 0.0000000000
76970  -54.686  -28.928  62.867 0.0000000000
76971  -55.575  -28.579  62.575 0.0000000000
78046  -57.179  -27.257  66.001 0.0000000000
80464  -58.905  -25.442  60.269 0.0000000000
82791  -59.739  -23.687  58.282 0.0000000000
82803  -59.591  -23.579  57.334 0.0000000000
43744  -8.850  -57.579  79.028 0.0000000000
42583  -8.182  -58.372  79.144 0.0000000000
42559  -7.426  -58.902  81.486 0.0000000000
42549  -7.206  -58.806  82.302 0.0000000000
63380  -40.157  -40.442  72.535 0.0000000000
64603  -39.997  -39.564  72.166 0.0000000000
66713  -40.016  -37.649  72.157 0.0000000000
68978  -38.909  -35.974  70.370 0.0000000000
68993  -38.606  -35.682  69.568 0.0000000000
68992  -37.822  -35.798  69.388 0.0000000000
69003  -38.295  -35.486  68.831 0.0000000000
69011  -38.071  -35.346  68.033 0.0000000000
67932  -37.040  -35.630  66.173 0.0000000000
48378  -22.034  -53.562  82.415 0.0000000000
48365  -21.934  -53.659  83.413 0.0000000000
49409  -22.891  -52.944  84.855 0.0000000000
49395  -22.887  -53.149  85.217 0.0000000000
51511  -24.226  -50.921  85.598 0.0000000000
55993  -28.981  -46.553  76.494 0.0000000000
54922  -28.846  -47.019  78.248 0.0000000000
54873  -29.237  -47.805  81.558 0.0000000000
54874  -29.784  -47.703  82.038 0.0000000000
55952  -30.094  -46.939  80.945 0.0000000000
54888  -30.106  -47.275  81.643 0.0000000000
45973  -14.406  -55.843  81.262 0.0000000000
45915  -14.011  -55.437  84.219 0.0000000000
47216  -14.575  -55.005  85.063 0.0000000000
47173  -15.654  -54.435  87.036 0.0000000000
70175  -44.652  -34.873  61.673 0.0000000000
69081  -44.800  -35.292  62.636 0.0000000000
70161  -45.022  -35.012  62.318 0.0000000000
70150  -46.019  -35.066  63.277 0.0000000000
70151  -46.653  -34.931  63.638 0.0000000000
71142  -47.301  -34.306  63.147 0.0000000000
71141  -46.760  -34.642  62.942 0.0000000000
70140  -46.987  -35.149  64.280 0.0000000000
70130  -48.105  -35.407  65.080 0.0000000000
70131  -48.553  -35.214  65.348 0.0000000000
69043  -49.578  -35.273  66.528 0.0000000000
79352  -52.900  -25.894  54.272 0.0000000000
79360  -52.902  -25.933  53.978 0.0000000000
79361  -53.494  -26.095  53.737 0.0000000000
80569  -59.439  -25.227  51.622 0.0000000000
80561  -59.751  -25.299  52.944 0.0000000000
79380  -60.211  -25.723  53.659 0.0000000000
80562  -60.236  -25.233  53.655 0.0000000000
81738  -60.280  -24.687  53.632 0.0000000000
82848  -60.287  -23.932  53.545 0.0000000000
82836  -60.245  -22.930  53.358 0.0000000000
82837  -60.619  -23.190  53.727 0.0000000000
45949  -9.032  -55.708  82.929 0.0000000000
45930  -9.439  -55.356  83.550 0.0000000000
45910  -9.177  -55.305  84.514 0.0000000000
47147  -8.163  -54.814  87.419 0.0000000000
60760  -39.086  -41.891  77.398 0.0000000000
60782  -39.246  -41.951  76.536 0.0000000000
60781  -39.021  -42.602  76.034 0.0000000000
60802  -39.478  -42.009  75.693 0.0000000000
62152  -39.864  -41.575  72.922 0.0000000000
58376  -38.356  -44.436  73.419 0.0000000000
59517  -38.819  -43.829  73.518 0.0000000000
60866  -38.770  -42.988  71.744 0.0000000000
60853  -39.581  -42.571  73.121 0.0000000000
64629  -38.630  -39.359  70.177 0.0000000000
63431  -38.297  -39.851  69.635 0.0000000000
65737  -37.303  -38.605  69.348 0.0000000000
65745  -36.775  -38.403  68.810 0.0000000000
47237  -18.024  -54.455  83.772 0.0000000000
45978  -18.943  -54.494  81.935 0.0000000000
47303  -20.187  -54.271  79.817 0.0000000000
49439  -22.873  -52.453  81.323 0.0000000000
48392  -22.948  -52.361  81.923 0.0000000000
50451  -23.364  -51.638  81.856 0.0000000000
56047  -27.614  -46.551  72.393 0.0000000000
56033  -27.789  -46.557  73.401 0.0000000000
56024  -28.607  -46.116  74.602 0.0000000000
57178  -29.532  -45.300  72.574 0.0000000000
55985  -31.833  -46.013  78.158 0.0000000000
55976  -32.629  -45.948  79.017 0.0000000000
57071  -33.799  -45.850  78.813 0.0000000000
57089  -35.976  -46.042  77.517 0.0000000000
57074  -36.739  -45.930  78.478 0.0000000000
57057  -37.460  -45.567  79.434 0.0000000000
58288  -38.409  -44.048  79.106 0.0000000000
46033  -15.542  -55.928  78.330 0.0000000000
45994  -16.150  -55.892  80.400 0.0000000000
70007  -43.568  -34.538  76.568 0.0000000000
68920  -44.669  -34.826  73.778 0.0000000000
70049  -45.866  -34.582  74.979 0.0000000000
70050  -46.910  -34.463  75.027 0.0000000000
67803  -44.626  -36.247  71.441 0.0000000000
68959  -45.320  -35.799  71.958 0.0000000000
68960  -46.043  -35.771  71.720 0.0000000000
68923  -47.899  -34.820  73.374 0.0000000000
73480  -48.430  -31.761  61.700 0.0000000000
72269  -48.838  -32.378  62.492 0.0000000000
73465  -49.257  -31.769  62.199 0.0000000000
72271  -50.263  -31.794  62.965 0.0000000000
72258  -51.055  -31.920  63.777 0.0000000000
73467  -50.991  -31.036  62.641 0.0000000000
73433  -51.562  -31.853  64.029 0.0000000000
73418  -51.831  -32.123  64.986 0.0000000000
73407  -52.112  -31.271  66.740 0.0000000000
73383  -53.065  -31.417  67.915 0.0000000000
75841  -52.989  -30.049  62.940 0.0000000000
75831  -53.551  -30.267  63.886 0.0000000000
74622  -53.535  -30.469  64.638 0.0000000000
75809  -54.616  -29.731  65.765 0.0000000000
75808  -53.926  -30.027  65.252 0.0000000000
74601  -53.523  -30.582  65.653 0.0000000000
74580  -53.508  -30.591  66.700 0.0000000000
37440  -3.121  -62.544  81.396 0.0000000000
66890  -39.757  -37.335  62.688 0.0000000000
66891  -40.801  -37.030  62.900 0.0000000000
67983  -41.198  -36.609  62.298 0.0000000000
68001  -41.700  -36.188  61.871 0.0000000000
68002  -42.186  -36.157  62.096 0.0000000000
69097  -42.560  -35.781  61.485 0.0000000000
70174  -43.382  -35.342  61.065 0.0000000000
70195  -44.540  -34.444  60.866 0.0000000000
71165  -44.843  -34.263  61.069 0.0000000000
71206  -44.304  -32.878  59.818 0.0000000000
71182  -45.306  -33.059  60.770 0.0000000000
72282  -46.054  -32.820  61.187 0.0000000000
72299  -46.506  -32.098  60.978 0.0000000000
72300  -47.054  -32.002  61.298 0.0000000000
73497  -47.381  -31.510  60.884 0.0000000000
73498  -48.485  -30.939  61.106 0.0000000000
73499  -49.197  -30.658  61.049 0.0000000000
74726  -47.846  -30.251  59.315 0.0000000000
74705  -48.366  -30.200  59.729 0.0000000000
74685  -49.512  -30.299  60.706 0.0000000000
74686  -50.216  -30.036  60.859 0.0000000000
75865  -50.452  -29.858  60.609 0.0000000000
75881  -51.324  -29.501  59.863 0.0000000000
75921  -47.914  -29.338  57.050 0.0000000000
75911  -48.583  -29.362  57.760 0.0000000000
75882  -52.414  -29.254  59.738 0.0000000000
75883  -53.243  -29.103  59.900 0.0000000000
77003  -52.957  -28.933  59.266 0.0000000000
77004  -53.789  -28.704  59.484 0.0000000000
77005  -54.808  -28.235  59.363 0.0000000000
77016  -54.583  -27.740  58.661 0.0000000000
78123  -55.370  -27.177  58.624 0.0000000000
79288  -55.919  -26.848  58.820 0.0000000000
78122  -54.873  -27.161  58.234 0.0000000000
79310  -52.890  -26.638  57.005 0.0000000000
79331  -53.278  -25.894  56.530 0.0000000000
80508  -52.991  -25.820  55.996 0.0000000000
80546  -51.596  -25.005  53.448 0.0000000000
44838  -8.532  -56.428  82.723 0.0000000000
44837  -8.053  -56.910  83.083 0.0000000000
45908  -7.946  -56.112  84.971 0.0000000000
44820  -7.782  -56.997  83.770 0.0000000000
43689  -7.842  -57.344  83.072 0.0000000000
43688  -7.436  -57.893  83.203 0.0000000000
45879  -5.369  -55.779  88.754 0.0000000000
44791  -5.871  -57.427  86.523 0.0000000000
43651  -4.730  -58.205  86.818 0.0000000000
43652  -5.273  -57.929  86.648 0.0000000000
43664  -5.883  -57.890  85.801 0.0000000000
42531  -6.438  -58.662  84.435 0.0000000000
41249  -6.053  -60.215  82.856 0.0000000000
37439  -2.392  -62.658  81.851 0.0000000000
37428  -1.472  -63.002  82.782 0.0000000000
37416  -1.859  -62.479  83.579 0.0000000000
66669  -43.768  -37.069  77.046 0.0000000000
63321  -39.825  -40.488  78.423 0.0000000000
63331  -39.645  -40.425  77.349 0.0000000000
65670  -40.809  -38.764  76.278 0.0000000000
66683  -42.388  -37.201  75.688 0.0000000000
66684  -43.201  -37.003  76.301 0.0000000000
67761  -42.882  -36.241  76.440 0.0000000000
70006  -42.745  -34.744  76.268 0.0000000000
70044  -41.870  -35.224  74.111 0.0000000000
70062  -42.287  -34.931  73.479 0.0000000000
68917  -42.488  -34.969  73.212 0.0000000000
68956  -42.405  -35.677  72.145 0.0000000000
68980  -40.787  -36.031  71.182 0.0000000000
69005  -39.777  -35.514  69.361 0.0000000000
68996  -41.004  -35.844  70.472 0.0000000000
67826  -41.798  -36.021  70.528 0.0000000000
66797  -41.084  -37.722  67.037 0.0000000000
66796  -40.517  -37.236  66.889 0.0000000000
66821  -40.775  -37.757  66.434 0.0000000000
66794  -35.449  -36.941  67.324 0.0000000000
69018  -36.008  -35.146  67.078 0.0000000000
69036  -35.116  -35.323  66.022 0.0000000000
69038  -36.488  -35.363  66.662 0.0000000000
67950  -37.470  -36.361  65.237 0.0000000000
67951  -38.056  -36.616  65.268 0.0000000000
66857  -38.077  -37.060  64.741 0.0000000000
66871  -38.335  -37.738  63.777 0.0000000000
66888  -37.550  -37.766  62.936 0.0000000000
47220  -18.605  -54.510  84.905 0.0000000000
47221  -19.634  -54.374  84.977 0.0000000000
49505  -23.338  -51.871  77.040 0.0000000000
49483  -23.393  -51.820  78.291 0.0000000000
50504  -23.535  -51.238  78.937 0.0000000000
52735  -23.862  -50.153  78.450 0.0000000000
51617  -23.567  -50.624  79.602 0.0000000000
51601  -23.730  -50.245  80.452 0.0000000000
52681  -24.053  -49.841  81.344 0.0000000000
54954  -26.572  -47.423  74.160 0.0000000000
53887  -25.330  -47.937  75.425 0.0000000000
54941  -27.974  -46.743  75.706 0.0000000000
54919  -26.920  -47.713  76.603 0.0000000000
53856  -24.981  -48.577  77.174 0.0000000000
52718  -25.610  -49.678  79.435 0.0000000000
52699  -24.632  -50.056  80.601 0.0000000000
52655  -25.660  -49.846  83.838 0.0000000000
53777  -27.987  -48.796  82.770 0.0000000000
44874  -9.716  -56.523  79.465 0.0000000000
45969  -10.127  -55.456  81.216 0.0000000000
47283  -11.312  -55.112  80.120 0.0000000000
45931  -10.246  -54.987  83.551 0.0000000000
47212  -10.422  -54.918  84.567 0.0000000000
47153  -14.100  -54.402  88.137 0.0000000000
66874  -41.583  -37.287  63.619 0.0000000000
67935  -43.436  -36.899  65.250 0.0000000000
66848  -43.643  -37.208  66.218 0.0000000000
67911  -44.463  -36.900  66.480 0.0000000000
67896  -45.455  -36.948  67.403 0.0000000000
67897  -46.074  -36.936  67.637 0.0000000000
69067  -45.040  -35.467  63.395 0.0000000000
69055  -45.229  -35.577  64.116 0.0000000000
69039  -46.238  -35.782  65.089 0.0000000000
67879  -46.705  -36.988  67.996 0.0000000000
66778  -47.441  -37.014  68.379 0.0000000000
66756  -48.514  -36.921  69.050 0.0000000000
67860  -49.862  -36.479  69.532 0.0000000000
71144  -49.309  -33.413  63.833 0.0000000000
71135  -49.436  -33.887  64.771 0.0000000000
72239  -50.586  -32.927  65.630 0.0000000000
71128  -50.121  -33.501  65.783 0.0000000000
71127  -49.754  -34.031  66.007 0.0000000000
69023  -50.074  -35.165  67.184 0.0000000000
67917  -50.526  -35.825  67.302 0.0000000000
79300  -55.618  -26.610  58.333 0.0000000000
80483  -56.761  -25.047  58.175 0.0000000000
80497  -55.855  -24.744  57.334 0.0000000000
80498  -56.666  -24.328  57.538 0.0000000000
82800  -57.339  -23.542  57.063 0.0000000000
82812  -57.849  -23.401  56.632 0.0000000000
82813  -58.714  -23.418  56.498 0.0000000000
80540  -53.773  -25.743  55.083 0.0000000000
79346  -54.368  -25.782  54.968 0.0000000000
81708  -57.237  -24.108  55.503 0.0000000000
81698  -58.798  -23.886  55.770 0.0000000000
81699  -59.434  -24.143  56.157 0.0000000000
80499  -60.253  -25.073  56.952 0.0000000000
78138  -59.973  -27.213  57.669 0.0000000000
78137  -58.913  -27.221  57.241 0.0000000000
77068  -56.909  -27.802  53.502 0.0000000000
77063  -57.636  -28.378  54.494 0.0000000000
75937  -59.129  -29.415  55.620 0.0000000000
77065  -59.454  -29.020  54.545 0.0000000000
75934  -59.960  -29.841  55.898 0.0000000000
74732  -60.850  -30.000  56.189 0.0000000000
79367  -62.707  -26.234  53.294 0.0000000000
37417  -2.072  -62.087  83.401 0.0000000000
38635  -1.948  -61.806  84.929 0.0000000000
38658  -1.774  -62.042  84.065 0.0000000000
39883  -3.023  -59.982  85.485 0.0000000000
41221  -3.881  -59.242  85.888 0.0000000000
41222  -4.634  -59.354  85.579 0.0000000000
42539  -6.214  -59.283  83.908 0.0000000000
43639  -4.585  -57.762  87.471 0.0000000000
43702  -7.468  -58.095  82.377 0.0000000000
43715  -8.421  -56.968  81.407 0.0000000000
43725  -8.314  -57.647  80.300 0.0000000000
44773  -5.503  -57.269  87.083 0.0000000000
44809  -8.003  -56.396  84.354 0.0000000000
44854  -9.326  -56.010  81.607 0.0000000000
45880  -6.025  -55.794  87.964 0.0000000000
45895  -6.934  -56.296  86.077 0.0000000000
45990  -11.266  -54.994  80.597 0.0000000000
47146  -7.549  -55.196  87.118 0.0000000000
47165  -8.127  -55.209  86.462 0.0000000000
47236  -11.040  -54.969  84.042 0.0000000000
49440  -23.030  -52.190  81.466 0.0000000000
49450  -22.862  -52.480  80.991 0.0000000000
49492  -23.434  -51.553  77.524 0.0000000000
55986  -32.304  -45.984  78.575 0.0000000000
57151  -38.322  -44.901  74.850 0.0000000000
60890  -36.325  -43.495  69.304 0.0000000000
65693  -42.810  -38.676  75.214 0.0000000000
65761  -42.201  -38.190  67.023 0.0000000000
65781  -41.880  -38.260  66.416 0.0000000000
65798  -41.428  -38.121  65.903 0.0000000000
66668  -43.408  -36.732  76.739 0.0000000000
66755  -47.980  -36.962  69.116 0.0000000000
66779  -48.273  -36.989  68.578 0.0000000000
66802  -45.768  -36.995  68.095 0.0000000000
66862  -43.005  -36.970  64.913 0.0000000000
67742  -42.712  -35.667  76.485 0.0000000000
67757  -41.239  -37.390  74.727 0.0000000000
67831  -46.676  -36.360  70.595 0.0000000000
67878  -46.376  -36.985  68.009 0.0000000000
67964  -36.133  -36.904  63.830 0.0000000000
67968  -44.640  -35.708  63.822 0.0000000000
68918  -42.783  -34.986  73.301 0.0000000000
68935  -42.468  -35.127  72.944 0.0000000000
69068  -45.756  -35.225  63.577 0.0000000000
70060  -41.506  -35.916  73.136 0.0000000000
70065  -44.293  -34.675  74.421 0.0000000000
70087  -41.765  -36.031  71.965 0.0000000000
70101  -41.100  -36.368  71.691 0.0000000000
70108  -50.186  -33.894  67.913 0.0000000000
70109  -50.431  -33.884  67.898 0.0000000000
70110  -51.268  -33.709  67.968 0.0000000000
70113  -50.207  -34.102  67.810 0.0000000000
70114  -50.575  -34.107  67.914 0.0000000000
70141  -47.654  -35.160  64.659 0.0000000000
70162  -45.686  -34.937  62.629 0.0000000000
71101  -50.251  -33.698  67.617 0.0000000000
71105  -49.893  -33.959  67.525 0.0000000000
71106  -50.002  -33.645  67.142 0.0000000000
71107  -51.420  -33.264  67.594 0.0000000000
71117  -50.097  -33.574  66.618 0.0000000000
71136  -50.133  -33.311  64.984 0.0000000000
72203  -49.957  -33.422  67.035 0.0000000000
72204  -50.524  -33.381  67.403 0.0000000000
72250  -51.138  -32.250  64.331 0.0000000000
72255  -48.919  -33.077  63.248 0.0000000000
72285  -48.202  -32.215  62.021 0.0000000000
73397  -52.458  -31.420  67.539 0.0000000000
73449  -51.027  -31.530  63.265 0.0000000000
73464  -48.831  -31.943  62.141 0.0000000000
74559  -53.682  -30.842  67.449 0.0000000000
74656  -52.710  -30.608  63.214 0.0000000000
74669  -51.210  -30.274  61.671 0.0000000000
74707  -49.752  -29.997  60.450 0.0000000000
74742  -60.606  -29.986  55.693 0.0000000000
75797  -53.958  -30.007  66.249 0.0000000000
75850  -51.440  -30.012  61.492 0.0000000000
75915  -59.933  -28.895  57.466 0.0000000000
75923  -59.426  -28.994  57.132 0.0000000000
75943  -59.983  -29.168  54.441 0.0000000000
77032  -58.426  -27.972  57.119 0.0000000000
77058  -57.122  -27.914  54.802 0.0000000000
77080  -57.412  -27.828  52.964 0.0000000000
78100  -56.094  -27.576  59.897 0.0000000000
78110  -55.163  -27.594  58.899 0.0000000000
78112  -56.600  -27.044  59.662 0.0000000000
78135  -54.327  -27.012  57.954 0.0000000000
78191  -58.209  -27.654  52.592 0.0000000000
79315  -58.576  -26.585  56.682 0.0000000000
79332  -58.088  -26.454  56.131 0.0000000000
79364  -60.188  -26.708  53.716 0.0000000000
79381  -62.988  -26.417  52.771 0.0000000000
80514  -59.646  -24.623  56.429 0.0000000000
81667  -57.296  -24.231  57.996 0.0000000000
81670  -59.528  -23.854  58.646 0.0000000000
81682  -57.123  -23.720  57.220 0.0000000000
81683  -57.787  -23.713  57.677 0.0000000000
81684  -58.303  -23.709  57.912 0.0000000000
81685  -59.937  -24.139  56.831 0.0000000000
81709  -58.014  -24.114  55.502 0.0000000000
81725  -60.892  -24.097  54.090 0.0000000000
81727  -62.944  -24.475  53.650 0.0000000000
81737  -59.912  -24.315  53.105 0.0000000000
82790  -59.237  -23.614  57.755 0.0000000000
82801  -57.637  -23.495  57.126 0.0000000000
82811  -57.362  -23.516  56.815 0.0000000000
82814  -59.333  -23.731  56.451 0.0000000000
84001  -60.066  -22.756  53.202 0.0000000000
