#!ascii label  , from subject 3966 vox2ras=TkReg
674
10052  -44.145  -86.243  19.887 0.0000000000
16819  -41.659  -80.930  12.305 0.0000000000
14578  -39.764  -82.423  21.658 0.0000000000
12362  -43.602  -84.224  16.032 0.0000000000
19930  -37.889  -77.431  18.754 0.0000000000
12218  -42.546  -84.841  26.857 0.0000000000
19869  -44.845  -77.552  24.718 0.0000000000
24230  -54.304  -73.736  27.369 0.0000000000
19863  -39.141  -77.160  24.089 0.0000000000
17848  -39.396  -79.263  20.208 0.0000000000
20964  -36.940  -75.741  23.121 0.0000000000
15589  -44.546  -81.407  25.580 0.0000000000
17790  -47.930  -79.555  25.657 0.0000000000
28074  -52.266  -70.228  26.082 0.0000000000
25469  -52.232  -72.506  24.978 0.0000000000
7124  -42.679  -89.294  14.130 0.0000000000
14661  -42.366  -82.579  14.403 0.0000000000
11217  -38.954  -85.629  11.430 0.0000000000
13579  -40.431  -84.259  10.679 0.0000000000
12320  -43.985  -84.157  20.804 0.0000000000
11165  -45.178  -85.216  17.407 0.0000000000
16793  -41.847  -80.412  17.948 0.0000000000
17868  -38.542  -79.461  15.570 0.0000000000
13431  -41.349  -84.085  23.755 0.0000000000
17801  -41.183  -79.689  24.023 0.0000000000
22050  -43.172  -75.458  24.620 0.0000000000
19836  -52.854  -77.314  27.180 0.0000000000
22032  -49.426  -75.665  25.728 0.0000000000
24278  -46.659  -73.697  24.644 0.0000000000
26777  -45.218  -71.521  22.499 0.0000000000
9111  -40.920  -88.210  12.586 0.0000000000
24401  -41.365  -73.817  14.230 0.0000000000
19962  -43.298  -77.857  14.003 0.0000000000
16822  -47.091  -80.663  13.423 0.0000000000
23160  -39.787  -74.426  24.618 0.0000000000
20966  -38.033  -76.921  23.581 0.0000000000
10095  -43.609  -87.098  16.770 0.0000000000
15724  -41.215  -81.444  13.263 0.0000000000
13553  -41.022  -84.289  12.577 0.0000000000
14683  -42.369  -82.876  12.275 0.0000000000
13581  -42.430  -84.417  10.865 0.0000000000
15733  -42.824  -81.874  11.575 0.0000000000
13469  -40.835  -83.401  20.867 0.0000000000
14588  -41.198  -82.243  20.146 0.0000000000
19914  -38.332  -77.693  19.774 0.0000000000
17853  -40.422  -79.490  19.326 0.0000000000
18915  -39.193  -78.765  18.111 0.0000000000
16798  -40.705  -80.371  16.654 0.0000000000
18919  -38.495  -78.709  17.333 0.0000000000
11070  -42.941  -85.958  23.452 0.0000000000
12232  -41.703  -84.791  25.232 0.0000000000
17805  -44.944  -79.183  24.950 0.0000000000
16717  -42.953  -80.291  24.722 0.0000000000
18847  -43.541  -78.395  24.497 0.0000000000
19866  -42.048  -77.463  24.326 0.0000000000
20953  -43.558  -76.489  24.541 0.0000000000
22016  -54.180  -75.899  27.288 0.0000000000
22013  -51.206  -76.733  26.407 0.0000000000
23148  -52.813  -74.900  26.484 0.0000000000
26758  -51.201  -71.657  23.572 0.0000000000
25467  -49.654  -72.895  24.811 0.0000000000
26732  -48.127  -72.078  24.043 0.0000000000
26730  -46.228  -72.069  23.846 0.0000000000
12363  -44.600  -84.215  16.459 0.0000000000
9084  -43.900  -87.380  15.061 0.0000000000
10118  -42.312  -86.812  14.797 0.0000000000
10165  -38.541  -86.699  9.267 0.0000000000
25632  -42.423  -72.496  13.518 0.0000000000
21032  -42.175  -76.445  14.498 0.0000000000
18929  -45.930  -77.981  14.409 0.0000000000
17816  -38.999  -79.675  22.846 0.0000000000
15659  -39.354  -80.724  20.780 0.0000000000
17829  -38.320  -78.814  22.091 0.0000000000
19895  -37.789  -77.493  21.945 0.0000000000
20985  -37.172  -76.089  20.813 0.0000000000
14524  -43.121  -82.924  26.192 0.0000000000
16701  -45.796  -80.560  25.513 0.0000000000
19849  -46.528  -78.010  25.356 0.0000000000
26707  -53.010  -71.417  27.155 0.0000000000
24257  -53.697  -73.506  26.287 0.0000000000
26719  -54.232  -71.594  25.868 0.0000000000
26736  -52.835  -71.985  24.392 0.0000000000
26784  -52.922  -71.965  22.695 0.0000000000
13525  -42.332  -83.858  15.115 0.0000000000
11195  -40.619  -85.815  14.279 0.0000000000
12388  -40.504  -84.582  13.102 0.0000000000
13562  -39.491  -84.436  11.226 0.0000000000
13601  -39.049  -84.104  8.280 0.0000000000
12467  -41.243  -84.536  8.374 0.0000000000
12448  -43.294  -85.240  9.556 0.0000000000
12427  -44.621  -84.771  10.248 0.0000000000
11124  -44.804  -85.245  20.605 0.0000000000
11149  -44.619  -85.476  18.034 0.0000000000
14625  -45.366  -82.788  18.483 0.0000000000
14646  -44.609  -82.697  17.373 0.0000000000
15675  -41.961  -80.755  19.363 0.0000000000
15687  -43.344  -81.297  18.473 0.0000000000
14644  -43.273  -82.595  16.271 0.0000000000
15709  -41.739  -81.512  15.542 0.0000000000
15712  -40.644  -81.086  14.555 0.0000000000
16810  -40.229  -80.688  13.698 0.0000000000
11088  -44.587  -85.829  22.010 0.0000000000
11104  -42.634  -85.135  22.271 0.0000000000
13445  -40.701  -83.350  22.582 0.0000000000
15586  -42.110  -82.247  25.110 0.0000000000
15599  -41.197  -81.889  23.967 0.0000000000
16733  -40.364  -80.247  23.629 0.0000000000
18844  -40.618  -78.192  24.148 0.0000000000
20950  -40.583  -76.429  24.435 0.0000000000
23162  -41.811  -74.396  24.566 0.0000000000
18811  -50.214  -78.697  26.657 0.0000000000
20937  -49.075  -76.934  26.108 0.0000000000
22030  -47.199  -76.155  25.350 0.0000000000
24255  -51.023  -74.071  25.509 0.0000000000
24252  -48.323  -74.125  25.211 0.0000000000
22053  -46.289  -75.851  25.094 0.0000000000
23165  -44.857  -74.547  24.708 0.0000000000
25462  -44.242  -72.576  24.179 0.0000000000
9085  -44.043  -87.608  15.366 0.0000000000
8100  -42.259  -88.814  13.262 0.0000000000
10135  -39.573  -86.840  12.289 0.0000000000
9134  -39.272  -87.609  10.065 0.0000000000
18921  -36.887  -77.744  16.374 0.0000000000
18927  -38.404  -78.395  14.299 0.0000000000
18935  -39.994  -78.762  13.317 0.0000000000
19960  -41.315  -77.757  13.701 0.0000000000
18952  -42.524  -79.030  12.604 0.0000000000
17908  -44.000  -80.192  12.000 0.0000000000
15736  -45.815  -81.603  12.148 0.0000000000
24272  -40.400  -73.416  24.519 0.0000000000
23159  -38.828  -74.447  24.555 0.0000000000
9061  -42.657  -87.281  16.997 0.0000000000
10083  -42.886  -86.548  17.786 0.0000000000
15725  -41.856  -81.795  12.738 0.0000000000
15732  -42.267  -81.863  12.020 0.0000000000
14684  -42.688  -82.842  11.695 0.0000000000
16829  -42.362  -81.054  11.832 0.0000000000
13468  -40.339  -83.023  20.969 0.0000000000
13470  -42.048  -83.388  20.414 0.0000000000
14587  -40.132  -82.502  20.823 0.0000000000
19924  -38.227  -77.701  19.291 0.0000000000
18908  -39.253  -78.566  18.829 0.0000000000
18914  -38.461  -78.157  18.413 0.0000000000
18920  -39.116  -78.972  17.591 0.0000000000
18913  -37.888  -77.733  18.180 0.0000000000
11006  -42.390  -86.041  26.819 0.0000000000
11028  -42.156  -85.897  25.630 0.0000000000
11050  -42.174  -85.782  24.757 0.0000000000
12217  -41.927  -84.322  26.021 0.0000000000
18849  -45.166  -78.406  24.897 0.0000000000
17804  -44.095  -79.201  24.651 0.0000000000
19868  -43.974  -77.483  24.530 0.0000000000
20954  -44.509  -76.567  24.673 0.0000000000
25415  -52.363  -72.793  27.762 0.0000000000
25414  -50.887  -72.535  27.474 0.0000000000
24229  -53.384  -73.839  28.000 0.0000000000
23128  -52.965  -74.924  28.177 0.0000000000
23129  -54.093  -74.906  27.695 0.0000000000
22035  -53.141  -75.507  26.626 0.0000000000
23131  -53.886  -75.156  26.892 0.0000000000
26757  -50.028  -71.612  23.488 0.0000000000
26755  -47.792  -71.655  23.281 0.0000000000
26780  -48.530  -71.575  22.422 0.0000000000
11174  -43.683  -84.833  15.987 0.0000000000
10106  -42.742  -86.158  15.306 0.0000000000
11184  -42.393  -85.388  15.464 0.0000000000
22141  -43.800  -75.529  14.351 0.0000000000
19953  -45.087  -77.403  14.472 0.0000000000
21036  -45.427  -76.614  14.456 0.0000000000
18866  -39.022  -78.618  23.339 0.0000000000
18883  -38.562  -78.855  22.767 0.0000000000
19884  -38.569  -77.522  23.573 0.0000000000
20965  -37.455  -76.235  23.490 0.0000000000
19883  -37.828  -77.426  22.984 0.0000000000
20972  -37.361  -76.697  22.437 0.0000000000
20980  -37.526  -76.727  21.485 0.0000000000
20979  -37.003  -76.030  21.903 0.0000000000
18828  -46.498  -78.941  25.415 0.0000000000
18829  -47.267  -78.831  25.537 0.0000000000
28057  -52.103  -70.679  26.688 0.0000000000
28058  -53.210  -70.896  26.490 0.0000000000
26708  -53.896  -72.079  26.628 0.0000000000
28059  -54.005  -71.072  26.138 0.0000000000
26759  -52.353  -71.733  23.589 0.0000000000
7142  -41.723  -89.783  12.370 0.0000000000
13534  -42.143  -83.719  14.459 0.0000000000
13533  -41.392  -84.324  14.283 0.0000000000
13542  -41.288  -84.209  13.664 0.0000000000
13564  -41.237  -84.304  11.662 0.0000000000
13563  -40.103  -84.327  11.600 0.0000000000
13593  -39.975  -84.064  9.689 0.0000000000
13602  -39.773  -84.028  8.693 0.0000000000
13582  -43.190  -84.239  10.691 0.0000000000
12425  -42.815  -84.795  10.212 0.0000000000
12426  -43.684  -84.809  10.213 0.0000000000
12449  -44.186  -85.302  9.616 0.0000000000
14693  -44.717  -83.279  10.948 0.0000000000
12321  -44.706  -84.467  20.591 0.0000000000
11137  -45.076  -84.947  19.629 0.0000000000
13506  -45.150  -82.921  17.745 0.0000000000
15696  -44.535  -82.146  18.165 0.0000000000
16771  -38.978  -79.843  20.847 0.0000000000
15660  -40.120  -81.206  20.331 0.0000000000
16773  -40.521  -80.140  19.863 0.0000000000
16787  -42.064  -80.409  18.666 0.0000000000
16794  -42.598  -80.851  18.267 0.0000000000
15694  -43.133  -81.411  17.762 0.0000000000
15693  -42.271  -81.118  17.481 0.0000000000
15710  -42.497  -81.914  15.904 0.0000000000
16796  -39.185  -79.830  15.925 0.0000000000
16802  -40.395  -80.650  15.780 0.0000000000
16801  -39.673  -80.355  15.415 0.0000000000
15719  -40.276  -80.870  14.219 0.0000000000
16803  -39.134  -79.909  14.555 0.0000000000
12249  -41.591  -84.750  24.189 0.0000000000
11085  -42.355  -85.384  22.984 0.0000000000
12267  -41.472  -84.508  23.245 0.0000000000
12298  -41.301  -84.240  21.997 0.0000000000
12266  -41.115  -83.816  22.904 0.0000000000
14541  -43.364  -82.282  25.788 0.0000000000
14540  -42.525  -82.656  25.656 0.0000000000
15588  -43.622  -81.540  25.456 0.0000000000
16716  -41.978  -80.458  24.407 0.0000000000
15600  -41.878  -81.520  24.602 0.0000000000
16715  -41.206  -80.844  23.960 0.0000000000
15614  -40.496  -81.296  23.452 0.0000000000
17818  -40.346  -79.397  23.779 0.0000000000
18868  -40.703  -78.885  23.993 0.0000000000
20952  -42.582  -76.456  24.486 0.0000000000
20951  -41.591  -76.441  24.466 0.0000000000
22049  -42.179  -75.427  24.562 0.0000000000
22048  -41.179  -75.416  24.577 0.0000000000
23163  -42.821  -74.419  24.634 0.0000000000
19835  -52.089  -77.714  26.920 0.0000000000
22033  -50.835  -75.967  26.148 0.0000000000
20922  -50.405  -77.132  26.329 0.0000000000
20936  -47.872  -76.993  25.626 0.0000000000
22031  -48.246  -75.973  25.563 0.0000000000
25443  -52.940  -73.001  25.580 0.0000000000
24256  -52.476  -73.997  25.935 0.0000000000
25442  -51.665  -73.267  25.314 0.0000000000
25466  -48.464  -72.817  24.562 0.0000000000
24280  -48.733  -73.519  24.983 0.0000000000
24279  -47.741  -73.721  24.889 0.0000000000
23167  -46.966  -74.731  25.066 0.0000000000
23166  -45.912  -74.665  24.822 0.0000000000
24277  -45.598  -73.577  24.558 0.0000000000
26753  -45.639  -71.744  23.387 0.0000000000
25463  -45.301  -72.484  24.135 0.0000000000
25489  -44.726  -72.181  23.885 0.0000000000
26728  -43.998  -72.104  23.835 0.0000000000
11164  -44.776  -85.702  17.400 0.0000000000
10084  -44.202  -86.194  17.384 0.0000000000
10096  -44.428  -86.715  16.358 0.0000000000
9091  -41.954  -87.581  14.149 0.0000000000
8091  -42.620  -88.350  13.979 0.0000000000
8099  -41.558  -88.530  12.923 0.0000000000
8111  -41.344  -88.876  11.996 0.0000000000
8110  -40.553  -88.306  11.820 0.0000000000
11206  -39.498  -85.767  12.597 0.0000000000
10116  -40.369  -86.349  13.881 0.0000000000
10134  -39.206  -86.203  11.807 0.0000000000
10175  -38.509  -87.233  8.573 0.0000000000
19938  -36.805  -77.369  17.028 0.0000000000
21020  -36.469  -76.197  16.549 0.0000000000
19946  -38.567  -77.484  14.332 0.0000000000
18934  -39.325  -78.910  13.643 0.0000000000
19958  -39.315  -78.134  13.797 0.0000000000
19950  -42.679  -77.203  14.356 0.0000000000
19949  -41.735  -77.149  14.269 0.0000000000
19961  -42.308  -77.802  13.845 0.0000000000
18937  -41.895  -78.376  13.174 0.0000000000
18938  -42.953  -78.408  13.319 0.0000000000
17894  -43.233  -79.709  12.269 0.0000000000
18953  -43.564  -79.068  12.829 0.0000000000
17897  -45.991  -80.011  13.292 0.0000000000
16820  -45.309  -80.523  12.441 0.0000000000
15726  -46.111  -81.435  12.487 0.0000000000
20949  -39.568  -76.390  24.374 0.0000000000
20948  -38.457  -76.390  24.109 0.0000000000
22046  -39.170  -75.405  24.492 0.0000000000
22045  -38.274  -75.318  24.372 0.0000000000
22063  -37.530  -75.283  24.096 0.0000000000
28075  -53.413  -70.410  25.658 0.0000000000
29449  -53.090  -70.057  24.872 0.0000000000
8070  -43.127  -88.540  15.702 0.0000000000
15721  -41.923  -82.048  13.623 0.0000000000
13543  -41.978  -83.654  13.302 0.0000000000
14677  -42.278  -82.861  12.999 0.0000000000
13554  -42.061  -83.802  12.468 0.0000000000
13565  -42.320  -83.993  11.701 0.0000000000
13580  -41.487  -84.495  10.662 0.0000000000
13566  -42.882  -83.677  11.228 0.0000000000
14685  -43.337  -82.769  11.261 0.0000000000
12319  -42.931  -84.177  20.850 0.0000000000
13471  -43.280  -83.328  20.376 0.0000000000
14589  -42.561  -82.437  19.996 0.0000000000
14605  -43.118  -81.714  19.563 0.0000000000
17851  -39.075  -78.613  20.021 0.0000000000
17849  -39.965  -79.519  19.850 0.0000000000
17852  -39.602  -78.898  19.485 0.0000000000
17856  -39.985  -79.085  18.651 0.0000000000
17862  -40.530  -79.589  18.086 0.0000000000
16799  -41.486  -80.716  17.073 0.0000000000
16791  -40.225  -79.814  17.177 0.0000000000
17866  -39.461  -79.570  16.776 0.0000000000
17865  -38.705  -79.255  16.498 0.0000000000
11069  -42.139  -85.509  23.786 0.0000000000
16700  -44.762  -80.557  25.293 0.0000000000
16699  -43.799  -80.786  25.171 0.0000000000
16718  -43.895  -80.000  24.836 0.0000000000
17803  -43.205  -79.305  24.564 0.0000000000
18846  -42.586  -78.444  24.354 0.0000000000
18845  -41.488  -78.516  24.178 0.0000000000
19867  -43.034  -77.463  24.436 0.0000000000
22006  -53.637  -75.918  27.820 0.0000000000
20911  -53.683  -76.636  27.431 0.0000000000
20924  -52.781  -77.122  26.768 0.0000000000
22015  -53.323  -76.205  26.745 0.0000000000
22034  -52.266  -75.662  26.450 0.0000000000
23147  -51.570  -74.898  25.994 0.0000000000
26735  -51.663  -72.008  24.358 0.0000000000
25468  -50.987  -72.649  24.854 0.0000000000
26734  -50.433  -72.059  24.286 0.0000000000
26733  -49.240  -72.114  24.147 0.0000000000
25465  -47.399  -72.799  24.435 0.0000000000
25464  -46.372  -72.726  24.312 0.0000000000
26731  -47.097  -72.037  23.968 0.0000000000
26754  -46.741  -71.611  23.277 0.0000000000
26778  -46.300  -71.512  22.441 0.0000000000
11176  -44.911  -85.291  16.501 0.0000000000
10108  -44.450  -86.588  15.831 0.0000000000
11186  -44.352  -85.877  15.879 0.0000000000
10119  -43.153  -86.857  14.977 0.0000000000
9090  -41.299  -87.373  14.039 0.0000000000
10158  -38.722  -86.472  10.120 0.0000000000
24412  -42.837  -73.582  13.778 0.0000000000
23259  -42.206  -74.228  14.119 0.0000000000
22134  -41.758  -75.599  14.528 0.0000000000
23255  -42.933  -75.373  14.406 0.0000000000
21033  -43.042  -76.516  14.530 0.0000000000
19963  -44.197  -77.854  14.249 0.0000000000
18939  -44.115  -78.567  13.587 0.0000000000
18940  -45.228  -78.317  14.209 0.0000000000
17898  -46.598  -79.876  13.599 0.0000000000
16744  -39.272  -80.798  22.477 0.0000000000
15643  -39.414  -81.581  21.124 0.0000000000
15642  -39.045  -80.696  21.530 0.0000000000
16758  -38.750  -79.881  21.616 0.0000000000
17841  -38.534  -79.076  21.304 0.0000000000
18882  -38.196  -78.394  22.281 0.0000000000
18893  -38.532  -78.564  20.893 0.0000000000
18900  -38.247  -77.722  20.776 0.0000000000
19913  -38.094  -77.335  20.327 0.0000000000
20998  -37.645  -76.646  20.060 0.0000000000
13371  -43.047  -84.101  27.048 0.0000000000
14543  -45.152  -82.024  25.982 0.0000000000
15590  -45.629  -81.446  25.768 0.0000000000
17787  -45.177  -79.935  25.211 0.0000000000
18850  -45.823  -78.594  25.223 0.0000000000
19870  -45.638  -77.711  25.036 0.0000000000
26687  -52.730  -72.004  27.604 0.0000000000
25417  -54.505  -73.029  27.419 0.0000000000
24240  -54.269  -74.028  27.011 0.0000000000
25418  -54.635  -72.899  27.242 0.0000000000
25444  -53.925  -72.389  25.908 0.0000000000
25470  -53.344  -72.268  25.118 0.0000000000
28088  -54.507  -70.964  25.105 0.0000000000
25471  -53.909  -71.905  25.195 0.0000000000
26782  -50.840  -71.590  22.675 0.0000000000
12372  -42.930  -84.348  15.712 0.0000000000
11196  -41.540  -85.623  15.036 0.0000000000
12381  -41.512  -84.552  14.753 0.0000000000
12380  -40.706  -84.853  14.184 0.0000000000
12393  -39.253  -85.248  11.914 0.0000000000
12405  -39.054  -84.773  11.269 0.0000000000
12466  -38.684  -84.404  8.690 0.0000000000
12446  -41.509  -84.596  9.586 0.0000000000
12468  -42.162  -84.900  8.577 0.0000000000
12484  -41.877  -84.883  7.526 0.0000000000
12469  -42.953  -85.401  8.723 0.0000000000
11242  -43.796  -85.573  8.839 0.0000000000
10053  -44.751  -85.583  20.076 0.0000000000
10068  -43.855  -85.977  18.576 0.0000000000
11136  -44.613  -85.442  19.148 0.0000000000
11150  -45.129  -84.783  18.566 0.0000000000
11166  -45.279  -84.623  17.975 0.0000000000
13484  -45.515  -83.198  19.014 0.0000000000
12355  -45.433  -84.196  17.803 0.0000000000
13518  -45.384  -83.762  17.158 0.0000000000
13517  -44.970  -83.259  17.084 0.0000000000
13516  -44.071  -83.345  16.429 0.0000000000
14604  -42.111  -81.485  19.639 0.0000000000
16779  -41.396  -80.103  19.207 0.0000000000
16780  -42.334  -80.570  19.062 0.0000000000
15695  -43.892  -81.792  18.013 0.0000000000
14645  -44.209  -82.654  16.994 0.0000000000
13515  -43.424  -83.383  16.028 0.0000000000
13526  -42.721  -83.467  15.448 0.0000000000
14655  -42.669  -82.538  15.504 0.0000000000
14654  -42.286  -82.107  15.094 0.0000000000
15700  -41.177  -80.972  16.126 0.0000000000
15713  -41.540  -81.696  14.590 0.0000000000
15720  -40.859  -81.340  13.881 0.0000000000
16811  -40.708  -81.039  13.392 0.0000000000
17891  -40.350  -80.425  13.169 0.0000000000
10039  -44.669  -86.112  20.816 0.0000000000
11107  -44.625  -85.464  21.390 0.0000000000
12302  -44.388  -84.893  21.216 0.0000000000
11086  -43.498  -85.783  22.832 0.0000000000
11105  -43.619  -85.292  22.070 0.0000000000
12300  -42.761  -84.754  21.543 0.0000000000
12318  -41.827  -84.279  20.966 0.0000000000
13456  -40.736  -83.648  21.826 0.0000000000
13444  -40.219  -83.054  22.002 0.0000000000
13386  -42.014  -83.825  25.896 0.0000000000
13403  -41.822  -83.589  25.426 0.0000000000
13417  -41.388  -83.631  24.277 0.0000000000
15601  -42.530  -81.014  24.747 0.0000000000
14552  -41.594  -82.611  24.689 0.0000000000
14551  -41.196  -82.708  23.968 0.0000000000
14562  -40.679  -82.415  23.309 0.0000000000
14561  -40.279  -82.216  22.940 0.0000000000
15613  -40.032  -81.748  22.931 0.0000000000
16732  -39.512  -80.624  22.946 0.0000000000
17817  -39.650  -79.542  23.425 0.0000000000
19864  -40.003  -77.459  24.214 0.0000000000
19865  -41.045  -77.429  24.316 0.0000000000
22047  -40.173  -75.412  24.564 0.0000000000
23161  -40.795  -74.396  24.656 0.0000000000
20923  -51.646  -77.269  26.581 0.0000000000
19852  -49.261  -78.025  26.115 0.0000000000
18830  -48.120  -78.760  25.692 0.0000000000
19850  -47.505  -77.939  25.594 0.0000000000
20935  -46.970  -77.088  25.368 0.0000000000
20934  -46.216  -76.974  25.184 0.0000000000
24239  -53.558  -74.335  26.526 0.0000000000
23146  -50.318  -74.891  25.589 0.0000000000
25440  -49.799  -73.433  25.135 0.0000000000
24253  -49.001  -74.123  25.254 0.0000000000
23144  -48.507  -74.897  25.397 0.0000000000
23143  -47.582  -75.278  25.343 0.0000000000
22054  -46.979  -75.489  25.244 0.0000000000
20955  -45.424  -76.716  24.909 0.0000000000
22052  -45.176  -75.639  24.820 0.0000000000
22051  -44.165  -75.521  24.682 0.0000000000
23164  -43.833  -74.467  24.663 0.0000000000
24276  -44.551  -73.490  24.522 0.0000000000
24274  -42.491  -73.387  24.520 0.0000000000
25461  -43.204  -72.425  24.116 0.0000000000
9076  -43.982  -87.922  16.056 0.0000000000
8093  -43.538  -88.487  14.905 0.0000000000
9093  -43.739  -88.195  14.883 0.0000000000
8101  -42.698  -89.060  13.756 0.0000000000
8112  -41.872  -89.187  12.587 0.0000000000
10126  -40.551  -86.919  13.788 0.0000000000
9110  -40.274  -87.558  12.621 0.0000000000
10148  -38.974  -86.537  10.951 0.0000000000
9123  -39.365  -87.348  11.008 0.0000000000
9135  -39.748  -87.981  10.777 0.0000000000
24269  -37.677  -73.601  24.215 0.0000000000
22077  -36.384  -75.258  21.425 0.0000000000
21008  -37.465  -76.707  19.245 0.0000000000
21015  -37.240  -76.852  18.508 0.0000000000
19937  -37.343  -77.339  17.840 0.0000000000
18922  -37.481  -78.346  16.519 0.0000000000
17864  -38.127  -79.010  16.118 0.0000000000
19942  -37.132  -77.284  15.374 0.0000000000
18925  -37.515  -78.078  15.308 0.0000000000
17870  -38.666  -79.354  14.463 0.0000000000
17878  -39.065  -79.197  13.860 0.0000000000
17879  -39.635  -79.743  13.565 0.0000000000
17892  -40.745  -79.961  12.650 0.0000000000
21031  -41.230  -76.355  14.495 0.0000000000
19948  -40.749  -77.107  14.158 0.0000000000
19959  -40.313  -77.858  13.668 0.0000000000
18951  -41.418  -79.082  12.605 0.0000000000
17893  -42.139  -80.051  12.076 0.0000000000
17906  -42.634  -80.634  11.829 0.0000000000
17907  -43.131  -80.401  11.858 0.0000000000
14686  -44.271  -82.504  11.182 0.0000000000
16832  -45.010  -80.708  12.075 0.0000000000
14694  -45.501  -83.418  11.089 0.0000000000
7104  -42.732  -89.295  14.495 0.0000000000
7133  -42.094  -89.632  13.245 0.0000000000
7134  -42.481  -89.516  13.806 0.0000000000
7141  -41.660  -89.479  11.984 0.0000000000
8071  -43.758  -88.300  15.394 0.0000000000
8083  -43.213  -88.891  15.027 0.0000000000
8084  -43.731  -88.295  15.106 0.0000000000
8092  -43.118  -88.639  14.504 0.0000000000
9092  -43.354  -87.617  14.709 0.0000000000
9098  -40.380  -87.340  13.149 0.0000000000
9099  -40.938  -87.606  13.503 0.0000000000
9100  -41.927  -88.190  13.534 0.0000000000
9124  -39.806  -87.643  11.611 0.0000000000
9946  -42.301  -86.312  25.679 0.0000000000
9965  -42.338  -86.330  25.388 0.0000000000
9999  -44.729  -85.957  21.850 0.0000000000
10085  -44.809  -85.974  17.058 0.0000000000
10097  -44.796  -85.890  16.701 0.0000000000
10107  -43.813  -86.742  15.318 0.0000000000
10109  -44.628  -86.131  16.263 0.0000000000
10117  -41.112  -86.809  14.303 0.0000000000
10125  -40.061  -86.820  13.246 0.0000000000
10149  -39.341  -86.906  11.545 0.0000000000
11005  -42.023  -85.336  26.148 0.0000000000
11029  -42.194  -86.008  26.149 0.0000000000
11087  -44.284  -85.800  22.398 0.0000000000
11106  -44.323  -85.392  21.779 0.0000000000
11151  -45.331  -84.369  18.275 0.0000000000
11175  -44.116  -84.982  16.128 0.0000000000
11185  -43.311  -85.260  15.770 0.0000000000
11187  -44.636  -86.035  16.035 0.0000000000
11194  -40.261  -85.863  13.908 0.0000000000
11200  -39.965  -85.882  13.527 0.0000000000
11205  -39.215  -85.669  11.935 0.0000000000
12283  -41.171  -84.029  22.503 0.0000000000
12284  -41.707  -84.742  22.448 0.0000000000
12299  -41.839  -84.640  21.741 0.0000000000
12301  -43.740  -84.785  21.405 0.0000000000
12317  -41.275  -84.039  21.484 0.0000000000
12334  -45.353  -83.610  19.332 0.0000000000
12347  -45.433  -83.995  18.822 0.0000000000
12354  -45.463  -84.623  17.085 0.0000000000
12364  -45.316  -84.204  16.853 0.0000000000
12365  -45.489  -84.051  17.234 0.0000000000
12371  -42.253  -84.492  15.349 0.0000000000
12379  -40.276  -85.483  13.855 0.0000000000
12387  -40.020  -85.141  13.306 0.0000000000
12423  -41.628  -84.625  10.187 0.0000000000
12424  -42.003  -84.764  10.234 0.0000000000
12447  -42.447  -84.973  9.506 0.0000000000
13387  -42.445  -83.617  26.212 0.0000000000
13404  -42.171  -83.164  25.646 0.0000000000
13416  -41.087  -83.044  23.700 0.0000000000
13430  -41.065  -83.458  23.323 0.0000000000
13455  -40.269  -83.047  21.335 0.0000000000
13497  -45.351  -82.946  18.084 0.0000000000
13498  -45.474  -83.315  18.363 0.0000000000
13507  -45.377  -83.474  17.600 0.0000000000
13535  -42.504  -83.105  14.775 0.0000000000
13567  -43.455  -83.587  10.960 0.0000000000
13578  -39.364  -84.274  10.452 0.0000000000
13583  -44.082  -84.007  10.654 0.0000000000
13584  -45.105  -84.034  10.682 0.0000000000
13611  -40.399  -84.201  8.098 0.0000000000
14539  -42.013  -82.837  25.309 0.0000000000
14542  -44.296  -82.130  25.902 0.0000000000
14570  -40.154  -82.464  22.583 0.0000000000
14571  -40.625  -82.931  22.952 0.0000000000
14609  -45.470  -82.899  18.718 0.0000000000
14624  -45.063  -82.520  18.258 0.0000000000
14634  -44.324  -82.312  17.615 0.0000000000
14635  -44.802  -82.611  17.716 0.0000000000
14662  -42.484  -82.753  15.010 0.0000000000
14670  -42.411  -82.970  13.711 0.0000000000
14687  -45.410  -82.555  11.421 0.0000000000
15587  -42.704  -81.729  25.217 0.0000000000
15627  -39.051  -80.848  22.009 0.0000000000
15628  -39.336  -81.352  22.201 0.0000000000
15661  -41.233  -80.923  19.811 0.0000000000
15688  -44.097  -81.750  18.585 0.0000000000
15702  -42.798  -81.735  16.869 0.0000000000
15703  -43.646  -82.038  17.254 0.0000000000
15707  -40.199  -80.770  14.990 0.0000000000
15708  -40.931  -81.117  15.240 0.0000000000
15711  -40.175  -80.772  14.546 0.0000000000
15734  -43.646  -81.762  11.395 0.0000000000
15735  -44.693  -81.625  11.537 0.0000000000
15737  -46.350  -81.977  12.337 0.0000000000
16698  -43.115  -81.063  25.035 0.0000000000
16719  -44.554  -79.779  24.974 0.0000000000
16731  -39.157  -80.240  22.703 0.0000000000
16743  -39.012  -80.399  22.292 0.0000000000
16772  -39.709  -80.096  20.318 0.0000000000
16781  -42.854  -80.855  19.072 0.0000000000
16788  -42.798  -80.821  18.817 0.0000000000
16792  -41.038  -80.096  17.579 0.0000000000
16797  -39.905  -80.136  16.292 0.0000000000
16800  -39.034  -79.991  15.048 0.0000000000
16804  -39.648  -80.409  14.458 0.0000000000
16817  -40.525  -80.761  13.284 0.0000000000
16818  -40.927  -80.923  12.895 0.0000000000
16821  -45.850  -80.879  12.624 0.0000000000
16830  -43.038  -81.070  11.598 0.0000000000
16831  -43.914  -80.902  11.626 0.0000000000
16833  -45.558  -81.058  12.275 0.0000000000
17788  -45.909  -79.546  25.376 0.0000000000
17791  -48.607  -79.367  25.804 0.0000000000
17802  -42.236  -79.455  24.320 0.0000000000
17806  -45.427  -78.939  25.111 0.0000000000
17830  -38.501  -79.266  22.148 0.0000000000
17840  -38.316  -78.761  21.827 0.0000000000
17847  -38.819  -78.908  20.590 0.0000000000
17857  -40.780  -79.575  18.785 0.0000000000
17860  -39.092  -79.150  17.172 0.0000000000
17861  -39.665  -79.271  17.674 0.0000000000
17867  -37.915  -78.916  15.421 0.0000000000
17869  -37.981  -78.597  14.746 0.0000000000
17871  -39.234  -79.876  14.250 0.0000000000
17880  -40.187  -79.381  13.038 0.0000000000
17882  -46.076  -79.293  13.829 0.0000000000
17895  -44.144  -79.688  12.458 0.0000000000
18813  -52.196  -77.761  27.145 0.0000000000
18848  -44.420  -78.387  24.641 0.0000000000
18865  -38.363  -78.200  23.038 0.0000000000
18867  -39.926  -78.579  23.835 0.0000000000
18892  -38.261  -78.181  21.312 0.0000000000
18901  -38.553  -78.112  20.382 0.0000000000
18907  -38.730  -78.200  19.393 0.0000000000
18918  -37.807  -78.043  17.625 0.0000000000
18923  -38.189  -78.845  16.610 0.0000000000
18924  -36.989  -77.823  15.886 0.0000000000
18928  -45.513  -77.785  14.423 0.0000000000
18933  -38.839  -78.706  13.926 0.0000000000
18936  -40.896  -78.420  13.139 0.0000000000
18941  -46.403  -78.607  14.219 0.0000000000
18950  -40.593  -79.084  12.848 0.0000000000
19819  -52.808  -77.233  27.591 0.0000000000
19820  -53.428  -76.969  27.568 0.0000000000
19833  -50.020  -78.062  26.388 0.0000000000
19834  -51.033  -77.980  26.608 0.0000000000
19837  -53.426  -77.061  27.335 0.0000000000
19851  -48.436  -77.922  25.855 0.0000000000
19885  -39.319  -77.869  23.801 0.0000000000
19904  -37.986  -77.347  21.104 0.0000000000
19923  -37.949  -77.241  19.566 0.0000000000
19931  -38.320  -77.879  18.969 0.0000000000
19936  -36.918  -77.097  17.562 0.0000000000
19939  -37.299  -77.819  17.281 0.0000000000
19941  -36.625  -77.206  16.042 0.0000000000
19951  -43.560  -77.231  14.425 0.0000000000
19954  -45.811  -77.405  14.455 0.0000000000
19957  -38.738  -78.173  14.030 0.0000000000
20921  -49.668  -77.566  26.242 0.0000000000
20925  -53.666  -76.890  27.073 0.0000000000
20938  -49.897  -76.413  26.047 0.0000000000
20947  -37.880  -75.838  24.093 0.0000000000
20971  -37.012  -76.041  22.729 0.0000000000
20986  -37.739  -76.788  20.748 0.0000000000
20997  -37.080  -75.990  19.762 0.0000000000
22014  -52.027  -76.526  26.539 0.0000000000
22029  -46.639  -76.505  25.264 0.0000000000
22062  -36.958  -75.239  23.496 0.0000000000
22135  -42.611  -75.798  14.518 0.0000000000
22136  -43.389  -75.800  14.484 0.0000000000
22137  -44.123  -76.008  14.476 0.0000000000
23132  -54.513  -74.828  27.311 0.0000000000
23145  -49.392  -74.709  25.420 0.0000000000
23168  -47.790  -74.524  25.238 0.0000000000
23253  -41.391  -74.496  14.420 0.0000000000
23254  -42.376  -75.053  14.394 0.0000000000
23258  -41.656  -73.974  14.187 0.0000000000
24231  -54.982  -73.160  27.616 0.0000000000
24241  -54.610  -73.216  27.290 0.0000000000
24254  -49.867  -74.004  25.338 0.0000000000
24258  -54.149  -73.138  26.820 0.0000000000
24275  -43.518  -73.439  24.505 0.0000000000
24281  -49.375  -73.573  25.120 0.0000000000
25416  -53.587  -72.977  27.619 0.0000000000
25431  -54.395  -72.589  26.655 0.0000000000
25441  -50.459  -73.360  25.181 0.0000000000
25490  -45.072  -72.019  23.728 0.0000000000
26688  -53.707  -72.424  27.251 0.0000000000
26689  -54.248  -72.826  27.046 0.0000000000
26706  -51.846  -71.196  27.145 0.0000000000
26729  -44.397  -72.137  23.860 0.0000000000
26737  -53.756  -71.745  24.532 0.0000000000
26752  -44.601  -71.787  23.438 0.0000000000
26760  -53.392  -71.724  23.628 0.0000000000
26783  -51.895  -71.722  22.805 0.0000000000
26808  -52.284  -72.050  22.380 0.0000000000
28076  -54.256  -70.796  25.578 0.0000000000
