#!ascii label  , from subject 3966 vox2ras=TkReg
1655
39148  14.769  -49.584  85.949 0.0000000000
74141  47.931  -20.306  60.882 0.0000000000
50939  29.840  -39.362  74.940 0.0000000000
55355  38.968  -35.068  80.088 0.0000000000
44176  24.359  -45.227  76.365 0.0000000000
36497  25.581  -51.106  85.950 0.0000000000
83617  56.672  -12.665  55.639 0.0000000000
82434  53.769  -14.006  64.820 0.0000000000
64450  42.714  -28.926  70.065 0.0000000000
85974  61.506  -10.251  48.379 0.0000000000
45256  27.773  -44.134  81.371 0.0000000000
39143  19.556  -49.343  85.532 0.0000000000
82476  56.499  -13.767  61.177 0.0000000000
80277  51.883  -15.317  58.319 0.0000000000
71552  48.045  -22.316  67.022 0.0000000000
74062  50.223  -19.897  67.109 0.0000000000
69212  44.776  -24.335  65.120 0.0000000000
57968  35.834  -33.359  72.543 0.0000000000
54211  33.434  -36.490  76.931 0.0000000000
39266  28.730  -49.423  80.101 0.0000000000
32646  31.190  -53.919  84.375 0.0000000000
36575  25.889  -50.835  80.455 0.0000000000
39251  20.465  -49.378  81.093 0.0000000000
47685  26.462  -42.287  76.027 0.0000000000
84820  62.130  -10.753  55.827 0.0000000000
84728  60.308  -11.701  61.693 0.0000000000
77810  50.416  -17.670  62.715 0.0000000000
70294  44.013  -23.932  71.516 0.0000000000
61860  40.680  -30.821  75.800 0.0000000000
82612  59.639  -13.183  51.592 0.0000000000
82607  64.610  -13.584  51.887 0.0000000000
87091  67.175  -9.688  48.399 0.0000000000
40564  28.584  -48.462  83.057 0.0000000000
39145  17.431  -48.891  85.524 0.0000000000
40498  20.120  -48.587  89.248 0.0000000000
40501  17.258  -48.426  88.932 0.0000000000
81453  52.493  -14.708  56.582 0.0000000000
71520  47.180  -22.765  69.181 0.0000000000
72773  49.323  -21.321  70.609 0.0000000000
33836  9.918  -53.245  89.373 0.0000000000
69266  45.185  -24.168  61.929 0.0000000000
53153  30.681  -37.048  71.915 0.0000000000
55463  32.544  -35.423  73.480 0.0000000000
53089  31.750  -37.873  75.686 0.0000000000
41858  27.546  -47.332  77.584 0.0000000000
36584  27.645  -51.744  79.727 0.0000000000
40637  25.491  -48.441  78.147 0.0000000000
46450  25.730  -43.842  76.166 0.0000000000
45281  27.899  -45.110  78.158 0.0000000000
33896  28.881  -53.475  85.197 0.0000000000
84803  58.691  -11.742  55.942 0.0000000000
83590  61.339  -11.921  58.753 0.0000000000
82495  59.187  -12.970  58.599 0.0000000000
82467  54.837  -13.539  62.905 0.0000000000
83508  56.570  -11.906  64.197 0.0000000000
76567  48.406  -18.872  58.584 0.0000000000
77844  50.069  -17.991  59.284 0.0000000000
76544  49.290  -18.836  61.438 0.0000000000
66808  42.447  -26.539  67.116 0.0000000000
69177  41.830  -24.415  68.036 0.0000000000
66771  44.289  -26.123  70.427 0.0000000000
56651  37.287  -33.873  75.709 0.0000000000
59193  38.738  -32.153  73.656 0.0000000000
59144  39.569  -32.761  77.438 0.0000000000
83677  55.751  -12.347  53.537 0.0000000000
83706  56.773  -11.635  51.834 0.0000000000
83660  57.648  -12.610  54.489 0.0000000000
82567  60.207  -12.830  54.147 0.0000000000
87123  65.648  -9.002  46.339 0.0000000000
84904  64.806  -10.969  47.987 0.0000000000
85948  65.799  -10.683  51.025 0.0000000000
83733  63.390  -12.064  49.081 0.0000000000
48839  28.087  -40.942  78.544 0.0000000000
50882  30.774  -39.884  78.520 0.0000000000
47612  29.245  -41.907  81.711 0.0000000000
40521  23.346  -48.852  85.652 0.0000000000
35144  26.514  -52.487  88.289 0.0000000000
40494  23.737  -49.237  89.177 0.0000000000
82570  54.434  -13.209  54.790 0.0000000000
82508  56.590  -13.811  58.265 0.0000000000
81438  54.495  -14.184  57.241 0.0000000000
81405  54.067  -14.979  59.734 0.0000000000
80232  53.287  -15.499  61.120 0.0000000000
72892  47.799  -21.799  63.258 0.0000000000
74084  48.987  -20.579  64.114 0.0000000000
72834  49.048  -21.108  67.031 0.0000000000
61981  40.603  -30.590  68.617 0.0000000000
59091  39.950  -32.874  81.799 0.0000000000
36520  13.814  -51.709  85.944 0.0000000000
39097  14.224  -49.967  88.411 0.0000000000
36462  12.322  -51.575  89.362 0.0000000000
72942  46.423  -22.032  60.251 0.0000000000
70408  46.433  -23.412  62.805 0.0000000000
70366  46.282  -23.789  65.698 0.0000000000
71522  45.263  -22.319  69.427 0.0000000000
58015  33.335  -33.570  70.962 0.0000000000
56654  34.778  -34.544  74.902 0.0000000000
55371  36.241  -35.610  78.755 0.0000000000
51948  33.125  -38.322  79.435 0.0000000000
53028  35.037  -37.457  80.265 0.0000000000
36564  31.124  -51.337  81.851 0.0000000000
33921  32.609  -52.969  82.940 0.0000000000
33958  31.035  -52.887  81.322 0.0000000000
33943  28.069  -53.332  81.924 0.0000000000
36543  25.651  -51.674  83.373 0.0000000000
41821  23.302  -48.257  78.830 0.0000000000
40577  23.371  -48.419  81.655 0.0000000000
40554  23.319  -48.563  83.324 0.0000000000
39198  20.131  -49.629  82.857 0.0000000000
39179  17.389  -49.245  83.597 0.0000000000
39181  15.145  -49.590  83.681 0.0000000000
52067  29.042  -38.268  71.719 0.0000000000
49957  27.400  -40.134  72.139 0.0000000000
49925  27.676  -40.757  75.402 0.0000000000
47658  27.049  -42.253  78.235 0.0000000000
42989  27.976  -46.699  81.062 0.0000000000
84735  62.472  -12.290  61.592 0.0000000000
83553  57.798  -12.693  61.548 0.0000000000
79062  49.989  -15.998  57.797 0.0000000000
79031  51.458  -16.727  60.501 0.0000000000
80194  51.875  -15.761  63.680 0.0000000000
75293  50.573  -19.006  65.440 0.0000000000
77791  51.480  -17.358  64.993 0.0000000000
69214  42.463  -23.852  65.341 0.0000000000
70323  43.288  -22.808  68.333 0.0000000000
72750  44.080  -21.725  71.644 0.0000000000
60522  39.416  -31.396  71.245 0.0000000000
63205  41.595  -29.838  72.680 0.0000000000
61826  40.930  -30.981  78.860 0.0000000000
63161  42.511  -29.335  76.210 0.0000000000
64397  43.484  -28.264  74.090 0.0000000000
66738  44.770  -26.297  74.637 0.0000000000
70242  44.800  -23.257  75.092 0.0000000000
83727  60.956  -11.297  49.981 0.0000000000
81515  62.148  -14.015  52.073 0.0000000000
82564  63.165  -12.651  54.256 0.0000000000
39191  31.010  -49.506  83.255 0.0000000000
39147  15.530  -49.106  85.620 0.0000000000
40523  17.095  -48.717  87.135 0.0000000000
39114  15.904  -49.091  87.045 0.0000000000
71484  46.747  -22.108  71.337 0.0000000000
71464  47.840  -22.360  71.670 0.0000000000
33863  9.274  -53.629  87.527 0.0000000000
53119  30.185  -38.145  73.212 0.0000000000
53118  30.931  -37.688  73.529 0.0000000000
52013  30.818  -38.641  74.780 0.0000000000
43049  25.999  -46.555  77.040 0.0000000000
40658  26.389  -48.236  77.679 0.0000000000
43050  24.929  -46.269  77.349 0.0000000000
46500  26.067  -43.892  74.140 0.0000000000
45313  25.116  -44.315  76.169 0.0000000000
44173  26.931  -45.228  76.776 0.0000000000
35185  27.918  -52.552  85.925 0.0000000000
33867  28.320  -53.283  87.051 0.0000000000
83615  58.107  -12.052  56.157 0.0000000000
83593  59.151  -12.684  57.714 0.0000000000
82520  57.914  -12.878  57.340 0.0000000000
82454  54.448  -13.353  63.691 0.0000000000
82432  55.135  -12.745  64.532 0.0000000000
75377  47.880  -20.024  59.564 0.0000000000
76554  48.990  -19.141  60.511 0.0000000000
75364  48.474  -19.761  60.868 0.0000000000
64485  42.492  -28.641  67.861 0.0000000000
65647  43.111  -27.382  67.857 0.0000000000
66795  43.234  -26.326  68.103 0.0000000000
64449  43.419  -28.015  69.660 0.0000000000
56608  38.236  -34.799  78.322 0.0000000000
57891  38.559  -33.670  76.665 0.0000000000
57876  39.596  -33.601  78.851 0.0000000000
83662  55.973  -12.533  54.351 0.0000000000
83676  56.569  -12.647  53.555 0.0000000000
83639  57.049  -12.306  55.170 0.0000000000
83637  58.894  -11.727  55.081 0.0000000000
86010  63.633  -10.306  46.702 0.0000000000
85992  62.648  -10.651  47.759 0.0000000000
84881  64.348  -11.663  48.765 0.0000000000
84883  62.567  -11.157  48.460 0.0000000000
48816  27.838  -41.968  80.087 0.0000000000
48815  28.322  -41.713  80.469 0.0000000000
46382  28.049  -43.164  81.931 0.0000000000
39141  21.517  -49.329  85.282 0.0000000000
39107  24.154  -48.982  87.670 0.0000000000
39109  21.989  -49.062  87.169 0.0000000000
40481  19.593  -48.228  90.158 0.0000000000
40479  21.752  -48.674  90.123 0.0000000000
82571  53.649  -13.402  54.645 0.0000000000
82531  54.221  -13.935  56.232 0.0000000000
81469  53.454  -14.120  55.680 0.0000000000
81440  52.105  -15.006  57.691 0.0000000000
81439  53.332  -14.633  57.502 0.0000000000
81406  53.284  -15.175  59.448 0.0000000000
80245  53.832  -15.278  60.655 0.0000000000
80247  52.347  -15.713  59.681 0.0000000000
71606  47.782  -22.465  64.635 0.0000000000
72865  48.609  -21.534  65.328 0.0000000000
72835  48.529  -21.774  67.503 0.0000000000
83664  54.129  -12.749  54.173 0.0000000000
36488  13.300  -51.910  87.821 0.0000000000
35163  12.557  -52.712  87.962 0.0000000000
71686  45.718  -22.734  59.717 0.0000000000
71652  46.522  -22.653  61.464 0.0000000000
70438  45.602  -23.336  60.609 0.0000000000
69231  45.096  -24.514  64.112 0.0000000000
69230  45.988  -24.194  63.899 0.0000000000
70367  45.366  -24.064  65.664 0.0000000000
70338  45.759  -23.354  67.475 0.0000000000
70339  44.747  -23.165  67.612 0.0000000000
56757  31.786  -34.159  70.221 0.0000000000
54244  33.183  -35.818  75.281 0.0000000000
56671  33.639  -34.702  73.910 0.0000000000
55428  33.714  -35.586  75.806 0.0000000000
55407  35.667  -34.938  76.742 0.0000000000
55391  34.728  -35.818  77.629 0.0000000000
49875  31.314  -40.362  80.152 0.0000000000
50880  32.198  -38.959  79.018 0.0000000000
50851  32.538  -39.938  81.383 0.0000000000
50840  34.554  -38.931  82.355 0.0000000000
53018  36.533  -37.138  81.848 0.0000000000
37908  30.256  -50.859  80.779 0.0000000000
35263  31.131  -52.204  81.250 0.0000000000
35281  29.954  -51.772  80.198 0.0000000000
36585  26.555  -51.074  79.774 0.0000000000
33961  28.395  -53.214  81.166 0.0000000000
35268  26.998  -52.367  81.321 0.0000000000
35237  27.204  -52.814  83.341 0.0000000000
37886  25.280  -50.701  81.949 0.0000000000
43032  23.286  -47.261  77.614 0.0000000000
39286  20.758  -49.097  79.394 0.0000000000
40618  21.763  -48.793  79.863 0.0000000000
40598  21.754  -48.846  80.615 0.0000000000
40566  23.386  -48.487  82.646 0.0000000000
39222  22.391  -48.627  82.507 0.0000000000
39196  21.992  -48.945  83.033 0.0000000000
39224  20.815  -49.377  82.063 0.0000000000
39180  16.291  -49.113  83.600 0.0000000000
53177  29.054  -37.506  70.449 0.0000000000
52099  28.415  -38.112  70.298 0.0000000000
47712  26.856  -42.336  74.074 0.0000000000
49946  27.290  -40.969  73.779 0.0000000000
49933  27.690  -40.634  74.325 0.0000000000
48870  27.272  -41.160  75.122 0.0000000000
48849  27.204  -41.318  77.412 0.0000000000
47670  26.756  -42.184  77.315 0.0000000000
41835  28.322  -47.209  78.895 0.0000000000
44127  27.891  -45.511  79.654 0.0000000000
40593  28.469  -48.342  80.818 0.0000000000
39246  28.761  -49.261  81.331 0.0000000000
33907  32.093  -53.751  83.806 0.0000000000
40469  13.649  -49.231  90.724 0.0000000000
40468  14.475  -48.900  90.623 0.0000000000
84786  62.971  -11.120  57.961 0.0000000000
83563  60.560  -12.105  60.027 0.0000000000
84751  62.227  -11.725  60.037 0.0000000000
84727  61.274  -11.715  62.194 0.0000000000
84716  61.285  -11.884  63.378 0.0000000000
82498  56.790  -13.974  59.488 0.0000000000
82486  57.537  -13.687  60.099 0.0000000000
82475  57.326  -13.406  60.979 0.0000000000
84687  58.492  -11.456  64.715 0.0000000000
76543  50.122  -18.168  61.080 0.0000000000
77843  50.710  -17.500  59.684 0.0000000000
77822  50.965  -17.121  61.331 0.0000000000
80221  51.733  -16.234  61.812 0.0000000000
79005  51.281  -16.583  62.260 0.0000000000
74072  49.607  -20.431  65.535 0.0000000000
75308  49.557  -19.857  64.028 0.0000000000
74071  50.160  -19.832  66.064 0.0000000000
69215  41.469  -24.018  65.435 0.0000000000
69152  43.091  -24.110  70.116 0.0000000000
70310  42.730  -23.488  69.302 0.0000000000
71506  42.937  -22.784  70.186 0.0000000000
71505  43.613  -22.045  70.165 0.0000000000
71467  43.665  -22.702  71.740 0.0000000000
58035  34.488  -33.021  70.004 0.0000000000
59257  36.146  -32.686  70.813 0.0000000000
60483  39.335  -31.900  74.614 0.0000000000
60505  39.102  -31.629  72.307 0.0000000000
60493  39.854  -31.142  72.978 0.0000000000
61926  40.483  -30.669  71.716 0.0000000000
61888  41.248  -30.403  74.294 0.0000000000
60414  40.635  -31.932  80.446 0.0000000000
64360  42.851  -28.556  77.737 0.0000000000
64385  42.930  -28.705  75.619 0.0000000000
65566  43.863  -27.616  75.596 0.0000000000
65587  44.538  -27.081  74.109 0.0000000000
66717  44.171  -26.655  76.491 0.0000000000
82614  57.891  -12.492  51.874 0.0000000000
82622  59.910  -12.558  50.904 0.0000000000
82620  61.705  -13.078  50.990 0.0000000000
82611  60.803  -13.474  51.747 0.0000000000
83635  60.719  -11.339  55.016 0.0000000000
82565  62.091  -12.543  54.087 0.0000000000
83655  62.466  -11.774  54.554 0.0000000000
83654  63.632  -11.831  54.726 0.0000000000
87106  66.104  -9.298  47.506 0.0000000000
83711  65.328  -12.052  51.328 0.0000000000
83701  65.796  -12.041  52.098 0.0000000000
82598  64.968  -13.623  52.883 0.0000000000
42979  27.689  -46.256  83.113 0.0000000000
44096  27.898  -45.631  83.753 0.0000000000
40552  28.719  -48.371  84.045 0.0000000000
39144  18.498  -49.093  85.573 0.0000000000
39111  19.867  -49.006  87.427 0.0000000000
39112  18.794  -48.709  87.663 0.0000000000
40511  18.630  -48.479  88.451 0.0000000000
40482  18.573  -48.195  90.082 0.0000000000
81454  51.189  -14.923  56.656 0.0000000000
80295  50.902  -15.231  57.340 0.0000000000
71519  47.948  -22.515  68.823 0.0000000000
72817  48.535  -21.931  68.504 0.0000000000
72774  48.604  -22.083  70.180 0.0000000000
72720  49.302  -21.292  72.810 0.0000000000
33861  11.602  -53.408  87.724 0.0000000000
33862  10.410  -53.634  87.643 0.0000000000
33849  9.545  -53.589  88.545 0.0000000000
70439  44.962  -23.789  60.129 0.0000000000
68051  43.768  -25.143  63.232 0.0000000000
55499  31.471  -35.292  71.310 0.0000000000
54278  31.655  -36.082  72.853 0.0000000000
54246  31.765  -36.824  74.299 0.0000000000
54212  32.776  -36.997  76.632 0.0000000000
39282  28.267  -49.250  78.662 0.0000000000
36583  28.900  -51.345  79.653 0.0000000000
37927  27.582  -50.151  78.696 0.0000000000
37928  26.747  -50.018  78.624 0.0000000000
37920  25.611  -49.947  79.307 0.0000000000
39252  19.381  -49.575  80.879 0.0000000000
39271  18.061  -48.881  79.733 0.0000000000
46483  26.420  -43.074  74.659 0.0000000000
46467  26.267  -43.025  75.595 0.0000000000
46430  26.945  -43.227  77.503 0.0000000000
45296  27.313  -44.432  77.221 0.0000000000
43047  27.857  -46.438  77.675 0.0000000000
32634  29.927  -53.951  85.173 0.0000000000
84801  60.473  -11.369  56.425 0.0000000000
84787  61.896  -11.355  57.582 0.0000000000
83603  60.150  -12.131  57.606 0.0000000000
83579  60.019  -12.616  59.142 0.0000000000
83564  59.713  -12.428  60.160 0.0000000000
82477  55.870  -13.855  61.679 0.0000000000
82465  56.311  -13.266  62.122 0.0000000000
83531  56.049  -12.316  63.635 0.0000000000
83486  56.730  -12.156  65.500 0.0000000000
79051  48.798  -17.409  58.009 0.0000000000
76562  49.119  -18.880  59.378 0.0000000000
76553  49.808  -18.551  60.201 0.0000000000
76528  49.873  -18.189  62.120 0.0000000000
75272  50.946  -19.359  67.641 0.0000000000
69200  40.845  -24.949  66.497 0.0000000000
69188  41.534  -24.596  67.315 0.0000000000
67985  42.536  -25.361  68.116 0.0000000000
67971  43.294  -25.299  69.090 0.0000000000
67958  44.279  -25.257  70.720 0.0000000000
57932  36.562  -33.543  74.240 0.0000000000
59216  37.178  -32.924  72.928 0.0000000000
59178  37.856  -32.931  74.626 0.0000000000
59162  38.951  -32.499  75.467 0.0000000000
60458  39.750  -32.037  76.910 0.0000000000
83694  55.576  -11.840  52.882 0.0000000000
84858  55.850  -10.795  52.009 0.0000000000
83693  56.649  -12.293  52.557 0.0000000000
82603  56.965  -12.746  52.949 0.0000000000
82601  58.737  -13.284  52.530 0.0000000000
82590  60.073  -13.596  53.384 0.0000000000
82568  59.264  -12.931  54.104 0.0000000000
83636  59.786  -11.666  55.122 0.0000000000
87125  63.890  -9.736  46.035 0.0000000000
86008  65.168  -9.761  46.494 0.0000000000
87093  65.850  -9.568  48.485 0.0000000000
87075  66.397  -9.813  49.905 0.0000000000
85965  65.417  -10.459  49.387 0.0000000000
84872  64.602  -12.018  49.696 0.0000000000
83712  64.603  -12.885  50.844 0.0000000000
49923  29.256  -39.972  76.154 0.0000000000
50909  30.040  -39.851  76.357 0.0000000000
49889  29.552  -40.581  78.744 0.0000000000
48813  30.179  -41.009  80.650 0.0000000000
48787  30.521  -41.522  82.256 0.0000000000
37846  24.672  -49.894  85.841 0.0000000000
36481  26.660  -51.584  87.718 0.0000000000
39106  24.773  -49.850  87.224 0.0000000000
37821  25.482  -50.697  88.773 0.0000000000
40496  22.412  -48.826  89.050 0.0000000000
39066  23.233  -49.582  90.039 0.0000000000
82542  55.735  -12.873  55.340 0.0000000000
82521  56.970  -13.157  56.958 0.0000000000
82522  55.749  -13.782  57.278 0.0000000000
82509  55.898  -13.928  58.012 0.0000000000
81404  55.125  -14.413  59.311 0.0000000000
81420  54.226  -14.554  58.437 0.0000000000
81391  55.145  -14.595  60.454 0.0000000000
81392  54.458  -14.934  60.976 0.0000000000
81379  54.295  -14.764  61.990 0.0000000000
81366  53.460  -14.592  62.986 0.0000000000
72905  47.723  -21.440  62.213 0.0000000000
74103  48.440  -20.263  62.440 0.0000000000
72879  48.455  -21.368  64.194 0.0000000000
72850  49.058  -21.021  65.973 0.0000000000
74052  49.595  -20.507  67.614 0.0000000000
72798  49.032  -21.409  69.313 0.0000000000
74041  49.575  -20.562  68.684 0.0000000000
74040  50.139  -19.917  69.146 0.0000000000
63269  41.900  -29.498  68.245 0.0000000000
56592  39.341  -34.548  80.717 0.0000000000
84846  54.582  -10.931  52.553 0.0000000000
83678  54.739  -12.154  53.510 0.0000000000
83663  55.118  -12.775  54.339 0.0000000000
89581  61.220  -7.682  46.998 0.0000000000
88321  60.960  -8.732  47.682 0.0000000000
36519  14.105  -51.092  85.666 0.0000000000
39116  14.553  -49.844  87.487 0.0000000000
37838  13.895  -51.100  87.439 0.0000000000
37815  13.274  -50.522  89.314 0.0000000000
37802  12.401  -50.452  90.450 0.0000000000
35140  11.306  -52.349  89.548 0.0000000000
74158  47.199  -20.395  59.076 0.0000000000
72964  46.394  -21.342  58.863 0.0000000000
72941  46.893  -21.481  60.373 0.0000000000
71651  47.170  -22.201  61.973 0.0000000000
71619  47.355  -22.733  63.475 0.0000000000
70395  47.216  -23.293  64.254 0.0000000000
70409  45.839  -23.737  62.423 0.0000000000
70383  46.582  -23.831  64.561 0.0000000000
70365  47.055  -23.261  66.175 0.0000000000
70320  46.766  -23.010  68.033 0.0000000000
71521  46.280  -22.611  69.403 0.0000000000
71503  45.932  -22.130  70.295 0.0000000000
58014  34.271  -33.319  70.889 0.0000000000
56725  32.858  -34.207  71.971 0.0000000000
56705  33.757  -34.114  72.710 0.0000000000
57950  35.420  -33.698  73.245 0.0000000000
56668  36.062  -33.953  74.528 0.0000000000
56622  36.738  -34.730  77.231 0.0000000000
55370  37.442  -35.280  78.578 0.0000000000
50907  31.267  -38.984  77.282 0.0000000000
51967  32.031  -38.228  77.362 0.0000000000
53045  33.324  -37.543  78.659 0.0000000000
50849  33.725  -39.153  81.748 0.0000000000
51939  34.023  -38.101  80.216 0.0000000000
54186  34.287  -36.800  78.804 0.0000000000
54170  35.838  -36.187  79.462 0.0000000000
54156  37.011  -36.579  80.675 0.0000000000
54155  37.783  -36.246  80.884 0.0000000000
36562  32.616  -51.635  82.664 0.0000000000
35250  32.314  -52.336  82.396 0.0000000000
33939  31.869  -52.973  82.096 0.0000000000
33923  31.258  -53.726  82.941 0.0000000000
35265  29.380  -52.728  80.410 0.0000000000
33941  29.791  -53.747  81.766 0.0000000000
32665  29.814  -53.968  83.286 0.0000000000
33908  28.702  -53.612  83.997 0.0000000000
35219  27.315  -52.716  84.374 0.0000000000
36527  25.826  -51.711  84.332 0.0000000000
43051  24.008  -46.707  77.817 0.0000000000
41819  24.126  -47.958  78.502 0.0000000000
40594  24.464  -48.823  79.895 0.0000000000
40639  21.488  -48.680  78.542 0.0000000000
40617  22.702  -48.375  79.294 0.0000000000
39221  24.629  -49.458  81.538 0.0000000000
39194  24.479  -49.595  82.585 0.0000000000
39172  24.338  -49.423  83.420 0.0000000000
37854  24.609  -49.917  84.931 0.0000000000
40542  23.359  -48.715  84.167 0.0000000000
39157  21.635  -49.274  84.447 0.0000000000
39159  19.981  -49.546  84.607 0.0000000000
39226  18.655  -49.583  81.722 0.0000000000
39177  19.494  -49.646  83.702 0.0000000000
39160  18.964  -49.460  84.613 0.0000000000
39161  17.942  -49.107  84.568 0.0000000000
39163  15.822  -49.074  84.633 0.0000000000
39164  15.024  -49.619  84.939 0.0000000000
37862  14.498  -50.331  84.379 0.0000000000
36533  13.696  -51.806  84.918 0.0000000000
54298  29.974  -37.019  71.094 0.0000000000
52066  29.565  -38.131  72.304 0.0000000000
52028  29.200  -38.824  73.167 0.0000000000
50973  27.857  -39.509  72.598 0.0000000000
50941  28.254  -39.926  74.222 0.0000000000
50940  28.857  -39.731  74.724 0.0000000000
49901  27.960  -40.840  77.178 0.0000000000
48840  27.502  -41.709  78.825 0.0000000000
46410  27.456  -43.217  79.803 0.0000000000
44139  27.717  -44.821  79.250 0.0000000000
44128  27.628  -44.794  80.027 0.0000000000
42990  27.735  -45.908  81.251 0.0000000000
40575  28.505  -48.415  81.972 0.0000000000
37901  29.930  -50.178  82.246 0.0000000000
40503  15.463  -49.133  88.620 0.0000000000
40484  16.504  -48.477  89.873 0.0000000000
84769  62.140  -11.589  58.716 0.0000000000
82507  57.700  -13.386  58.058 0.0000000000
83565  58.879  -12.732  60.430 0.0000000000
83539  59.319  -11.840  62.072 0.0000000000
83541  57.528  -12.339  62.341 0.0000000000
84718  58.850  -11.559  62.972 0.0000000000
84717  60.119  -11.432  62.962 0.0000000000
80296  50.264  -15.381  56.878 0.0000000000
80263  50.898  -15.773  58.301 0.0000000000
79040  50.339  -17.199  58.904 0.0000000000
79039  51.263  -16.530  59.349 0.0000000000
79038  51.846  -16.062  59.585 0.0000000000
80233  52.536  -15.796  60.617 0.0000000000
80220  52.504  -15.724  61.771 0.0000000000
81354  52.809  -14.741  63.949 0.0000000000
75324  48.863  -19.792  62.942 0.0000000000
76517  49.501  -19.116  63.017 0.0000000000
76516  49.940  -18.654  63.325 0.0000000000
75282  50.834  -19.227  66.602 0.0000000000
76491  50.894  -18.360  65.218 0.0000000000
77800  50.742  -17.660  63.633 0.0000000000
78989  51.808  -16.498  64.578 0.0000000000
80183  52.213  -15.819  64.419 0.0000000000
68052  43.062  -25.232  63.332 0.0000000000
69213  43.671  -23.984  65.490 0.0000000000
70370  41.847  -23.678  66.080 0.0000000000
70355  43.144  -23.304  66.869 0.0000000000
70354  44.147  -23.397  66.711 0.0000000000
71540  44.665  -22.684  68.500 0.0000000000
71504  44.707  -21.798  70.416 0.0000000000
72724  45.216  -20.820  72.954 0.0000000000
59236  37.240  -32.566  71.711 0.0000000000
60556  40.028  -30.953  69.965 0.0000000000
61942  41.144  -30.157  70.687 0.0000000000
63219  41.981  -29.217  71.271 0.0000000000
59128  39.802  -32.755  79.361 0.0000000000
60435  39.921  -32.074  78.882 0.0000000000
61846  40.787  -30.917  76.831 0.0000000000
61833  41.500  -30.493  78.343 0.0000000000
61859  41.351  -30.421  76.285 0.0000000000
63183  41.762  -29.827  74.742 0.0000000000
64411  42.885  -28.817  73.610 0.0000000000
64420  43.495  -28.327  71.968 0.0000000000
65597  44.158  -27.765  72.544 0.0000000000
66750  44.798  -26.194  72.627 0.0000000000
67933  44.925  -25.282  73.084 0.0000000000
67901  44.612  -25.569  76.418 0.0000000000
69113  44.957  -24.310  74.606 0.0000000000
70267  44.505  -23.291  72.945 0.0000000000
71454  44.263  -22.265  73.403 0.0000000000
87095  60.462  -9.329  48.581 0.0000000000
84885  61.266  -10.601  49.041 0.0000000000
83726  61.549  -11.717  49.863 0.0000000000
83714  62.537  -12.803  50.305 0.0000000000
82608  63.717  -13.890  51.606 0.0000000000
81499  60.866  -13.706  53.070 0.0000000000
81497  62.314  -13.760  53.452 0.0000000000
81495  64.151  -13.902  53.276 0.0000000000
82563  64.364  -12.746  54.465 0.0000000000
36554  32.463  -50.967  82.777 0.0000000000
37882  32.819  -50.238  83.085 0.0000000000
39131  16.066  -48.870  86.295 0.0000000000
39132  15.349  -49.224  86.481 0.0000000000
72747  46.738  -21.668  72.260 0.0000000000
72722  47.340  -21.616  72.794 0.0000000000
52014  30.052  -38.991  74.419 0.0000000000
52026  30.759  -38.327  74.024 0.0000000000
50938  30.422  -39.229  75.446 0.0000000000
43072  25.036  -45.548  77.065 0.0000000000
44152  24.664  -45.527  76.974 0.0000000000
44175  25.144  -44.971  76.749 0.0000000000
35186  27.134  -52.120  85.613 0.0000000000
35167  28.487  -53.077  86.735 0.0000000000
36495  27.371  -52.154  86.788 0.0000000000
83616  57.302  -12.439  55.985 0.0000000000
83607  57.718  -12.638  56.651 0.0000000000
82455  53.857  -13.658  64.137 0.0000000000
82433  54.475  -13.406  64.797 0.0000000000
75365  48.026  -20.078  60.321 0.0000000000
74122  48.205  -20.236  61.544 0.0000000000
65648  42.854  -28.005  67.600 0.0000000000
64467  43.004  -28.238  68.758 0.0000000000
64466  43.304  -27.756  69.056 0.0000000000
56601  38.461  -35.084  79.057 0.0000000000
56607  39.024  -34.124  78.185 0.0000000000
56600  39.091  -34.648  79.330 0.0000000000
83640  56.223  -12.568  55.135 0.0000000000
86012  62.425  -10.283  47.413 0.0000000000
85993  62.075  -10.196  47.768 0.0000000000
85973  62.142  -10.602  48.255 0.0000000000
47614  27.895  -42.721  80.895 0.0000000000
47630  27.933  -42.236  80.663 0.0000000000
46365  27.975  -43.731  82.058 0.0000000000
39142  20.574  -49.423  85.445 0.0000000000
39126  21.296  -49.286  86.270 0.0000000000
82572  52.696  -13.520  54.476 0.0000000000
82545  53.168  -13.930  55.142 0.0000000000
81422  52.315  -15.167  58.395 0.0000000000
80261  52.245  -15.426  58.900 0.0000000000
80260  52.819  -15.323  59.350 0.0000000000
71570  47.976  -22.325  66.258 0.0000000000
71588  48.148  -22.127  65.538 0.0000000000
35177  12.702  -53.027  86.850 0.0000000000
71697  45.553  -22.549  59.166 0.0000000000
71687  45.106  -23.090  59.426 0.0000000000
71673  45.950  -22.743  60.314 0.0000000000
71674  45.481  -23.140  60.029 0.0000000000
70353  45.327  -23.686  66.589 0.0000000000
69198  44.558  -23.889  65.954 0.0000000000
54228  33.178  -36.174  75.861 0.0000000000
55409  33.644  -35.944  76.394 0.0000000000
55408  34.382  -35.701  76.898 0.0000000000
54200  34.298  -36.189  77.774 0.0000000000
49856  31.794  -40.617  81.761 0.0000000000
50860  31.741  -40.134  80.402 0.0000000000
49848  32.034  -40.633  82.362 0.0000000000
37916  29.518  -50.514  80.186 0.0000000000
37915  30.018  -50.996  80.239 0.0000000000
36574  26.683  -51.823  80.751 0.0000000000
36566  25.804  -51.187  81.351 0.0000000000
36565  26.257  -51.728  81.649 0.0000000000
39268  21.083  -49.068  80.396 0.0000000000
39249  22.212  -48.625  81.816 0.0000000000
39250  21.542  -48.998  81.301 0.0000000000
39223  21.704  -48.987  82.282 0.0000000000
47698  26.725  -42.322  75.153 0.0000000000
48880  27.128  -41.531  74.559 0.0000000000
48879  27.370  -41.105  74.613 0.0000000000
48871  26.885  -41.694  75.608 0.0000000000
48862  26.767  -41.729  76.477 0.0000000000
40613  28.418  -48.099  79.564 0.0000000000
39265  29.223  -49.884  80.912 0.0000000000
32645  32.003  -53.998  84.251 0.0000000000
39062  13.062  -49.369  90.982 0.0000000000
40454  13.488  -48.849  91.682 0.0000000000
84799  62.554  -10.895  56.846 0.0000000000
84738  60.251  -11.971  60.775 0.0000000000
84737  61.208  -11.856  60.915 0.0000000000
81390  56.090  -14.307  60.118 0.0000000000
82487  56.860  -13.873  60.377 0.0000000000
77823  50.663  -17.413  61.625 0.0000000000
79019  50.961  -16.924  61.945 0.0000000000
79006  50.852  -17.065  62.482 0.0000000000
69235  40.986  -24.406  64.858 0.0000000000
69151  43.710  -24.404  70.592 0.0000000000
70303  42.876  -23.549  69.907 0.0000000000
70295  43.635  -23.641  71.229 0.0000000000
71487  43.163  -22.881  71.172 0.0000000000
70280  44.072  -23.470  71.930 0.0000000000
58013  35.259  -32.983  70.763 0.0000000000
59258  35.565  -32.794  70.316 0.0000000000
57988  35.730  -33.013  71.479 0.0000000000
60469  40.135  -31.396  75.236 0.0000000000
60482  40.057  -31.183  74.059 0.0000000000
61889  40.687  -30.721  73.961 0.0000000000
61876  40.683  -30.811  74.774 0.0000000000
64350  42.837  -28.459  79.012 0.0000000000
64371  43.333  -28.063  75.946 0.0000000000
65548  43.597  -27.396  76.789 0.0000000000
65565  44.154  -27.068  76.017 0.0000000000
66718  43.893  -26.741  76.972 0.0000000000
82613  58.575  -12.801  51.828 0.0000000000
83704  58.516  -12.107  51.304 0.0000000000
83703  59.225  -12.528  51.262 0.0000000000
83717  59.522  -11.880  50.684 0.0000000000
84821  61.059  -10.974  55.678 0.0000000000
83634  61.743  -11.064  54.977 0.0000000000
83633  62.869  -11.111  55.183 0.0000000000
87105  66.748  -9.509  47.674 0.0000000000
88318  66.782  -9.669  47.093 0.0000000000
87104  67.234  -9.782  47.386 0.0000000000
85971  67.838  -10.190  48.158 0.0000000000
83702  65.214  -12.711  51.704 0.0000000000
82606  65.386  -13.022  52.328 0.0000000000
82597  65.809  -12.780  53.100 0.0000000000
41790  28.101  -47.705  82.680 0.0000000000
41784  27.757  -47.103  83.363 0.0000000000
41783  28.141  -47.802  83.678 0.0000000000
39128  19.140  -49.093  86.554 0.0000000000
39129  17.958  -48.789  86.701 0.0000000000
40513  17.113  -48.606  87.958 0.0000000000
40512  17.968  -48.546  88.135 0.0000000000
40500  18.189  -48.369  89.107 0.0000000000
81455  50.007  -14.960  56.054 0.0000000000
71501  47.877  -22.523  69.753 0.0000000000
33876  10.122  -53.518  86.755 0.0000000000
33850  8.441  -53.752  88.344 0.0000000000
54297  30.610  -36.673  71.264 0.0000000000
55480  31.236  -35.992  71.644 0.0000000000
54279  31.253  -36.537  72.364 0.0000000000
53103  31.580  -37.500  74.752 0.0000000000
53117  31.475  -37.103  74.036 0.0000000000
53102  32.130  -36.981  75.322 0.0000000000
53088  32.081  -37.381  75.670 0.0000000000
40656  27.990  -48.192  77.958 0.0000000000
39294  27.566  -48.781  78.052 0.0000000000
40636  26.089  -48.578  77.927 0.0000000000
39284  26.291  -49.157  78.253 0.0000000000
37929  26.033  -49.819  78.750 0.0000000000
37919  26.293  -50.414  79.161 0.0000000000
39285  25.472  -49.210  78.782 0.0000000000
46484  25.762  -43.682  75.135 0.0000000000
46449  26.374  -43.253  76.460 0.0000000000
45311  26.585  -44.273  76.664 0.0000000000
43048  27.049  -46.355  77.107 0.0000000000
40635  28.287  -48.026  78.589 0.0000000000
33895  29.442  -53.865  85.890 0.0000000000
84802  59.452  -11.733  56.399 0.0000000000
84789  60.051  -11.774  57.040 0.0000000000
82505  59.157  -12.851  58.088 0.0000000000
83592  59.705  -12.611  58.090 0.0000000000
83580  59.099  -12.957  59.496 0.0000000000
82466  55.512  -13.549  62.448 0.0000000000
82453  55.331  -12.806  63.445 0.0000000000
83487  55.779  -12.480  65.058 0.0000000000
77855  48.247  -18.217  58.108 0.0000000000
76545  48.821  -19.299  61.138 0.0000000000
69201  40.319  -25.385  66.093 0.0000000000
68013  41.355  -25.938  66.474 0.0000000000
68000  41.815  -25.621  67.188 0.0000000000
67999  42.420  -25.978  67.472 0.0000000000
66782  43.912  -26.241  69.555 0.0000000000
67984  43.221  -25.775  68.450 0.0000000000
67959  43.844  -25.306  70.019 0.0000000000
66770  44.517  -25.904  71.068 0.0000000000
57916  36.706  -33.658  74.829 0.0000000000
57931  37.101  -33.329  74.487 0.0000000000
57902  37.645  -33.692  75.712 0.0000000000
57890  39.051  -33.445  77.086 0.0000000000
59153  38.695  -32.985  75.950 0.0000000000
59152  39.220  -32.728  76.443 0.0000000000
60470  39.575  -31.974  75.844 0.0000000000
83675  57.166  -12.803  53.849 0.0000000000
82593  57.218  -12.871  53.258 0.0000000000
82602  57.636  -12.820  52.563 0.0000000000
82592  57.909  -13.114  53.439 0.0000000000
82591  58.999  -13.420  53.344 0.0000000000
82569  58.428  -12.983  54.075 0.0000000000
84824  58.567  -11.778  55.464 0.0000000000
84823  59.214  -11.607  55.547 0.0000000000
84822  60.097  -11.380  55.635 0.0000000000
85990  64.330  -10.698  47.261 0.0000000000
86009  64.566  -10.129  46.562 0.0000000000
85989  65.387  -10.114  47.425 0.0000000000
84903  65.258  -10.603  48.148 0.0000000000
85972  65.443  -10.200  48.588 0.0000000000
84880  65.114  -10.912  48.721 0.0000000000
83732  64.003  -12.279  49.378 0.0000000000
84864  64.654  -12.307  50.245 0.0000000000
83724  63.347  -12.557  49.736 0.0000000000
49900  28.610  -40.599  77.642 0.0000000000
49899  29.518  -40.366  77.944 0.0000000000
49890  28.880  -40.585  78.350 0.0000000000
48800  28.941  -41.811  81.089 0.0000000000
48814  29.245  -41.307  80.498 0.0000000000
48799  29.613  -41.466  81.223 0.0000000000
48798  30.348  -41.272  81.436 0.0000000000
47596  29.682  -42.215  82.607 0.0000000000
40519  24.081  -48.943  85.966 0.0000000000
39122  24.701  -49.892  86.498 0.0000000000
40508  23.821  -49.028  88.640 0.0000000000
39089  24.849  -49.850  88.250 0.0000000000
37822  24.613  -49.898  88.922 0.0000000000
37805  24.974  -50.754  89.120 0.0000000000
39076  23.837  -49.500  89.297 0.0000000000
39092  20.553  -48.903  88.299 0.0000000000
40497  21.201  -48.751  89.231 0.0000000000
82543  55.132  -13.191  55.330 0.0000000000
82529  55.979  -13.044  56.057 0.0000000000
81451  54.302  -14.017  56.567 0.0000000000
82523  55.058  -13.914  57.106 0.0000000000
81437  55.149  -13.995  57.449 0.0000000000
81419  55.326  -14.151  58.127 0.0000000000
81471  51.781  -14.572  55.685 0.0000000000
81470  52.825  -14.397  55.693 0.0000000000
81421  53.035  -14.986  58.689 0.0000000000
80231  53.919  -15.156  61.463 0.0000000000
80218  53.908  -15.007  61.860 0.0000000000
81380  53.897  -14.685  62.497 0.0000000000
80219  53.502  -15.123  62.172 0.0000000000
72891  48.162  -20.983  63.020 0.0000000000
74063  49.622  -20.474  66.559 0.0000000000
72799  48.462  -22.156  69.319 0.0000000000
74028  49.658  -20.601  69.736 0.0000000000
74027  50.182  -19.958  70.081 0.0000000000
75227  50.799  -19.516  70.484 0.0000000000
63270  41.249  -30.093  68.372 0.0000000000
84834  54.139  -11.521  53.123 0.0000000000
83641  55.628  -12.742  54.904 0.0000000000
88335  61.300  -8.151  47.031 0.0000000000
37847  14.199  -50.415  86.616 0.0000000000
37848  13.983  -51.129  86.808 0.0000000000
36474  13.020  -51.653  88.468 0.0000000000
37828  13.575  -50.775  88.641 0.0000000000
37829  12.807  -51.332  88.957 0.0000000000
37816  12.756  -50.695  89.795 0.0000000000
37817  11.959  -51.224  89.943 0.0000000000
33848  10.784  -53.313  88.628 0.0000000000
33847  11.500  -53.153  88.371 0.0000000000
35154  10.907  -52.903  89.094 0.0000000000
74172  47.063  -20.122  58.551 0.0000000000
72955  46.404  -21.691  59.394 0.0000000000
74159  46.765  -21.059  59.285 0.0000000000
72920  47.065  -21.709  61.096 0.0000000000
71635  46.857  -22.800  62.537 0.0000000000
69281  45.158  -23.930  61.352 0.0000000000
70382  47.173  -23.307  65.171 0.0000000000
70351  47.044  -23.145  67.054 0.0000000000
70337  46.526  -23.218  67.537 0.0000000000
71539  45.729  -22.777  68.684 0.0000000000
70321  46.133  -23.083  68.084 0.0000000000
55479  31.866  -35.549  72.394 0.0000000000
56708  31.954  -34.877  71.778 0.0000000000
55478  32.380  -35.109  72.776 0.0000000000
56670  34.294  -34.507  74.261 0.0000000000
56688  34.012  -34.305  73.459 0.0000000000
56704  34.332  -34.005  72.984 0.0000000000
56687  34.806  -34.054  73.546 0.0000000000
56686  35.529  -33.910  73.858 0.0000000000
56653  35.521  -34.380  75.304 0.0000000000
55406  36.396  -34.794  77.087 0.0000000000
55389  36.545  -35.001  77.735 0.0000000000
55388  37.228  -34.906  77.982 0.0000000000
55357  37.094  -35.816  79.392 0.0000000000
50892  30.758  -39.668  78.020 0.0000000000
50908  30.717  -39.508  77.012 0.0000000000
50891  31.255  -39.202  77.815 0.0000000000
51949  32.524  -38.731  79.147 0.0000000000
51958  32.318  -38.537  78.447 0.0000000000
53046  32.780  -37.983  78.431 0.0000000000
53057  32.607  -37.837  77.854 0.0000000000
51957  32.883  -38.079  78.749 0.0000000000
51931  34.673  -38.099  80.937 0.0000000000
51938  34.564  -37.852  80.366 0.0000000000
53036  34.165  -37.474  79.483 0.0000000000
53035  34.716  -37.216  79.617 0.0000000000
54171  35.026  -36.808  79.439 0.0000000000
54158  35.553  -36.829  80.018 0.0000000000
54144  36.552  -36.876  81.192 0.0000000000
36563  31.808  -51.460  82.256 0.0000000000
33922  31.830  -53.538  83.149 0.0000000000
33940  30.923  -53.626  82.146 0.0000000000
36593  28.258  -50.956  79.278 0.0000000000
35283  28.662  -52.245  79.957 0.0000000000
33942  28.904  -53.674  81.797 0.0000000000
32682  29.490  -53.890  82.435 0.0000000000
33924  28.856  -53.775  82.907 0.0000000000
32648  29.490  -53.795  84.048 0.0000000000
33925  27.914  -53.380  83.055 0.0000000000
35221  26.145  -52.030  83.296 0.0000000000
35220  26.572  -52.362  83.784 0.0000000000
36526  26.340  -52.034  84.336 0.0000000000
41839  23.201  -47.900  78.154 0.0000000000
43015  23.839  -47.822  78.051 0.0000000000
41820  23.714  -48.132  78.538 0.0000000000
40615  24.039  -48.338  79.275 0.0000000000
40661  21.625  -48.375  77.405 0.0000000000
40597  22.497  -48.637  80.908 0.0000000000
40596  23.335  -48.613  80.446 0.0000000000
40595  23.919  -48.629  80.162 0.0000000000
40576  23.970  -48.663  81.188 0.0000000000
40565  24.053  -48.794  82.398 0.0000000000
40553  23.844  -48.789  83.577 0.0000000000
37861  24.666  -50.051  84.255 0.0000000000
39155  24.259  -49.370  84.383 0.0000000000
40541  23.934  -48.979  84.678 0.0000000000
39197  21.172  -49.356  83.071 0.0000000000
39174  21.773  -49.153  83.710 0.0000000000
39175  21.186  -49.388  83.905 0.0000000000
39158  20.890  -49.463  84.573 0.0000000000
39176  20.471  -49.552  83.777 0.0000000000
39253  18.316  -49.272  80.717 0.0000000000
39225  19.757  -49.647  81.874 0.0000000000
39200  18.000  -49.369  82.639 0.0000000000
39178  18.444  -49.505  83.645 0.0000000000
36544  13.973  -51.009  84.225 0.0000000000
36532  14.191  -50.946  84.885 0.0000000000
53155  29.283  -37.767  71.138 0.0000000000
52045  29.663  -38.349  72.946 0.0000000000
52046  29.065  -38.642  72.507 0.0000000000
50991  27.771  -39.304  71.525 0.0000000000
50956  28.027  -39.734  73.516 0.0000000000
49932  28.131  -40.271  74.850 0.0000000000
49924  28.446  -40.260  75.652 0.0000000000
49915  27.759  -40.814  76.404 0.0000000000
47645  27.377  -42.419  79.279 0.0000000000
45282  27.591  -44.374  78.327 0.0000000000
42998  28.038  -46.222  80.313 0.0000000000
42999  27.792  -45.630  80.713 0.0000000000
44116  27.574  -45.011  80.873 0.0000000000
41797  27.783  -46.604  81.697 0.0000000000
41796  28.139  -47.419  81.589 0.0000000000
37909  29.843  -50.307  81.267 0.0000000000
39245  29.302  -49.818  81.805 0.0000000000
37900  30.636  -50.768  81.917 0.0000000000
37899  31.239  -51.052  82.284 0.0000000000
33920  33.180  -52.650  83.272 0.0000000000
35156  27.184  -52.343  87.941 0.0000000000
33854  26.695  -53.463  88.044 0.0000000000
39096  15.038  -49.525  88.101 0.0000000000
39079  14.786  -49.371  88.926 0.0000000000
40467  15.639  -48.475  90.860 0.0000000000
40466  16.864  -48.029  91.167 0.0000000000
40451  16.812  -48.174  92.071 0.0000000000
84770  61.374  -11.759  58.142 0.0000000000
84736  62.215  -11.892  61.367 0.0000000000
82497  57.590  -13.700  59.091 0.0000000000
83566  58.072  -13.054  60.700 0.0000000000
82485  58.324  -13.380  59.799 0.0000000000
83552  58.645  -12.428  61.350 0.0000000000
83530  56.624  -12.154  63.339 0.0000000000
83542  56.777  -12.524  62.565 0.0000000000
83529  57.322  -11.965  63.075 0.0000000000
84709  58.051  -11.537  63.704 0.0000000000
84708  59.233  -11.363  63.956 0.0000000000
84707  60.171  -11.580  64.152 0.0000000000
80281  48.885  -15.977  57.174 0.0000000000
80297  49.166  -15.461  56.351 0.0000000000
80280  49.709  -15.803  57.279 0.0000000000
80279  50.475  -15.655  57.720 0.0000000000
77853  49.681  -17.891  58.634 0.0000000000
79050  49.508  -17.219  58.234 0.0000000000
79041  49.975  -17.607  58.682 0.0000000000
77842  51.060  -17.147  60.202 0.0000000000
79030  51.928  -16.202  60.110 0.0000000000
79017  51.942  -16.285  61.036 0.0000000000
80207  51.774  -15.904  62.616 0.0000000000
80206  52.687  -15.132  63.018 0.0000000000
80193  52.450  -15.290  64.070 0.0000000000
74093  48.779  -20.367  63.456 0.0000000000
74092  49.275  -20.148  63.908 0.0000000000
75307  49.922  -19.354  64.254 0.0000000000
75322  49.788  -19.208  63.674 0.0000000000
76505  50.597  -18.402  64.453 0.0000000000
76490  51.414  -18.004  65.612 0.0000000000
75292  51.013  -18.478  65.613 0.0000000000
76504  51.046  -17.959  64.945 0.0000000000
77792  50.999  -17.710  64.440 0.0000000000
77799  51.241  -17.187  64.183 0.0000000000
69234  42.002  -24.314  64.692 0.0000000000
69254  42.560  -24.804  63.985 0.0000000000
69233  43.053  -24.381  64.610 0.0000000000
70357  41.369  -23.955  66.789 0.0000000000
70342  41.755  -23.793  67.529 0.0000000000
70324  42.729  -23.020  68.576 0.0000000000
70341  42.559  -23.287  67.627 0.0000000000
70368  43.561  -23.534  66.231 0.0000000000
70340  43.610  -22.940  67.817 0.0000000000
71554  44.272  -22.859  68.030 0.0000000000
71541  43.594  -22.639  68.655 0.0000000000
72776  43.884  -21.810  70.922 0.0000000000
72775  44.463  -21.614  71.171 0.0000000000
71486  44.872  -21.564  71.117 0.0000000000
72749  44.858  -21.386  71.787 0.0000000000
59194  38.006  -32.630  73.731 0.0000000000
59215  38.240  -32.267  72.574 0.0000000000
60523  38.679  -31.736  71.274 0.0000000000
60540  38.921  -31.574  70.300 0.0000000000
60539  39.712  -31.203  70.445 0.0000000000
61909  41.015  -30.319  72.219 0.0000000000
61925  40.942  -30.314  71.418 0.0000000000
63220  41.524  -29.821  71.554 0.0000000000
63235  41.802  -29.529  70.439 0.0000000000
63204  42.114  -29.292  72.106 0.0000000000
57852  39.706  -33.611  81.317 0.0000000000
57865  39.665  -33.522  80.092 0.0000000000
59106  39.894  -32.843  80.900 0.0000000000
60426  40.576  -31.705  79.357 0.0000000000
60427  40.130  -32.202  79.751 0.0000000000
60434  40.456  -31.604  78.368 0.0000000000
61834  40.841  -30.945  77.856 0.0000000000
63149  42.468  -29.249  77.252 0.0000000000
63142  42.002  -29.836  78.808 0.0000000000
63150  42.029  -29.919  77.804 0.0000000000
61845  41.450  -30.490  77.312 0.0000000000
63162  41.946  -29.890  76.766 0.0000000000
63175  41.874  -29.880  75.745 0.0000000000
64398  42.931  -28.802  74.624 0.0000000000
64421  42.812  -28.812  72.552 0.0000000000
64410  43.569  -28.375  73.061 0.0000000000
65596  44.647  -27.094  73.093 0.0000000000
66744  44.832  -26.252  73.613 0.0000000000
67926  44.981  -25.332  74.111 0.0000000000
67882  44.260  -25.313  77.663 0.0000000000
69101  44.947  -24.393  75.753 0.0000000000
70254  44.617  -23.225  74.009 0.0000000000
71444  44.462  -22.176  74.491 0.0000000000
88314  60.366  -8.631  48.440 0.0000000000
84857  56.515  -10.992  51.676 0.0000000000
84875  60.718  -10.765  49.554 0.0000000000
84874  61.414  -11.106  49.418 0.0000000000
82619  62.665  -13.402  50.890 0.0000000000
82609  62.840  -13.867  51.480 0.0000000000
81500  60.458  -13.747  52.972 0.0000000000
82589  60.925  -13.286  53.578 0.0000000000
82588  61.774  -13.244  53.721 0.0000000000
82587  62.700  -13.333  53.836 0.0000000000
81496  63.148  -13.935  53.400 0.0000000000
82586  63.781  -13.483  53.932 0.0000000000
83653  64.849  -11.805  54.969 0.0000000000
87140  65.148  -8.728  45.232 0.0000000000
87155  64.863  -8.556  44.700 0.0000000000
87139  65.775  -8.424  45.602 0.0000000000
85957  66.196  -10.280  50.591 0.0000000000
39192  30.108  -49.423  83.260 0.0000000000
39146  16.413  -48.863  85.481 0.0000000000
39130  16.904  -48.778  86.324 0.0000000000
40524  16.487  -48.852  86.864 0.0000000000
40514  16.442  -48.837  87.571 0.0000000000
71502  46.975  -22.558  70.156 0.0000000000
71483  47.820  -22.459  70.762 0.0000000000
71465  47.417  -22.046  72.156 0.0000000000
53136  30.156  -37.854  72.692 0.0000000000
53104  31.009  -38.036  74.265 0.0000000000
52000  31.393  -38.409  75.704 0.0000000000
41859  26.644  -47.405  77.353 0.0000000000
40657  27.220  -48.165  77.666 0.0000000000
41860  25.550  -47.549  77.563 0.0000000000
41861  24.644  -47.131  77.797 0.0000000000
45331  25.197  -44.246  75.535 0.0000000000
45312  25.801  -44.229  76.408 0.0000000000
44174  26.060  -45.018  76.617 0.0000000000
43070  26.339  -45.782  76.810 0.0000000000
33884  28.543  -52.982  85.840 0.0000000000
33883  28.907  -53.512  86.353 0.0000000000
32614  28.491  -54.289  86.697 0.0000000000
83613  59.100  -12.134  56.888 0.0000000000
83614  58.722  -12.101  56.582 0.0000000000
82519  58.383  -12.725  57.360 0.0000000000
82506  58.587  -12.949  57.917 0.0000000000
75386  48.384  -19.465  59.189 0.0000000000
75376  48.572  -19.650  59.951 0.0000000000
75356  48.688  -19.583  61.721 0.0000000000
65661  42.583  -27.693  66.933 0.0000000000
65660  42.820  -26.991  67.280 0.0000000000
66807  42.848  -26.390  67.561 0.0000000000
65646  43.420  -26.969  68.473 0.0000000000
65631  43.617  -27.201  69.170 0.0000000000
65619  44.008  -27.242  70.285 0.0000000000
56634  37.604  -34.124  76.326 0.0000000000
56633  38.228  -33.886  76.556 0.0000000000
56620  38.446  -34.143  77.236 0.0000000000
56619  39.021  -33.820  77.594 0.0000000000
57881  39.410  -33.452  77.907 0.0000000000
83661  56.722  -12.560  54.468 0.0000000000
83638  58.040  -11.904  55.308 0.0000000000
84825  58.331  -11.846  55.407 0.0000000000
85991  63.411  -10.770  47.416 0.0000000000
84905  63.932  -11.207  47.928 0.0000000000
84906  63.184  -11.081  47.997 0.0000000000
84882  63.361  -11.558  48.463 0.0000000000
83734  62.767  -11.730  48.910 0.0000000000
48828  27.925  -41.529  79.549 0.0000000000
48827  28.862  -40.967  79.543 0.0000000000
47613  28.474  -42.578  81.583 0.0000000000
39125  22.496  -49.054  85.995 0.0000000000
39124  23.612  -48.866  86.438 0.0000000000
39108  23.042  -48.942  87.268 0.0000000000
40510  22.492  -48.916  88.005 0.0000000000
82544  54.091  -13.758  55.559 0.0000000000
81452  53.659  -14.246  56.373 0.0000000000
80246  53.191  -15.428  60.064 0.0000000000
72880  47.820  -22.085  63.895 0.0000000000
71605  48.294  -21.911  64.908 0.0000000000
72851  48.468  -21.720  66.383 0.0000000000
35194  13.290  -52.440  86.065 0.0000000000
36504  13.746  -51.772  86.812 0.0000000000
35176  13.169  -52.431  87.201 0.0000000000
35162  13.010  -52.353  87.648 0.0000000000
36475  12.482  -52.105  88.708 0.0000000000
72965  45.777  -21.840  58.632 0.0000000000
72956  46.025  -22.250  59.503 0.0000000000
72921  46.594  -22.247  60.866 0.0000000000
71653  45.984  -22.906  60.935 0.0000000000
70421  46.252  -23.196  62.166 0.0000000000
69251  45.452  -24.429  63.020 0.0000000000
69211  45.732  -24.211  64.846 0.0000000000
70352  46.361  -23.490  66.776 0.0000000000
70322  45.413  -23.038  68.081 0.0000000000
58016  32.677  -33.912  71.123 0.0000000000
55447  32.670  -35.710  74.259 0.0000000000
55462  33.217  -34.980  73.837 0.0000000000
55446  33.464  -35.265  74.620 0.0000000000
55445  34.284  -34.782  74.867 0.0000000000
55426  35.421  -34.603  75.971 0.0000000000
55427  34.598  -34.864  75.683 0.0000000000
55390  35.386  -35.571  77.865 0.0000000000
49887  31.173  -40.145  79.509 0.0000000000
50881  31.516  -39.480  78.786 0.0000000000
50871  31.761  -39.851  79.865 0.0000000000
50859  32.302  -39.810  80.712 0.0000000000
50858  32.935  -39.129  80.594 0.0000000000
51923  35.069  -38.508  82.159 0.0000000000
53019  35.863  -37.289  81.231 0.0000000000
36571  31.304  -51.757  81.621 0.0000000000
36572  30.766  -51.495  81.128 0.0000000000
35264  30.324  -52.252  80.596 0.0000000000
35284  28.058  -52.430  80.172 0.0000000000
36573  27.267  -52.110  80.377 0.0000000000
35267  27.584  -52.597  80.826 0.0000000000
35252  27.226  -52.735  82.097 0.0000000000
35238  26.441  -52.237  82.677 0.0000000000
35239  26.005  -51.889  82.910 0.0000000000
40638  22.348  -47.984  78.083 0.0000000000
40640  20.211  -49.019  78.346 0.0000000000
40578  22.809  -48.314  82.083 0.0000000000
40567  22.916  -48.417  82.857 0.0000000000
39195  22.527  -48.671  83.091 0.0000000000
39201  16.894  -49.186  82.572 0.0000000000
39202  15.759  -49.143  82.573 0.0000000000
52088  28.682  -38.152  70.963 0.0000000000
52068  28.382  -38.668  71.407 0.0000000000
49958  27.114  -40.854  72.761 0.0000000000
49945  27.530  -40.282  73.188 0.0000000000
49934  27.376  -41.057  74.341 0.0000000000
48861  27.111  -41.188  76.088 0.0000000000
48850  26.768  -41.813  76.963 0.0000000000
43029  28.177  -46.398  78.400 0.0000000000
44138  27.959  -45.458  78.702 0.0000000000
41817  28.319  -47.035  79.687 0.0000000000
41805  28.291  -47.300  80.497 0.0000000000
39070  13.919  -49.452  90.010 0.0000000000
40486  14.544  -49.252  89.677 0.0000000000
40453  14.746  -48.567  91.807 0.0000000000
84752  61.315  -11.857  59.940 0.0000000000
83577  61.607  -11.829  59.350 0.0000000000
84726  62.052  -12.137  62.424 0.0000000000
84715  61.786  -12.087  62.961 0.0000000000
84688  57.446  -11.619  64.567 0.0000000000
79063  49.469  -16.368  57.710 0.0000000000
77834  50.337  -18.010  60.035 0.0000000000
77833  50.644  -17.687  60.579 0.0000000000
77832  51.033  -17.175  60.945 0.0000000000
79018  51.247  -16.798  61.429 0.0000000000
74083  49.488  -20.286  64.527 0.0000000000
74082  49.959  -19.794  65.158 0.0000000000
78975  51.999  -16.918  65.285 0.0000000000
69255  41.550  -24.806  64.116 0.0000000000
69165  42.890  -24.276  69.421 0.0000000000
69176  42.250  -24.136  68.811 0.0000000000
71507  42.830  -23.152  69.705 0.0000000000
71525  42.857  -22.893  69.384 0.0000000000
71524  43.290  -22.458  69.466 0.0000000000
72751  43.564  -22.196  71.402 0.0000000000
72726  43.844  -22.111  71.970 0.0000000000
59214  38.869  -31.929  72.996 0.0000000000
60494  39.313  -31.623  73.443 0.0000000000
60504  39.913  -31.114  72.004 0.0000000000
60521  40.078  -31.011  71.123 0.0000000000
61910  40.432  -30.717  72.607 0.0000000000
61899  41.048  -30.433  73.273 0.0000000000
63195  41.686  -29.861  73.726 0.0000000000
59105  40.320  -32.383  81.257 0.0000000000
60400  40.832  -31.775  81.492 0.0000000000
61811  41.032  -31.020  79.885 0.0000000000
64372  42.925  -28.451  76.677 0.0000000000
64384  43.409  -28.176  75.075 0.0000000000
65588  44.108  -27.745  73.581 0.0000000000
65579  43.996  -27.679  74.593 0.0000000000
65578  44.408  -27.082  75.112 0.0000000000
66731  44.581  -26.388  75.655 0.0000000000
83705  57.483  -11.998  51.670 0.0000000000
83716  60.658  -11.957  50.480 0.0000000000
82621  60.713  -12.790  51.018 0.0000000000
81516  61.303  -13.758  52.102 0.0000000000
83657  60.438  -12.034  54.609 0.0000000000
82566  61.119  -12.572  54.020 0.0000000000
83656  61.405  -11.808  54.482 0.0000000000
88332  66.484  -8.888  46.577 0.0000000000
88330  67.001  -9.686  46.837 0.0000000000
84854  65.651  -11.292  51.291 0.0000000000
83691  66.399  -12.607  52.550 0.0000000000
44108  27.587  -45.161  81.837 0.0000000000
45246  27.842  -44.519  82.411 0.0000000000
44102  27.728  -45.377  82.822 0.0000000000
42973  27.816  -46.472  84.094 0.0000000000
39127  20.224  -49.252  86.417 0.0000000000
39093  19.585  -48.692  88.341 0.0000000000
39113  18.100  -48.669  87.478 0.0000000000
39094  19.042  -48.522  88.361 0.0000000000
40499  19.120  -48.365  89.087 0.0000000000
40464  18.979  -48.038  91.030 0.0000000000
81441  51.363  -15.095  57.415 0.0000000000
80278  51.290  -15.361  57.936 0.0000000000
71553  47.516  -22.764  67.428 0.0000000000
71536  48.027  -22.410  67.921 0.0000000000
72746  48.625  -22.041  71.270 0.0000000000
72745  49.310  -21.456  71.832 0.0000000000
33874  11.981  -53.443  86.755 0.0000000000
33875  11.103  -53.639  86.803 0.0000000000
33837  8.688  -53.637  89.720 0.0000000000
69267  44.307  -24.913  62.266 0.0000000000
69252  44.324  -24.900  63.383 0.0000000000
69232  44.079  -24.567  64.449 0.0000000000
55464  31.895  -35.843  73.086 0.0000000000
54261  31.097  -36.956  73.002 0.0000000000
54260  31.720  -36.462  73.553 0.0000000000
54259  32.282  -35.925  74.060 0.0000000000
54245  32.449  -36.343  74.802 0.0000000000
37917  28.704  -50.320  79.388 0.0000000000
37926  28.153  -50.332  78.954 0.0000000000
36594  27.763  -50.802  79.130 0.0000000000
39283  27.258  -49.418  78.260 0.0000000000
37918  27.100  -50.747  79.127 0.0000000000
36586  25.904  -50.507  79.736 0.0000000000
37910  25.373  -50.052  80.122 0.0000000000
39287  19.648  -49.186  79.173 0.0000000000
39269  20.080  -49.338  80.126 0.0000000000
39270  19.010  -49.322  79.921 0.0000000000
47671  26.602  -42.258  76.698 0.0000000000
46448  26.847  -43.746  76.904 0.0000000000
45295  27.790  -44.987  77.743 0.0000000000
44151  27.582  -45.512  77.343 0.0000000000
44150  28.015  -45.639  77.952 0.0000000000
84800  61.461  -11.050  56.602 0.0000000000
84788  60.854  -11.659  57.376 0.0000000000
83591  60.654  -12.215  58.317 0.0000000000
83604  59.486  -12.251  57.275 0.0000000000
83578  60.940  -12.166  59.260 0.0000000000
81377  55.784  -14.230  61.008 0.0000000000
83543  56.040  -12.682  62.869 0.0000000000
83509  55.877  -12.312  64.394 0.0000000000
77863  48.390  -17.629  57.950 0.0000000000
77854  48.998  -18.071  58.424 0.0000000000
77845  49.550  -18.313  58.972 0.0000000000
76561  49.719  -18.520  59.425 0.0000000000
76552  50.242  -18.118  60.475 0.0000000000
75258  50.887  -19.440  68.628 0.0000000000
69216  40.659  -24.460  65.646 0.0000000000
67986  41.810  -25.006  67.731 0.0000000000
67972  42.755  -24.750  68.837 0.0000000000
69164  43.364  -24.661  69.846 0.0000000000
69150  44.255  -24.685  71.080 0.0000000000
57967  36.513  -33.276  73.081 0.0000000000
59217  36.516  -33.154  72.634 0.0000000000
57948  36.822  -33.273  73.726 0.0000000000
59195  37.408  -33.016  74.006 0.0000000000
57901  38.232  -33.517  76.021 0.0000000000
59163  38.331  -32.930  75.342 0.0000000000
59177  38.538  -32.495  74.580 0.0000000000
60457  40.197  -31.426  76.341 0.0000000000
84845  55.381  -11.196  52.491 0.0000000000
84844  56.128  -11.464  52.260 0.0000000000
83692  57.388  -12.452  52.147 0.0000000000
82600  59.924  -13.666  52.508 0.0000000000
83659  58.591  -12.295  54.643 0.0000000000
83658  59.492  -12.194  54.666 0.0000000000
87141  64.095  -9.103  45.273 0.0000000000
87124  64.769  -9.488  45.919 0.0000000000
87092  66.500  -9.428  48.484 0.0000000000
87083  66.825  -9.691  49.278 0.0000000000
87084  66.165  -9.502  49.320 0.0000000000
87077  65.625  -10.124  49.776 0.0000000000
85958  65.561  -10.583  50.272 0.0000000000
84871  65.048  -11.226  49.559 0.0000000000
84863  65.147  -11.648  50.524 0.0000000000
50925  29.902  -39.653  75.704 0.0000000000
49913  29.607  -40.246  77.021 0.0000000000
49912  30.207  -40.049  77.638 0.0000000000
49898  30.261  -40.179  78.289 0.0000000000
49877  29.883  -40.734  79.400 0.0000000000
49876  30.561  -40.617  79.867 0.0000000000
49866  30.910  -40.715  80.499 0.0000000000
48797  31.086  -41.005  81.631 0.0000000000
46349  28.199  -44.111  82.727 0.0000000000
46364  28.436  -43.504  82.321 0.0000000000
47597  28.993  -43.159  82.851 0.0000000000
46347  29.187  -43.774  83.947 0.0000000000
36496  26.539  -51.611  86.468 0.0000000000
37845  25.345  -50.577  86.620 0.0000000000
37844  26.147  -50.987  87.448 0.0000000000
37835  26.162  -50.977  88.226 0.0000000000
37820  26.057  -51.027  88.538 0.0000000000
36466  25.635  -51.560  88.828 0.0000000000
39110  20.925  -49.105  87.292 0.0000000000
39091  21.608  -48.943  88.183 0.0000000000
40478  22.850  -48.945  90.040 0.0000000000
40477  23.598  -49.148  89.583 0.0000000000
82528  56.734  -12.850  56.146 0.0000000000
82530  54.888  -13.775  56.400 0.0000000000
81418  55.939  -13.989  58.357 0.0000000000
81403  55.981  -14.133  58.952 0.0000000000
81378  55.191  -14.383  61.592 0.0000000000
81364  54.843  -14.109  62.369 0.0000000000
81365  54.229  -14.135  62.826 0.0000000000
81352  53.815  -13.933  63.473 0.0000000000
81353  53.360  -14.261  63.932 0.0000000000
74123  47.742  -20.869  61.328 0.0000000000
72904  48.072  -20.843  62.418 0.0000000000
72878  48.985  -20.776  64.463 0.0000000000
72864  49.079  -20.941  64.988 0.0000000000
74051  50.182  -19.907  68.142 0.0000000000
72816  49.043  -21.202  68.115 0.0000000000
75242  50.827  -19.488  69.573 0.0000000000
63283  41.982  -29.202  67.602 0.0000000000
64468  42.381  -29.177  68.989 0.0000000000
55348  38.840  -35.239  80.660 0.0000000000
56578  39.396  -34.310  81.956 0.0000000000
83695  54.878  -11.528  52.922 0.0000000000
88320  61.464  -9.058  47.326 0.0000000000
87107  61.506  -9.523  47.644 0.0000000000
37855  14.426  -50.294  85.388 0.0000000000
39133  14.737  -49.597  86.753 0.0000000000
37837  14.137  -50.438  87.829 0.0000000000
39098  13.804  -50.074  88.920 0.0000000000
39081  13.459  -50.102  89.520 0.0000000000
39072  12.589  -50.000  90.638 0.0000000000
35164  11.851  -53.006  88.223 0.0000000000
35152  12.284  -52.535  88.536 0.0000000000
36476  11.986  -51.985  89.048 0.0000000000
37803  11.753  -50.580  90.836 0.0000000000
37790  11.178  -50.246  92.048 0.0000000000
75387  47.644  -19.642  58.621 0.0000000000
74142  47.366  -20.807  60.221 0.0000000000
71634  47.411  -22.219  62.689 0.0000000000
71589  47.621  -22.710  65.727 0.0000000000
70423  45.199  -23.773  60.927 0.0000000000
70422  45.724  -23.471  61.481 0.0000000000
69250  46.029  -24.009  63.384 0.0000000000
70397  46.084  -23.844  63.042 0.0000000000
70396  46.631  -23.626  63.546 0.0000000000
71571  47.554  -22.759  66.612 0.0000000000
71537  47.283  -22.836  68.221 0.0000000000
71538  46.569  -22.892  68.612 0.0000000000
72748  45.894  -21.396  72.048 0.0000000000
57989  34.988  -33.347  71.703 0.0000000000
56727  31.855  -34.675  71.217 0.0000000000
56726  32.388  -34.381  71.534 0.0000000000
57992  32.767  -34.060  71.573 0.0000000000
56689  33.268  -34.644  73.281 0.0000000000
56724  33.360  -34.008  72.174 0.0000000000
57991  33.154  -33.853  71.637 0.0000000000
57990  33.966  -33.622  71.943 0.0000000000
57969  34.804  -33.700  72.647 0.0000000000
57949  36.123  -33.589  73.597 0.0000000000
56652  36.636  -34.083  75.574 0.0000000000
56636  35.991  -34.539  76.032 0.0000000000
56635  36.637  -34.553  76.632 0.0000000000
56621  37.388  -34.656  77.439 0.0000000000
56609  37.575  -34.881  78.091 0.0000000000
55356  38.245  -35.553  79.766 0.0000000000
50924  30.509  -39.410  76.101 0.0000000000
52001  30.926  -38.898  75.839 0.0000000000
51982  31.505  -38.595  76.680 0.0000000000
51959  31.675  -38.962  78.172 0.0000000000
51968  31.673  -38.739  77.621 0.0000000000
51981  31.914  -38.137  76.902 0.0000000000
53070  32.265  -37.662  76.666 0.0000000000
53056  32.999  -37.205  77.532 0.0000000000
54201  33.634  -36.809  78.089 0.0000000000
50850  33.193  -39.509  81.589 0.0000000000
51940  33.406  -38.676  80.450 0.0000000000
51932  33.975  -38.762  81.391 0.0000000000
51947  33.720  -37.903  79.622 0.0000000000
53037  33.573  -37.782  79.317 0.0000000000
54187  33.759  -37.047  78.637 0.0000000000
54185  35.130  -36.128  78.585 0.0000000000
54184  35.693  -35.879  78.850 0.0000000000
54157  36.143  -36.668  80.451 0.0000000000
54169  36.672  -36.239  79.895 0.0000000000
55358  36.453  -35.909  79.402 0.0000000000
35236  32.989  -52.186  82.928 0.0000000000
35251  31.673  -52.228  81.804 0.0000000000
33938  32.257  -52.771  82.477 0.0000000000
32662  31.850  -53.758  83.761 0.0000000000
32663  31.380  -53.775  83.603 0.0000000000
36582  29.720  -51.349  80.015 0.0000000000
35282  29.509  -51.983  80.033 0.0000000000
33959  30.128  -53.227  81.071 0.0000000000
35266  28.497  -52.826  80.528 0.0000000000
33960  29.145  -53.397  80.995 0.0000000000
32681  30.245  -53.952  82.629 0.0000000000
32664  30.627  -53.874  83.519 0.0000000000
32647  30.345  -53.898  84.287 0.0000000000
32635  29.276  -53.684  84.623 0.0000000000
33909  27.950  -53.244  84.184 0.0000000000
33897  28.028  -52.900  85.109 0.0000000000
35201  27.439  -52.525  85.146 0.0000000000
36512  26.402  -51.840  85.105 0.0000000000
36513  25.682  -51.377  85.238 0.0000000000
44153  24.119  -45.891  77.129 0.0000000000
41836  24.775  -47.775  78.181 0.0000000000
43030  23.975  -47.514  78.084 0.0000000000
41818  24.372  -47.867  78.443 0.0000000000
40614  24.724  -48.356  78.929 0.0000000000
39267  25.135  -49.234  79.639 0.0000000000
39247  24.989  -49.355  80.633 0.0000000000
40616  23.507  -48.482  79.406 0.0000000000
39248  24.357  -48.967  80.706 0.0000000000
37902  25.216  -50.159  81.110 0.0000000000
37903  25.034  -50.073  81.746 0.0000000000
37887  24.885  -50.140  82.330 0.0000000000
37869  25.180  -50.922  82.885 0.0000000000
37870  24.731  -50.193  83.266 0.0000000000
37860  25.144  -50.997  84.107 0.0000000000
37853  25.079  -50.544  85.299 0.0000000000
39139  24.242  -49.379  85.291 0.0000000000
40531  24.056  -48.988  85.513 0.0000000000
40532  23.615  -48.913  85.116 0.0000000000
40543  22.753  -48.756  84.091 0.0000000000
39156  22.262  -48.990  84.280 0.0000000000
39140  22.165  -49.119  84.976 0.0000000000
39199  19.056  -49.701  82.730 0.0000000000
39162  16.867  -49.059  84.569 0.0000000000
35210  12.882  -52.485  85.140 0.0000000000
54313  30.388  -36.196  70.706 0.0000000000
53176  29.660  -37.333  70.921 0.0000000000
53154  29.961  -37.503  71.707 0.0000000000
52027  30.036  -38.685  73.736 0.0000000000
50954  29.528  -39.252  74.287 0.0000000000
50990  28.393  -38.891  72.125 0.0000000000
50972  28.474  -39.067  72.973 0.0000000000
50955  28.885  -39.350  73.763 0.0000000000
50926  29.226  -39.765  75.433 0.0000000000
49914  28.589  -40.497  76.663 0.0000000000
48848  27.891  -40.881  77.728 0.0000000000
48829  27.651  -42.002  79.591 0.0000000000
47631  27.707  -42.508  80.126 0.0000000000
46399  27.754  -43.288  80.646 0.0000000000
46431  26.656  -42.658  76.978 0.0000000000
46417  27.148  -43.214  78.822 0.0000000000
45272  27.382  -44.055  79.481 0.0000000000
45265  27.545  -44.049  80.391 0.0000000000
42984  27.616  -46.040  82.191 0.0000000000
41791  27.742  -46.884  82.430 0.0000000000
39219  28.844  -49.243  82.421 0.0000000000
39218  29.522  -49.676  82.694 0.0000000000
37884  30.515  -50.141  82.849 0.0000000000
36480  27.317  -52.176  87.286 0.0000000000
33853  27.817  -53.191  87.491 0.0000000000
39115  15.213  -49.387  87.279 0.0000000000
39095  15.759  -49.169  87.870 0.0000000000
40502  16.279  -48.759  88.620 0.0000000000
40485  15.387  -48.884  89.598 0.0000000000
40483  17.557  -48.284  90.038 0.0000000000
40465  17.928  -48.093  91.043 0.0000000000
82496  58.467  -13.384  58.822 0.0000000000
83551  59.505  -12.129  61.077 0.0000000000
83554  57.015  -12.972  61.775 0.0000000000
84719  57.990  -11.818  62.841 0.0000000000
83540  58.353  -12.111  62.208 0.0000000000
80262  51.476  -15.729  58.682 0.0000000000
79049  50.373  -16.340  58.336 0.0000000000
79048  50.980  -16.043  58.690 0.0000000000
80248  51.835  -15.869  59.234 0.0000000000
80205  53.213  -14.945  62.708 0.0000000000
81367  53.062  -14.661  63.452 0.0000000000
75338  48.793  -19.614  62.424 0.0000000000
75355  48.993  -19.191  62.188 0.0000000000
75323  49.451  -19.569  63.468 0.0000000000
75337  49.160  -19.355  62.762 0.0000000000
76529  49.448  -18.880  62.486 0.0000000000
75281  51.289  -18.557  66.161 0.0000000000
78996  50.784  -17.261  63.038 0.0000000000
78995  51.233  -16.699  63.312 0.0000000000
81335  52.765  -15.047  64.445 0.0000000000
81334  53.261  -14.760  64.821 0.0000000000
69253  43.485  -24.836  63.822 0.0000000000
70371  41.134  -24.096  66.111 0.0000000000
70325  42.036  -23.632  68.205 0.0000000000
70356  42.184  -23.453  66.829 0.0000000000
70369  42.806  -23.554  66.113 0.0000000000
69199  43.999  -23.666  66.079 0.0000000000
71523  44.177  -22.225  69.403 0.0000000000
71485  45.500  -21.676  71.150 0.0000000000
59237  36.455  -32.962  72.014 0.0000000000
60506  38.512  -31.924  71.896 0.0000000000
59235  38.024  -32.123  71.411 0.0000000000
61961  40.659  -30.529  69.757 0.0000000000
61943  40.583  -30.597  70.862 0.0000000000
63252  40.989  -30.213  69.021 0.0000000000
63251  41.595  -29.858  69.322 0.0000000000
64451  42.032  -29.284  69.708 0.0000000000
59135  39.726  -32.768  78.393 0.0000000000
60415  40.208  -32.291  80.243 0.0000000000
60447  39.859  -32.053  77.917 0.0000000000
60446  40.355  -31.536  77.372 0.0000000000
61825  41.550  -30.444  79.361 0.0000000000
63132  41.981  -29.662  79.732 0.0000000000
61875  41.287  -30.385  75.276 0.0000000000
63174  42.460  -29.400  75.184 0.0000000000
63182  42.369  -29.407  74.173 0.0000000000
63194  42.288  -29.395  73.141 0.0000000000
64436  42.666  -28.835  71.371 0.0000000000
64435  43.467  -28.253  70.796 0.0000000000
65609  44.062  -27.601  71.475 0.0000000000
65618  44.392  -26.698  71.178 0.0000000000
65608  44.528  -26.965  72.103 0.0000000000
66759  44.658  -26.080  71.742 0.0000000000
67940  44.786  -25.259  72.145 0.0000000000
69133  44.730  -24.296  72.513 0.0000000000
66697  44.131  -26.209  77.155 0.0000000000
67916  44.937  -25.418  75.206 0.0000000000
69090  44.703  -24.380  76.921 0.0000000000
69124  44.860  -24.277  73.533 0.0000000000
71466  44.038  -22.531  72.430 0.0000000000
72725  44.335  -21.657  72.580 0.0000000000
87108  60.969  -9.333  48.033 0.0000000000
87094  61.015  -9.739  48.284 0.0000000000
85975  60.762  -10.148  48.901 0.0000000000
84884  61.847  -10.846  48.808 0.0000000000
84873  62.106  -11.457  49.175 0.0000000000
83725  62.453  -12.168  49.581 0.0000000000
83715  61.613  -12.399  50.400 0.0000000000
83713  63.501  -13.061  50.379 0.0000000000
82618  63.612  -13.564  50.988 0.0000000000
81508  60.706  -13.697  52.567 0.0000000000
81507  61.505  -13.849  52.632 0.0000000000
81498  61.612  -13.739  53.244 0.0000000000
81506  62.447  -14.076  52.814 0.0000000000
81514  63.075  -14.158  52.106 0.0000000000
81505  63.495  -14.128  52.732 0.0000000000
81504  64.247  -13.966  52.591 0.0000000000
82585  65.098  -13.422  53.904 0.0000000000
31398  28.402  -54.948  86.542 0.0000000000
32604  28.080  -53.742  87.167 0.0000000000
32680  30.886  -53.851  82.937 0.0000000000
33835  10.551  -53.025  89.199 0.0000000000
33852  28.101  -53.331  87.233 0.0000000000
33868  28.027  -52.920  87.285 0.0000000000
33882  29.326  -53.999  86.115 0.0000000000
33957  31.419  -52.585  81.583 0.0000000000
35141  10.623  -52.634  89.722 0.0000000000
35153  11.661  -52.631  88.867 0.0000000000
35155  27.693  -52.682  87.400 0.0000000000
35168  27.962  -52.652  86.874 0.0000000000
35169  27.430  -52.192  86.360 0.0000000000
35184  28.449  -52.920  86.432 0.0000000000
35202  26.847  -52.283  84.720 0.0000000000
35253  26.626  -52.162  81.741 0.0000000000
36449  11.383  -51.534  90.328 0.0000000000
36452  24.900  -51.353  89.104 0.0000000000
36463  11.704  -51.926  89.583 0.0000000000
36465  26.249  -51.549  88.366 0.0000000000
36489  12.883  -52.130  88.254 0.0000000000
36503  13.979  -51.224  86.358 0.0000000000
36542  26.099  -51.962  83.810 0.0000000000
36555  26.297  -51.916  82.095 0.0000000000
36556  25.818  -51.578  82.342 0.0000000000
36581  30.223  -51.444  80.417 0.0000000000
37806  24.226  -50.405  89.231 0.0000000000
37827  13.986  -50.384  88.293 0.0000000000
37836  25.531  -50.473  87.838 0.0000000000
39064  11.798  -49.908  91.616 0.0000000000
39071  13.296  -49.713  90.327 0.0000000000
39073  12.114  -49.925  91.163 0.0000000000
39077  23.480  -49.261  89.849 0.0000000000
39078  23.055  -49.234  90.105 0.0000000000
39080  14.091  -49.645  89.218 0.0000000000
39082  13.018  -50.109  90.055 0.0000000000
39090  24.142  -49.435  88.684 0.0000000000
39123  24.264  -49.233  86.238 0.0000000000
39173  22.369  -48.847  83.611 0.0000000000
39220  24.993  -49.586  81.128 0.0000000000
39295  26.887  -48.778  77.918 0.0000000000
39296  26.431  -48.692  77.955 0.0000000000
40455  12.784  -48.968  92.217 0.0000000000
40476  23.670  -49.229  89.418 0.0000000000
40495  23.235  -48.947  89.025 0.0000000000
40509  23.283  -48.883  88.320 0.0000000000
40520  23.907  -48.875  85.805 0.0000000000
40522  17.653  -48.650  87.468 0.0000000000
40533  22.860  -48.840  84.898 0.0000000000
40555  22.885  -48.585  83.519 0.0000000000
40659  25.865  -48.236  77.771 0.0000000000
41740  17.357  -48.010  91.415 0.0000000000
41741  17.111  -47.989  91.428 0.0000000000
41778  27.852  -47.232  84.136 0.0000000000
41837  24.249  -47.471  78.121 0.0000000000
41838  23.580  -47.914  78.031 0.0000000000
41857  28.139  -47.286  78.119 0.0000000000
43013  28.215  -46.304  79.262 0.0000000000
43014  23.974  -47.895  78.260 0.0000000000
43031  23.643  -47.408  77.848 0.0000000000
43071  25.552  -45.690  76.867 0.0000000000
44115  27.788  -45.425  80.334 0.0000000000
46383  27.921  -43.228  81.448 0.0000000000
46468  25.690  -43.688  75.864 0.0000000000
47581  29.156  -43.531  83.481 0.0000000000
47595  30.418  -41.839  82.879 0.0000000000
48788  29.847  -41.633  81.870 0.0000000000
48812  30.839  -40.945  81.005 0.0000000000
48826  29.743  -40.909  79.995 0.0000000000
48838  28.811  -40.724  78.814 0.0000000000
49864  32.147  -40.224  81.329 0.0000000000
49865  31.546  -40.507  80.917 0.0000000000
49888  30.568  -40.278  78.988 0.0000000000
50869  32.962  -38.787  80.055 0.0000000000
50870  32.433  -39.140  79.692 0.0000000000
51924  34.415  -38.862  82.033 0.0000000000
51933  33.361  -38.984  81.021 0.0000000000
51983  30.897  -39.084  76.403 0.0000000000
52012  31.389  -38.110  75.218 0.0000000000
53027  35.648  -37.038  80.501 0.0000000000
53029  34.471  -37.740  80.067 0.0000000000
53044  33.862  -37.176  78.923 0.0000000000
53069  32.852  -37.064  76.944 0.0000000000
53071  31.733  -38.136  76.174 0.0000000000
53135  30.733  -37.312  72.488 0.0000000000
54168  37.396  -36.127  80.100 0.0000000000
54172  34.552  -37.065  79.341 0.0000000000
54199  34.862  -35.878  77.981 0.0000000000
54210  34.016  -36.092  77.211 0.0000000000
54229  32.619  -36.859  75.978 0.0000000000
55369  38.127  -35.212  78.906 0.0000000000
55372  35.615  -35.781  78.515 0.0000000000
56669  35.173  -34.224  74.398 0.0000000000
56690  32.719  -34.821  72.897 0.0000000000
56706  33.070  -34.404  72.559 0.0000000000
56707  32.450  -34.737  72.284 0.0000000000
56743  32.090  -34.226  70.811 0.0000000000
57900  38.761  -33.277  76.434 0.0000000000
57914  37.804  -33.308  75.300 0.0000000000
57915  37.235  -33.575  75.221 0.0000000000
57930  37.499  -33.245  74.832 0.0000000000
57970  34.217  -33.836  72.580 0.0000000000
58012  35.699  -32.845  71.026 0.0000000000
59116  40.174  -32.394  80.616 0.0000000000
59117  39.920  -32.603  80.173 0.0000000000
59179  37.479  -33.133  74.490 0.0000000000
60538  40.211  -30.864  70.435 0.0000000000
61900  40.397  -30.801  73.387 0.0000000000
61960  41.304  -30.028  70.053 0.0000000000
61962  40.036  -30.903  69.583 0.0000000000
63234  42.187  -29.011  70.799 0.0000000000
64484  42.905  -28.102  67.999 0.0000000000
65547  43.964  -27.040  76.415 0.0000000000
65632  43.301  -27.543  68.660 0.0000000000
66698  43.743  -26.718  77.517 0.0000000000
66794  43.522  -26.291  68.765 0.0000000000
67947  44.594  -25.261  71.366 0.0000000000
68050  44.050  -25.102  63.190 0.0000000000
69141  44.447  -24.406  71.640 0.0000000000
69142  43.986  -24.221  71.228 0.0000000000
70281  43.564  -23.160  71.543 0.0000000000
70302  43.096  -23.574  70.594 0.0000000000
70319  47.034  -22.968  67.997 0.0000000000
70336  47.039  -23.014  67.719 0.0000000000
71542  43.029  -22.662  69.015 0.0000000000
71555  44.038  -22.742  68.239 0.0000000000
71620  46.824  -23.150  63.100 0.0000000000
71672  46.333  -22.548  60.739 0.0000000000
72777  43.327  -22.273  70.792 0.0000000000
72943  46.046  -22.452  59.941 0.0000000000
74104  48.037  -20.728  61.988 0.0000000000
74143  46.737  -21.391  59.916 0.0000000000
81509  60.248  -13.738  52.840 0.0000000000
81513  63.855  -14.054  52.157 0.0000000000
81517  60.838  -13.637  52.166 0.0000000000
82599  60.553  -13.645  52.245 0.0000000000
82610  61.893  -13.655  51.517 0.0000000000
82617  64.191  -13.579  51.272 0.0000000000
83605  58.808  -12.504  57.235 0.0000000000
83606  58.259  -12.480  56.904 0.0000000000
83723  64.156  -12.584  49.997 0.0000000000
84710  57.163  -11.760  63.767 0.0000000000
84725  62.272  -12.279  62.027 0.0000000000
84804  58.358  -11.842  55.634 0.0000000000
85949  65.515  -10.969  50.848 0.0000000000
87076  65.884  -9.863  49.972 0.0000000000
87085  65.659  -9.819  49.309 0.0000000000
87142  63.465  -9.360  45.730 0.0000000000
88317  67.035  -9.984  47.060 0.0000000000
88319  66.518  -9.433  47.036 0.0000000000
88331  66.887  -9.239  46.706 0.0000000000
88346  67.298  -9.307  46.418 0.0000000000
