#!ascii label  , from subject 3587 vox2ras=TkReg
433
113175  -22.192  -3.292  -7.580 0.0000000000
108547  -18.799  -7.437  -4.923 0.0000000000
109706  -24.336  -6.722  -5.944 0.0000000000
103928  -21.302  -11.257  -6.174 0.0000000000
129418  -21.869  10.459  -5.528 0.0000000000
126128  -23.286  7.495  -4.911 0.0000000000
167272  -18.610  0.762  -4.868 0.0000000000
98148  -19.530  -15.790  -4.897 0.0000000000
106262  -20.224  -9.492  -5.861 0.0000000000
103915  -19.137  -11.393  -4.825 0.0000000000
128339  -23.402  9.395  -5.447 0.0000000000
123831  -18.639  5.271  -5.413 0.0000000000
114324  -19.182  -2.568  -4.783 0.0000000000
116727  -16.923  -0.751  -3.396 0.0000000000
115608  -20.295  -1.241  -6.466 0.0000000000
119200  -21.684  1.149  -7.132 0.0000000000
117963  -23.040  -0.513  -6.202 0.0000000000
115586  -24.397  -1.983  -5.674 0.0000000000
110829  -17.725  -5.409  -4.202 0.0000000000
112013  -20.371  -4.335  -6.218 0.0000000000
112016  -23.061  -4.649  -6.528 0.0000000000
109703  -21.500  -6.494  -6.430 0.0000000000
107418  -22.633  -8.534  -6.566 0.0000000000
105107  -23.846  -11.081  -7.202 0.0000000000
121528  -16.131  2.945  -3.068 0.0000000000
121584  -19.595  3.605  -6.228 0.0000000000
123846  -24.276  5.255  -4.434 0.0000000000
100493  -18.084  -13.822  -4.558 0.0000000000
101615  -20.499  -13.410  -5.609 0.0000000000
105071  -18.440  -10.454  -4.369 0.0000000000
103905  -18.239  -11.427  -3.734 0.0000000000
124992  -19.078  6.172  -5.125 0.0000000000
122690  -17.454  4.531  -3.464 0.0000000000
113154  -21.078  -3.062  -6.510 0.0000000000
115595  -19.550  -1.572  -5.522 0.0000000000
113174  -21.496  -2.537  -7.535 0.0000000000
114394  -21.902  -1.052  -9.835 0.0000000000
114379  -23.733  -1.994  -8.939 0.0000000000
116755  -23.828  -1.141  -5.772 0.0000000000
115598  -23.315  -2.205  -6.844 0.0000000000
109693  -18.695  -6.419  -4.747 0.0000000000
110840  -19.137  -5.420  -5.263 0.0000000000
109701  -20.042  -6.320  -5.984 0.0000000000
110854  -21.445  -5.486  -6.513 0.0000000000
108556  -20.138  -6.907  -6.194 0.0000000000
105077  -20.371  -10.390  -5.781 0.0000000000
106272  -20.907  -9.470  -6.410 0.0000000000
105087  -21.835  -10.424  -6.797 0.0000000000
106275  -23.733  -9.638  -6.583 0.0000000000
103929  -21.898  -11.355  -6.687 0.0000000000
128323  -20.107  9.474  -4.756 0.0000000000
129398  -20.067  10.262  -3.988 0.0000000000
130479  -21.476  11.403  -5.311 0.0000000000
132611  -23.238  13.294  -6.346 0.0000000000
131580  -24.570  12.364  -6.585 0.0000000000
127241  -22.888  8.378  -5.400 0.0000000000
119148  -16.884  0.456  -3.497 0.0000000000
119128  -15.847  1.004  -2.520 0.0000000000
121538  -17.035  2.352  -3.419 0.0000000000
121552  -18.384  3.099  -4.611 0.0000000000
120386  -18.868  2.061  -5.280 0.0000000000
120390  -22.928  2.165  -5.708 0.0000000000
121569  -22.399  3.191  -5.785 0.0000000000
122707  -24.759  4.331  -3.901 0.0000000000
110857  -24.256  -5.585  -6.043 0.0000000000
113143  -24.253  -3.990  -5.789 0.0000000000
99337  -18.384  -15.867  -4.498 0.0000000000
99357  -18.040  -14.810  -4.685 0.0000000000
100494  -18.488  -13.512  -4.876 0.0000000000
100514  -19.653  -14.260  -5.397 0.0000000000
107405  -18.828  -8.489  -5.021 0.0000000000
108549  -20.001  -8.047  -5.721 0.0000000000
106260  -18.903  -9.503  -4.945 0.0000000000
105076  -19.611  -10.436  -5.415 0.0000000000
103916  -19.682  -11.336  -5.405 0.0000000000
127228  -20.450  8.863  -5.136 0.0000000000
129419  -22.891  10.441  -5.531 0.0000000000
127239  -20.776  8.256  -5.886 0.0000000000
127255  -21.071  7.649  -6.383 0.0000000000
124995  -21.683  6.802  -6.040 0.0000000000
114298  -17.772  -2.640  -3.565 0.0000000000
115576  -17.934  -1.466  -3.806 0.0000000000
116753  -18.249  -0.508  -4.465 0.0000000000
167261  -18.869  0.211  -5.569 0.0000000000
120388  -19.947  1.433  -6.280 0.0000000000
116803  -20.802  -0.535  -7.928 0.0000000000
117970  -22.118  -0.056  -6.950 0.0000000000
119177  -24.175  1.405  -5.204 0.0000000000
117951  -24.742  0.192  -5.028 0.0000000000
96981  -20.932  -17.189  -5.599 0.0000000000
98150  -21.392  -16.222  -5.678 0.0000000000
113141  -18.346  -3.779  -4.124 0.0000000000
113152  -19.388  -3.449  -5.211 0.0000000000
113155  -22.081  -3.852  -7.018 0.0000000000
113156  -22.924  -3.691  -6.608 0.0000000000
112015  -22.207  -4.634  -6.744 0.0000000000
110855  -22.334  -5.567  -6.532 0.0000000000
109705  -23.364  -6.596  -6.155 0.0000000000
107416  -20.752  -8.524  -6.405 0.0000000000
108559  -22.531  -7.542  -6.468 0.0000000000
108560  -23.485  -7.625  -6.333 0.0000000000
107420  -24.686  -8.755  -6.413 0.0000000000
106276  -24.793  -9.731  -6.992 0.0000000000
131568  -25.135  11.906  -6.179 0.0000000000
122699  -17.683  3.951  -3.930 0.0000000000
122722  -19.017  4.335  -6.040 0.0000000000
123861  -21.026  5.231  -6.112 0.0000000000
120403  -20.575  2.183  -6.927 0.0000000000
122741  -21.571  4.240  -6.371 0.0000000000
124997  -23.327  6.357  -5.094 0.0000000000
114325  -24.370  -3.151  -5.799 0.0000000000
114326  -25.172  -2.717  -5.245 0.0000000000
102726  -17.850  -12.391  -3.352 0.0000000000
102740  -18.507  -12.369  -4.454 0.0000000000
102757  -19.737  -12.250  -5.397 0.0000000000
102758  -20.753  -12.315  -5.771 0.0000000000
100516  -21.603  -14.345  -5.832 0.0000000000
101630  -22.118  -13.432  -6.254 0.0000000000
102775  -21.661  -12.451  -6.404 0.0000000000
122674  -16.644  4.403  -2.386 0.0000000000
113199  -22.177  -3.028  -8.380 0.0000000000
114358  -22.987  -2.627  -8.818 0.0000000000
114348  -22.744  -2.769  -8.144 0.0000000000
115609  -23.220  -1.732  -7.460 0.0000000000
114349  -22.965  -2.661  -7.488 0.0000000000
109682  -17.963  -6.402  -4.219 0.0000000000
109694  -19.451  -6.410  -5.307 0.0000000000
108548  -19.667  -7.469  -5.604 0.0000000000
105086  -21.104  -10.380  -6.288 0.0000000000
129417  -20.971  10.486  -5.387 0.0000000000
129399  -20.269  10.509  -4.984 0.0000000000
130480  -22.411  11.510  -5.877 0.0000000000
131566  -22.933  12.483  -6.304 0.0000000000
131579  -23.695  12.514  -6.626 0.0000000000
130497  -23.618  11.855  -6.410 0.0000000000
127242  -23.798  8.429  -4.914 0.0000000000
128324  -24.858  8.940  -4.803 0.0000000000
127243  -24.503  8.639  -4.778 0.0000000000
127230  -25.065  8.320  -4.423 0.0000000000
167271  -17.181  0.986  -3.800 0.0000000000
119129  -16.457  0.553  -3.002 0.0000000000
167273  -16.801  1.358  -3.440 0.0000000000
120359  -16.674  1.814  -3.321 0.0000000000
121550  -17.665  1.593  -4.109 0.0000000000
121551  -18.321  2.051  -4.569 0.0000000000
167270  -19.211  1.420  -5.605 0.0000000000
120391  -23.641  2.523  -5.090 0.0000000000
121571  -23.815  3.376  -4.790 0.0000000000
110841  -25.092  -5.111  -5.735 0.0000000000
110858  -25.203  -5.896  -5.686 0.0000000000
98149  -20.197  -16.308  -5.207 0.0000000000
98127  -19.071  -16.429  -4.657 0.0000000000
99358  -18.860  -15.228  -4.826 0.0000000000
99359  -19.998  -15.184  -5.119 0.0000000000
107396  -18.182  -8.422  -4.377 0.0000000000
106253  -18.339  -9.450  -4.375 0.0000000000
103906  -18.570  -11.427  -4.324 0.0000000000
105075  -19.064  -10.451  -4.821 0.0000000000
127227  -19.840  8.391  -5.105 0.0000000000
126111  -19.241  7.671  -5.086 0.0000000000
126125  -20.382  7.284  -5.935 0.0000000000
124994  -20.079  6.669  -5.811 0.0000000000
126138  -21.349  7.213  -6.313 0.0000000000
125007  -20.125  6.017  -5.769 0.0000000000
113133  -18.435  -3.092  -4.186 0.0000000000
115578  -18.881  -2.021  -4.633 0.0000000000
115596  -19.870  -1.218  -6.107 0.0000000000
115584  -18.671  -1.055  -4.628 0.0000000000
116765  -18.949  -0.477  -5.258 0.0000000000
116772  -19.228  -0.237  -6.013 0.0000000000
115607  -20.197  -0.395  -6.633 0.0000000000
116794  -22.986  -0.577  -8.896 0.0000000000
118003  -22.036  -0.027  -8.799 0.0000000000
117971  -22.808  -0.737  -7.298 0.0000000000
117961  -22.399  0.336  -6.667 0.0000000000
117949  -23.237  0.258  -5.953 0.0000000000
117950  -23.664  -0.073  -5.757 0.0000000000
116756  -24.663  -0.827  -5.432 0.0000000000
115587  -25.255  -1.635  -4.853 0.0000000000
95840  -21.565  -17.955  -5.848 0.0000000000
111978  -17.738  -4.382  -3.895 0.0000000000
111993  -18.328  -4.495  -4.462 0.0000000000
112012  -19.588  -4.395  -5.631 0.0000000000
112014  -21.283  -4.470  -6.662 0.0000000000
109704  -22.431  -6.549  -6.362 0.0000000000
107407  -20.100  -8.619  -5.855 0.0000000000
106273  -21.773  -9.469  -6.645 0.0000000000
107417  -21.683  -8.505  -6.533 0.0000000000
107419  -23.601  -8.613  -6.483 0.0000000000
105089  -23.800  -10.607  -6.976 0.0000000000
105090  -24.449  -10.328  -7.130 0.0000000000
106295  -24.750  -10.235  -7.207 0.0000000000
128338  -22.357  9.388  -5.449 0.0000000000
130482  -24.375  11.438  -6.081 0.0000000000
129420  -23.902  10.403  -5.634 0.0000000000
115561  -16.527  -1.435  -3.001 0.0000000000
121511  -14.866  3.091  -1.694 0.0000000000
121512  -15.692  3.310  -2.179 0.0000000000
122688  -16.583  3.507  -2.904 0.0000000000
121529  -16.825  3.165  -3.247 0.0000000000
121567  -19.437  3.250  -5.675 0.0000000000
121553  -18.745  3.373  -5.119 0.0000000000
122738  -19.617  4.254  -6.415 0.0000000000
123859  -19.795  4.761  -6.433 0.0000000000
122739  -20.181  4.152  -6.598 0.0000000000
167264  -20.538  0.874  -6.903 0.0000000000
119189  -20.444  1.526  -6.789 0.0000000000
120413  -21.076  2.045  -7.148 0.0000000000
122724  -23.153  4.309  -4.807 0.0000000000
121588  -21.962  3.424  -6.275 0.0000000000
122723  -22.613  4.285  -5.511 0.0000000000
123844  -22.854  5.295  -5.290 0.0000000000
124998  -23.934  5.814  -4.832 0.0000000000
124982  -25.286  6.416  -3.792 0.0000000000
113157  -23.646  -3.797  -6.105 0.0000000000
113144  -24.973  -3.712  -5.587 0.0000000000
100492  -17.422  -14.343  -4.316 0.0000000000
101581  -17.008  -13.937  -3.853 0.0000000000
101595  -17.643  -13.396  -4.190 0.0000000000
102739  -18.178  -12.460  -3.818 0.0000000000
101596  -18.405  -13.071  -4.714 0.0000000000
101614  -19.642  -13.233  -5.479 0.0000000000
101613  -18.910  -13.060  -5.187 0.0000000000
102759  -21.093  -12.881  -5.767 0.0000000000
99360  -20.953  -15.290  -5.597 0.0000000000
105070  -17.974  -10.432  -3.834 0.0000000000
126123  -19.215  6.979  -5.286 0.0000000000
124979  -18.378  6.218  -4.731 0.0000000000
123830  -18.104  5.217  -4.757 0.0000000000
114333  -19.594  -2.441  -5.377 0.0000000000
114334  -20.099  -2.260  -5.958 0.0000000000
114335  -20.431  -1.977  -6.340 0.0000000000
114346  -21.070  -1.637  -7.211 0.0000000000
167255  -21.365  -1.936  -8.390 0.0000000000
112065  -21.656  -2.517  -9.105 0.0000000000
114378  -22.910  -1.932  -9.345 0.0000000000
116775  -23.147  -1.003  -7.355 0.0000000000
116766  -23.116  -0.763  -6.727 0.0000000000
115599  -23.726  -1.744  -6.317 0.0000000000
110839  -18.443  -5.435  -4.702 0.0000000000
110852  -19.851  -5.386  -5.834 0.0000000000
110853  -20.591  -5.397  -6.335 0.0000000000
109702  -20.696  -6.349  -6.304 0.0000000000
106274  -22.706  -9.525  -6.670 0.0000000000
105088  -22.792  -10.521  -6.754 0.0000000000
103931  -23.522  -11.233  -7.106 0.0000000000
128322  -19.285  9.309  -4.136 0.0000000000
130478  -20.692  11.408  -5.091 0.0000000000
131547  -22.325  12.422  -5.527 0.0000000000
132625  -24.933  13.192  -6.536 0.0000000000
129421  -24.808  10.396  -5.615 0.0000000000
128340  -24.481  9.410  -5.226 0.0000000000
119127  -14.891  1.013  -1.943 0.0000000000
120348  -15.251  1.984  -2.125 0.0000000000
120349  -15.914  1.992  -2.864 0.0000000000
121539  -17.456  2.841  -3.733 0.0000000000
120373  -18.896  2.768  -5.011 0.0000000000
121568  -19.875  2.775  -6.263 0.0000000000
119190  -21.918  1.367  -6.932 0.0000000000
120414  -21.438  2.221  -6.978 0.0000000000
120389  -22.503  2.554  -5.912 0.0000000000
121570  -23.074  3.320  -5.278 0.0000000000
122725  -24.040  4.326  -4.535 0.0000000000
112017  -23.881  -4.694  -6.195 0.0000000000
111995  -24.644  -4.588  -5.784 0.0000000000
111996  -25.492  -4.385  -5.579 0.0000000000
99336  -17.798  -15.423  -4.448 0.0000000000
99356  -17.931  -14.919  -4.713 0.0000000000
100512  -17.915  -14.430  -4.571 0.0000000000
100513  -18.648  -14.059  -5.022 0.0000000000
100515  -20.640  -14.334  -5.589 0.0000000000
108539  -18.079  -7.392  -4.318 0.0000000000
107406  -19.520  -8.610  -5.407 0.0000000000
106261  -19.540  -9.524  -5.412 0.0000000000
103917  -20.536  -11.303  -5.688 0.0000000000
128321  -18.460  8.899  -3.807 0.0000000000
128337  -21.373  9.394  -5.459 0.0000000000
126124  -19.776  7.323  -5.533 0.0000000000
127240  -21.822  8.248  -5.598 0.0000000000
127256  -21.339  7.753  -6.174 0.0000000000
126126  -21.811  7.293  -5.952 0.0000000000
115562  -17.329  -1.464  -3.451 0.0000000000
115577  -18.472  -1.514  -4.380 0.0000000000
116744  -17.945  -0.786  -4.066 0.0000000000
117938  -17.531  -0.369  -3.939 0.0000000000
119149  -17.347  0.144  -3.925 0.0000000000
117960  -18.107  0.325  -4.549 0.0000000000
167262  -19.530  1.090  -5.875 0.0000000000
167265  -19.598  0.550  -6.154 0.0000000000
167263  -20.398  0.546  -6.776 0.0000000000
167260  -20.675  0.267  -7.263 0.0000000000
167258  -21.206  -0.828  -8.789 0.0000000000
117990  -21.268  -0.781  -8.037 0.0000000000
117969  -21.510  -0.010  -7.297 0.0000000000
119191  -22.237  1.035  -6.765 0.0000000000
119192  -22.711  1.405  -6.205 0.0000000000
119164  -24.437  1.799  -4.795 0.0000000000
119165  -24.799  1.633  -4.524 0.0000000000
119178  -25.026  0.890  -4.549 0.0000000000
109707  -25.454  -6.867  -5.899 0.0000000000
113132  -17.997  -3.317  -3.755 0.0000000000
113142  -18.817  -3.490  -4.584 0.0000000000
111994  -18.884  -4.439  -5.081 0.0000000000
113153  -19.990  -3.321  -5.880 0.0000000000
113176  -22.682  -3.307  -7.102 0.0000000000
110856  -23.258  -5.597  -6.414 0.0000000000
108557  -20.467  -7.495  -6.302 0.0000000000
108558  -21.547  -7.514  -6.500 0.0000000000
108561  -24.496  -7.761  -6.120 0.0000000000
130481  -23.363  11.239  -6.022 0.0000000000
130483  -25.360  11.262  -5.491 0.0000000000
122689  -17.076  4.005  -3.062 0.0000000000
122705  -18.129  4.198  -4.636 0.0000000000
121540  -17.815  3.108  -4.137 0.0000000000
122706  -18.487  4.281  -5.409 0.0000000000
123842  -19.410  5.274  -5.999 0.0000000000
123860  -20.186  5.231  -6.271 0.0000000000
125009  -21.371  6.280  -5.887 0.0000000000
124996  -22.174  6.300  -5.606 0.0000000000
167266  -19.307  1.705  -5.740 0.0000000000
120402  -20.144  2.243  -6.629 0.0000000000
121585  -20.129  3.215  -6.550 0.0000000000
121603  -21.396  2.606  -6.881 0.0000000000
121586  -20.766  3.080  -6.889 0.0000000000
122740  -20.850  4.165  -6.517 0.0000000000
123862  -21.651  5.136  -5.881 0.0000000000
124980  -23.649  6.928  -4.667 0.0000000000
126113  -24.739  7.349  -4.216 0.0000000000
114336  -23.152  -2.935  -6.866 0.0000000000
114337  -23.691  -2.772  -6.327 0.0000000000
102756  -19.015  -12.251  -5.033 0.0000000000
102774  -21.351  -11.852  -6.328 0.0000000000
101616  -21.317  -13.450  -5.767 0.0000000000
99335  -17.560  -14.850  -4.493 0.0000000000
100511  -17.592  -14.600  -4.455 0.0000000000
101594  -16.884  -13.826  -3.949 0.0000000000
105108  -24.504  -10.820  -7.253 0.0000000000
110905  -21.560  -1.860  -8.941 0.0000000000
112053  -21.462  -2.297  -8.570 0.0000000000
112064  -21.471  -2.025  -8.628 0.0000000000
112066  -21.845  -2.858  -9.365 0.0000000000
112077  -21.725  -2.020  -9.393 0.0000000000
112078  -21.865  -2.358  -9.587 0.0000000000
112079  -21.878  -2.727  -9.501 0.0000000000
113112  -17.538  -3.123  -3.369 0.0000000000
113172  -20.893  -1.537  -7.640 0.0000000000
113173  -21.223  -2.142  -7.855 0.0000000000
113197  -21.269  -2.028  -8.179 0.0000000000
113198  -21.581  -2.643  -8.550 0.0000000000
113219  -21.800  -2.741  -9.209 0.0000000000
113220  -22.103  -2.941  -9.282 0.0000000000
113231  -21.912  -1.806  -9.777 0.0000000000
113232  -22.138  -2.318  -9.752 0.0000000000
114317  -18.677  -2.505  -4.443 0.0000000000
114347  -20.750  -1.769  -6.684 0.0000000000
114359  -23.238  -2.236  -8.288 0.0000000000
114377  -21.657  -0.798  -9.533 0.0000000000
114393  -21.648  -1.310  -9.284 0.0000000000
114395  -22.383  -1.425  -9.762 0.0000000000
115585  -19.090  -1.526  -4.877 0.0000000000
115597  -20.347  -1.556  -6.400 0.0000000000
115610  -23.375  -1.521  -6.787 0.0000000000
115616  -23.277  -1.568  -8.372 0.0000000000
115629  -23.015  -0.847  -9.509 0.0000000000
115630  -23.563  -1.180  -9.024 0.0000000000
115643  -21.730  -0.429  -9.716 0.0000000000
115644  -22.331  -0.549  -9.757 0.0000000000
116726  -16.392  -0.576  -3.078 0.0000000000
116743  -17.511  -0.811  -3.695 0.0000000000
116754  -18.739  -0.756  -4.789 0.0000000000
116764  -18.526  -0.339  -4.775 0.0000000000
116767  -23.195  -1.053  -6.232 0.0000000000
116773  -21.914  0.013  -7.070 0.0000000000
116774  -22.024  -0.242  -7.169 0.0000000000
116776  -23.390  -1.116  -6.991 0.0000000000
116782  -21.744  -0.220  -7.293 0.0000000000
116783  -22.082  -0.383  -7.145 0.0000000000
116784  -23.035  -1.183  -8.234 0.0000000000
116793  -22.706  -0.145  -9.433 0.0000000000
116804  -21.012  -0.689  -8.331 0.0000000000
116805  -21.281  -0.485  -9.036 0.0000000000
116806  -21.969  0.108  -9.357 0.0000000000
116807  -22.525  0.100  -9.010 0.0000000000
117939  -17.720  -0.262  -4.192 0.0000000000
117962  -22.835  0.030  -6.409 0.0000000000
117979  -21.662  -0.616  -7.556 0.0000000000
117980  -22.228  -0.898  -7.393 0.0000000000
117981  -22.404  -1.264  -7.761 0.0000000000
117991  -21.868  -1.159  -8.277 0.0000000000
117992  -22.149  -0.995  -8.481 0.0000000000
118000  -20.987  -0.600  -8.073 0.0000000000
118001  -21.207  -0.580  -8.255 0.0000000000
118002  -21.530  -0.226  -8.704 0.0000000000
119147  -16.545  1.197  -3.197 0.0000000000
119176  -23.254  0.861  -5.843 0.0000000000
119199  -20.903  0.819  -7.275 0.0000000000
119201  -22.003  0.722  -6.951 0.0000000000
119208  -21.365  -0.491  -7.665 0.0000000000
119214  -21.035  -0.465  -7.955 0.0000000000
119221  -20.913  -0.247  -7.702 0.0000000000
120372  -17.178  1.692  -3.585 0.0000000000
120374  -24.387  2.359  -4.705 0.0000000000
120387  -19.232  2.449  -5.468 0.0000000000
120404  -21.856  1.858  -6.846 0.0000000000
120405  -22.332  2.309  -6.318 0.0000000000
120406  -22.691  1.983  -6.139 0.0000000000
121587  -21.476  2.959  -6.698 0.0000000000
121602  -21.182  2.604  -7.009 0.0000000000
122673  -16.359  3.906  -2.225 0.0000000000
122698  -17.488  3.492  -3.706 0.0000000000
122742  -22.145  4.291  -6.072 0.0000000000
123843  -19.841  5.694  -5.893 0.0000000000
123845  -23.581  5.242  -4.825 0.0000000000
123863  -22.193  5.172  -5.649 0.0000000000
124993  -19.690  6.294  -5.544 0.0000000000
125008  -20.596  6.293  -5.930 0.0000000000
125010  -21.827  5.729  -5.715 0.0000000000
126112  -23.961  7.453  -4.534 0.0000000000
126127  -22.534  7.349  -5.420 0.0000000000
126137  -20.871  7.209  -6.385 0.0000000000
127229  -24.375  8.055  -4.521 0.0000000000
127238  -20.218  7.817  -5.615 0.0000000000
128336  -20.660  9.516  -5.239 0.0000000000
128341  -25.012  9.874  -5.225 0.0000000000
130460  -22.053  11.810  -5.130 0.0000000000
130498  -24.069  12.029  -6.485 0.0000000000
167256  -21.308  -1.164  -8.084 0.0000000000
167257  -20.432  -0.121  -6.977 0.0000000000
167259  -19.828  0.666  -6.203 0.0000000000
167267  -20.237  0.352  -6.657 0.0000000000
167268  -20.721  0.649  -7.181 0.0000000000
167269  -17.673  0.148  -4.261 0.0000000000
167274  -19.126  0.819  -5.643 0.0000000000
