#!ascii label  , from subject 3587 vox2ras=TkReg
1347
119127  45.999  -3.477  50.671 0.0000000000
125315  52.079  1.895  40.474 0.0000000000
135107  45.659  11.922  30.915 0.0000000000
121315  53.208  -1.155  31.094 0.0000000000
119232  43.114  -2.792  42.740 0.0000000000
134098  49.640  10.516  38.088 0.0000000000
128537  56.717  4.919  35.496 0.0000000000
129693  41.741  7.163  33.200 0.0000000000
128483  44.513  5.717  42.047 0.0000000000
122193  49.907  -1.188  44.873 0.0000000000
122271  47.559  -1.216  36.121 0.0000000000
137005  45.579  13.100  32.157 0.0000000000
129735  45.778  7.146  29.922 0.0000000000
128556  46.813  5.808  34.703 0.0000000000
130910  51.762  7.177  29.658 0.0000000000
134142  42.904  10.066  34.650 0.0000000000
122172  46.810  -0.409  47.867 0.0000000000
119178  48.964  -3.609  48.271 0.0000000000
121249  45.269  -2.010  38.861 0.0000000000
136041  50.228  12.882  31.769 0.0000000000
137962  49.719  14.602  32.945 0.0000000000
137999  47.262  14.469  29.191 0.0000000000
135114  43.464  11.780  29.701 0.0000000000
133189  45.770  10.127  27.872 0.0000000000
125335  47.107  2.368  39.748 0.0000000000
128506  44.872  5.663  38.167 0.0000000000
126384  49.197  3.759  37.779 0.0000000000
125409  56.365  2.767  31.364 0.0000000000
129684  54.386  6.088  31.804 0.0000000000
126457  52.995  3.554  31.439 0.0000000000
126466  49.897  3.463  30.094 0.0000000000
122331  50.394  -0.792  31.153 0.0000000000
118238  47.856  -4.594  30.590 0.0000000000
116939  43.324  -5.757  49.871 0.0000000000
118068  45.721  -4.545  47.173 0.0000000000
134138  47.693  11.426  34.703 0.0000000000
125365  52.017  2.496  36.682 0.0000000000
127393  54.431  3.809  38.263 0.0000000000
125393  54.148  2.379  33.988 0.0000000000
123375  58.270  0.907  31.549 0.0000000000
129594  48.224  6.159  43.426 0.0000000000
126315  46.609  3.159  45.311 0.0000000000
123260  45.581  0.462  43.230 0.0000000000
123275  49.386  0.482  42.219 0.0000000000
120245  47.551  -3.112  43.883 0.0000000000
121229  48.720  -1.030  40.471 0.0000000000
123306  50.316  0.281  39.134 0.0000000000
122280  50.204  -0.670  34.374 0.0000000000
119133  40.190  -4.339  50.119 0.0000000000
138828  47.861  16.016  34.535 0.0000000000
136018  45.446  12.689  34.486 0.0000000000
134157  42.644  10.576  32.370 0.0000000000
129709  43.528  7.086  31.975 0.0000000000
127492  46.497  3.840  33.111 0.0000000000
133098  46.331  8.730  39.968 0.0000000000
133133  45.589  9.072  36.619 0.0000000000
132074  45.417  8.698  32.383 0.0000000000
127468  51.435  4.395  34.675 0.0000000000
128607  49.214  6.057  31.770 0.0000000000
132102  47.912  8.563  29.109 0.0000000000
129742  48.497  6.748  28.040 0.0000000000
126469  47.985  3.799  30.956 0.0000000000
134133  42.923  10.177  35.858 0.0000000000
134132  43.675  10.714  35.402 0.0000000000
119144  49.384  -2.788  50.364 0.0000000000
119146  48.184  -3.802  49.857 0.0000000000
136044  47.703  13.146  30.996 0.0000000000
137023  49.232  13.911  30.008 0.0000000000
136053  46.632  13.231  29.847 0.0000000000
136070  45.432  12.849  28.537 0.0000000000
134184  45.540  10.956  29.205 0.0000000000
125333  49.521  2.134  39.731 0.0000000000
126366  47.983  3.431  38.526 0.0000000000
126345  50.855  2.956  39.137 0.0000000000
123378  55.295  0.223  30.882 0.0000000000
125410  55.048  2.683  31.460 0.0000000000
124400  53.108  1.552  31.578 0.0000000000
124401  51.890  1.609  31.588 0.0000000000
121316  52.308  -1.121  31.286 0.0000000000
120373  50.273  -2.611  30.611 0.0000000000
120371  52.462  -2.721  30.747 0.0000000000
116967  42.644  -6.089  47.610 0.0000000000
135066  49.480  11.945  35.124 0.0000000000
134119  48.957  10.837  36.220 0.0000000000
123343  52.046  0.892  34.205 0.0000000000
125383  53.292  2.339  34.740 0.0000000000
123354  53.378  0.720  33.372 0.0000000000
122300  56.955  0.065  32.196 0.0000000000
121324  58.668  -1.095  30.825 0.0000000000
122327  57.521  -0.632  30.444 0.0000000000
121206  48.317  -1.276  45.731 0.0000000000
122189  45.845  0.218  45.760 0.0000000000
122200  47.471  -0.462  43.767 0.0000000000
123267  47.131  0.104  42.347 0.0000000000
122206  49.169  -0.279  43.222 0.0000000000
119212  44.595  -3.109  44.564 0.0000000000
119210  46.547  -3.270  44.996 0.0000000000
120247  45.591  -2.884  43.261 0.0000000000
121260  46.384  -1.655  37.413 0.0000000000
121239  46.371  -1.616  39.691 0.0000000000
121238  47.605  -0.952  39.393 0.0000000000
122230  49.150  -0.588  39.762 0.0000000000
122253  48.887  -0.194  37.893 0.0000000000
123325  49.483  0.463  36.566 0.0000000000
121275  48.901  -1.152  35.008 0.0000000000
118197  50.848  -4.393  33.631 0.0000000000
137973  47.684  14.382  32.080 0.0000000000
138836  49.392  15.369  33.772 0.0000000000
137965  47.150  14.111  33.700 0.0000000000
137954  46.860  14.607  34.559 0.0000000000
136995  45.741  12.910  33.279 0.0000000000
135091  43.890  11.357  33.044 0.0000000000
136037  44.315  12.446  32.056 0.0000000000
132093  44.417  8.571  29.935 0.0000000000
132095  42.936  9.297  30.709 0.0000000000
130889  44.645  7.342  30.944 0.0000000000
128596  44.787  5.971  32.084 0.0000000000
128611  45.741  6.188  31.438 0.0000000000
128481  46.118  6.108  42.846 0.0000000000
130791  47.011  7.940  42.053 0.0000000000
130794  45.186  7.328  40.956 0.0000000000
128529  45.829  5.730  36.306 0.0000000000
132048  45.081  7.805  37.154 0.0000000000
130857  45.235  7.517  35.076 0.0000000000
132060  44.969  8.652  34.869 0.0000000000
129672  46.302  6.798  33.831 0.0000000000
127429  55.079  4.587  36.877 0.0000000000
127431  53.034  4.603  36.562 0.0000000000
127465  54.329  5.083  35.025 0.0000000000
130895  53.050  7.001  30.887 0.0000000000
128604  51.880  5.867  31.737 0.0000000000
129720  50.618  7.098  30.410 0.0000000000
130900  48.650  7.377  30.399 0.0000000000
130912  49.663  7.686  29.313 0.0000000000
132118  48.691  8.272  27.951 0.0000000000
129740  49.917  6.703  28.226 0.0000000000
124415  49.270  1.493  30.454 0.0000000000
126467  49.223  3.713  30.091 0.0000000000
124417  48.273  1.654  30.903 0.0000000000
124389  47.364  1.388  32.130 0.0000000000
134077  49.719  10.046  39.939 0.0000000000
132062  41.105  8.453  34.632 0.0000000000
132069  41.223  8.233  33.480 0.0000000000
124250  48.440  1.013  48.618 0.0000000000
122160  48.662  -0.708  49.800 0.0000000000
120218  48.863  -1.992  48.376 0.0000000000
120223  50.245  -2.053  46.137 0.0000000000
120277  44.215  -2.516  40.632 0.0000000000
137971  49.977  14.147  31.804 0.0000000000
137979  49.035  14.435  30.662 0.0000000000
137991  46.143  14.517  30.376 0.0000000000
136055  43.966  12.775  30.673 0.0000000000
136064  44.531  13.153  28.813 0.0000000000
134185  44.460  10.524  28.682 0.0000000000
132114  45.368  9.186  28.177 0.0000000000
126334  44.796  3.662  40.399 0.0000000000
128487  44.608  5.624  39.969 0.0000000000
127383  45.717  4.198  39.226 0.0000000000
127416  46.308  4.726  37.357 0.0000000000
127436  47.289  4.645  36.366 0.0000000000
127502  57.124  4.823  33.087 0.0000000000
128569  54.730  5.315  33.825 0.0000000000
127516  55.735  4.846  31.570 0.0000000000
127527  54.281  5.582  30.977 0.0000000000
127529  52.651  5.098  30.641 0.0000000000
127539  51.087  5.190  29.476 0.0000000000
126459  51.292  3.527  30.784 0.0000000000
125414  50.622  2.252  30.944 0.0000000000
122333  48.881  -0.789  30.882 0.0000000000
118236  49.766  -4.544  30.459 0.0000000000
118003  44.703  -4.294  50.785 0.0000000000
118047  46.487  -4.832  49.126 0.0000000000
116965  44.666  -5.660  48.431 0.0000000000
118080  43.591  -4.247  45.985 0.0000000000
119214  42.644  -3.304  44.008 0.0000000000
136015  50.745  12.432  34.260 0.0000000000
136026  49.116  11.985  33.015 0.0000000000
135097  46.786  12.090  32.449 0.0000000000
124332  53.301  1.898  38.896 0.0000000000
126343  53.185  3.199  39.425 0.0000000000
125355  53.455  2.657  38.013 0.0000000000
126411  54.574  3.385  36.372 0.0000000000
126424  55.393  3.422  35.272 0.0000000000
123366  54.895  0.942  32.696 0.0000000000
124387  56.432  1.731  32.686 0.0000000000
126437  57.076  3.592  33.354 0.0000000000
125407  57.781  2.644  31.883 0.0000000000
123394  56.644  -0.042  30.525 0.0000000000
122330  54.642  -1.120  30.779 0.0000000000
119343  53.165  -3.553  30.384 0.0000000000
127361  47.389  4.638  44.070 0.0000000000
126323  45.270  3.995  43.509 0.0000000000
124272  46.772  1.605  46.821 0.0000000000
124280  44.973  1.727  44.406 0.0000000000
125304  44.544  2.767  42.838 0.0000000000
124297  45.663  1.405  41.654 0.0000000000
124309  48.034  0.962  40.695 0.0000000000
124294  51.015  1.027  42.113 0.0000000000
118066  47.280  -4.229  47.889 0.0000000000
119208  48.469  -2.965  45.290 0.0000000000
120244  48.625  -2.619  44.016 0.0000000000
120275  45.885  -2.420  41.316 0.0000000000
121221  47.490  -2.492  42.352 0.0000000000
121219  49.461  -1.276  42.511 0.0000000000
122213  50.224  -0.320  42.008 0.0000000000
123282  51.320  -0.322  40.901 0.0000000000
123294  52.127  0.465  39.956 0.0000000000
124342  50.893  1.320  37.741 0.0000000000
124357  50.743  1.378  35.462 0.0000000000
122292  51.106  -0.687  33.784 0.0000000000
120325  49.071  -2.589  34.396 0.0000000000
120335  50.893  -2.576  33.481 0.0000000000
119130  43.267  -3.969  50.910 0.0000000000
118006  41.945  -4.968  50.692 0.0000000000
116916  39.393  -5.469  50.333 0.0000000000
138816  49.607  15.427  35.236 0.0000000000
139685  47.297  16.514  35.089 0.0000000000
134141  43.662  10.711  34.272 0.0000000000
134150  43.001  10.405  33.447 0.0000000000
132077  41.933  8.775  32.264 0.0000000000
134165  43.106  10.924  30.932 0.0000000000
132086  42.142  9.230  31.754 0.0000000000
129692  42.371  7.058  32.772 0.0000000000
133107  48.150  9.893  39.275 0.0000000000
132023  44.729  8.008  39.132 0.0000000000
132040  45.859  8.855  38.370 0.0000000000
134110  46.982  9.848  37.543 0.0000000000
134131  46.155  9.993  35.533 0.0000000000
134148  45.950  10.834  33.808 0.0000000000
133159  45.189  9.785  31.991 0.0000000000
126362  52.479  3.869  38.436 0.0000000000
126413  50.550  3.954  36.125 0.0000000000
127470  49.142  4.236  34.239 0.0000000000
128571  52.621  5.314  33.320 0.0000000000
128573  50.919  4.957  33.012 0.0000000000
128575  48.409  5.546  33.235 0.0000000000
129689  47.057  6.779  32.251 0.0000000000
132082  45.986  8.375  31.279 0.0000000000
132092  45.710  9.447  30.257 0.0000000000
133174  46.527  9.807  28.650 0.0000000000
130925  46.855  8.188  28.297 0.0000000000
129744  46.859  7.270  28.674 0.0000000000
127541  49.558  4.651  29.545 0.0000000000
128622  48.498  5.171  29.639 0.0000000000
128624  46.638  6.120  30.700 0.0000000000
127505  47.479  3.808  31.960 0.0000000000
118221  47.206  -4.274  30.911 0.0000000000
134122  43.477  10.835  36.449 0.0000000000
135057  44.275  11.677  36.183 0.0000000000
120180  47.346  -2.403  50.477 0.0000000000
119125  48.022  -3.322  50.609 0.0000000000
118000  47.200  -3.606  50.425 0.0000000000
136035  47.037  12.600  31.609 0.0000000000
136052  47.291  13.353  30.352 0.0000000000
136046  46.004  12.502  30.149 0.0000000000
136054  45.925  12.564  29.409 0.0000000000
135113  45.613  11.787  29.810 0.0000000000
124322  50.854  1.842  40.391 0.0000000000
125332  50.588  2.278  39.840 0.0000000000
125331  51.590  2.471  39.844 0.0000000000
122315  54.047  -0.600  30.954 0.0000000000
124399  54.473  1.504  31.433 0.0000000000
123379  53.706  0.467  31.326 0.0000000000
122316  52.908  -0.355  31.279 0.0000000000
121331  51.803  -1.844  31.043 0.0000000000
121330  52.848  -1.855  30.834 0.0000000000
134107  49.815  10.707  36.896 0.0000000000
134108  48.739  10.483  37.323 0.0000000000
123355  52.438  0.491  33.683 0.0000000000
124364  52.496  1.481  34.190 0.0000000000
122290  53.257  -0.053  33.177 0.0000000000
120354  58.681  -1.230  31.087 0.0000000000
120365  58.474  -2.033  30.579 0.0000000000
120366  58.104  -2.230  30.150 0.0000000000
128580  42.295  6.048  33.753 0.0000000000
121205  49.465  -1.288  45.536 0.0000000000
122195  47.945  -1.066  44.702 0.0000000000
122194  49.359  -0.891  44.712 0.0000000000
122199  48.951  -0.394  43.809 0.0000000000
119224  43.476  -2.873  43.460 0.0000000000
120238  44.931  -2.892  43.771 0.0000000000
120249  43.810  -2.707  42.723 0.0000000000
121259  47.261  -1.380  37.115 0.0000000000
121247  47.267  -1.061  38.074 0.0000000000
122241  48.109  -0.459  38.520 0.0000000000
122254  47.914  -0.658  37.480 0.0000000000
122261  48.486  -0.297  36.727 0.0000000000
122270  47.938  -0.853  35.944 0.0000000000
137004  46.544  13.923  31.826 0.0000000000
136993  47.096  14.164  32.670 0.0000000000
136994  46.461  13.560  32.937 0.0000000000
136036  45.004  12.641  32.350 0.0000000000
137006  44.886  12.797  31.987 0.0000000000
130917  44.869  8.195  29.618 0.0000000000
130904  44.314  8.019  30.410 0.0000000000
130888  45.147  7.201  30.823 0.0000000000
129707  45.097  6.850  31.244 0.0000000000
128625  46.018  6.426  30.730 0.0000000000
128482  45.452  5.615  42.673 0.0000000000
129600  45.875  6.641  42.414 0.0000000000
128543  46.069  5.792  35.512 0.0000000000
129652  45.474  6.495  35.846 0.0000000000
129661  45.939  6.352  34.635 0.0000000000
129660  46.813  6.263  34.037 0.0000000000
128525  56.143  4.847  36.365 0.0000000000
127448  54.754  5.130  36.067 0.0000000000
128553  55.567  5.367  35.153 0.0000000000
130909  52.235  7.119  29.721 0.0000000000
130883  51.716  7.254  30.626 0.0000000000
130897  51.384  7.376  29.978 0.0000000000
130898  50.450  7.249  29.934 0.0000000000
130911  50.555  7.140  29.301 0.0000000000
130921  50.157  7.028  28.601 0.0000000000
129731  50.423  6.530  28.890 0.0000000000
123397  48.795  0.362  30.893 0.0000000000
124416  48.600  1.400  30.695 0.0000000000
123384  48.443  0.753  31.007 0.0000000000
123367  47.592  0.771  31.791 0.0000000000
133141  42.331  9.524  35.410 0.0000000000
133148  41.576  9.148  35.026 0.0000000000
133147  42.168  9.512  34.556 0.0000000000
133155  41.729  9.079  34.016 0.0000000000
123210  49.080  -0.247  49.930 0.0000000000
122148  49.301  -0.596  50.521 0.0000000000
119165  49.488  -3.040  49.634 0.0000000000
120206  49.419  -2.475  49.171 0.0000000000
120217  49.177  -2.444  47.935 0.0000000000
121185  49.280  -2.029  46.908 0.0000000000
119193  49.458  -3.045  46.680 0.0000000000
136992  50.789  13.161  32.716 0.0000000000
137000  51.171  13.737  32.647 0.0000000000
137001  50.498  13.482  31.988 0.0000000000
137998  48.375  14.235  29.454 0.0000000000
137988  49.055  14.156  29.812 0.0000000000
137989  48.174  14.516  29.869 0.0000000000
137990  47.057  15.014  29.957 0.0000000000
138000  45.918  14.479  29.277 0.0000000000
137039  45.380  14.173  29.486 0.0000000000
138009  45.724  14.164  28.644 0.0000000000
135125  45.177  11.901  28.613 0.0000000000
135126  44.827  12.050  28.423 0.0000000000
134193  44.816  11.034  28.393 0.0000000000
133190  44.911  10.016  28.485 0.0000000000
125337  45.637  2.976  40.070 0.0000000000
126351  45.235  3.836  39.739 0.0000000000
126350  45.822  3.441  39.627 0.0000000000
126385  48.458  3.756  38.048 0.0000000000
127397  47.400  3.891  38.489 0.0000000000
127415  47.675  4.152  37.764 0.0000000000
127435  48.683  4.009  36.764 0.0000000000
126454  56.621  3.865  31.555 0.0000000000
127515  56.633  4.816  32.189 0.0000000000
126456  54.203  3.735  31.512 0.0000000000
127518  53.388  4.552  31.221 0.0000000000
127528  53.643  5.431  31.025 0.0000000000
127519  52.298  4.278  31.055 0.0000000000
126458  51.969  3.464  31.306 0.0000000000
123381  51.287  0.696  31.547 0.0000000000
124402  50.829  1.626  31.464 0.0000000000
123382  50.321  0.833  31.450 0.0000000000
123383  49.697  0.963  31.246 0.0000000000
122332  49.724  -0.467  31.066 0.0000000000
121333  49.538  -1.636  30.795 0.0000000000
119345  51.027  -3.627  30.621 0.0000000000
119346  49.976  -3.622  30.557 0.0000000000
116911  44.102  -4.559  50.632 0.0000000000
116957  44.632  -5.720  49.274 0.0000000000
116958  43.811  -6.163  48.959 0.0000000000
116975  43.317  -5.516  47.367 0.0000000000
118081  42.618  -4.182  45.606 0.0000000000
119200  42.609  -3.527  44.859 0.0000000000
119201  41.915  -3.595  44.421 0.0000000000
135078  48.344  11.719  34.477 0.0000000000
135077  49.225  12.145  34.489 0.0000000000
135087  48.074  12.041  33.606 0.0000000000
135096  47.584  12.123  32.914 0.0000000000
135088  46.909  11.604  33.610 0.0000000000
124341  52.283  1.817  38.166 0.0000000000
124340  52.942  2.178  38.184 0.0000000000
125356  52.555  2.445  37.598 0.0000000000
125373  53.777  3.167  36.067 0.0000000000
125382  54.597  3.090  35.027 0.0000000000
126410  55.141  3.469  36.019 0.0000000000
125381  55.354  3.233  34.726 0.0000000000
122302  54.428  -0.193  32.721 0.0000000000
122301  55.865  -0.575  32.201 0.0000000000
122299  57.519  0.465  32.002 0.0000000000
123364  57.062  0.926  32.292 0.0000000000
124386  57.427  1.768  32.313 0.0000000000
125402  56.240  2.712  33.088 0.0000000000
125400  57.640  2.596  32.341 0.0000000000
124396  58.233  1.457  31.187 0.0000000000
121326  57.280  -1.529  30.364 0.0000000000
122328  56.482  -0.853  30.459 0.0000000000
122329  55.458  -0.886  30.654 0.0000000000
121328  55.065  -1.743  30.506 0.0000000000
120369  54.620  -2.561  30.353 0.0000000000
126314  47.451  3.429  45.409 0.0000000000
127356  47.742  4.334  44.644 0.0000000000
126318  47.147  3.860  44.778 0.0000000000
127358  46.264  4.103  44.092 0.0000000000
126319  46.421  3.529  44.787 0.0000000000
122162  47.232  -0.189  48.352 0.0000000000
123235  47.349  0.993  47.859 0.0000000000
123236  46.784  0.592  47.578 0.0000000000
123249  46.047  0.061  44.635 0.0000000000
123250  45.582  0.604  45.172 0.0000000000
124281  44.646  2.314  43.948 0.0000000000
124283  44.955  1.306  43.432 0.0000000000
124298  44.841  1.757  41.977 0.0000000000
124288  45.203  1.188  42.546 0.0000000000
123276  48.278  0.296  41.978 0.0000000000
123286  47.850  0.618  41.249 0.0000000000
123285  48.704  0.645  41.391 0.0000000000
124307  50.152  1.208  41.330 0.0000000000
123283  50.158  0.881  41.908 0.0000000000
118056  45.690  -5.096  48.034 0.0000000000
118055  46.571  -4.702  48.299 0.0000000000
118067  46.633  -4.444  47.473 0.0000000000
120236  46.508  -3.045  44.296 0.0000000000
119195  47.671  -3.399  45.963 0.0000000000
119209  47.589  -3.251  44.865 0.0000000000
119221  48.367  -2.914  44.611 0.0000000000
119222  48.108  -3.146  44.274 0.0000000000
120280  44.910  -2.334  40.192 0.0000000000
120276  45.183  -2.271  40.931 0.0000000000
121232  45.477  -2.225  40.417 0.0000000000
121230  47.423  -1.562  40.591 0.0000000000
121224  48.481  -1.603  41.548 0.0000000000
121220  48.268  -2.110  42.684 0.0000000000
121223  49.446  -0.939  41.466 0.0000000000
122239  49.721  -0.168  39.395 0.0000000000
122229  50.116  -0.413  40.194 0.0000000000
123295  51.045  0.000  40.162 0.0000000000
123281  51.983  -0.005  41.072 0.0000000000
123305  51.335  0.605  39.336 0.0000000000
124334  51.231  0.964  38.726 0.0000000000
123315  50.695  0.746  38.580 0.0000000000
123336  49.644  0.127  35.375 0.0000000000
123335  50.092  0.803  35.814 0.0000000000
123345  50.429  0.406  34.800 0.0000000000
122279  50.784  -0.125  34.259 0.0000000000
122293  50.497  -1.156  33.963 0.0000000000
119297  49.085  -3.638  34.273 0.0000000000
119309  50.436  -3.523  33.647 0.0000000000
119308  51.245  -3.499  33.362 0.0000000000
120193  43.263  -2.892  49.630 0.0000000000
119168  41.009  -3.366  48.898 0.0000000000
119150  41.756  -3.564  49.671 0.0000000000
119132  41.266  -4.260  50.354 0.0000000000
115750  41.408  -5.876  50.422 0.0000000000
116915  40.438  -5.477  50.489 0.0000000000
138837  48.404  15.265  33.988 0.0000000000
138827  48.797  15.919  34.661 0.0000000000
139683  48.406  16.332  35.086 0.0000000000
139675  48.088  16.358  35.485 0.0000000000
136984  45.785  13.042  34.366 0.0000000000
136009  45.263  12.509  35.101 0.0000000000
135068  44.581  12.009  35.410 0.0000000000
135080  44.682  11.850  34.482 0.0000000000
134156  43.275  10.966  32.850 0.0000000000
134149  43.579  10.938  33.471 0.0000000000
133162  42.027  9.509  32.803 0.0000000000
134158  42.063  10.156  31.999 0.0000000000
136056  43.683  12.527  30.285 0.0000000000
136048  43.643  12.370  30.945 0.0000000000
134175  43.269  10.707  30.357 0.0000000000
132084  43.404  8.269  31.097 0.0000000000
132085  42.658  8.848  31.346 0.0000000000
130891  42.971  7.766  31.694 0.0000000000
132076  42.342  8.143  32.052 0.0000000000
129710  42.871  7.206  32.229 0.0000000000
129673  43.529  6.240  33.100 0.0000000000
129690  43.982  6.423  32.487 0.0000000000
128595  45.835  5.388  32.658 0.0000000000
130785  48.596  7.482  42.775 0.0000000000
131997  46.537  8.324  41.122 0.0000000000
131995  48.051  8.613  41.431 0.0000000000
132007  47.602  8.811  41.002 0.0000000000
133096  47.780  9.268  40.353 0.0000000000
133108  47.132  9.429  39.430 0.0000000000
128495  44.589  5.638  38.972 0.0000000000
129620  44.589  6.499  39.371 0.0000000000
130825  44.674  7.265  38.810 0.0000000000
132047  45.148  8.247  36.934 0.0000000000
132041  45.327  8.544  37.785 0.0000000000
133126  45.550  8.829  37.229 0.0000000000
133125  46.362  9.316  37.569 0.0000000000
133132  46.238  9.705  36.394 0.0000000000
134121  46.847  10.179  37.021 0.0000000000
133139  46.199  9.879  35.817 0.0000000000
132068  45.027  8.697  33.316 0.0000000000
133145  45.189  9.578  34.202 0.0000000000
133153  44.981  9.264  33.333 0.0000000000
133152  45.254  9.935  33.123 0.0000000000
133160  45.106  9.319  32.746 0.0000000000
126361  53.602  3.625  38.704 0.0000000000
127395  53.447  4.267  38.147 0.0000000000
127451  51.818  4.334  35.520 0.0000000000
127413  51.632  4.248  36.750 0.0000000000
127452  50.870  4.183  35.551 0.0000000000
127453  49.689  4.017  35.717 0.0000000000
127469  50.370  4.374  34.574 0.0000000000
128587  54.151  5.612  32.658 0.0000000000
128570  53.569  5.303  33.461 0.0000000000
128588  53.186  5.681  32.679 0.0000000000
128605  51.047  5.936  31.691 0.0000000000
128590  51.371  5.457  32.393 0.0000000000
128591  50.328  5.188  32.423 0.0000000000
127504  49.258  5.136  33.029 0.0000000000
128593  48.677  5.909  32.290 0.0000000000
129670  47.638  6.280  32.957 0.0000000000
129687  48.371  6.342  31.920 0.0000000000
130901  47.655  7.802  30.097 0.0000000000
130887  46.799  7.606  31.167 0.0000000000
130902  47.075  8.184  30.258 0.0000000000
132091  46.508  8.836  29.880 0.0000000000
132103  47.169  9.211  28.375 0.0000000000
129750  48.660  7.388  27.725 0.0000000000
130924  47.724  8.117  27.751 0.0000000000
129743  47.631  7.235  28.199 0.0000000000
129732  48.109  6.504  28.683 0.0000000000
127531  50.253  4.235  29.948 0.0000000000
127540  50.553  4.904  29.366 0.0000000000
126468  48.494  3.696  30.459 0.0000000000
126474  48.830  4.212  29.967 0.0000000000
127533  48.434  4.649  30.055 0.0000000000
128623  47.848  5.654  30.172 0.0000000000
128609  47.509  4.903  30.926 0.0000000000
127521  47.513  4.337  31.493 0.0000000000
124390  46.643  1.382  32.652 0.0000000000
125404  46.970  2.299  32.465 0.0000000000
119348  48.133  -3.629  30.504 0.0000000000
118239  47.170  -5.001  30.832 0.0000000000
133134  42.382  9.597  36.413 0.0000000000
121148  49.154  -1.401  50.984 0.0000000000
120179  48.635  -2.313  50.896 0.0000000000
119145  49.004  -3.360  50.212 0.0000000000
119167  48.079  -3.748  48.908 0.0000000000
136043  48.763  13.038  31.250 0.0000000000
137012  49.497  13.581  30.741 0.0000000000
137013  48.497  13.484  30.349 0.0000000000
137025  47.712  13.710  29.741 0.0000000000
137038  47.016  13.871  29.033 0.0000000000
137046  46.492  13.910  28.659 0.0000000000
136062  46.487  13.184  29.060 0.0000000000
135120  45.379  11.823  29.076 0.0000000000
134192  45.310  10.955  28.582 0.0000000000
125334  48.377  1.947  39.891 0.0000000000
126348  47.692  2.975  39.322 0.0000000000
126347  48.705  2.798  39.169 0.0000000000
126365  49.011  3.436  38.565 0.0000000000
126364  50.028  3.441  38.481 0.0000000000
124398  55.942  1.599  31.290 0.0000000000
125411  53.716  2.604  31.637 0.0000000000
125412  52.483  2.573  31.580 0.0000000000
122317  51.802  -0.238  31.341 0.0000000000
121317  51.292  -1.006  31.296 0.0000000000
121332  50.621  -1.492  30.927 0.0000000000
120372  51.365  -2.661  30.744 0.0000000000
115771  42.614  -6.176  49.737 0.0000000000
115804  43.111  -6.492  48.689 0.0000000000
115805  42.470  -6.577  48.213 0.0000000000
135065  50.107  12.038  35.277 0.0000000000
134118  49.918  11.331  35.911 0.0000000000
134128  49.198  11.382  35.477 0.0000000000
134129  48.063  11.147  35.377 0.0000000000
125385  51.633  1.787  35.052 0.0000000000
125374  52.574  2.623  35.832 0.0000000000
125384  52.141  2.028  34.947 0.0000000000
124363  53.197  1.727  34.033 0.0000000000
124376  53.714  1.542  33.599 0.0000000000
122312  56.926  -0.743  31.854 0.0000000000
121313  57.673  -1.311  31.551 0.0000000000
121312  58.542  -1.042  31.231 0.0000000000
122310  58.743  -0.462  31.140 0.0000000000
124411  58.563  0.369  30.803 0.0000000000
121325  58.183  -1.337  30.488 0.0000000000
125292  47.232  2.808  46.023 0.0000000000
121201  46.871  -1.145  46.762 0.0000000000
122182  46.282  -0.327  46.936 0.0000000000
121207  47.357  -1.217  46.048 0.0000000000
122196  46.734  -0.505  44.338 0.0000000000
123254  46.144  0.040  43.878 0.0000000000
123268  46.050  0.569  42.431 0.0000000000
123259  46.695  0.106  43.236 0.0000000000
123266  48.122  0.163  42.583 0.0000000000
123265  49.139  0.080  42.767 0.0000000000
119198  44.644  -3.646  45.594 0.0000000000
119188  45.772  -3.971  46.434 0.0000000000
119211  45.616  -3.168  44.895 0.0000000000
120237  45.641  -2.827  44.073 0.0000000000
120246  46.521  -2.889  43.512 0.0000000000
121261  45.465  -1.706  37.875 0.0000000000
121248  46.403  -1.490  38.551 0.0000000000
121237  48.483  -0.780  39.730 0.0000000000
122231  48.420  -0.505  39.295 0.0000000000
122240  48.911  -0.140  38.955 0.0000000000
122252  49.510  0.107  38.665 0.0000000000
123316  49.839  0.467  37.891 0.0000000000
123317  49.060  0.197  37.161 0.0000000000
122269  48.829  -0.419  35.724 0.0000000000
122281  49.426  -0.584  34.884 0.0000000000
118198  50.078  -4.507  33.822 0.0000000000
117126  51.220  -5.249  33.725 0.0000000000
137972  48.913  14.409  31.832 0.0000000000
137963  48.708  14.520  33.115 0.0000000000
137964  47.808  14.502  33.352 0.0000000000
137953  47.604  14.994  34.267 0.0000000000
136983  46.503  13.537  34.045 0.0000000000
136996  45.378  12.672  33.792 0.0000000000
135090  44.583  11.764  33.489 0.0000000000
136029  45.045  12.299  32.994 0.0000000000
135099  44.295  11.826  32.683 0.0000000000
135100  43.539  11.475  32.104 0.0000000000
133184  43.551  9.952  29.680 0.0000000000
132094  43.654  8.931  30.305 0.0000000000
130905  43.779  8.170  30.742 0.0000000000
130890  43.837  7.607  31.206 0.0000000000
128612  44.971  6.424  31.606 0.0000000000
127507  46.321  4.818  32.775 0.0000000000
129595  47.361  6.098  43.356 0.0000000000
129598  47.835  6.782  43.026 0.0000000000
130787  46.555  7.359  42.307 0.0000000000
130792  46.424  7.799  41.622 0.0000000000
130802  46.064  7.952  41.066 0.0000000000
129638  45.116  6.086  37.132 0.0000000000
129639  44.817  6.445  37.588 0.0000000000
129646  45.211  6.648  37.007 0.0000000000
130850  45.075  7.421  36.385 0.0000000000
132054  45.140  8.460  35.923 0.0000000000
133140  45.613  9.492  35.558 0.0000000000
130858  44.949  8.034  34.260 0.0000000000
132067  45.323  8.141  33.165 0.0000000000
127409  54.912  4.044  37.802 0.0000000000
127411  53.310  4.518  37.418 0.0000000000
127430  54.029  4.809  36.810 0.0000000000
127449  53.723  4.771  35.857 0.0000000000
127466  53.336  4.733  34.937 0.0000000000
129699  53.501  6.410  31.281 0.0000000000
129686  52.936  5.980  32.186 0.0000000000
130882  52.544  7.086  30.970 0.0000000000
129701  51.810  6.549  31.195 0.0000000000
129703  49.703  6.360  31.000 0.0000000000
129704  48.761  6.506  31.175 0.0000000000
129722  49.342  6.836  30.541 0.0000000000
130913  49.133  7.937  29.636 0.0000000000
132101  48.920  8.427  29.181 0.0000000000
132110  48.843  8.387  28.465 0.0000000000
130930  49.145  7.459  27.864 0.0000000000
129741  49.199  6.936  27.830 0.0000000000
124414  49.752  2.031  30.335 0.0000000000
127532  49.714  4.026  29.911 0.0000000000
125422  49.485  2.638  30.271 0.0000000000
125423  48.743  2.520  30.445 0.0000000000
125416  48.165  2.417  30.982 0.0000000000
126461  47.783  3.307  31.462 0.0000000000
124406  47.895  1.400  31.391 0.0000000000
134087  49.421  10.205  39.250 0.0000000000
133142  41.715  9.109  35.997 0.0000000000
132070  40.824  7.791  33.879 0.0000000000
130867  41.285  7.468  33.344 0.0000000000
123223  48.598  0.279  49.363 0.0000000000
122161  47.783  -0.516  48.947 0.0000000000
121157  49.151  -1.379  50.324 0.0000000000
121172  48.447  -1.583  49.107 0.0000000000
121187  47.376  -1.286  47.875 0.0000000000
121186  48.559  -1.821  47.647 0.0000000000
121199  49.003  -1.534  46.490 0.0000000000
121204  50.095  -1.561  45.390 0.0000000000
120259  43.439  -2.656  42.013 0.0000000000
120278  43.541  -2.994  40.294 0.0000000000
120281  44.172  -2.585  39.810 0.0000000000
120285  44.163  -2.712  38.868 0.0000000000
121262  44.801  -1.962  38.111 0.0000000000
120294  45.730  -2.064  37.332 0.0000000000
120306  46.035  -2.531  36.658 0.0000000000
120305  46.744  -2.122  36.329 0.0000000000
120314  47.731  -2.054  35.462 0.0000000000
137970  51.065  14.028  32.570 0.0000000000
137978  49.502  14.038  30.631 0.0000000000
137980  47.977  14.581  30.814 0.0000000000
137981  46.849  14.506  31.092 0.0000000000
137016  45.585  13.981  31.126 0.0000000000
137017  44.809  13.065  31.502 0.0000000000
137028  44.536  13.371  30.540 0.0000000000
137041  44.082  13.186  29.970 0.0000000000
136065  44.001  12.773  29.343 0.0000000000
137048  45.202  13.561  28.638 0.0000000000
136072  44.301  12.565  28.790 0.0000000000
134186  43.779  10.937  28.914 0.0000000000
133183  44.286  10.036  29.142 0.0000000000
130927  45.182  8.426  28.818 0.0000000000
130916  45.534  7.636  29.192 0.0000000000
127371  44.386  4.705  41.662 0.0000000000
128485  44.360  5.703  41.025 0.0000000000
127373  44.396  4.660  40.610 0.0000000000
127384  44.795  4.654  39.437 0.0000000000
127400  44.836  5.182  38.704 0.0000000000
126367  47.273  3.589  38.891 0.0000000000
127398  46.637  4.176  38.661 0.0000000000
127417  45.714  5.173  37.687 0.0000000000
128515  46.138  5.214  36.680 0.0000000000
128528  46.585  5.363  36.121 0.0000000000
127455  47.548  4.930  35.624 0.0000000000
128567  56.816  5.192  33.933 0.0000000000
128568  56.069  5.604  33.910 0.0000000000
128585  56.490  5.437  32.990 0.0000000000
128601  56.110  5.531  32.297 0.0000000000
129683  55.056  6.165  31.569 0.0000000000
126455  55.468  3.848  31.509 0.0000000000
128603  55.240  5.517  31.176 0.0000000000
129715  54.997  6.046  30.752 0.0000000000
128619  53.994  5.892  30.680 0.0000000000
128620  53.043  5.906  30.504 0.0000000000
129719  51.809  6.205  29.826 0.0000000000
128630  51.411  5.697  29.709 0.0000000000
128621  51.975  5.835  30.354 0.0000000000
127530  51.337  4.675  30.306 0.0000000000
126465  50.600  3.579  30.374 0.0000000000
125413  51.368  2.583  31.292 0.0000000000
125421  50.178  2.612  30.428 0.0000000000
124404  49.511  1.195  30.894 0.0000000000
123396  49.386  0.657  31.030 0.0000000000
121334  48.679  -1.738  30.738 0.0000000000
119347  49.008  -3.609  30.355 0.0000000000
118237  48.811  -4.534  30.425 0.0000000000
118002  45.654  -4.045  50.594 0.0000000000
118029  46.244  -4.410  49.871 0.0000000000
116937  45.575  -4.683  49.679 0.0000000000
116964  45.372  -5.535  48.753 0.0000000000
118057  44.735  -5.131  47.664 0.0000000000
116966  43.605  -5.876  48.046 0.0000000000
118058  43.979  -5.096  47.419 0.0000000000
118079  44.357  -4.285  46.282 0.0000000000
119199  43.589  -3.579  45.214 0.0000000000
119213  43.521  -3.182  44.350 0.0000000000
119225  42.586  -3.302  43.162 0.0000000000
136023  51.305  12.795  33.733 0.0000000000
136031  50.393  12.866  32.483 0.0000000000
135076  49.772  12.348  34.820 0.0000000000
136017  49.382  12.314  33.758 0.0000000000
136032  49.744  12.599  32.298 0.0000000000
136027  48.328  12.292  32.764 0.0000000000
136034  47.866  12.573  32.033 0.0000000000
135106  46.354  12.211  31.592 0.0000000000
124303  53.475  1.720  40.221 0.0000000000
125330  52.650  2.461  39.921 0.0000000000
124319  53.734  2.022  39.617 0.0000000000
125345  54.131  2.746  39.071 0.0000000000
125353  54.232  3.169  38.443 0.0000000000
125364  52.966  3.301  37.019 0.0000000000
126397  53.656  3.310  37.196 0.0000000000
126378  54.645  3.634  37.717 0.0000000000
126377  55.536  3.797  37.289 0.0000000000
127447  55.961  4.090  36.493 0.0000000000
126408  56.269  3.967  35.330 0.0000000000
122289  53.791  0.308  33.089 0.0000000000
123353  54.113  0.862  33.032 0.0000000000
124375  54.772  1.722  33.319 0.0000000000
123365  55.918  0.585  32.605 0.0000000000
124388  55.536  1.417  32.865 0.0000000000
124374  55.652  2.107  33.135 0.0000000000
125392  55.375  2.821  33.927 0.0000000000
126438  56.382  3.427  33.749 0.0000000000
127483  56.795  4.264  33.884 0.0000000000
127501  57.352  4.106  33.059 0.0000000000
126453  57.467  3.745  31.916 0.0000000000
125408  57.388  2.706  31.525 0.0000000000
124413  58.012  1.194  30.592 0.0000000000
123376  57.578  1.126  30.553 0.0000000000
123377  56.804  0.885  30.676 0.0000000000
122314  54.833  -0.604  30.844 0.0000000000
121329  53.941  -1.647  30.603 0.0000000000
120370  53.510  -2.627  30.450 0.0000000000
119342  54.262  -3.461  30.333 0.0000000000
128477  47.675  5.239  43.647 0.0000000000
128478  46.436  5.509  43.271 0.0000000000
128479  45.728  5.128  43.153 0.0000000000
127364  45.120  4.342  43.234 0.0000000000
124262  48.026  1.472  47.886 0.0000000000
124271  47.506  1.918  47.321 0.0000000000
124275  46.377  1.910  46.085 0.0000000000
123246  46.118  0.693  46.694 0.0000000000
124276  45.711  1.769  45.519 0.0000000000
125294  45.951  2.501  45.328 0.0000000000
125300  44.932  2.719  44.147 0.0000000000
126324  44.801  3.619  43.261 0.0000000000
126326  44.476  3.677  42.248 0.0000000000
125308  44.528  2.631  41.751 0.0000000000
125320  45.366  2.491  40.723 0.0000000000
125319  46.496  1.911  40.324 0.0000000000
123278  46.469  0.647  41.836 0.0000000000
124310  47.057  1.052  40.819 0.0000000000
125318  47.522  1.608  40.279 0.0000000000
125317  48.206  1.392  40.356 0.0000000000
124323  50.298  1.712  40.423 0.0000000000
124306  51.255  1.454  41.006 0.0000000000
118046  47.331  -4.315  49.481 0.0000000000
118054  47.344  -4.354  48.625 0.0000000000
119179  48.146  -4.004  47.995 0.0000000000
119187  46.738  -4.086  46.568 0.0000000000
119185  48.887  -3.548  47.284 0.0000000000
120228  49.245  -2.694  45.413 0.0000000000
120233  49.898  -2.376  45.027 0.0000000000
121212  50.021  -1.723  44.775 0.0000000000
120258  44.480  -2.658  42.257 0.0000000000
120257  45.430  -2.699  42.497 0.0000000000
120256  46.370  -2.735  42.723 0.0000000000
121231  46.225  -2.203  40.692 0.0000000000
121225  47.237  -2.298  41.628 0.0000000000
120255  47.361  -2.711  42.931 0.0000000000
121217  48.571  -2.260  43.441 0.0000000000
121216  49.292  -1.603  43.749 0.0000000000
122198  49.792  -0.955  44.202 0.0000000000
122205  49.731  -0.578  43.187 0.0000000000
122221  49.516  -0.669  40.486 0.0000000000
122220  50.175  -0.642  41.088 0.0000000000
122212  51.336  -0.174  42.265 0.0000000000
122211  51.960  -0.125  42.393 0.0000000000
123271  52.487  0.566  41.172 0.0000000000
124304  53.083  1.195  40.828 0.0000000000
124321  52.578  0.847  39.843 0.0000000000
125366  51.076  2.097  36.663 0.0000000000
124350  49.967  1.200  36.914 0.0000000000
124349  50.410  1.467  36.423 0.0000000000
125376  50.846  1.857  36.021 0.0000000000
124366  51.160  0.974  34.876 0.0000000000
123344  51.452  0.377  34.249 0.0000000000
122291  52.281  -0.732  33.321 0.0000000000
121276  48.252  -1.503  35.373 0.0000000000
121287  48.713  -1.848  34.810 0.0000000000
121286  49.438  -1.502  34.535 0.0000000000
119310  49.711  -3.640  33.945 0.0000000000
120336  49.977  -2.589  33.920 0.0000000000
121285  50.074  -1.613  34.122 0.0000000000
121295  51.494  -1.664  33.430 0.0000000000
120182  45.663  -3.205  50.582 0.0000000000
119147  44.497  -3.362  50.364 0.0000000000
118004  43.751  -4.355  50.936 0.0000000000
118005  42.892  -4.682  51.095 0.0000000000
119149  42.795  -3.526  50.120 0.0000000000
119131  42.354  -4.236  50.446 0.0000000000
116913  42.599  -5.472  50.823 0.0000000000
116941  41.846  -6.070  50.549 0.0000000000
118008  39.757  -4.895  50.515 0.0000000000
115752  40.026  -5.861  50.151 0.0000000000
115774  39.686  -6.127  49.444 0.0000000000
138818  46.520  16.254  35.439 0.0000000000
138829  47.054  15.761  34.752 0.0000000000
137945  46.386  15.237  35.255 0.0000000000
135056  44.538  12.061  35.850 0.0000000000
135069  44.212  11.351  34.937 0.0000000000
135081  44.126  11.296  33.920 0.0000000000
133154  42.351  9.774  33.731 0.0000000000
130876  41.681  7.748  32.612 0.0000000000
136047  44.128  12.686  31.200 0.0000000000
136038  43.659  12.167  31.483 0.0000000000
135101  43.130  10.974  31.606 0.0000000000
134176  42.859  10.201  30.739 0.0000000000
134166  42.743  10.508  31.319 0.0000000000
134167  42.195  10.007  31.696 0.0000000000
129674  42.788  6.476  33.245 0.0000000000
128578  44.439  5.478  33.401 0.0000000000
131982  48.327  8.170  42.148 0.0000000000
133095  49.078  9.575  40.029 0.0000000000
133106  48.867  9.900  39.402 0.0000000000
134099  48.530  10.165  38.462 0.0000000000
129611  44.530  6.606  40.330 0.0000000000
130804  44.784  7.527  40.496 0.0000000000
132021  45.873  8.614  39.795 0.0000000000
132033  44.737  7.975  38.287 0.0000000000
132032  45.242  8.463  38.686 0.0000000000
133109  46.396  8.999  39.529 0.0000000000
133118  46.470  9.236  38.742 0.0000000000
133117  47.361  9.689  38.414 0.0000000000
134109  47.649  10.105  37.695 0.0000000000
134120  47.824  10.539  36.581 0.0000000000
134130  46.713  10.448  35.834 0.0000000000
134139  46.833  11.215  34.651 0.0000000000
134140  46.000  10.321  34.972 0.0000000000
134147  46.486  11.300  34.065 0.0000000000
135089  46.226  11.347  32.905 0.0000000000
134155  45.568  10.722  32.563 0.0000000000
134164  45.351  10.836  31.417 0.0000000000
126344  52.012  3.122  39.232 0.0000000000
126363  51.159  3.584  38.440 0.0000000000
126383  50.258  3.692  37.680 0.0000000000
126381  52.228  4.216  37.774 0.0000000000
126382  51.399  4.038  37.478 0.0000000000
126400  49.561  3.691  37.098 0.0000000000
127434  49.530  3.822  36.573 0.0000000000
127454  48.283  4.590  35.324 0.0000000000
128540  48.062  5.146  34.589 0.0000000000
127485  53.794  5.015  34.252 0.0000000000
127487  52.037  4.799  33.965 0.0000000000
128589  52.350  5.682  32.424 0.0000000000
128572  51.715  5.199  33.178 0.0000000000
127488  51.102  4.620  33.769 0.0000000000
127489  50.071  4.592  33.423 0.0000000000
127491  48.638  4.994  33.814 0.0000000000
128555  47.555  5.579  34.055 0.0000000000
129659  47.299  6.121  33.556 0.0000000000
129671  46.816  6.677  33.260 0.0000000000
130873  46.297  7.315  32.653 0.0000000000
129705  48.113  6.801  31.510 0.0000000000
132073  46.110  8.021  32.099 0.0000000000
132083  45.488  9.093  31.023 0.0000000000
133167  45.371  9.976  30.712 0.0000000000
134174  45.555  10.899  30.237 0.0000000000
133175  45.720  9.971  29.510 0.0000000000
133182  45.946  10.296  28.434 0.0000000000
133181  46.627  9.874  27.883 0.0000000000
132112  47.051  9.066  27.786 0.0000000000
133188  46.442  9.593  27.726 0.0000000000
132113  46.240  9.151  27.760 0.0000000000
130915  46.249  7.629  28.729 0.0000000000
129734  46.368  6.985  29.332 0.0000000000
128631  50.720  5.780  29.141 0.0000000000
128632  49.928  5.487  28.836 0.0000000000
128641  49.025  6.307  28.070 0.0000000000
126473  49.115  4.315  29.763 0.0000000000
127542  48.872  4.753  29.590 0.0000000000
128634  48.101  6.157  29.250 0.0000000000
129723  46.925  6.434  29.922 0.0000000000
129724  46.201  6.641  30.192 0.0000000000
128610  46.952  5.260  31.642 0.0000000000
127506  46.860  4.278  32.397 0.0000000000
126449  47.341  3.213  32.232 0.0000000000
126450  46.698  3.202  32.831 0.0000000000
118234  51.838  -4.543  30.434 0.0000000000
115751  40.979  -5.835  50.301 0.0000000000
115770  43.035  -6.188  49.685 0.0000000000
115772  41.675  -6.041  50.017 0.0000000000
115789  43.087  -6.403  49.366 0.0000000000
116912  43.496  -4.925  50.649 0.0000000000
116914  41.574  -5.727  50.611 0.0000000000
116936  45.941  -4.635  49.626 0.0000000000
116938  44.562  -4.822  50.024 0.0000000000
116940  42.271  -6.016  50.456 0.0000000000
116955  45.983  -4.794  49.459 0.0000000000
116956  45.572  -5.223  49.298 0.0000000000
117167  48.683  -5.395  30.552 0.0000000000
118001  46.548  -3.826  50.430 0.0000000000
118007  40.840  -4.968  50.683 0.0000000000
118028  47.307  -3.991  50.190 0.0000000000
118030  45.241  -4.415  50.249 0.0000000000
118031  44.825  -4.484  50.406 0.0000000000
118048  45.972  -5.165  48.703 0.0000000000
118069  44.750  -4.522  46.882 0.0000000000
118070  43.621  -4.867  46.774 0.0000000000
119123  49.323  -2.520  50.708 0.0000000000
119124  49.080  -2.842  50.839 0.0000000000
119126  46.883  -3.253  50.515 0.0000000000
119128  45.146  -3.619  50.629 0.0000000000
119129  44.164  -3.833  50.876 0.0000000000
119151  40.650  -3.766  49.566 0.0000000000
119166  48.929  -3.456  49.279 0.0000000000
119177  49.381  -3.087  48.645 0.0000000000
119184  49.327  -3.081  47.546 0.0000000000
119186  47.751  -3.807  47.056 0.0000000000
119189  45.035  -3.896  46.257 0.0000000000
119194  48.832  -3.172  46.209 0.0000000000
119196  46.684  -3.569  45.756 0.0000000000
119197  45.718  -3.543  45.687 0.0000000000
119223  44.215  -2.845  43.885 0.0000000000
119344  52.110  -3.622  30.598 0.0000000000
120177  49.498  -2.296  50.478 0.0000000000
120178  49.293  -2.209  50.874 0.0000000000
120181  46.227  -2.860  50.599 0.0000000000
120188  49.543  -2.512  49.933 0.0000000000
120191  45.296  -2.716  50.089 0.0000000000
120194  42.462  -3.039  49.408 0.0000000000
120207  49.112  -2.118  48.769 0.0000000000
120224  49.611  -2.396  46.531 0.0000000000
120226  50.275  -2.199  45.883 0.0000000000
120227  49.749  -2.588  45.858 0.0000000000
120232  50.205  -2.238  45.427 0.0000000000
120234  48.995  -2.515  44.808 0.0000000000
120235  47.071  -3.191  44.484 0.0000000000
120243  49.439  -2.130  44.469 0.0000000000
120248  44.570  -2.818  43.116 0.0000000000
120254  48.186  -2.785  43.272 0.0000000000
120265  46.965  -2.623  42.280 0.0000000000
120266  46.234  -2.469  41.944 0.0000000000
120267  45.259  -2.402  41.753 0.0000000000
120268  44.316  -2.549  41.456 0.0000000000
120282  43.601  -3.011  39.502 0.0000000000
120284  44.819  -2.357  39.510 0.0000000000
120286  43.618  -2.967  39.102 0.0000000000
120295  45.178  -2.526  37.584 0.0000000000
120296  44.693  -2.547  38.242 0.0000000000
120324  49.667  -2.079  34.274 0.0000000000
120337  49.447  -3.100  34.100 0.0000000000
120364  58.689  -1.426  30.934 0.0000000000
121147  49.456  -1.850  50.642 0.0000000000
121156  49.519  -1.945  49.879 0.0000000000
121171  49.285  -1.986  49.229 0.0000000000
121173  47.614  -1.073  48.635 0.0000000000
121188  46.732  -0.883  47.373 0.0000000000
121197  50.368  -1.914  45.836 0.0000000000
121198  49.938  -1.767  46.188 0.0000000000
121200  47.910  -1.413  46.771 0.0000000000
121203  50.353  -1.976  45.385 0.0000000000
121211  50.232  -2.087  45.133 0.0000000000
121213  49.413  -1.021  45.120 0.0000000000
121214  48.955  -1.000  45.179 0.0000000000
121226  46.415  -2.352  41.384 0.0000000000
121228  49.453  -0.772  40.901 0.0000000000
121240  45.506  -2.075  39.903 0.0000000000
121250  44.750  -2.325  38.493 0.0000000000
121268  47.191  -1.628  36.305 0.0000000000
121269  46.697  -1.832  36.708 0.0000000000
121277  47.593  -1.609  35.778 0.0000000000
121296  50.644  -1.694  33.712 0.0000000000
121311  58.838  -0.967  31.010 0.0000000000
121318  50.712  -0.902  31.207 0.0000000000
122171  47.310  -0.705  48.345 0.0000000000
122183  45.910  0.103  46.225 0.0000000000
122185  49.843  -1.266  45.178 0.0000000000
122186  49.658  -1.096  45.064 0.0000000000
122187  47.481  -1.177  45.466 0.0000000000
122188  46.515  -0.523  45.588 0.0000000000
122201  46.728  -0.243  43.774 0.0000000000
122203  51.926  0.023  42.599 0.0000000000
122204  51.656  -0.024  42.511 0.0000000000
122207  47.952  0.091  42.164 0.0000000000
122208  47.651  0.076  42.214 0.0000000000
122214  47.704  0.098  41.931 0.0000000000
122215  47.394  0.031  41.969 0.0000000000
122218  51.907  -0.329  41.965 0.0000000000
122219  51.188  -0.365  41.523 0.0000000000
122228  50.806  -0.423  40.789 0.0000000000
122260  48.933  -0.027  36.410 0.0000000000
122262  47.700  -0.972  36.605 0.0000000000
122311  58.018  -0.098  31.634 0.0000000000
122313  56.206  -1.004  31.740 0.0000000000
122318  50.659  -0.207  31.286 0.0000000000
122319  49.906  0.341  31.246 0.0000000000
122325  58.811  -0.346  30.872 0.0000000000
122326  58.392  -0.467  30.589 0.0000000000
123224  47.539  0.509  48.416 0.0000000000
123225  46.993  0.144  48.106 0.0000000000
123247  45.723  0.766  45.974 0.0000000000
123255  45.410  0.632  44.144 0.0000000000
123257  48.693  -0.079  43.120 0.0000000000
123258  47.886  0.075  43.200 0.0000000000
123262  52.055  0.260  42.345 0.0000000000
123263  51.681  0.239  42.478 0.0000000000
123264  49.841  -0.036  42.467 0.0000000000
123272  52.216  0.181  41.831 0.0000000000
123273  51.269  0.301  42.395 0.0000000000
123274  50.428  0.412  42.202 0.0000000000
123277  47.249  0.363  41.589 0.0000000000
123280  52.674  0.654  40.564 0.0000000000
123284  49.642  0.785  41.667 0.0000000000
123293  52.709  0.746  40.117 0.0000000000
123296  50.300  -0.097  39.717 0.0000000000
123304  51.851  0.730  39.519 0.0000000000
123324  49.970  0.976  36.418 0.0000000000
123326  48.970  0.107  36.709 0.0000000000
123346  49.903  -0.159  34.814 0.0000000000
123356  51.793  -0.113  33.693 0.0000000000
123363  57.807  0.964  31.943 0.0000000000
123374  58.631  0.318  31.118 0.0000000000
123380  52.435  0.613  31.452 0.0000000000
123391  58.692  0.175  30.869 0.0000000000
123392  58.552  0.138  30.691 0.0000000000
123393  57.821  0.406  30.484 0.0000000000
123395  55.929  -0.373  30.536 0.0000000000
124263  47.238  1.341  47.514 0.0000000000
124273  46.073  1.353  46.241 0.0000000000
124284  44.605  2.111  43.500 0.0000000000
124286  51.626  0.528  42.247 0.0000000000
124287  51.390  0.505  42.323 0.0000000000
124289  44.660  1.931  42.671 0.0000000000
124292  52.452  0.793  41.408 0.0000000000
124293  51.872  0.729  41.742 0.0000000000
124295  50.444  0.937  41.999 0.0000000000
124296  46.516  1.036  41.377 0.0000000000
124305  52.384  1.327  41.103 0.0000000000
124308  48.956  1.106  40.728 0.0000000000
124311  46.171  1.553  40.944 0.0000000000
124320  53.104  1.218  39.964 0.0000000000
124324  49.455  1.573  40.386 0.0000000000
124331  53.893  2.269  39.146 0.0000000000
124333  52.063  1.151  39.195 0.0000000000
124343  49.919  0.968  37.312 0.0000000000
124356  51.318  1.542  35.104 0.0000000000
124365  51.731  1.317  34.626 0.0000000000
124377  52.998  1.231  33.684 0.0000000000
124385  57.919  1.753  31.813 0.0000000000
124395  58.560  0.580  30.918 0.0000000000
124397  57.311  1.715  30.967 0.0000000000
124403  50.015  1.591  30.820 0.0000000000
124405  48.292  1.077  31.086 0.0000000000
124412  58.367  0.705  30.746 0.0000000000
125288  47.681  2.525  46.657 0.0000000000
125289  46.876  2.323  46.276 0.0000000000
125293  46.509  2.622  45.677 0.0000000000
125298  46.187  2.909  45.200 0.0000000000
125299  45.591  2.686  44.812 0.0000000000
125302  44.691  2.759  43.579 0.0000000000
125307  45.042  2.068  41.520 0.0000000000
125313  53.318  1.745  40.434 0.0000000000
125314  52.986  1.828  40.533 0.0000000000
125316  51.281  1.995  40.329 0.0000000000
125321  44.673  3.105  41.020 0.0000000000
125329  53.603  2.367  39.927 0.0000000000
125336  46.106  2.685  39.856 0.0000000000
125344  54.212  3.174  38.693 0.0000000000
125346  53.863  2.481  38.742 0.0000000000
125354  54.116  2.944  38.338 0.0000000000
125357  51.707  2.117  37.398 0.0000000000
125363  53.641  3.326  36.810 0.0000000000
125372  54.535  3.274  35.871 0.0000000000
125375  51.453  2.114  35.661 0.0000000000
125394  53.564  2.018  34.059 0.0000000000
125401  57.045  2.554  32.682 0.0000000000
125403  47.564  2.336  31.742 0.0000000000
125415  48.470  2.971  30.719 0.0000000000
125420  50.803  2.899  30.735 0.0000000000
125424  48.412  1.980  30.647 0.0000000000
126308  47.771  2.936  45.984 0.0000000000
126320  45.483  3.529  43.985 0.0000000000
126321  44.956  3.139  43.738 0.0000000000
126329  44.465  3.737  41.290 0.0000000000
126333  45.374  3.307  40.140 0.0000000000
126342  53.919  3.120  39.311 0.0000000000
126346  49.769  2.883  39.152 0.0000000000
126349  46.711  3.365  39.402 0.0000000000
126359  54.364  3.549  38.251 0.0000000000
126360  54.120  3.397  38.611 0.0000000000
126379  53.969  3.177  37.666 0.0000000000
126380  53.517  3.138  37.495 0.0000000000
126394  55.751  3.788  36.711 0.0000000000
126395  55.073  3.610  36.894 0.0000000000
126396  54.215  3.412  36.969 0.0000000000
126398  51.020  4.027  36.560 0.0000000000
126399  50.276  3.802  36.740 0.0000000000
126409  55.746  3.912  35.787 0.0000000000
126412  50.953  4.037  36.090 0.0000000000
126422  56.450  3.866  34.971 0.0000000000
126423  56.049  3.524  34.763 0.0000000000
126425  48.688  4.402  33.947 0.0000000000
126426  48.591  4.675  33.939 0.0000000000
126436  57.381  3.661  33.027 0.0000000000
126439  48.906  4.395  33.751 0.0000000000
126440  48.764  4.648  33.753 0.0000000000
126446  57.526  3.475  32.503 0.0000000000
126447  57.366  3.177  32.862 0.0000000000
126448  56.853  3.127  33.111 0.0000000000
126460  48.211  3.239  30.914 0.0000000000
127351  48.215  4.064  45.241 0.0000000000
127357  46.940  4.216  44.369 0.0000000000
127362  46.781  4.641  43.731 0.0000000000
127363  45.787  4.507  43.508 0.0000000000
127367  45.337  4.846  43.042 0.0000000000
127368  44.751  4.655  42.622 0.0000000000
127382  46.230  3.837  39.254 0.0000000000
127394  54.198  4.082  38.279 0.0000000000
127396  52.755  4.328  37.850 0.0000000000
127399  45.496  4.891  38.373 0.0000000000
127408  55.396  3.908  37.515 0.0000000000
127410  54.207  4.438  37.639 0.0000000000
127412  52.341  4.369  37.187 0.0000000000
127414  48.476  3.872  37.580 0.0000000000
127427  56.093  4.687  36.382 0.0000000000
127428  55.996  4.253  37.044 0.0000000000
127432  52.134  4.414  36.313 0.0000000000
127433  51.386  4.219  36.139 0.0000000000
127437  46.539  4.919  36.596 0.0000000000
127446  56.126  4.464  35.925 0.0000000000
127450  52.724  4.577  35.666 0.0000000000
127463  56.628  4.339  35.021 0.0000000000
127464  56.453  3.970  34.560 0.0000000000
127467  52.398  4.525  34.789 0.0000000000
127471  48.500  4.737  34.279 0.0000000000
127482  57.226  3.916  33.339 0.0000000000
127484  56.293  3.886  34.197 0.0000000000
127486  52.941  5.002  34.139 0.0000000000
127490  49.104  4.862  33.474 0.0000000000
127503  49.575  4.927  32.906 0.0000000000
127514  57.353  4.250  32.529 0.0000000000
127517  54.602  4.983  31.313 0.0000000000
127520  51.704  3.999  30.868 0.0000000000
127522  47.157  4.660  31.875 0.0000000000
127534  47.938  4.479  30.625 0.0000000000
128473  47.783  4.806  44.140 0.0000000000
128505  45.366  5.433  37.795 0.0000000000
128516  45.578  5.513  37.127 0.0000000000
128517  45.085  5.805  37.536 0.0000000000
128524  56.464  4.902  36.095 0.0000000000
128526  55.783  4.669  36.606 0.0000000000
128527  47.168  5.222  35.745 0.0000000000
128538  56.392  5.202  35.826 0.0000000000
128539  55.701  5.120  36.247 0.0000000000
128541  47.493  5.319  35.090 0.0000000000
128542  46.743  5.541  35.368 0.0000000000
128551  56.888  4.885  34.703 0.0000000000
128552  56.539  5.232  34.883 0.0000000000
128554  48.241  5.200  34.009 0.0000000000
128557  46.321  5.776  35.006 0.0000000000
128574  49.026  5.264  33.096 0.0000000000
128576  47.704  5.848  33.443 0.0000000000
128586  55.414  5.816  32.550 0.0000000000
128592  49.311  5.471  32.551 0.0000000000
128594  46.563  5.005  32.430 0.0000000000
128602  55.586  5.668  31.609 0.0000000000
128606  50.075  5.965  31.731 0.0000000000
128608  48.747  6.191  31.798 0.0000000000
128617  55.268  5.900  30.903 0.0000000000
128618  54.773  5.763  30.803 0.0000000000
128633  48.797  5.695  28.895 0.0000000000
128639  50.243  6.059  28.406 0.0000000000
128640  49.577  6.106  28.141 0.0000000000
129597  48.558  6.836  43.260 0.0000000000
129599  46.792  6.603  42.868 0.0000000000
129601  45.075  6.391  42.157 0.0000000000
129604  45.375  6.965  41.918 0.0000000000
129605  44.798  6.750  41.332 0.0000000000
129629  44.631  6.454  38.455 0.0000000000
129645  45.391  6.194  36.652 0.0000000000
129653  45.268  6.756  36.537 0.0000000000
129669  48.175  6.123  32.527 0.0000000000
129675  42.023  6.614  33.372 0.0000000000
129685  53.493  6.035  32.011 0.0000000000
129688  47.806  6.553  32.149 0.0000000000
129691  43.154  6.719  32.596 0.0000000000
129697  55.095  6.183  31.000 0.0000000000
129698  54.372  6.276  31.140 0.0000000000
129700  52.716  6.293  31.562 0.0000000000
129702  50.791  6.681  30.895 0.0000000000
129706  47.529  7.020  31.638 0.0000000000
129708  44.402  6.826  31.673 0.0000000000
129716  54.501  6.106  30.786 0.0000000000
129717  53.386  6.412  30.699 0.0000000000
129718  52.374  6.620  29.922 0.0000000000
129721  50.095  6.860  30.387 0.0000000000
129725  45.591  6.867  30.666 0.0000000000
129729  52.046  6.979  29.561 0.0000000000
129730  51.386  6.570  29.497 0.0000000000
129733  47.375  6.557  29.108 0.0000000000
129749  48.929  7.397  27.741 0.0000000000
129751  48.149  7.471  27.706 0.0000000000
130780  49.112  7.152  43.247 0.0000000000
130786  47.521  7.515  42.465 0.0000000000
130788  45.911  7.310  42.005 0.0000000000
130793  45.612  7.408  41.375 0.0000000000
130803  45.516  7.810  40.757 0.0000000000
130815  44.546  7.380  39.683 0.0000000000
130835  44.629  7.247  37.936 0.0000000000
130842  45.134  7.695  36.917 0.0000000000
130843  45.073  7.294  37.191 0.0000000000
130851  45.231  7.050  36.797 0.0000000000
130864  46.274  7.095  33.390 0.0000000000
130865  45.567  7.396  33.678 0.0000000000
130866  45.041  8.155  33.663 0.0000000000
130874  45.673  7.857  32.770 0.0000000000
130875  42.438  7.573  32.265 0.0000000000
130881  53.009  6.847  31.169 0.0000000000
130884  51.030  7.257  30.372 0.0000000000
130885  48.302  6.924  30.978 0.0000000000
130886  47.829  7.243  30.967 0.0000000000
130896  52.419  7.237  30.223 0.0000000000
130899  49.575  7.371  30.026 0.0000000000
130903  45.190  7.575  30.281 0.0000000000
130914  48.456  8.005  29.616 0.0000000000
130922  49.509  7.605  28.375 0.0000000000
130923  49.030  8.097  28.075 0.0000000000
130926  45.883  8.355  28.437 0.0000000000
130931  48.878  7.836  27.793 0.0000000000
130932  48.335  7.963  27.621 0.0000000000
131983  47.607  8.153  41.936 0.0000000000
131996  47.152  8.407  41.472 0.0000000000
132008  47.014  8.706  40.762 0.0000000000
132009  46.174  8.434  40.481 0.0000000000
132010  45.289  8.244  40.196 0.0000000000
132011  44.697  8.063  39.850 0.0000000000
132022  45.233  8.414  39.469 0.0000000000
132031  45.809  8.835  39.106 0.0000000000
132042  44.883  7.886  37.524 0.0000000000
132061  44.794  8.689  34.006 0.0000000000
132075  45.036  8.966  32.928 0.0000000000
132090  47.275  8.345  29.802 0.0000000000
132100  49.300  8.178  29.245 0.0000000000
132104  44.636  9.111  29.262 0.0000000000
132105  44.038  9.504  29.606 0.0000000000
132109  49.361  8.260  28.904 0.0000000000
132111  48.073  8.552  27.954 0.0000000000
132119  48.520  8.208  27.750 0.0000000000
133097  46.811  8.937  40.092 0.0000000000
133116  47.959  10.015  38.630 0.0000000000
133124  47.115  9.697  37.795 0.0000000000
133146  44.833  9.072  33.708 0.0000000000
133161  42.530  10.020  33.044 0.0000000000
133168  42.321  9.661  31.483 0.0000000000
133169  41.968  9.596  31.969 0.0000000000
133176  43.098  9.795  30.430 0.0000000000
133177  42.638  9.721  30.942 0.0000000000
134088  48.742  10.078  39.112 0.0000000000
134100  47.879  10.006  38.301 0.0000000000
134127  49.699  11.662  35.422 0.0000000000
134194  44.311  11.640  28.560 0.0000000000
135055  50.463  11.651  35.659 0.0000000000
135067  48.876  11.671  35.000 0.0000000000
135079  47.556  11.626  34.237 0.0000000000
135086  48.817  12.110  33.883 0.0000000000
135098  46.002  11.480  31.982 0.0000000000
135108  43.279  11.486  30.999 0.0000000000
135109  43.123  10.980  31.296 0.0000000000
135121  43.865  12.006  28.813 0.0000000000
135127  44.407  12.189  28.584 0.0000000000
136007  50.213  12.389  34.719 0.0000000000
136016  49.963  12.513  34.129 0.0000000000
136019  45.160  12.342  34.056 0.0000000000
136024  50.673  12.822  33.364 0.0000000000
136025  49.865  12.567  33.187 0.0000000000
136028  45.355  12.676  32.669 0.0000000000
136033  48.956  12.531  32.115 0.0000000000
136042  49.709  12.825  31.443 0.0000000000
136045  46.664  12.701  30.778 0.0000000000
136063  45.753  12.630  28.832 0.0000000000
136069  46.221  13.373  28.685 0.0000000000
136071  44.781  12.728  28.535 0.0000000000
136985  45.395  12.724  34.149 0.0000000000
137002  49.872  13.802  31.232 0.0000000000
137003  47.039  14.301  32.102 0.0000000000
137011  50.114  13.091  31.357 0.0000000000
137014  47.838  13.499  30.339 0.0000000000
137015  46.272  14.231  31.229 0.0000000000
137024  48.863  13.860  29.631 0.0000000000
137026  46.942  13.606  29.389 0.0000000000
137027  45.450  14.002  29.995 0.0000000000
137029  43.989  13.003  30.370 0.0000000000
137036  48.649  14.167  29.426 0.0000000000
137037  48.040  14.177  29.501 0.0000000000
137040  44.854  13.765  29.375 0.0000000000
137047  45.938  13.715  28.512 0.0000000000
137974  47.007  14.356  31.775 0.0000000000
137982  46.151  14.432  30.968 0.0000000000
137987  49.345  13.944  30.200 0.0000000000
137997  48.826  14.091  29.447 0.0000000000
138001  45.334  14.171  28.872 0.0000000000
138007  46.788  14.190  28.794 0.0000000000
138008  46.375  14.240  28.707 0.0000000000
139684  48.015  16.476  34.998 0.0000000000
