#!ascii label  , from subject 3587 vox2ras=TkReg
286
116412  31.696  -5.839  -3.713 0.0000000000
107290  26.391  -14.516  -4.209 0.0000000000
122734  28.346  0.044  -3.937 0.0000000000
133488  28.953  9.731  -3.990 0.0000000000
105004  25.073  -16.395  -4.699 0.0000000000
124781  32.210  1.465  -2.521 0.0000000000
127971  31.009  4.629  -2.472 0.0000000000
115231  27.670  -7.622  -3.727 0.0000000000
112984  29.275  -10.522  -3.658 0.0000000000
114083  30.970  -8.786  -4.553 0.0000000000
119731  33.690  -3.470  -4.994 0.0000000000
117599  32.554  -6.065  -7.913 0.0000000000
120733  29.010  -2.625  -3.725 0.0000000000
120690  32.610  -1.427  -2.538 0.0000000000
131346  28.969  7.659  -3.871 0.0000000000
130169  32.028  7.074  -2.578 0.0000000000
109643  28.144  -13.020  -5.645 0.0000000000
127957  29.661  3.781  -2.789 0.0000000000
127972  29.966  4.654  -2.774 0.0000000000
116415  29.187  -6.477  -3.548 0.0000000000
115246  30.531  -8.110  -3.643 0.0000000000
115245  31.447  -7.516  -4.131 0.0000000000
106129  25.625  -15.609  -4.393 0.0000000000
121704  28.565  -1.373  -3.582 0.0000000000
120711  31.796  -2.295  -2.679 0.0000000000
122702  30.721  -0.676  -2.808 0.0000000000
125816  33.441  2.481  -3.135 0.0000000000
124794  33.443  1.598  -3.650 0.0000000000
134487  27.807  9.984  -4.017 0.0000000000
132452  27.051  7.845  -3.653 0.0000000000
132449  29.099  8.630  -4.222 0.0000000000
135411  33.563  11.280  -4.524 0.0000000000
134499  33.555  10.413  -4.124 0.0000000000
132438  32.519  8.835  -2.856 0.0000000000
132447  33.763  8.632  -3.892 0.0000000000
130196  33.751  7.054  -3.758 0.0000000000
111903  29.819  -11.097  -5.232 0.0000000000
110799  28.260  -11.839  -4.140 0.0000000000
103827  24.103  -17.430  -4.251 0.0000000000
123769  29.959  0.709  -2.708 0.0000000000
125805  29.839  2.232  -2.559 0.0000000000
126884  32.069  3.239  -2.345 0.0000000000
127969  33.257  4.527  -3.095 0.0000000000
112966  27.625  -9.767  -3.611 0.0000000000
114066  28.226  -8.667  -3.498 0.0000000000
112964  29.701  -9.445  -3.497 0.0000000000
113001  30.733  -9.715  -6.212 0.0000000000
118611  32.500  -4.605  -3.855 0.0000000000
116448  32.664  -6.440  -5.727 0.0000000000
117587  33.373  -5.411  -6.917 0.0000000000
118595  28.932  -4.568  -3.599 0.0000000000
119716  28.422  -3.383  -4.376 0.0000000000
118594  29.959  -4.454  -3.390 0.0000000000
119695  31.421  -3.298  -3.003 0.0000000000
119693  33.233  -2.997  -3.203 0.0000000000
121721  33.683  -1.471  -4.431 0.0000000000
122700  32.359  -0.184  -2.544 0.0000000000
122713  33.372  -0.212  -3.369 0.0000000000
130182  28.687  6.667  -3.617 0.0000000000
133486  31.006  9.820  -2.747 0.0000000000
132440  30.576  8.872  -2.489 0.0000000000
130171  30.101  7.139  -2.612 0.0000000000
129034  29.910  6.337  -2.564 0.0000000000
129045  31.480  5.508  -2.427 0.0000000000
129043  33.727  5.567  -3.560 0.0000000000
108448  26.672  -13.407  -4.005 0.0000000000
111880  28.091  -11.136  -3.382 0.0000000000
115281  31.931  -7.134  -6.630 0.0000000000
114132  31.461  -8.420  -7.129 0.0000000000
127973  28.954  4.368  -3.605 0.0000000000
127974  28.188  4.971  -3.698 0.0000000000
116414  30.211  -6.348  -3.319 0.0000000000
115228  30.812  -7.083  -3.573 0.0000000000
116413  31.212  -6.202  -3.485 0.0000000000
101552  23.938  -19.001  -4.269 0.0000000000
102697  23.899  -18.326  -4.265 0.0000000000
107291  25.976  -15.113  -4.158 0.0000000000
122717  28.245  -0.854  -3.703 0.0000000000
121703  29.357  -1.395  -3.437 0.0000000000
122715  29.843  -0.558  -3.357 0.0000000000
126895  34.036  3.500  -3.495 0.0000000000
125814  34.384  2.874  -4.236 0.0000000000
134486  28.048  10.111  -4.134 0.0000000000
133490  27.462  9.498  -3.564 0.0000000000
133510  28.162  9.149  -4.953 0.0000000000
133508  33.761  9.482  -4.468 0.0000000000
132462  34.107  8.339  -4.875 0.0000000000
111923  30.117  -11.265  -6.134 0.0000000000
110797  29.422  -11.746  -5.776 0.0000000000
107277  24.667  -14.516  -3.629 0.0000000000
124796  28.946  1.488  -3.450 0.0000000000
125818  28.650  2.328  -3.673 0.0000000000
127956  30.548  3.844  -2.490 0.0000000000
126886  30.180  3.052  -2.424 0.0000000000
127955  31.409  3.841  -2.394 0.0000000000
126896  33.046  3.424  -2.688 0.0000000000
127970  32.189  4.427  -2.398 0.0000000000
135381  28.425  11.946  -3.406 0.0000000000
114084  30.306  -9.105  -3.506 0.0000000000
112982  30.516  -9.887  -5.333 0.0000000000
114104  30.921  -8.941  -5.892 0.0000000000
105005  24.424  -16.735  -4.482 0.0000000000
103826  24.799  -17.355  -4.568 0.0000000000
118610  33.254  -4.263  -4.500 0.0000000000
117556  33.548  -4.965  -4.938 0.0000000000
118629  33.656  -4.357  -5.411 0.0000000000
117542  28.573  -5.530  -3.721 0.0000000000
119697  29.181  -3.476  -3.643 0.0000000000
119698  28.618  -3.992  -3.905 0.0000000000
119696  30.371  -3.425  -3.316 0.0000000000
118592  32.019  -3.997  -3.245 0.0000000000
120691  32.245  -1.661  -2.467 0.0000000000
120710  32.976  -2.083  -2.637 0.0000000000
120709  33.562  -2.327  -3.612 0.0000000000
121699  33.477  -1.252  -3.408 0.0000000000
124782  31.277  1.381  -2.354 0.0000000000
123768  30.817  0.413  -2.510 0.0000000000
123767  31.828  0.550  -2.411 0.0000000000
123779  33.666  0.634  -3.920 0.0000000000
122733  33.807  -0.398  -4.143 0.0000000000
131347  28.190  7.547  -3.686 0.0000000000
131349  26.725  6.997  -3.910 0.0000000000
131348  27.444  7.177  -3.904 0.0000000000
130184  27.395  6.570  -4.177 0.0000000000
135393  33.347  11.051  -3.853 0.0000000000
136314  33.281  11.744  -3.920 0.0000000000
134469  32.157  10.539  -2.870 0.0000000000
133485  32.048  9.798  -2.860 0.0000000000
131336  32.354  7.948  -2.557 0.0000000000
131337  31.324  7.945  -2.429 0.0000000000
130170  31.086  7.115  -2.733 0.0000000000
129033  30.790  6.339  -2.468 0.0000000000
129031  32.277  6.453  -2.558 0.0000000000
131358  34.320  7.432  -4.802 0.0000000000
130179  33.864  6.416  -3.725 0.0000000000
129042  34.161  6.046  -3.955 0.0000000000
129059  34.147  5.568  -4.566 0.0000000000
109629  25.945  -12.732  -3.575 0.0000000000
111881  26.884  -10.657  -3.540 0.0000000000
110798  28.844  -12.153  -5.438 0.0000000000
109644  27.666  -12.814  -4.418 0.0000000000
109645  27.173  -13.120  -4.134 0.0000000000
116464  32.862  -6.077  -6.665 0.0000000000
115264  32.263  -6.946  -6.288 0.0000000000
116465  32.349  -6.626  -6.967 0.0000000000
126897  28.887  3.196  -3.437 0.0000000000
126907  28.573  3.601  -3.873 0.0000000000
116416  28.126  -6.566  -3.704 0.0000000000
115230  28.761  -7.557  -3.510 0.0000000000
115229  29.856  -7.379  -3.407 0.0000000000
114082  31.742  -7.873  -4.915 0.0000000000
105003  25.931  -16.370  -4.523 0.0000000000
105002  26.736  -16.381  -4.080 0.0000000000
119746  33.750  -3.468  -6.003 0.0000000000
120734  28.351  -2.223  -3.869 0.0000000000
120714  28.959  -2.032  -3.530 0.0000000000
120712  30.779  -2.477  -3.063 0.0000000000
121702  30.340  -1.531  -3.140 0.0000000000
121684  30.884  -1.350  -2.821 0.0000000000
121682  32.226  -0.995  -2.394 0.0000000000
125802  32.642  2.397  -2.569 0.0000000000
124795  32.978  1.544  -2.907 0.0000000000
125827  34.032  2.213  -4.462 0.0000000000
132450  28.486  8.422  -4.219 0.0000000000
134482  33.214  10.538  -3.596 0.0000000000
133496  32.802  9.469  -3.140 0.0000000000
132448  33.225  8.766  -3.254 0.0000000000
131344  33.494  7.799  -3.385 0.0000000000
130168  32.713  7.176  -2.656 0.0000000000
131359  34.039  7.665  -4.123 0.0000000000
132461  34.265  7.775  -5.091 0.0000000000
111904  29.121  -11.304  -3.924 0.0000000000
104992  23.901  -16.408  -3.801 0.0000000000
106116  24.941  -15.445  -4.124 0.0000000000
107276  25.630  -14.608  -4.008 0.0000000000
107275  26.033  -14.264  -4.177 0.0000000000
123799  28.223  0.627  -4.225 0.0000000000
123782  29.384  0.508  -3.433 0.0000000000
123783  28.737  0.904  -3.799 0.0000000000
124784  29.503  1.403  -2.815 0.0000000000
125804  30.735  2.236  -2.335 0.0000000000
126887  29.454  3.043  -2.869 0.0000000000
125803  31.702  2.296  -2.385 0.0000000000
126906  34.237  4.027  -3.978 0.0000000000
134474  27.460  10.389  -3.394 0.0000000000
134473  28.117  10.666  -3.705 0.0000000000
134472  29.103  10.742  -2.990 0.0000000000
112965  28.908  -9.870  -3.600 0.0000000000
114065  29.527  -8.625  -3.329 0.0000000000
112983  29.893  -10.060  -4.086 0.0000000000
111902  30.475  -10.381  -5.869 0.0000000000
111922  30.588  -10.553  -6.328 0.0000000000
117558  32.010  -5.367  -3.926 0.0000000000
117557  32.866  -5.410  -4.634 0.0000000000
116447  33.147  -5.906  -6.258 0.0000000000
117588  32.824  -5.906  -7.345 0.0000000000
118643  33.661  -4.399  -6.480 0.0000000000
117598  33.218  -5.274  -7.995 0.0000000000
117541  29.565  -5.465  -3.430 0.0000000000
117540  30.581  -5.385  -3.218 0.0000000000
118612  31.812  -4.753  -3.433 0.0000000000
119714  32.801  -3.689  -3.673 0.0000000000
119694  32.417  -3.106  -2.967 0.0000000000
119713  33.535  -3.286  -4.017 0.0000000000
120732  33.701  -2.530  -4.669 0.0000000000
121738  33.624  -1.702  -5.652 0.0000000000
123781  30.201  0.093  -3.070 0.0000000000
122701  31.568  -0.385  -2.440 0.0000000000
123780  33.196  0.699  -3.220 0.0000000000
122714  32.865  0.001  -2.966 0.0000000000
129048  28.504  5.615  -3.763 0.0000000000
134471  30.392  10.846  -3.076 0.0000000000
133487  29.945  9.792  -3.025 0.0000000000
132441  29.761  8.816  -3.354 0.0000000000
131339  29.485  7.913  -3.189 0.0000000000
132439  31.646  8.895  -2.390 0.0000000000
131338  30.365  7.963  -2.793 0.0000000000
130172  29.289  6.942  -3.006 0.0000000000
129047  29.414  5.734  -3.183 0.0000000000
129046  30.405  5.525  -2.540 0.0000000000
130180  33.239  6.740  -3.159 0.0000000000
129044  32.635  5.775  -2.664 0.0000000000
129060  33.915  5.034  -4.088 0.0000000000
108449  26.215  -13.719  -4.033 0.0000000000
108464  26.463  -13.929  -4.264 0.0000000000
110781  26.745  -11.796  -3.611 0.0000000000
111905  28.495  -11.453  -3.727 0.0000000000
110780  27.492  -12.188  -3.756 0.0000000000
109628  26.918  -12.906  -3.800 0.0000000000
108463  26.937  -13.612  -4.240 0.0000000000
116449  32.052  -6.786  -5.190 0.0000000000
115265  31.954  -7.260  -5.746 0.0000000000
114103  31.442  -8.119  -5.733 0.0000000000
115298  31.934  -7.012  -7.832 0.0000000000
115299  31.661  -7.454  -7.330 0.0000000000
114118  31.393  -8.239  -6.595 0.0000000000
114119  31.076  -8.976  -6.638 0.0000000000
102695  25.110  -17.829  -4.145 0.0000000000
111879  28.899  -10.752  -3.495 0.0000000000
114133  31.155  -8.993  -6.901 0.0000000000
115244  31.790  -7.130  -4.879 0.0000000000
115282  31.604  -7.442  -6.692 0.0000000000
116430  32.635  -6.050  -4.978 0.0000000000
116431  31.988  -6.365  -4.414 0.0000000000
116432  31.416  -6.821  -3.818 0.0000000000
116466  31.666  -6.975  -7.086 0.0000000000
116480  32.059  -6.862  -7.637 0.0000000000
116481  31.558  -7.112  -7.237 0.0000000000
117539  31.422  -5.343  -3.348 0.0000000000
117573  33.368  -5.417  -5.677 0.0000000000
117574  32.952  -5.881  -5.219 0.0000000000
118593  31.091  -4.414  -2.974 0.0000000000
118653  33.454  -4.261  -7.637 0.0000000000
119715  28.802  -2.932  -4.012 0.0000000000
120713  29.721  -2.427  -3.450 0.0000000000
121683  31.484  -1.332  -2.563 0.0000000000
121700  32.906  -0.896  -2.754 0.0000000000
121701  31.053  -1.809  -2.859 0.0000000000
122716  28.760  -0.450  -3.650 0.0000000000
123766  32.601  0.670  -2.733 0.0000000000
123798  28.675  0.335  -3.806 0.0000000000
124783  30.310  1.375  -2.432 0.0000000000
124806  34.105  2.127  -4.691 0.0000000000
125815  34.030  2.482  -3.979 0.0000000000
125817  29.116  2.279  -3.037 0.0000000000
126885  31.122  3.085  -2.334 0.0000000000
126894  34.405  3.061  -3.966 0.0000000000
126898  28.493  3.001  -3.925 0.0000000000
127958  29.266  3.611  -3.226 0.0000000000
127984  34.154  4.530  -4.364 0.0000000000
127985  33.891  4.524  -3.757 0.0000000000
129032  31.737  6.374  -2.511 0.0000000000
130181  32.630  6.634  -2.642 0.0000000000
130183  27.846  6.402  -4.078 0.0000000000
130195  34.217  6.689  -4.276 0.0000000000
131335  33.032  7.564  -2.858 0.0000000000
131345  32.972  8.182  -2.940 0.0000000000
131360  27.319  6.749  -4.129 0.0000000000
132463  28.485  8.859  -4.592 0.0000000000
132464  28.185  8.866  -4.807 0.0000000000
132465  27.930  8.919  -5.004 0.0000000000
133489  28.288  10.033  -4.114 0.0000000000
133497  28.503  9.154  -4.576 0.0000000000
133509  28.345  9.024  -4.875 0.0000000000
133511  27.928  9.153  -4.777 0.0000000000
134508  33.676  10.401  -5.052 0.0000000000
