#!ascii label  , from subject 3572 vox2ras=TkReg
965
54407  -35.357  -27.212  45.623 0.0000000000
45691  -21.238  -35.102  50.058 0.0000000000
48774  -29.252  -32.340  46.599 0.0000000000
79807  -43.334  -4.353  32.905 0.0000000000
81987  -49.442  -2.431  29.957 0.0000000000
48648  -15.382  -32.500  54.980 0.0000000000
75662  -41.492  -8.351  35.518 0.0000000000
57724  -37.346  -24.749  44.432 0.0000000000
53356  -30.729  -28.935  45.885 0.0000000000
47630  -17.501  -33.358  52.359 0.0000000000
43531  -17.764  -37.521  55.567 0.0000000000
56588  -30.633  -26.059  42.096 0.0000000000
58907  -32.109  -23.458  42.007 0.0000000000
46706  -25.448  -35.275  47.461 0.0000000000
55399  -27.154  -26.035  45.436 0.0000000000
65712  -39.425  -17.103  35.543 0.0000000000
69303  -43.421  -14.628  34.915 0.0000000000
72622  -45.469  -11.182  33.511 0.0000000000
42429  -12.030  -38.103  59.186 0.0000000000
44429  -8.910  -36.731  61.965 0.0000000000
62160  -31.954  -20.663  41.661 0.0000000000
62214  -32.898  -20.483  39.353 0.0000000000
63340  -37.056  -19.704  37.181 0.0000000000
43492  -14.421  -37.980  56.941 0.0000000000
45649  -20.504  -35.789  52.166 0.0000000000
44638  -23.164  -36.631  51.789 0.0000000000
53372  -33.222  -28.714  45.567 0.0000000000
48708  -20.283  -31.892  49.905 0.0000000000
46658  -19.616  -34.218  50.981 0.0000000000
45647  -19.146  -35.180  52.377 0.0000000000
56520  -32.293  -25.376  45.586 0.0000000000
57738  -28.993  -24.940  43.573 0.0000000000
69283  -38.974  -14.229  35.516 0.0000000000
66969  -42.020  -16.307  35.375 0.0000000000
71507  -40.924  -12.455  35.164 0.0000000000
74664  -42.983  -9.548  33.181 0.0000000000
76613  -43.892  -7.849  33.099 0.0000000000
74668  -47.088  -9.451  33.346 0.0000000000
77615  -44.478  -6.241  31.848 0.0000000000
77631  -46.450  -6.180  31.246 0.0000000000
62127  -31.255  -21.014  45.181 0.0000000000
60058  -31.713  -22.184  41.662 0.0000000000
63218  -29.922  -19.790  43.321 0.0000000000
65630  -30.837  -17.052  39.544 0.0000000000
64442  -32.721  -18.188  37.913 0.0000000000
62233  -35.459  -21.510  38.061 0.0000000000
65678  -34.506  -17.342  37.556 0.0000000000
65690  -36.054  -17.238  36.353 0.0000000000
47730  -27.709  -34.106  46.651 0.0000000000
45567  -13.557  -35.696  56.977 0.0000000000
45582  -14.804  -35.522  55.052 0.0000000000
42363  -7.995  -38.311  64.151 0.0000000000
43358  -7.186  -36.787  65.984 0.0000000000
73608  -40.782  -10.417  35.738 0.0000000000
60005  -37.436  -22.681  44.074 0.0000000000
51093  -29.728  -30.631  46.045 0.0000000000
48662  -15.777  -32.618  53.427 0.0000000000
45603  -15.769  -35.407  54.078 0.0000000000
45628  -17.522  -35.735  53.259 0.0000000000
83008  -50.939  -1.826  29.094 0.0000000000
54453  -32.999  -27.464  42.762 0.0000000000
55462  -34.036  -26.016  41.635 0.0000000000
56590  -32.425  -25.392  41.754 0.0000000000
47713  -21.253  -33.312  48.638 0.0000000000
45707  -22.939  -35.208  48.508 0.0000000000
47726  -23.778  -33.722  46.980 0.0000000000
48789  -25.071  -32.361  45.700 0.0000000000
51128  -26.572  -31.428  45.081 0.0000000000
53337  -26.643  -27.561  47.053 0.0000000000
52271  -27.735  -29.479  44.583 0.0000000000
54422  -28.625  -27.707  43.831 0.0000000000
53410  -30.990  -28.053  43.932 0.0000000000
63344  -40.998  -19.909  37.290 0.0000000000
72618  -41.699  -11.614  34.088 0.0000000000
71535  -44.408  -12.315  33.756 0.0000000000
78692  -48.181  -5.656  30.174 0.0000000000
42409  -10.200  -37.708  60.627 0.0000000000
41296  -9.892  -39.639  62.646 0.0000000000
57768  -35.324  -24.270  41.768 0.0000000000
60046  -34.545  -22.355  42.298 0.0000000000
62142  -34.891  -20.477  43.026 0.0000000000
64387  -30.368  -17.999  41.355 0.0000000000
63266  -32.101  -19.907  40.798 0.0000000000
63269  -35.292  -19.946  41.179 0.0000000000
61183  -36.417  -21.839  40.472 0.0000000000
60099  -38.296  -22.368  39.368 0.0000000000
62260  -39.702  -20.451  37.754 0.0000000000
64484  -38.392  -18.376  36.512 0.0000000000
68173  -37.524  -15.354  35.648 0.0000000000
44655  -25.821  -37.111  50.677 0.0000000000
45545  -13.304  -35.263  58.570 0.0000000000
42451  -13.232  -38.465  58.277 0.0000000000
43529  -15.756  -37.440  55.396 0.0000000000
44387  -5.413  -36.642  66.061 0.0000000000
45664  -21.272  -35.757  51.309 0.0000000000
45651  -22.347  -36.482  52.049 0.0000000000
45677  -22.142  -35.667  50.424 0.0000000000
54406  -34.493  -27.786  45.797 0.0000000000
47697  -20.552  -33.618  49.360 0.0000000000
47676  -19.919  -33.419  50.130 0.0000000000
46680  -20.385  -34.368  50.168 0.0000000000
46636  -20.072  -35.317  51.978 0.0000000000
71504  -39.102  -13.026  36.223 0.0000000000
69284  -39.941  -14.263  35.348 0.0000000000
71506  -40.076  -12.411  35.539 0.0000000000
78645  -43.292  -5.163  34.041 0.0000000000
77595  -42.896  -6.538  33.108 0.0000000000
77613  -43.198  -6.200  32.805 0.0000000000
76632  -44.138  -7.224  32.826 0.0000000000
78673  -43.565  -5.389  32.439 0.0000000000
78680  -44.804  -4.639  31.257 0.0000000000
63190  -30.195  -20.329  44.161 0.0000000000
65632  -32.632  -16.596  39.647 0.0000000000
65677  -33.823  -17.925  37.627 0.0000000000
65657  -34.161  -16.706  38.095 0.0000000000
66935  -34.600  -16.217  37.870 0.0000000000
47731  -28.445  -33.819  47.077 0.0000000000
46709  -28.184  -34.755  48.107 0.0000000000
47732  -29.135  -33.470  47.535 0.0000000000
46580  -14.549  -34.310  55.628 0.0000000000
46581  -14.892  -33.884  54.937 0.0000000000
80963  -49.617  -3.232  29.800 0.0000000000
42352  -7.670  -37.961  65.232 0.0000000000
56524  -38.228  -25.663  45.244 0.0000000000
58875  -37.548  -23.762  43.945 0.0000000000
52253  -30.330  -29.806  45.979 0.0000000000
51096  -32.502  -30.339  46.864 0.0000000000
48691  -18.289  -32.397  51.226 0.0000000000
49806  -17.190  -31.645  51.930 0.0000000000
49789  -16.709  -31.522  52.743 0.0000000000
47629  -16.821  -33.104  52.743 0.0000000000
46612  -16.598  -34.305  53.285 0.0000000000
46613  -17.521  -34.455  52.867 0.0000000000
45630  -19.799  -35.861  53.199 0.0000000000
45606  -19.325  -36.112  53.697 0.0000000000
55444  -32.220  -27.140  41.676 0.0000000000
55445  -32.752  -27.065  41.858 0.0000000000
56574  -31.763  -25.234  42.638 0.0000000000
49856  -22.497  -31.974  48.476 0.0000000000
48746  -22.803  -32.682  48.092 0.0000000000
49857  -23.267  -31.446  47.963 0.0000000000
49887  -24.633  -31.307  46.157 0.0000000000
49888  -25.146  -31.009  45.974 0.0000000000
48790  -26.016  -32.434  45.553 0.0000000000
51090  -25.644  -30.250  45.966 0.0000000000
56459  -27.645  -25.303  47.661 0.0000000000
54393  -26.723  -26.624  46.659 0.0000000000
53366  -26.417  -28.140  45.223 0.0000000000
53387  -26.917  -27.782  44.509 0.0000000000
53388  -28.009  -28.330  44.074 0.0000000000
54421  -27.963  -27.112  44.072 0.0000000000
56572  -30.111  -26.134  42.737 0.0000000000
54449  -29.554  -26.858  42.593 0.0000000000
54451  -30.978  -27.408  42.180 0.0000000000
54439  -32.258  -27.804  43.310 0.0000000000
64486  -40.613  -18.623  35.899 0.0000000000
63364  -42.446  -19.209  36.649 0.0000000000
64506  -41.179  -18.253  35.148 0.0000000000
68178  -42.475  -15.392  35.097 0.0000000000
66970  -42.943  -16.334  35.046 0.0000000000
75661  -41.014  -8.941  35.772 0.0000000000
73615  -40.795  -10.415  34.888 0.0000000000
74654  -41.016  -9.856  34.535 0.0000000000
73631  -43.708  -10.470  33.479 0.0000000000
72620  -43.448  -11.767  33.703 0.0000000000
71536  -45.289  -12.130  33.669 0.0000000000
71521  -46.044  -12.856  34.012 0.0000000000
78683  -47.177  -5.822  30.679 0.0000000000
79823  -47.118  -4.132  29.788 0.0000000000
80961  -47.923  -3.357  29.874 0.0000000000
44462  -11.761  -35.806  59.252 0.0000000000
44461  -10.920  -35.752  59.711 0.0000000000
42428  -10.821  -38.077  59.384 0.0000000000
40173  -10.489  -39.881  61.983 0.0000000000
41267  -9.883  -39.982  64.085 0.0000000000
56591  -33.547  -25.216  41.296 0.0000000000
56592  -34.550  -25.326  41.371 0.0000000000
57766  -33.927  -24.291  40.970 0.0000000000
61150  -31.600  -21.541  41.755 0.0000000000
60060  -33.279  -22.323  41.536 0.0000000000
61152  -33.615  -21.531  42.059 0.0000000000
61141  -34.854  -21.389  43.014 0.0000000000
62161  -33.183  -20.594  41.795 0.0000000000
66863  -30.858  -16.157  41.479 0.0000000000
63315  -31.516  -19.574  38.663 0.0000000000
63284  -31.121  -19.227  40.165 0.0000000000
63286  -32.786  -20.138  40.033 0.0000000000
63268  -34.283  -19.890  41.146 0.0000000000
62195  -34.604  -20.832  40.360 0.0000000000
62178  -36.021  -21.114  41.371 0.0000000000
61182  -35.502  -21.533  40.213 0.0000000000
62257  -36.334  -20.623  37.696 0.0000000000
62234  -36.683  -21.607  38.188 0.0000000000
62258  -37.610  -20.891  37.747 0.0000000000
61227  -38.481  -21.406  37.913 0.0000000000
62259  -38.770  -20.576  37.664 0.0000000000
63342  -39.218  -19.672  37.414 0.0000000000
64464  -37.816  -18.961  36.938 0.0000000000
68158  -36.225  -15.583  36.439 0.0000000000
66964  -37.201  -16.382  35.674 0.0000000000
69281  -37.060  -14.746  36.241 0.0000000000
45709  -24.579  -35.841  48.081 0.0000000000
45694  -23.885  -36.004  49.203 0.0000000000
45695  -25.069  -36.195  49.126 0.0000000000
44524  -13.697  -36.494  56.602 0.0000000000
44503  -13.162  -36.396  57.387 0.0000000000
42471  -13.919  -38.540  57.572 0.0000000000
44578  -16.422  -35.970  54.301 0.0000000000
44550  -16.166  -36.599  54.729 0.0000000000
43530  -16.661  -37.614  55.360 0.0000000000
45631  -20.789  -35.921  53.430 0.0000000000
44602  -22.192  -36.643  53.093 0.0000000000
44603  -22.924  -36.686  53.218 0.0000000000
44622  -24.180  -37.166  52.516 0.0000000000
53358  -32.614  -28.920  46.305 0.0000000000
52238  -32.805  -29.607  46.952 0.0000000000
49822  -19.287  -31.335  50.567 0.0000000000
48692  -18.955  -32.707  50.880 0.0000000000
47650  -18.619  -33.344  51.457 0.0000000000
46634  -18.671  -34.420  52.166 0.0000000000
46635  -19.632  -34.904  51.920 0.0000000000
45648  -19.650  -35.445  52.490 0.0000000000
56557  -31.009  -25.588  43.539 0.0000000000
56558  -31.948  -25.244  43.662 0.0000000000
57681  -28.125  -24.970  46.622 0.0000000000
56536  -27.788  -25.717  44.361 0.0000000000
56539  -30.139  -25.440  44.366 0.0000000000
66967  -39.936  -16.266  35.280 0.0000000000
66968  -40.984  -16.336  35.098 0.0000000000
68176  -40.478  -15.270  35.319 0.0000000000
69285  -40.928  -14.305  35.277 0.0000000000
70400  -42.064  -13.565  34.547 0.0000000000
75677  -42.130  -8.911  34.047 0.0000000000
75684  -41.950  -7.917  33.660 0.0000000000
75706  -43.177  -8.985  32.800 0.0000000000
74666  -45.039  -9.448  33.182 0.0000000000
73634  -46.625  -10.299  33.373 0.0000000000
75688  -45.637  -8.585  33.115 0.0000000000
75708  -45.397  -7.674  33.009 0.0000000000
76634  -46.041  -6.970  32.996 0.0000000000
77630  -45.518  -5.779  31.205 0.0000000000
78681  -45.439  -4.819  31.029 0.0000000000
41355  -12.618  -39.185  59.429 0.0000000000
41354  -11.580  -38.820  59.765 0.0000000000
41336  -11.921  -39.546  60.429 0.0000000000
60025  -31.217  -22.494  43.403 0.0000000000
58921  -31.835  -22.727  41.793 0.0000000000
61139  -30.450  -21.733  43.259 0.0000000000
62158  -30.240  -20.818  42.735 0.0000000000
63243  -30.122  -19.992  42.013 0.0000000000
66877  -30.863  -16.443  40.171 0.0000000000
66896  -31.756  -16.787  39.577 0.0000000000
65654  -31.620  -18.228  38.722 0.0000000000
63335  -32.475  -19.659  38.112 0.0000000000
62232  -34.357  -20.795  38.234 0.0000000000
63337  -34.041  -19.756  37.660 0.0000000000
63338  -34.959  -19.492  37.565 0.0000000000
64463  -36.015  -18.836  36.915 0.0000000000
64482  -36.384  -18.238  36.591 0.0000000000
65679  -35.337  -17.254  36.818 0.0000000000
46707  -26.495  -35.456  47.373 0.0000000000
45711  -26.963  -36.014  48.161 0.0000000000
45712  -27.709  -35.580  48.292 0.0000000000
45568  -14.203  -35.399  56.327 0.0000000000
44525  -14.494  -36.510  55.938 0.0000000000
43390  -8.320  -37.407  62.573 0.0000000000
44406  -8.070  -36.402  63.227 0.0000000000
43376  -7.732  -37.326  63.523 0.0000000000
44397  -7.044  -36.514  64.722 0.0000000000
44396  -6.801  -36.487  65.311 0.0000000000
60030  -37.055  -22.118  43.796 0.0000000000
49890  -29.869  -31.531  46.837 0.0000000000
48761  -29.814  -32.808  47.361 0.0000000000
50955  -16.295  -31.016  54.025 0.0000000000
48661  -15.533  -32.607  54.215 0.0000000000
46597  -15.427  -34.276  54.418 0.0000000000
46611  -15.911  -34.310  53.652 0.0000000000
45604  -16.713  -35.801  53.825 0.0000000000
45605  -17.199  -36.115  53.805 0.0000000000
46614  -18.091  -35.126  52.810 0.0000000000
44601  -18.350  -36.263  53.647 0.0000000000
44552  -18.284  -36.877  54.991 0.0000000000
82996  -50.476  -1.762  29.395 0.0000000000
54441  -34.045  -27.469  43.846 0.0000000000
55429  -34.752  -26.955  43.906 0.0000000000
55446  -34.132  -26.877  42.555 0.0000000000
55461  -33.137  -26.259  41.541 0.0000000000
57752  -32.367  -24.352  42.359 0.0000000000
57739  -32.693  -24.620  43.150 0.0000000000
58893  -32.669  -23.320  43.553 0.0000000000
60026  -31.904  -22.619  43.517 0.0000000000
61124  -31.898  -22.030  45.212 0.0000000000
47698  -21.561  -33.996  48.982 0.0000000000
45692  -21.693  -35.293  49.740 0.0000000000
46704  -22.272  -34.275  48.582 0.0000000000
46717  -23.409  -34.548  47.523 0.0000000000
46718  -24.196  -34.584  47.131 0.0000000000
49875  -23.710  -31.700  47.207 0.0000000000
47739  -24.209  -33.270  46.513 0.0000000000
47728  -25.405  -34.146  46.470 0.0000000000
47756  -26.362  -33.248  45.623 0.0000000000
48791  -26.989  -32.703  45.553 0.0000000000
49907  -27.986  -31.786  45.308 0.0000000000
52250  -25.753  -29.263  46.274 0.0000000000
51091  -26.042  -30.010  45.273 0.0000000000
51113  -26.932  -30.408  44.683 0.0000000000
51114  -28.213  -30.856  44.714 0.0000000000
51092  -29.109  -30.598  45.353 0.0000000000
53354  -29.532  -29.644  44.822 0.0000000000
53369  -30.762  -29.087  44.839 0.0000000000
54435  -28.381  -26.537  43.549 0.0000000000
53408  -29.732  -27.785  43.299 0.0000000000
53391  -31.267  -28.543  44.458 0.0000000000
53392  -32.040  -28.512  44.632 0.0000000000
54440  -33.140  -27.857  43.837 0.0000000000
48743  -20.545  -32.942  48.865 0.0000000000
65715  -42.525  -17.231  35.114 0.0000000000
72595  -40.581  -11.738  35.396 0.0000000000
71516  -41.652  -12.496  34.522 0.0000000000
71517  -42.381  -12.784  33.922 0.0000000000
73630  -42.509  -10.579  33.684 0.0000000000
72605  -42.813  -12.294  33.779 0.0000000000
70402  -43.869  -13.747  34.510 0.0000000000
70403  -44.786  -13.770  34.454 0.0000000000
78702  -48.649  -5.239  29.658 0.0000000000
80976  -48.518  -4.054  29.515 0.0000000000
81986  -48.488  -2.305  30.040 0.0000000000
44432  -10.761  -35.551  61.008 0.0000000000
43410  -9.728  -37.112  60.995 0.0000000000
42393  -10.657  -38.951  60.853 0.0000000000
42392  -10.063  -38.423  61.260 0.0000000000
42391  -9.254  -38.534  62.054 0.0000000000
41280  -9.166  -39.332  63.643 0.0000000000
55430  -35.375  -26.436  43.425 0.0000000000
56559  -35.843  -25.655  42.851 0.0000000000
58894  -35.935  -24.269  43.127 0.0000000000
58923  -33.548  -23.301  41.150 0.0000000000
58908  -34.863  -23.095  42.071 0.0000000000
58895  -36.662  -23.642  43.421 0.0000000000
60048  -36.171  -22.706  42.979 0.0000000000
61142  -35.889  -21.609  43.224 0.0000000000
62144  -36.756  -21.029  42.992 0.0000000000
64372  -29.959  -18.631  42.074 0.0000000000
64373  -30.128  -19.429  41.361 0.0000000000
65587  -30.760  -17.350  40.979 0.0000000000
63265  -31.253  -19.568  40.586 0.0000000000
63245  -32.541  -20.210  41.433 0.0000000000
63246  -33.735  -20.074  41.687 0.0000000000
63247  -34.784  -19.878  41.899 0.0000000000
61197  -36.331  -22.157  39.452 0.0000000000
60086  -37.206  -22.404  39.798 0.0000000000
62261  -40.570  -20.362  37.838 0.0000000000
63361  -39.685  -19.367  36.997 0.0000000000
65693  -38.954  -17.766  36.068 0.0000000000
64483  -37.428  -18.221  36.461 0.0000000000
65692  -37.963  -17.629  35.979 0.0000000000
65711  -38.509  -16.918  35.842 0.0000000000
68174  -38.438  -15.196  35.447 0.0000000000
70386  -38.839  -13.379  36.052 0.0000000000
45678  -23.182  -36.099  50.238 0.0000000000
44653  -24.316  -36.955  50.743 0.0000000000
45681  -26.599  -36.519  50.002 0.0000000000
43470  -12.068  -36.502  58.799 0.0000000000
45554  -13.509  -35.514  57.736 0.0000000000
44502  -12.857  -36.522  58.003 0.0000000000
42450  -12.529  -37.867  58.524 0.0000000000
41370  -13.335  -39.194  58.873 0.0000000000
45602  -15.082  -34.963  54.476 0.0000000000
44549  -15.306  -36.613  55.356 0.0000000000
43512  -14.868  -37.694  55.871 0.0000000000
44380  -7.146  -37.313  67.298 0.0000000000
44388  -6.434  -36.618  66.042 0.0000000000
45452  -5.662  -36.037  65.479 0.0000000000
46660  -21.152  -35.135  50.989 0.0000000000
45676  -21.388  -35.337  50.494 0.0000000000
46692  -20.625  -34.253  49.685 0.0000000000
46681  -20.995  -34.887  50.480 0.0000000000
71505  -39.438  -12.598  36.198 0.0000000000
72593  -39.687  -11.878  36.714 0.0000000000
79794  -43.448  -4.548  33.517 0.0000000000
78644  -42.808  -5.745  33.410 0.0000000000
78660  -43.150  -5.129  33.162 0.0000000000
79808  -43.795  -4.190  32.220 0.0000000000
65656  -33.514  -17.059  38.522 0.0000000000
48773  -28.351  -32.651  46.253 0.0000000000
48760  -29.006  -33.010  46.976 0.0000000000
48636  -15.334  -32.189  55.765 0.0000000000
47595  -14.976  -33.156  55.551 0.0000000000
80978  -50.171  -3.686  29.520 0.0000000000
81988  -50.042  -2.905  29.833 0.0000000000
57725  -37.971  -25.111  44.716 0.0000000000
58851  -37.909  -24.399  44.590 0.0000000000
57743  -37.129  -24.181  43.745 0.0000000000
52254  -31.358  -29.693  46.413 0.0000000000
52255  -32.201  -29.932  46.546 0.0000000000
47649  -17.987  -33.056  51.728 0.0000000000
49807  -17.783  -31.624  51.417 0.0000000000
48690  -17.568  -32.442  51.778 0.0000000000
48676  -16.998  -32.452  52.368 0.0000000000
47617  -16.989  -33.709  52.965 0.0000000000
46633  -17.926  -33.988  52.316 0.0000000000
55459  -30.920  -26.468  41.774 0.0000000000
55460  -31.890  -26.690  41.549 0.0000000000
56589  -31.344  -25.871  41.888 0.0000000000
52248  -25.045  -30.153  46.969 0.0000000000
52249  -25.296  -29.843  46.772 0.0000000000
51111  -25.488  -30.836  45.834 0.0000000000
56475  -27.017  -24.974  47.150 0.0000000000
55367  -26.741  -25.948  47.259 0.0000000000
55383  -26.802  -25.840  46.399 0.0000000000
54419  -26.742  -27.096  45.393 0.0000000000
54420  -27.119  -26.885  44.943 0.0000000000
55458  -30.307  -26.464  42.085 0.0000000000
54463  -30.555  -26.740  41.871 0.0000000000
54465  -31.449  -27.211  41.749 0.0000000000
65694  -39.892  -17.934  35.820 0.0000000000
64505  -40.589  -18.221  35.252 0.0000000000
69287  -42.848  -15.019  35.040 0.0000000000
68179  -43.272  -15.511  34.915 0.0000000000
69304  -44.396  -14.594  34.630 0.0000000000
74644  -41.000  -9.404  35.210 0.0000000000
74645  -41.434  -8.827  34.868 0.0000000000
73632  -44.818  -10.271  33.347 0.0000000000
72621  -44.529  -11.349  33.601 0.0000000000
71537  -46.194  -11.917  33.685 0.0000000000
80960  -46.849  -3.110  29.877 0.0000000000
43451  -11.416  -36.927  59.160 0.0000000000
57765  -32.983  -24.147  41.636 0.0000000000
61151  -32.621  -21.277  41.752 0.0000000000
62213  -32.459  -20.371  39.047 0.0000000000
63303  -32.111  -20.089  39.365 0.0000000000
62193  -33.065  -20.328  39.721 0.0000000000
62194  -33.543  -20.358  39.816 0.0000000000
62215  -33.929  -20.880  39.255 0.0000000000
63341  -38.212  -19.723  37.454 0.0000000000
45727  -24.653  -35.121  47.444 0.0000000000
45710  -25.817  -35.925  48.179 0.0000000000
43511  -14.106  -37.289  56.440 0.0000000000
43491  -13.347  -37.568  57.186 0.0000000000
42472  -14.824  -38.833  57.500 0.0000000000
44551  -17.238  -37.064  54.661 0.0000000000
44430  -9.399  -36.261  61.774 0.0000000000
44418  -9.251  -35.888  62.333 0.0000000000
55402  -37.085  -26.210  45.262 0.0000000000
45632  -21.654  -36.229  53.684 0.0000000000
45650  -21.723  -36.385  52.455 0.0000000000
44637  -22.646  -36.527  51.916 0.0000000000
44620  -22.574  -36.620  52.467 0.0000000000
44621  -23.466  -36.819  52.480 0.0000000000
53341  -32.685  -28.866  46.970 0.0000000000
49823  -20.217  -31.154  50.073 0.0000000000
48707  -19.714  -32.338  50.262 0.0000000000
47651  -19.315  -33.314  50.861 0.0000000000
46657  -19.074  -33.811  51.404 0.0000000000
56540  -31.159  -25.533  44.471 0.0000000000
56541  -32.273  -25.281  44.477 0.0000000000
56496  -29.061  -25.139  46.329 0.0000000000
56519  -31.273  -25.473  45.474 0.0000000000
68175  -39.427  -15.216  35.328 0.0000000000
70388  -40.428  -13.342  35.299 0.0000000000
69301  -41.689  -14.351  34.828 0.0000000000
70389  -41.284  -13.411  34.944 0.0000000000
76603  -41.910  -7.253  34.234 0.0000000000
77581  -42.150  -6.834  34.258 0.0000000000
76612  -43.289  -7.494  33.121 0.0000000000
75686  -43.564  -8.400  33.072 0.0000000000
74665  -43.900  -9.335  33.125 0.0000000000
75687  -44.544  -8.260  33.075 0.0000000000
76633  -45.087  -6.956  32.746 0.0000000000
77616  -45.693  -6.585  31.954 0.0000000000
79814  -44.473  -4.009  31.621 0.0000000000
61123  -31.107  -21.767  44.467 0.0000000000
61140  -30.721  -21.895  43.835 0.0000000000
61122  -30.327  -21.412  44.084 0.0000000000
63219  -30.205  -19.826  44.164 0.0000000000
65655  -32.266  -17.749  38.692 0.0000000000
64441  -31.802  -18.779  38.146 0.0000000000
64458  -32.118  -19.278  37.953 0.0000000000
64459  -32.527  -19.089  37.730 0.0000000000
63336  -33.095  -19.730  37.760 0.0000000000
64460  -33.398  -18.768  37.566 0.0000000000
64461  -34.369  -18.637  37.491 0.0000000000
64462  -35.351  -18.428  37.040 0.0000000000
66936  -35.102  -16.293  37.221 0.0000000000
46721  -27.085  -34.696  46.749 0.0000000000
46708  -27.470  -35.280  47.584 0.0000000000
46722  -27.883  -34.622  47.163 0.0000000000
46710  -28.867  -34.468  48.590 0.0000000000
42376  -7.953  -38.036  63.170 0.0000000000
43368  -7.211  -37.132  65.295 0.0000000000
43375  -7.430  -37.250  64.385 0.0000000000
43367  -6.998  -36.661  65.701 0.0000000000
58852  -38.358  -24.018  44.796 0.0000000000
58876  -38.366  -23.152  44.407 0.0000000000
58877  -38.892  -22.719  44.751 0.0000000000
49891  -30.916  -31.523  46.991 0.0000000000
49788  -16.042  -31.898  53.153 0.0000000000
49773  -16.394  -31.296  53.461 0.0000000000
49772  -15.866  -31.797  53.887 0.0000000000
47615  -15.666  -33.440  53.914 0.0000000000
47616  -16.167  -33.470  53.105 0.0000000000
45627  -16.682  -35.114  53.426 0.0000000000
45629  -18.721  -35.805  53.033 0.0000000000
44581  -18.892  -36.377  54.271 0.0000000000
54454  -33.582  -27.413  43.239 0.0000000000
57721  -33.151  -24.511  43.983 0.0000000000
57720  -32.657  -25.075  43.732 0.0000000000
60002  -32.852  -22.044  44.576 0.0000000000
58871  -32.470  -22.854  43.701 0.0000000000
60001  -32.149  -22.449  44.062 0.0000000000
59976  -31.901  -22.419  44.848 0.0000000000
46694  -22.111  -34.683  49.011 0.0000000000
47699  -22.036  -34.168  48.720 0.0000000000
47715  -23.120  -33.646  47.763 0.0000000000
48788  -24.639  -31.955  45.829 0.0000000000
48770  -24.318  -32.435  46.272 0.0000000000
48771  -24.822  -32.794  45.885 0.0000000000
47740  -24.924  -33.410  45.989 0.0000000000
47741  -25.974  -33.941  45.934 0.0000000000
47755  -25.572  -33.082  45.685 0.0000000000
49905  -26.496  -31.796  45.401 0.0000000000
49906  -27.267  -31.993  45.323 0.0000000000
48792  -27.679  -32.438  45.663 0.0000000000
49922  -27.377  -31.549  44.913 0.0000000000
54379  -26.972  -26.916  47.698 0.0000000000
54367  -27.554  -26.647  48.997 0.0000000000
53338  -26.882  -27.919  48.007 0.0000000000
53353  -26.395  -28.358  46.459 0.0000000000
52290  -26.636  -28.430  44.685 0.0000000000
52270  -26.427  -29.106  44.982 0.0000000000
53367  -28.887  -29.179  44.353 0.0000000000
53355  -30.275  -29.628  45.129 0.0000000000
53368  -29.886  -29.076  44.533 0.0000000000
56537  -28.126  -25.180  44.011 0.0000000000
55414  -27.960  -26.086  43.994 0.0000000000
55427  -28.295  -25.895  43.600 0.0000000000
54437  -30.234  -27.524  42.881 0.0000000000
53409  -30.327  -27.988  43.542 0.0000000000
53390  -30.440  -28.504  44.212 0.0000000000
53411  -31.687  -27.950  44.021 0.0000000000
54423  -33.701  -27.873  44.984 0.0000000000
48725  -21.438  -31.957  48.877 0.0000000000
48744  -20.949  -32.694  48.653 0.0000000000
47712  -20.741  -33.135  48.746 0.0000000000
62262  -41.412  -20.316  37.943 0.0000000000
65714  -41.548  -17.327  34.958 0.0000000000
73597  -40.700  -10.595  36.656 0.0000000000
72594  -40.272  -11.498  36.089 0.0000000000
72602  -40.666  -11.071  35.381 0.0000000000
72603  -41.179  -11.462  34.876 0.0000000000
71532  -41.954  -12.229  33.835 0.0000000000
73617  -41.967  -9.988  34.007 0.0000000000
74656  -42.293  -9.491  33.800 0.0000000000
71534  -43.865  -12.497  33.876 0.0000000000
71518  -43.372  -12.857  34.005 0.0000000000
71519  -44.240  -13.009  34.163 0.0000000000
71520  -45.088  -12.988  34.048 0.0000000000
70405  -46.741  -13.823  33.976 0.0000000000
74667  -45.988  -9.519  33.268 0.0000000000
77632  -47.362  -6.322  31.433 0.0000000000
78691  -47.256  -4.981  30.238 0.0000000000
78684  -47.746  -6.167  30.813 0.0000000000
80962  -48.904  -3.217  29.829 0.0000000000
43450  -10.726  -36.898  59.861 0.0000000000
44443  -10.509  -35.903  60.399 0.0000000000
43429  -10.289  -36.905  60.478 0.0000000000
44431  -10.140  -36.027  61.036 0.0000000000
41335  -11.098  -39.048  60.436 0.0000000000
41314  -9.918  -39.392  62.085 0.0000000000
41313  -9.391  -38.941  62.482 0.0000000000
42377  -8.723  -38.588  62.932 0.0000000000
41295  -9.542  -39.255  62.832 0.0000000000
41266  -9.152  -39.294  64.814 0.0000000000
55416  -35.352  -26.739  44.333 0.0000000000
55447  -35.168  -26.226  42.476 0.0000000000
56593  -35.136  -24.869  41.731 0.0000000000
56576  -35.275  -25.518  42.040 0.0000000000
57753  -35.712  -24.717  42.352 0.0000000000
57741  -36.136  -24.941  43.083 0.0000000000
60044  -31.275  -22.264  42.316 0.0000000000
58922  -32.516  -23.112  41.372 0.0000000000
60059  -32.219  -22.378  41.439 0.0000000000
60045  -33.750  -22.103  42.063 0.0000000000
60061  -34.098  -22.718  41.345 0.0000000000
58909  -35.525  -23.500  42.311 0.0000000000
58910  -36.245  -22.945  42.820 0.0000000000
60047  -35.739  -22.697  42.795 0.0000000000
61143  -36.724  -21.783  43.481 0.0000000000
62143  -35.604  -20.706  43.020 0.0000000000
65585  -29.500  -17.043  41.908 0.0000000000
65563  -29.618  -17.327  42.675 0.0000000000
66876  -30.728  -16.888  39.772 0.0000000000
65611  -30.646  -17.420  39.920 0.0000000000
63285  -31.695  -19.808  40.109 0.0000000000
63244  -30.959  -20.062  41.128 0.0000000000
63267  -33.242  -20.203  40.979 0.0000000000
63248  -35.763  -19.872  42.138 0.0000000000
63221  -36.148  -20.094  42.800 0.0000000000
63249  -36.671  -19.915  42.324 0.0000000000
61168  -35.830  -21.465  40.761 0.0000000000
62216  -35.002  -21.870  39.192 0.0000000000
61211  -37.472  -22.106  38.459 0.0000000000
61198  -37.117  -22.199  39.110 0.0000000000
60098  -37.804  -22.416  39.175 0.0000000000
62236  -39.320  -21.228  38.147 0.0000000000
61213  -39.953  -21.679  38.772 0.0000000000
62237  -40.225  -20.933  38.318 0.0000000000
62238  -41.031  -20.755  38.365 0.0000000000
64465  -38.757  -18.939  37.201 0.0000000000
64466  -39.289  -19.129  37.097 0.0000000000
64485  -39.467  -18.759  36.456 0.0000000000
65691  -36.986  -17.308  35.866 0.0000000000
65709  -37.248  -16.883  35.683 0.0000000000
65710  -37.651  -16.881  35.766 0.0000000000
66965  -38.036  -16.145  35.605 0.0000000000
66966  -38.962  -16.131  35.544 0.0000000000
69282  -37.997  -14.258  35.900 0.0000000000
45693  -22.615  -35.723  49.134 0.0000000000
45680  -25.486  -36.717  49.899 0.0000000000
45679  -24.268  -36.641  50.148 0.0000000000
44654  -24.838  -37.027  50.685 0.0000000000
44640  -25.059  -37.306  51.439 0.0000000000
45697  -27.523  -35.998  49.135 0.0000000000
45696  -26.277  -36.325  49.069 0.0000000000
45682  -27.733  -36.519  50.224 0.0000000000
48747  -30.267  -33.141  48.048 0.0000000000
44480  -12.150  -35.962  58.874 0.0000000000
44481  -12.551  -35.965  58.504 0.0000000000
45555  -13.955  -34.960  57.296 0.0000000000
43490  -12.782  -37.062  57.638 0.0000000000
43472  -12.902  -37.569  58.011 0.0000000000
43471  -12.427  -36.987  58.247 0.0000000000
42430  -12.645  -38.572  58.803 0.0000000000
43513  -15.979  -38.369  56.020 0.0000000000
44381  -5.929  -36.857  67.019 0.0000000000
44382  -6.696  -36.901  67.077 0.0000000000
45663  -20.748  -35.579  51.587 0.0000000000
45665  -22.485  -36.330  51.370 0.0000000000
54405  -33.976  -28.472  45.904 0.0000000000
47696  -20.125  -33.061  49.583 0.0000000000
48723  -20.017  -32.797  49.814 0.0000000000
46679  -19.999  -34.008  50.296 0.0000000000
46659  -20.580  -34.983  51.377 0.0000000000
70387  -39.537  -13.314  35.579 0.0000000000
77582  -42.454  -6.338  34.133 0.0000000000
76631  -43.561  -7.044  32.831 0.0000000000
77614  -43.562  -6.458  32.647 0.0000000000
77629  -44.853  -5.345  31.282 0.0000000000
78674  -44.235  -4.988  31.660 0.0000000000
62126  -30.579  -20.875  44.561 0.0000000000
63191  -30.656  -19.937  44.873 0.0000000000
64360  -30.069  -19.304  44.249 0.0000000000
64443  -33.322  -17.940  37.760 0.0000000000
47743  -27.848  -33.462  46.411 0.0000000000
47716  -28.736  -33.911  48.028 0.0000000000
47717  -29.525  -33.687  48.376 0.0000000000
46596  -14.769  -34.576  54.774 0.0000000000
79836  -49.665  -4.402  29.415 0.0000000000
42353  -8.448  -38.559  65.212 0.0000000000
42343  -7.895  -38.220  65.783 0.0000000000
43359  -7.501  -37.411  66.129 0.0000000000
51094  -30.710  -30.711  46.449 0.0000000000
51095  -31.763  -30.812  47.030 0.0000000000
51072  -32.195  -31.223  47.476 0.0000000000
49821  -18.468  -31.452  50.956 0.0000000000
50993  -17.536  -31.142  51.704 0.0000000000
50974  -17.387  -30.778  52.281 0.0000000000
48675  -16.297  -32.520  52.793 0.0000000000
45607  -19.958  -36.191  54.331 0.0000000000
48745  -21.898  -32.616  48.549 0.0000000000
47714  -22.193  -33.682  48.401 0.0000000000
48758  -23.596  -32.636  47.144 0.0000000000
51070  -24.340  -30.874  47.067 0.0000000000
51088  -24.643  -30.716  46.659 0.0000000000
49903  -24.922  -31.764  45.738 0.0000000000
49904  -25.489  -31.538  45.666 0.0000000000
51112  -26.122  -30.958  45.227 0.0000000000
55353  -27.300  -25.848  48.060 0.0000000000
54392  -26.721  -27.216  46.778 0.0000000000
53352  -26.536  -27.682  46.118 0.0000000000
54403  -26.570  -27.121  45.995 0.0000000000
52291  -27.069  -28.636  44.448 0.0000000000
56555  -29.247  -25.671  43.226 0.0000000000
55442  -29.309  -26.488  42.843 0.0000000000
56571  -29.639  -26.235  42.853 0.0000000000
54450  -30.128  -27.018  42.236 0.0000000000
54438  -31.215  -27.657  43.165 0.0000000000
54452  -31.987  -27.462  42.088 0.0000000000
63362  -40.354  -19.412  36.656 0.0000000000
63363  -41.399  -19.359  36.607 0.0000000000
64487  -41.751  -18.625  36.004 0.0000000000
64507  -42.140  -18.056  35.360 0.0000000000
74630  -41.013  -9.479  36.277 0.0000000000
73616  -41.536  -10.538  34.234 0.0000000000
78682  -46.348  -5.062  30.680 0.0000000000
78690  -46.761  -4.593  30.194 0.0000000000
79824  -47.859  -4.534  29.771 0.0000000000
42427  -10.393  -37.658  60.024 0.0000000000
41281  -9.857  -39.819  63.160 0.0000000000
56575  -34.746  -26.140  41.857 0.0000000000
56602  -34.461  -24.877  40.923 0.0000000000
57767  -34.695  -24.438  41.266 0.0000000000
61164  -31.940  -21.968  41.468 0.0000000000
61165  -32.409  -21.868  41.576 0.0000000000
61166  -32.960  -21.753  41.774 0.0000000000
60027  -34.834  -21.971  42.919 0.0000000000
61153  -34.390  -21.438  42.370 0.0000000000
62162  -34.383  -20.598  42.304 0.0000000000
65586  -29.934  -17.300  41.591 0.0000000000
64421  -31.242  -18.727  38.928 0.0000000000
64404  -31.013  -18.533  39.771 0.0000000000
63302  -31.169  -19.484  39.458 0.0000000000
63287  -33.882  -20.022  40.459 0.0000000000
63288  -34.548  -19.963  40.747 0.0000000000
63270  -36.410  -20.112  41.782 0.0000000000
62177  -35.224  -20.925  41.122 0.0000000000
61167  -35.401  -21.239  40.823 0.0000000000
62256  -35.207  -20.510  37.535 0.0000000000
61226  -37.936  -21.785  37.975 0.0000000000
61212  -38.654  -22.061  38.697 0.0000000000
66951  -36.459  -16.403  36.081 0.0000000000
68172  -36.793  -15.588  35.972 0.0000000000
45708  -23.512  -35.583  48.403 0.0000000000
56523  -37.633  -25.918  44.988 0.0000000000
57723  -36.774  -25.093  44.339 0.0000000000
45608  -20.995  -36.361  54.544 0.0000000000
45633  -22.435  -36.291  53.862 0.0000000000
44619  -22.147  -36.588  52.677 0.0000000000
53357  -31.757  -28.909  46.255 0.0000000000
52237  -32.023  -29.100  46.944 0.0000000000
48706  -18.878  -32.059  50.667 0.0000000000
47631  -18.124  -33.642  51.993 0.0000000000
56573  -30.812  -25.763  42.682 0.0000000000
57671  -28.288  -24.727  47.158 0.0000000000
57668  -27.465  -24.949  46.557 0.0000000000
56515  -27.697  -25.594  44.916 0.0000000000
56495  -28.312  -25.304  46.009 0.0000000000
56516  -28.307  -25.309  45.059 0.0000000000
56517  -29.185  -25.277  45.224 0.0000000000
56518  -30.186  -25.467  45.415 0.0000000000
56538  -29.108  -25.014  44.062 0.0000000000
56556  -30.078  -25.645  43.453 0.0000000000
65713  -40.412  -17.510  35.067 0.0000000000
68177  -41.575  -15.245  35.141 0.0000000000
68199  -41.924  -14.855  34.763 0.0000000000
69302  -42.449  -14.630  34.791 0.0000000000
75676  -41.744  -8.221  34.315 0.0000000000
75685  -42.562  -8.536  33.354 0.0000000000
76611  -42.383  -7.331  33.686 0.0000000000
75705  -42.889  -9.080  32.889 0.0000000000
74683  -43.289  -9.274  32.945 0.0000000000
73647  -45.203  -10.097  33.313 0.0000000000
73633  -45.672  -10.326  33.364 0.0000000000
74685  -45.329  -9.851  33.263 0.0000000000
75707  -44.786  -7.499  32.980 0.0000000000
75689  -46.586  -8.649  33.230 0.0000000000
77617  -46.733  -6.706  32.222 0.0000000000
79816  -45.781  -4.091  30.758 0.0000000000
58906  -31.712  -22.803  42.602 0.0000000000
60043  -30.705  -22.190  42.851 0.0000000000
61149  -30.761  -21.591  42.435 0.0000000000
62125  -30.088  -20.883  44.215 0.0000000000
62141  -29.974  -20.862  43.640 0.0000000000
62159  -30.792  -20.822  41.901 0.0000000000
66895  -31.185  -16.724  39.595 0.0000000000
65631  -31.402  -17.564  39.305 0.0000000000
63316  -32.289  -20.011  38.663 0.0000000000
62230  -32.719  -20.466  38.801 0.0000000000
62231  -33.332  -20.661  38.665 0.0000000000
63317  -32.855  -20.256  38.290 0.0000000000
63318  -33.528  -20.302  38.087 0.0000000000
62255  -34.606  -20.207  37.614 0.0000000000
63339  -35.895  -19.571  37.180 0.0000000000
63359  -36.463  -19.111  36.798 0.0000000000
64481  -35.729  -17.814  36.624 0.0000000000
66950  -35.712  -16.315  36.568 0.0000000000
68157  -35.558  -15.269  36.916 0.0000000000
69247  -35.867  -14.834  37.251 0.0000000000
45698  -28.058  -35.497  48.630 0.0000000000
46569  -14.238  -34.213  56.730 0.0000000000
43532  -18.838  -37.328  55.843 0.0000000000
43408  -8.657  -36.961  62.108 0.0000000000
44417  -8.754  -36.335  62.453 0.0000000000
42362  -7.557  -37.671  64.759 0.0000000000
44405  -7.440  -36.415  64.007 0.0000000000
45464  -7.146  -35.578  64.724 0.0000000000
74616  -41.210  -10.079  37.155 0.0000000000
75647  -41.207  -8.779  36.108 0.0000000000
61127  -37.631  -21.762  44.087 0.0000000000
48762  -30.488  -32.599  47.761 0.0000000000
49752  -16.061  -31.408  54.609 0.0000000000
49771  -15.664  -32.000  54.559 0.0000000000
47604  -15.317  -33.308  54.686 0.0000000000
45626  -16.186  -34.817  53.527 0.0000000000
44579  -16.900  -36.344  54.216 0.0000000000
44600  -18.060  -36.172  53.403 0.0000000000
44580  -17.778  -36.459  53.975 0.0000000000
82001  -50.065  -2.285  29.712 0.0000000000
54424  -34.701  -27.406  44.754 0.0000000000
55415  -34.986  -26.986  44.468 0.0000000000
57740  -32.798  -23.729  43.514 0.0000000000
58892  -32.232  -23.202  43.202 0.0000000000
58891  -31.759  -22.754  43.073 0.0000000000
60000  -31.598  -22.180  44.236 0.0000000000
61100  -31.573  -22.117  44.767 0.0000000000
62128  -32.155  -21.072  45.863 0.0000000000
46693  -21.064  -34.622  49.622 0.0000000000
46695  -22.620  -35.025  48.752 0.0000000000
46705  -22.756  -34.519  48.319 0.0000000000
45725  -23.278  -35.056  48.052 0.0000000000
45726  -23.858  -35.296  47.601 0.0000000000
46719  -25.085  -34.523  47.108 0.0000000000
49876  -24.083  -31.580  46.742 0.0000000000
48759  -23.847  -32.072  46.777 0.0000000000
47738  -23.831  -33.140  46.762 0.0000000000
47727  -24.590  -33.953  46.683 0.0000000000
46720  -26.012  -34.624  46.794 0.0000000000
46730  -26.484  -34.313  46.317 0.0000000000
47742  -27.091  -33.800  45.974 0.0000000000
48772  -27.632  -33.027  45.941 0.0000000000
52236  -26.279  -28.660  47.693 0.0000000000
51129  -26.840  -31.242  44.750 0.0000000000
51130  -27.440  -31.117  44.612 0.0000000000
49923  -27.777  -31.340  44.829 0.0000000000
49889  -28.876  -31.407  45.971 0.0000000000
52251  -28.842  -29.947  44.903 0.0000000000
52252  -29.658  -30.068  45.370 0.0000000000
55413  -27.520  -26.203  44.574 0.0000000000
54436  -29.102  -27.227  43.090 0.0000000000
53389  -29.374  -28.225  43.884 0.0000000000
53370  -31.500  -28.874  45.259 0.0000000000
53371  -32.344  -28.812  45.447 0.0000000000
53412  -32.370  -27.984  44.164 0.0000000000
53393  -32.794  -28.253  44.779 0.0000000000
49836  -20.537  -31.654  49.727 0.0000000000
48724  -20.432  -32.376  49.354 0.0000000000
70401  -42.943  -13.684  34.514 0.0000000000
74655  -41.610  -9.383  34.378 0.0000000000
73629  -41.923  -11.119  33.767 0.0000000000
72619  -42.352  -11.771  33.720 0.0000000000
72604  -42.481  -12.286  33.733 0.0000000000
69305  -45.298  -14.657  34.446 0.0000000000
70404  -45.712  -13.856  34.164 0.0000000000
79835  -49.000  -4.718  29.440 0.0000000000
80977  -49.312  -3.873  29.555 0.0000000000
82981  -48.996  -1.345  30.301 0.0000000000
43409  -9.006  -37.453  61.729 0.0000000000
42410  -10.506  -38.427  60.269 0.0000000000
43391  -8.744  -38.044  62.246 0.0000000000
42364  -8.611  -38.840  63.700 0.0000000000
41279  -8.645  -38.981  64.189 0.0000000000
41265  -8.576  -38.775  64.624 0.0000000000
54425  -35.215  -26.984  44.841 0.0000000000
55431  -36.020  -25.866  43.648 0.0000000000
57742  -36.530  -24.714  43.768 0.0000000000
58924  -34.560  -23.428  41.577 0.0000000000
58925  -35.118  -23.879  41.616 0.0000000000
58896  -37.174  -23.873  43.636 0.0000000000
58874  -37.061  -23.548  43.737 0.0000000000
60004  -36.943  -23.233  43.844 0.0000000000
60028  -35.290  -22.127  43.108 0.0000000000
60029  -36.391  -22.547  43.425 0.0000000000
61144  -37.157  -21.815  43.722 0.0000000000
64359  -29.926  -18.468  43.640 0.0000000000
65541  -30.375  -16.806  43.533 0.0000000000
65540  -30.185  -17.637  43.898 0.0000000000
64388  -30.618  -18.700  40.794 0.0000000000
63220  -35.178  -19.930  42.758 0.0000000000
62129  -37.203  -20.965  43.130 0.0000000000
61196  -35.809  -21.880  39.808 0.0000000000
62217  -35.928  -22.078  38.612 0.0000000000
63343  -40.077  -19.902  37.283 0.0000000000
63360  -37.017  -18.935  36.609 0.0000000000
45666  -23.551  -36.583  50.970 0.0000000000
45667  -24.021  -36.873  50.786 0.0000000000
43587  -24.327  -37.209  51.659 0.0000000000
44656  -26.727  -36.936  50.800 0.0000000000
44641  -26.078  -37.042  51.619 0.0000000000
43452  -12.081  -37.302  58.776 0.0000000000
44482  -13.133  -35.970  58.075 0.0000000000
41369  -12.943  -38.925  58.804 0.0000000000
45583  -15.529  -36.022  54.839 0.0000000000
43493  -15.150  -38.450  56.644 0.0000000000
43514  -17.232  -38.244  56.300 0.0000000000
82002  -50.567  -2.751  29.484 0.0000000000
43351  -7.261  -37.950  66.771 0.0000000000
44383  -7.254  -37.106  67.014 0.0000000000
44376  -6.647  -37.315  67.931 0.0000000000
45453  -6.438  -35.731  65.235 0.0000000000
44386  -4.933  -36.500  65.498 0.0000000000
45451  -5.127  -36.031  65.495 0.0000000000
41353  -10.949  -38.645  59.892 0.0000000000
43571  -24.482  -37.319  51.925 0.0000000000
43572  -24.789  -37.419  51.838 0.0000000000
43588  -24.565  -37.294  51.637 0.0000000000
44378  -6.365  -37.107  67.688 0.0000000000
44379  -7.030  -37.075  67.720 0.0000000000
44389  -7.093  -36.857  66.507 0.0000000000
44639  -24.139  -37.067  51.487 0.0000000000
45463  -6.835  -36.084  64.964 0.0000000000
46729  -26.121  -34.294  46.354 0.0000000000
47677  -20.223  -33.861  49.998 0.0000000000
47729  -25.881  -34.248  46.403 0.0000000000
47754  -25.103  -32.916  45.804 0.0000000000
48769  -23.935  -32.877  46.611 0.0000000000
49921  -26.892  -31.648  45.031 0.0000000000
51089  -25.019  -30.493  46.380 0.0000000000
53365  -26.583  -27.527  45.307 0.0000000000
53386  -26.774  -27.314  44.958 0.0000000000
54378  -26.785  -27.243  47.170 0.0000000000
54404  -26.736  -26.578  45.779 0.0000000000
54464  -30.943  -26.991  41.702 0.0000000000
55428  -28.735  -26.243  43.191 0.0000000000
55443  -29.837  -26.554  42.526 0.0000000000
56474  -27.235  -24.922  46.647 0.0000000000
56476  -27.979  -24.889  47.413 0.0000000000
56493  -27.272  -25.056  46.443 0.0000000000
56494  -27.481  -25.345  46.119 0.0000000000
56554  -28.581  -25.524  43.507 0.0000000000
56560  -36.195  -25.332  43.526 0.0000000000
56601  -34.106  -25.020  40.769 0.0000000000
57669  -27.477  -24.806  46.765 0.0000000000
57670  -27.822  -24.673  47.025 0.0000000000
57679  -27.494  -25.125  46.393 0.0000000000
57680  -27.738  -25.099  46.434 0.0000000000
57682  -28.424  -24.699  46.908 0.0000000000
57700  -37.919  -24.745  44.637 0.0000000000
57701  -38.423  -24.878  44.832 0.0000000000
57718  -28.507  -25.116  43.674 0.0000000000
57719  -28.675  -24.918  43.726 0.0000000000
57737  -28.781  -25.154  43.521 0.0000000000
57778  -34.286  -24.643  40.889 0.0000000000
57779  -34.509  -24.627  41.001 0.0000000000
59975  -31.767  -22.274  44.581 0.0000000000
60024  -30.678  -22.217  43.157 0.0000000000
61101  -31.710  -22.250  45.041 0.0000000000
61210  -36.688  -22.084  38.726 0.0000000000
62130  -37.474  -21.126  43.437 0.0000000000
62235  -37.427  -21.626  38.081 0.0000000000
63194  -37.328  -20.736  43.106 0.0000000000
63304  -32.585  -20.249  39.577 0.0000000000
63334  -31.978  -19.496  38.257 0.0000000000
64343  -30.165  -18.095  44.250 0.0000000000
65562  -29.544  -17.054  42.226 0.0000000000
65610  -30.675  -17.095  39.749 0.0000000000
65695  -40.305  -18.124  35.442 0.0000000000
66846  -29.591  -16.906  42.398 0.0000000000
66861  -29.641  -16.807  42.160 0.0000000000
66878  -31.848  -16.322  40.015 0.0000000000
66894  -30.848  -16.682  39.707 0.0000000000
68200  -42.082  -15.070  34.816 0.0000000000
69266  -35.771  -14.863  36.921 0.0000000000
69286  -42.605  -15.032  34.931 0.0000000000
71493  -39.036  -13.088  36.530 0.0000000000
71533  -42.241  -12.273  33.748 0.0000000000
73646  -45.036  -9.959  33.225 0.0000000000
74682  -43.053  -9.256  32.894 0.0000000000
74684  -45.111  -9.746  33.222 0.0000000000
76604  -42.209  -6.941  34.044 0.0000000000
76610  -41.923  -7.662  33.940 0.0000000000
77596  -43.303  -6.903  32.880 0.0000000000
78659  -43.082  -5.813  32.886 0.0000000000
78672  -43.354  -5.973  32.674 0.0000000000
79834  -48.385  -4.860  29.613 0.0000000000
80941  -43.536  -4.045  33.368 0.0000000000
