#!ascii label  , from subject 3572 vox2ras=TkReg
1401
62218  -42.001  -20.826  39.238 0.0000000000
76622  -55.091  -7.786  33.707 0.0000000000
68159  -49.077  -16.103  35.656 0.0000000000
41319  -15.634  -39.719  61.545 0.0000000000
62130  -37.474  -21.126  43.437 0.0000000000
43480  -29.807  -37.689  58.542 0.0000000000
45594  -38.200  -35.521  55.745 0.0000000000
53316  -39.612  -28.522  50.256 0.0000000000
55363  -42.124  -26.127  48.073 0.0000000000
45608  -20.995  -36.361  54.544 0.0000000000
44470  -25.429  -36.202  59.579 0.0000000000
44606  -25.378  -37.340  53.476 0.0000000000
47681  -32.570  -33.425  50.701 0.0000000000
49827  -36.672  -31.558  49.657 0.0000000000
63174  -43.638  -19.946  45.550 0.0000000000
63233  -47.786  -19.943  43.740 0.0000000000
71527  -52.218  -12.503  34.183 0.0000000000
64469  -45.944  -18.658  37.017 0.0000000000
77635  -50.412  -6.047  31.833 0.0000000000
40151  -11.820  -40.710  64.621 0.0000000000
61061  -42.580  -21.524  47.940 0.0000000000
61155  -39.769  -22.052  42.368 0.0000000000
44627  -29.626  -36.574  52.415 0.0000000000
44539  -34.129  -36.453  56.638 0.0000000000
64415  -52.279  -18.722  40.927 0.0000000000
81028  -56.213  -2.522  26.814 0.0000000000
54384  -37.133  -27.587  47.230 0.0000000000
55373  -38.480  -26.608  46.967 0.0000000000
45634  -23.222  -36.471  53.915 0.0000000000
51074  -33.987  -30.367  47.712 0.0000000000
53326  -35.511  -29.160  47.831 0.0000000000
52189  -37.861  -29.666  50.357 0.0000000000
63252  -43.508  -20.744  42.638 0.0000000000
63203  -45.758  -20.270  44.688 0.0000000000
63273  -45.216  -19.935  41.023 0.0000000000
73621  -53.738  -10.262  34.011 0.0000000000
72577  -53.306  -10.900  37.744 0.0000000000
79801  -55.093  -4.711  33.278 0.0000000000
41356  -13.749  -39.507  59.604 0.0000000000
41283  -13.819  -40.059  63.936 0.0000000000
58834  -40.727  -23.576  45.877 0.0000000000
58816  -43.144  -23.528  47.878 0.0000000000
61087  -40.955  -22.015  45.945 0.0000000000
63170  -41.059  -21.670  44.455 0.0000000000
62164  -38.325  -20.804  42.702 0.0000000000
43478  -27.726  -37.372  58.636 0.0000000000
44437  -28.276  -36.768  61.489 0.0000000000
43440  -30.506  -37.409  60.613 0.0000000000
43442  -32.576  -37.239  60.436 0.0000000000
45697  -27.523  -35.998  49.135 0.0000000000
46698  -29.285  -34.593  49.289 0.0000000000
46641  -34.884  -34.756  52.436 0.0000000000
45638  -32.979  -35.599  53.773 0.0000000000
45592  -36.013  -35.559  55.954 0.0000000000
44477  -36.165  -36.481  59.244 0.0000000000
42476  -18.788  -38.236  58.150 0.0000000000
44464  -19.893  -37.013  59.803 0.0000000000
44420  -20.238  -36.170  63.047 0.0000000000
65699  -47.815  -17.377  35.991 0.0000000000
64429  -48.825  -18.672  38.775 0.0000000000
66925  -50.176  -16.679  38.529 0.0000000000
82057  -58.078  -2.120  25.624 0.0000000000
41271  -15.916  -39.261  64.713 0.0000000000
53286  -41.261  -28.505  52.765 0.0000000000
55305  -42.782  -26.639  51.787 0.0000000000
54361  -41.147  -27.432  49.138 0.0000000000
56506  -40.114  -25.293  46.249 0.0000000000
44506  -21.682  -36.383  57.720 0.0000000000
44468  -23.541  -36.094  59.605 0.0000000000
44530  -22.934  -36.512  56.576 0.0000000000
44532  -24.912  -36.831  56.420 0.0000000000
44535  -27.618  -37.472  56.612 0.0000000000
48748  -30.848  -32.773  48.408 0.0000000000
49880  -32.348  -31.580  47.801 0.0000000000
48712  -34.199  -33.018  49.842 0.0000000000
46669  -37.489  -34.625  51.817 0.0000000000
48699  -39.576  -32.426  51.579 0.0000000000
50981  -40.015  -30.522  52.459 0.0000000000
44582  -19.559  -36.482  54.911 0.0000000000
64279  -44.744  -19.598  49.215 0.0000000000
64268  -46.644  -18.005  50.485 0.0000000000
64302  -46.257  -18.381  48.012 0.0000000000
64331  -48.137  -18.796  46.526 0.0000000000
70390  -50.885  -14.153  35.092 0.0000000000
69236  -51.071  -15.107  38.057 0.0000000000
70365  -52.517  -13.255  37.669 0.0000000000
40119  -8.452  -40.454  69.331 0.0000000000
63321  -44.038  -20.233  38.092 0.0000000000
65717  -44.555  -17.342  35.203 0.0000000000
70406  -47.823  -13.788  34.148 0.0000000000
72608  -48.932  -12.223  33.572 0.0000000000
73638  -50.845  -10.661  33.046 0.0000000000
75694  -51.856  -8.514  32.803 0.0000000000
77623  -51.835  -6.193  32.761 0.0000000000
77619  -48.648  -6.809  32.212 0.0000000000
41255  -14.006  -39.811  66.333 0.0000000000
41229  -12.615  -39.770  68.057 0.0000000000
42319  -10.877  -39.791  69.113 0.0000000000
59895  -45.537  -22.348  52.801 0.0000000000
56424  -44.195  -25.120  51.313 0.0000000000
59930  -44.987  -22.926  50.087 0.0000000000
62077  -44.391  -20.543  49.091 0.0000000000
63143  -42.508  -20.366  47.076 0.0000000000
63228  -42.141  -20.876  43.804 0.0000000000
61173  -41.068  -21.724  41.263 0.0000000000
45516  -25.570  -36.066  61.527 0.0000000000
43573  -27.953  -37.452  52.527 0.0000000000
43537  -29.212  -37.838  55.475 0.0000000000
46662  -30.601  -34.652  51.389 0.0000000000
44591  -30.994  -36.535  54.084 0.0000000000
43505  -32.132  -37.331  57.497 0.0000000000
44457  -34.466  -36.918  60.250 0.0000000000
42432  -15.167  -39.451  59.555 0.0000000000
42454  -16.630  -39.088  58.528 0.0000000000
41321  -17.317  -39.498  61.538 0.0000000000
63292  -47.016  -19.982  40.458 0.0000000000
63258  -50.053  -19.703  42.886 0.0000000000
64363  -52.162  -18.370  44.026 0.0000000000
66887  -52.872  -16.674  40.326 0.0000000000
79810  -51.808  -3.905  32.807 0.0000000000
81979  -53.530  -2.526  31.850 0.0000000000
82983  -54.525  -1.370  30.311 0.0000000000
79862  -55.608  -4.344  27.723 0.0000000000
83000  -56.337  -1.555  29.221 0.0000000000
54397  -36.026  -26.881  46.683 0.0000000000
54398  -36.981  -26.845  46.514 0.0000000000
55400  -35.681  -26.671  45.023 0.0000000000
54381  -34.651  -28.604  46.711 0.0000000000
54396  -35.101  -27.646  46.627 0.0000000000
54369  -36.392  -28.582  47.824 0.0000000000
62182  -42.887  -20.973  41.255 0.0000000000
62171  -44.252  -20.399  41.815 0.0000000000
62200  -43.377  -20.715  40.314 0.0000000000
74676  -54.499  -9.245  33.808 0.0000000000
74646  -53.983  -9.496  35.269 0.0000000000
75669  -54.495  -8.394  35.517 0.0000000000
76596  -54.989  -7.030  35.232 0.0000000000
77603  -55.379  -6.809  33.954 0.0000000000
41338  -14.092  -39.526  60.653 0.0000000000
41317  -13.526  -39.819  61.596 0.0000000000
41299  -14.219  -40.006  62.684 0.0000000000
60007  -38.869  -22.306  44.934 0.0000000000
59959  -40.376  -22.316  45.504 0.0000000000
61129  -39.264  -21.718  45.016 0.0000000000
62132  -39.568  -21.357  44.537 0.0000000000
63196  -38.144  -20.830  43.562 0.0000000000
45512  -21.843  -35.679  61.726 0.0000000000
43479  -28.769  -37.789  58.475 0.0000000000
43460  -28.546  -37.348  59.625 0.0000000000
43461  -29.590  -37.380  59.586 0.0000000000
43441  -31.588  -37.438  60.504 0.0000000000
43462  -30.652  -37.345  59.540 0.0000000000
46619  -36.440  -34.928  53.551 0.0000000000
46600  -35.886  -34.907  54.541 0.0000000000
46585  -36.451  -35.152  55.548 0.0000000000
45571  -36.617  -35.446  56.592 0.0000000000
44484  -20.667  -36.503  58.752 0.0000000000
44465  -20.587  -36.612  59.738 0.0000000000
44435  -21.061  -36.238  61.734 0.0000000000
62008  -45.939  -20.548  53.251 0.0000000000
66953  -48.816  -16.807  36.086 0.0000000000
65680  -48.997  -17.523  37.223 0.0000000000
66955  -50.005  -16.664  37.051 0.0000000000
54341  -40.177  -28.287  51.992 0.0000000000
54342  -41.252  -28.098  51.783 0.0000000000
54360  -40.065  -28.218  49.665 0.0000000000
55374  -39.304  -26.287  47.089 0.0000000000
56525  -38.791  -25.308  45.475 0.0000000000
57702  -39.152  -24.653  45.225 0.0000000000
44555  -21.260  -36.571  55.471 0.0000000000
44507  -22.712  -36.370  57.639 0.0000000000
44556  -22.266  -36.252  55.494 0.0000000000
44586  -24.475  -37.141  54.389 0.0000000000
44558  -24.091  -36.706  55.331 0.0000000000
44559  -25.181  -37.204  55.435 0.0000000000
43519  -26.482  -37.208  56.190 0.0000000000
44588  -26.681  -37.486  54.656 0.0000000000
49892  -31.373  -31.524  47.316 0.0000000000
51041  -35.084  -30.558  49.051 0.0000000000
49845  -34.400  -31.448  48.952 0.0000000000
48714  -36.457  -32.767  50.140 0.0000000000
47661  -36.183  -34.123  50.747 0.0000000000
48715  -37.229  -33.066  50.342 0.0000000000
47640  -38.517  -33.965  51.672 0.0000000000
48697  -37.902  -32.264  50.431 0.0000000000
53303  -38.607  -29.143  50.265 0.0000000000
51004  -39.394  -30.418  51.755 0.0000000000
53293  -39.472  -28.850  51.697 0.0000000000
53285  -40.519  -28.914  52.559 0.0000000000
45584  -20.404  -36.489  54.850 0.0000000000
63145  -44.493  -19.645  47.498 0.0000000000
64292  -45.360  -18.967  48.750 0.0000000000
63158  -45.184  -19.671  46.710 0.0000000000
63232  -46.598  -20.002  43.604 0.0000000000
63177  -47.395  -19.521  46.123 0.0000000000
63205  -48.163  -19.828  44.906 0.0000000000
64332  -48.975  -18.783  46.256 0.0000000000
63206  -49.231  -19.658  44.981 0.0000000000
71508  -51.711  -13.356  34.909 0.0000000000
70377  -51.801  -13.898  36.336 0.0000000000
71501  -52.394  -12.787  36.195 0.0000000000
73563  -54.566  -10.281  39.383 0.0000000000
71523  -48.386  -12.930  33.738 0.0000000000
72606  -47.442  -11.664  33.628 0.0000000000
74669  -48.151  -9.562  33.259 0.0000000000
75691  -48.848  -8.744  32.770 0.0000000000
74672  -51.294  -9.529  33.003 0.0000000000
76616  -49.391  -7.579  32.871 0.0000000000
77597  -50.066  -6.928  32.994 0.0000000000
40165  -11.340  -40.396  62.535 0.0000000000
40143  -11.150  -40.532  65.468 0.0000000000
41243  -15.638  -39.515  66.925 0.0000000000
41256  -14.848  -39.725  66.090 0.0000000000
41242  -14.770  -39.507  67.150 0.0000000000
41230  -13.657  -39.575  68.125 0.0000000000
41211  -12.690  -40.029  69.212 0.0000000000
41217  -11.497  -39.868  68.884 0.0000000000
41204  -11.519  -40.008  69.756 0.0000000000
40116  -10.957  -40.337  70.196 0.0000000000
55333  -42.713  -26.539  49.866 0.0000000000
55321  -43.375  -25.857  51.111 0.0000000000
56455  -43.530  -25.490  49.077 0.0000000000
59939  -42.418  -22.241  47.696 0.0000000000
58806  -44.458  -23.479  49.010 0.0000000000
59941  -44.103  -22.544  48.402 0.0000000000
61051  -45.198  -22.028  49.968 0.0000000000
61049  -43.935  -21.058  48.633 0.0000000000
63115  -43.597  -20.470  48.565 0.0000000000
62088  -42.590  -20.893  47.945 0.0000000000
62148  -40.084  -20.891  43.363 0.0000000000
63199  -41.917  -20.887  44.284 0.0000000000
62149  -40.812  -20.945  43.304 0.0000000000
61157  -41.614  -21.680  42.004 0.0000000000
61172  -40.044  -21.910  41.420 0.0000000000
44469  -24.412  -36.104  59.375 0.0000000000
45528  -24.888  -35.895  60.695 0.0000000000
45529  -25.696  -36.123  60.462 0.0000000000
45683  -28.501  -35.967  50.532 0.0000000000
44642  -27.414  -37.228  51.603 0.0000000000
43574  -28.595  -37.701  52.423 0.0000000000
43551  -28.153  -37.832  53.974 0.0000000000
43563  -29.560  -37.405  53.296 0.0000000000
47680  -31.714  -33.502  50.288 0.0000000000
47679  -30.660  -33.950  50.464 0.0000000000
47657  -31.949  -34.225  51.227 0.0000000000
45589  -33.539  -35.672  55.018 0.0000000000
45613  -32.527  -36.017  53.967 0.0000000000
44564  -32.612  -36.480  55.641 0.0000000000
43539  -31.388  -37.216  55.684 0.0000000000
44514  -32.805  -36.929  57.178 0.0000000000
44492  -33.443  -36.925  59.074 0.0000000000
44515  -33.817  -36.840  57.679 0.0000000000
46624  -41.532  -33.813  54.163 0.0000000000
42455  -17.777  -38.854  58.715 0.0000000000
42435  -18.300  -38.575  59.859 0.0000000000
42434  -17.280  -39.388  59.799 0.0000000000
44398  -20.042  -36.705  65.041 0.0000000000
63347  -44.605  -19.642  37.455 0.0000000000
63322  -45.248  -20.086  38.654 0.0000000000
63323  -46.568  -19.583  38.282 0.0000000000
64413  -49.933  -19.166  39.734 0.0000000000
63294  -49.145  -19.799  40.437 0.0000000000
63278  -50.581  -19.718  41.482 0.0000000000
64379  -51.390  -19.057  42.992 0.0000000000
64380  -52.684  -18.558  43.052 0.0000000000
69221  -52.473  -14.400  39.216 0.0000000000
68113  -51.578  -15.719  39.315 0.0000000000
68094  -53.723  -15.561  40.536 0.0000000000
78685  -50.701  -5.713  32.276 0.0000000000
78676  -51.459  -5.060  32.901 0.0000000000
78686  -51.282  -5.243  32.162 0.0000000000
79826  -52.648  -4.154  31.031 0.0000000000
79827  -53.376  -3.999  30.541 0.0000000000
81989  -53.533  -2.201  30.998 0.0000000000
79837  -54.169  -3.980  30.298 0.0000000000
79863  -55.989  -4.172  26.850 0.0000000000
79877  -55.122  -4.779  26.629 0.0000000000
82017  -55.302  -1.859  28.438 0.0000000000
82029  -55.530  -1.954  27.638 0.0000000000
83023  -56.727  -1.607  27.552 0.0000000000
83042  -58.796  -1.846  25.926 0.0000000000
54358  -38.515  -28.482  48.983 0.0000000000
54372  -39.317  -27.608  48.655 0.0000000000
54385  -38.127  -27.362  47.332 0.0000000000
55388  -37.388  -26.409  46.055 0.0000000000
45609  -21.941  -35.981  54.640 0.0000000000
53342  -33.480  -29.001  47.082 0.0000000000
52224  -34.899  -29.632  47.911 0.0000000000
52207  -35.657  -29.917  49.032 0.0000000000
52173  -37.455  -30.296  50.348 0.0000000000
52209  -37.314  -29.786  49.875 0.0000000000
53313  -37.557  -29.337  49.459 0.0000000000
63201  -43.426  -20.414  44.546 0.0000000000
63175  -44.861  -20.176  45.716 0.0000000000
63230  -44.228  -20.323  43.445 0.0000000000
63231  -45.396  -20.090  43.471 0.0000000000
63255  -46.279  -19.808  42.424 0.0000000000
72610  -52.683  -11.599  34.031 0.0000000000
72589  -52.724  -11.794  36.554 0.0000000000
73604  -53.196  -10.875  35.893 0.0000000000
74611  -53.990  -9.532  37.745 0.0000000000
80938  -55.661  -3.792  33.708 0.0000000000
41298  -12.737  -40.028  62.773 0.0000000000
40159  -12.469  -40.466  63.815 0.0000000000
56488  -41.993  -25.027  47.323 0.0000000000
56470  -43.306  -25.151  48.202 0.0000000000
58835  -41.358  -23.542  46.442 0.0000000000
59961  -41.515  -22.734  46.771 0.0000000000
61076  -41.576  -21.539  46.907 0.0000000000
62098  -41.593  -21.248  46.487 0.0000000000
62113  -41.030  -22.279  45.231 0.0000000000
62147  -39.491  -21.042  43.594 0.0000000000
62165  -39.467  -21.389  43.014 0.0000000000
44472  -27.035  -36.999  59.140 0.0000000000
45531  -26.904  -36.728  60.894 0.0000000000
43437  -27.725  -37.128  60.280 0.0000000000
44454  -28.901  -37.014  61.139 0.0000000000
43422  -32.564  -37.838  61.159 0.0000000000
46697  -28.501  -35.374  49.118 0.0000000000
45684  -29.135  -35.568  50.699 0.0000000000
46665  -34.003  -34.371  51.564 0.0000000000
46639  -32.733  -34.672  52.049 0.0000000000
46617  -33.959  -35.042  53.690 0.0000000000
46582  -34.242  -35.133  55.121 0.0000000000
44567  -34.872  -36.032  56.281 0.0000000000
44516  -34.957  -36.446  57.511 0.0000000000
45558  -36.275  -35.927  57.494 0.0000000000
43532  -18.838  -37.328  55.843 0.0000000000
43497  -19.545  -36.961  57.869 0.0000000000
43454  -19.351  -37.640  59.963 0.0000000000
44433  -19.712  -37.184  62.092 0.0000000000
44434  -20.347  -36.594  61.823 0.0000000000
64470  -46.740  -18.497  37.110 0.0000000000
63324  -47.480  -19.269  38.254 0.0000000000
64446  -48.691  -18.099  38.123 0.0000000000
64447  -49.095  -18.076  38.577 0.0000000000
65645  -50.362  -17.561  39.242 0.0000000000
77641  -49.412  -6.423  30.295 0.0000000000
77643  -51.354  -6.332  31.122 0.0000000000
77651  -50.760  -6.779  29.660 0.0000000000
79894  -56.354  -3.778  25.623 0.0000000000
81029  -56.892  -3.166  26.379 0.0000000000
81046  -57.089  -3.543  25.141 0.0000000000
81067  -57.651  -3.029  24.267 0.0000000000
41286  -16.946  -39.388  63.196 0.0000000000
41285  -16.057  -39.368  63.509 0.0000000000
54318  -42.465  -28.019  53.366 0.0000000000
54331  -41.560  -28.014  52.717 0.0000000000
54351  -42.212  -27.066  50.376 0.0000000000
55345  -41.669  -26.558  48.695 0.0000000000
55360  -39.686  -26.693  48.067 0.0000000000
55361  -40.510  -26.423  48.100 0.0000000000
56487  -41.242  -25.271  47.128 0.0000000000
57687  -40.296  -24.407  45.942 0.0000000000
58853  -39.258  -23.547  44.799 0.0000000000
44485  -21.598  -36.176  58.804 0.0000000000
45539  -22.458  -35.960  59.664 0.0000000000
44486  -22.557  -36.054  58.818 0.0000000000
44487  -23.569  -36.253  58.578 0.0000000000
44488  -24.559  -36.245  58.474 0.0000000000
44557  -23.212  -36.596  55.675 0.0000000000
44531  -23.909  -36.651  56.501 0.0000000000
44510  -25.660  -36.761  57.392 0.0000000000
44511  -26.524  -36.960  57.378 0.0000000000
44512  -27.240  -37.282  57.501 0.0000000000
43520  -28.178  -37.980  56.947 0.0000000000
49860  -31.387  -32.173  48.189 0.0000000000
48729  -32.344  -32.526  49.318 0.0000000000
51056  -33.104  -31.228  48.098 0.0000000000
48731  -33.836  -32.385  49.337 0.0000000000
47682  -33.472  -33.509  50.743 0.0000000000
46686  -34.991  -34.223  50.764 0.0000000000
46642  -36.026  -34.889  52.487 0.0000000000
46620  -37.528  -34.956  53.567 0.0000000000
46603  -39.026  -35.152  55.058 0.0000000000
46645  -39.321  -34.319  52.935 0.0000000000
46646  -39.932  -34.086  53.266 0.0000000000
47643  -40.923  -32.666  52.933 0.0000000000
49812  -39.089  -31.301  51.246 0.0000000000
49797  -39.801  -31.298  51.910 0.0000000000
49779  -40.877  -31.281  53.229 0.0000000000
50962  -41.111  -30.465  53.390 0.0000000000
44526  -19.572  -36.971  56.230 0.0000000000
64253  -45.535  -19.459  50.765 0.0000000000
64267  -45.926  -18.586  50.200 0.0000000000
65456  -46.309  -18.081  49.205 0.0000000000
65469  -47.372  -17.519  48.467 0.0000000000
63159  -46.363  -19.340  47.081 0.0000000000
64316  -47.081  -18.661  47.361 0.0000000000
69292  -50.417  -15.159  35.521 0.0000000000
69256  -50.829  -15.251  37.131 0.0000000000
69271  -51.189  -14.871  36.371 0.0000000000
70346  -52.102  -14.055  38.134 0.0000000000
70330  -53.103  -13.734  39.467 0.0000000000
72576  -52.925  -11.719  37.751 0.0000000000
71444  -53.511  -12.526  39.574 0.0000000000
62262  -41.412  -20.316  37.943 0.0000000000
62241  -43.447  -20.462  38.714 0.0000000000
63345  -42.186  -19.931  37.606 0.0000000000
63346  -43.381  -19.645  37.256 0.0000000000
64467  -44.086  -19.082  36.604 0.0000000000
64491  -45.529  -18.258  36.291 0.0000000000
65697  -46.020  -17.735  35.750 0.0000000000
66974  -46.908  -16.438  35.170 0.0000000000
68183  -47.386  -15.811  35.007 0.0000000000
69308  -48.376  -14.916  34.424 0.0000000000
70407  -48.904  -13.969  34.061 0.0000000000
71524  -49.371  -13.092  33.700 0.0000000000
71539  -50.941  -12.763  33.486 0.0000000000
73635  -47.586  -10.375  33.428 0.0000000000
73637  -49.777  -10.680  33.379 0.0000000000
72628  -51.592  -11.534  33.102 0.0000000000
73639  -51.914  -10.463  33.029 0.0000000000
74689  -52.991  -9.353  32.446 0.0000000000
76639  -53.159  -7.700  32.630 0.0000000000
77601  -53.556  -6.676  32.817 0.0000000000
77599  -51.589  -6.763  33.007 0.0000000000
77598  -50.786  -6.811  33.128 0.0000000000
77634  -49.404  -6.560  31.490 0.0000000000
77640  -48.685  -6.222  30.424 0.0000000000
41284  -14.980  -39.495  63.716 0.0000000000
40153  -13.419  -40.181  64.539 0.0000000000
40152  -12.882  -40.392  64.943 0.0000000000
41231  -14.572  -39.483  68.039 0.0000000000
41240  -12.949  -39.871  67.148 0.0000000000
40135  -11.633  -40.306  66.253 0.0000000000
41238  -10.654  -40.118  66.621 0.0000000000
41227  -10.337  -39.665  67.643 0.0000000000
41216  -9.576  -39.403  68.503 0.0000000000
41201  -9.580  -39.893  69.912 0.0000000000
61012  -45.597  -21.341  52.873 0.0000000000
57606  -44.447  -24.467  52.202 0.0000000000
57652  -44.193  -24.477  49.140 0.0000000000
57637  -44.434  -24.380  50.447 0.0000000000
59920  -45.331  -22.631  51.347 0.0000000000
62068  -45.580  -21.200  51.119 0.0000000000
63105  -45.516  -20.430  50.942 0.0000000000
63103  -45.054  -19.853  49.560 0.0000000000
63131  -44.184  -19.779  48.415 0.0000000000
63156  -42.929  -19.709  46.348 0.0000000000
63154  -41.998  -21.130  45.498 0.0000000000
63172  -42.042  -20.461  45.069 0.0000000000
63200  -42.503  -20.559  44.518 0.0000000000
62151  -42.406  -21.117  43.179 0.0000000000
61158  -42.386  -21.553  41.935 0.0000000000
61188  -41.512  -21.440  40.320 0.0000000000
63222  -36.976  -20.310  42.837 0.0000000000
63271  -37.056  -20.022  41.979 0.0000000000
62180  -38.111  -21.320  42.020 0.0000000000
61170  -38.130  -22.134  41.739 0.0000000000
61185  -38.307  -22.265  40.775 0.0000000000
61200  -39.613  -21.865  39.630 0.0000000000
61201  -40.662  -21.672  39.538 0.0000000000
61215  -41.397  -20.944  38.861 0.0000000000
45504  -26.972  -36.212  62.009 0.0000000000
44623  -25.081  -37.410  52.363 0.0000000000
44641  -26.078  -37.042  51.619 0.0000000000
44607  -26.454  -37.244  53.639 0.0000000000
44589  -27.540  -37.733  54.791 0.0000000000
44563  -28.549  -37.854  56.021 0.0000000000
43522  -30.045  -38.008  56.758 0.0000000000
47700  -29.872  -33.804  49.417 0.0000000000
46685  -30.241  -34.504  50.877 0.0000000000
45652  -30.184  -35.843  52.039 0.0000000000
46638  -31.804  -34.790  52.103 0.0000000000
45636  -31.348  -35.700  52.762 0.0000000000
44609  -30.175  -36.619  53.267 0.0000000000
43553  -30.167  -37.194  54.284 0.0000000000
43523  -31.143  -37.463  56.592 0.0000000000
43504  -31.014  -37.567  57.620 0.0000000000
43482  -31.842  -37.353  58.575 0.0000000000
44455  -32.962  -36.666  60.195 0.0000000000
42431  -14.430  -39.562  59.401 0.0000000000
41339  -15.082  -39.719  60.542 0.0000000000
42488  -16.687  -38.625  56.732 0.0000000000
42473  -15.974  -38.822  57.304 0.0000000000
42433  -16.111  -39.411  59.466 0.0000000000
41359  -16.462  -39.548  60.081 0.0000000000
41320  -16.500  -39.599  61.532 0.0000000000
41287  -17.339  -39.235  62.847 0.0000000000
43378  -19.320  -37.324  63.731 0.0000000000
62202  -44.751  -20.451  40.026 0.0000000000
63291  -45.923  -20.096  40.373 0.0000000000
63275  -47.152  -19.872  41.455 0.0000000000
63307  -47.472  -19.706  39.135 0.0000000000
63276  -48.141  -20.289  41.362 0.0000000000
63257  -48.638  -20.085  42.686 0.0000000000
63235  -49.827  -19.357  44.191 0.0000000000
68134  -50.962  -15.812  38.675 0.0000000000
66885  -51.291  -16.628  39.690 0.0000000000
65622  -52.073  -17.648  40.292 0.0000000000
78662  -52.904  -5.356  33.343 0.0000000000
79799  -52.705  -4.138  33.558 0.0000000000
81962  -52.928  -2.844  33.151 0.0000000000
78687  -51.724  -4.632  31.891 0.0000000000
80953  -52.331  -3.360  32.251 0.0000000000
81972  -53.973  -2.374  32.390 0.0000000000
84080  -54.004  -1.263  32.027 0.0000000000
84090  -54.867  -1.430  31.541 0.0000000000
78717  -55.200  -5.101  28.740 0.0000000000
80981  -54.904  -2.979  29.248 0.0000000000
82998  -54.972  -1.716  29.730 0.0000000000
83041  -58.185  -2.032  26.287 0.0000000000
54407  -35.357  -27.212  45.623 0.0000000000
54383  -35.913  -28.093  47.507 0.0000000000
62199  -42.326  -20.933  40.259 0.0000000000
75697  -54.575  -8.683  33.513 0.0000000000
75679  -54.665  -8.593  34.553 0.0000000000
75680  -55.009  -8.092  34.192 0.0000000000
76606  -55.056  -7.578  34.631 0.0000000000
77602  -54.813  -6.852  33.140 0.0000000000
41318  -14.643  -39.768  61.592 0.0000000000
41300  -15.294  -39.637  62.585 0.0000000000
59979  -38.813  -22.099  45.085 0.0000000000
61128  -38.670  -21.729  44.715 0.0000000000
62131  -38.237  -21.147  43.960 0.0000000000
45525  -22.006  -35.787  60.628 0.0000000000
42465  -29.206  -38.079  58.083 0.0000000000
46601  -36.932  -34.922  54.620 0.0000000000
46586  -37.320  -35.323  55.564 0.0000000000
44447  -21.250  -36.256  60.709 0.0000000000
66954  -49.612  -16.666  36.650 0.0000000000
68160  -49.505  -16.104  36.059 0.0000000000
54348  -39.770  -28.489  51.590 0.0000000000
54349  -40.200  -28.180  51.036 0.0000000000
53305  -39.839  -28.463  50.459 0.0000000000
56545  -37.679  -25.420  44.768 0.0000000000
56524  -38.228  -25.663  45.244 0.0000000000
44529  -21.937  -36.551  56.594 0.0000000000
44584  -21.733  -36.157  55.141 0.0000000000
44605  -24.387  -37.214  53.370 0.0000000000
44587  -25.686  -37.426  54.506 0.0000000000
49847  -36.164  -31.144  49.425 0.0000000000
49846  -35.386  -31.423  49.318 0.0000000000
49828  -37.261  -31.972  50.068 0.0000000000
49809  -37.331  -31.112  50.078 0.0000000000
53304  -39.487  -28.880  50.824 0.0000000000
52191  -39.260  -29.267  51.238 0.0000000000
54340  -39.679  -28.445  51.936 0.0000000000
45585  -20.664  -36.571  55.072 0.0000000000
63157  -44.054  -19.804  46.542 0.0000000000
63234  -49.003  -19.996  43.942 0.0000000000
71509  -52.092  -13.116  35.182 0.0000000000
73547  -54.750  -10.909  39.891 0.0000000000
71538  -46.858  -11.664  33.607 0.0000000000
75692  -49.819  -8.513  32.845 0.0000000000
76615  -48.407  -7.736  33.095 0.0000000000
40158  -11.510  -40.491  63.629 0.0000000000
40150  -10.822  -40.411  64.384 0.0000000000
41232  -15.406  -39.766  67.783 0.0000000000
41210  -11.964  -40.015  69.366 0.0000000000
40121  -11.662  -40.504  69.763 0.0000000000
55346  -42.627  -26.145  48.874 0.0000000000
55347  -43.142  -26.154  49.463 0.0000000000
56454  -43.088  -25.622  48.465 0.0000000000
59940  -43.131  -22.520  48.018 0.0000000000
61062  -43.472  -21.667  48.319 0.0000000000
62089  -43.194  -20.882  48.404 0.0000000000
62099  -41.900  -21.006  47.385 0.0000000000
62166  -40.329  -21.334  42.835 0.0000000000
61156  -40.704  -21.806  42.150 0.0000000000
45542  -25.374  -36.157  60.023 0.0000000000
44450  -25.754  -36.242  60.060 0.0000000000
44644  -29.152  -36.617  51.726 0.0000000000
44643  -28.569  -37.271  51.611 0.0000000000
44626  -29.029  -37.185  52.182 0.0000000000
43575  -29.255  -37.590  52.630 0.0000000000
44565  -33.461  -36.090  55.604 0.0000000000
44593  -32.698  -36.050  55.166 0.0000000000
44538  -33.197  -36.596  56.520 0.0000000000
44537  -32.459  -36.880  56.368 0.0000000000
43507  -33.569  -37.040  58.273 0.0000000000
46625  -41.892  -33.535  54.532 0.0000000000
43412  -19.085  -37.959  61.910 0.0000000000
63348  -45.661  -19.373  37.604 0.0000000000
64414  -50.925  -18.644  40.309 0.0000000000
63295  -50.066  -19.607  40.623 0.0000000000
64395  -51.416  -19.214  41.616 0.0000000000
64396  -52.350  -18.859  41.991 0.0000000000
69203  -52.979  -14.483  39.977 0.0000000000
78697  -53.802  -4.588  30.320 0.0000000000
78705  -54.292  -5.165  29.760 0.0000000000
81014  -56.213  -3.648  26.613 0.0000000000
81013  -55.906  -3.057  27.064 0.0000000000
82041  -55.917  -1.947  26.941 0.0000000000
83022  -56.137  -1.403  27.609 0.0000000000
83039  -56.273  -1.765  27.298 0.0000000000
54371  -38.145  -28.160  48.412 0.0000000000
55387  -36.628  -26.545  45.926 0.0000000000
55402  -37.085  -26.210  45.262 0.0000000000
53359  -33.575  -28.953  46.386 0.0000000000
53344  -35.339  -28.784  47.335 0.0000000000
53325  -35.167  -29.239  47.386 0.0000000000
52225  -35.585  -29.545  48.418 0.0000000000
52226  -36.041  -29.590  48.774 0.0000000000
52208  -36.581  -29.750  49.367 0.0000000000
54370  -36.887  -28.434  47.939 0.0000000000
53328  -37.291  -28.854  48.685 0.0000000000
53329  -37.879  -28.839  48.976 0.0000000000
53314  -38.378  -28.804  49.400 0.0000000000
63229  -43.180  -20.764  43.436 0.0000000000
63253  -43.937  -20.387  42.582 0.0000000000
62184  -44.590  -20.140  41.342 0.0000000000
63254  -45.035  -20.326  42.165 0.0000000000
73620  -53.167  -10.838  33.601 0.0000000000
73609  -53.236  -10.992  34.617 0.0000000000
73610  -53.776  -10.252  35.007 0.0000000000
74626  -54.208  -8.903  37.290 0.0000000000
73579  -54.339  -9.641  38.543 0.0000000000
74612  -54.403  -8.871  38.164 0.0000000000
79802  -55.757  -4.977  34.193 0.0000000000
41282  -13.075  -40.302  63.631 0.0000000000
57688  -41.072  -24.406  46.361 0.0000000000
57674  -41.732  -24.382  46.829 0.0000000000
59960  -40.908  -22.688  46.111 0.0000000000
61088  -41.367  -22.049  46.516 0.0000000000
61089  -41.671  -22.107  47.000 0.0000000000
62105  -41.364  -21.634  46.086 0.0000000000
62146  -38.603  -20.995  43.579 0.0000000000
43459  -27.726  -37.234  59.796 0.0000000000
43439  -29.246  -37.193  60.832 0.0000000000
46683  -28.871  -35.249  50.030 0.0000000000
46640  -33.703  -34.582  52.178 0.0000000000
46618  -35.325  -35.058  53.527 0.0000000000
46584  -35.458  -35.130  55.323 0.0000000000
46599  -34.862  -34.988  54.532 0.0000000000
46583  -34.614  -35.152  55.191 0.0000000000
45590  -34.150  -35.567  55.259 0.0000000000
45591  -35.091  -35.764  55.859 0.0000000000
45569  -35.183  -35.981  56.637 0.0000000000
45570  -35.804  -35.844  56.616 0.0000000000
45559  -37.213  -35.650  57.600 0.0000000000
43516  -19.460  -37.328  56.731 0.0000000000
44445  -19.700  -36.979  60.900 0.0000000000
44421  -20.758  -36.147  62.385 0.0000000000
64493  -47.200  -18.060  36.521 0.0000000000
64471  -47.535  -18.482  37.151 0.0000000000
64472  -48.414  -18.343  37.165 0.0000000000
66924  -49.819  -16.924  38.018 0.0000000000
65666  -49.142  -17.679  37.866 0.0000000000
65668  -49.881  -17.283  38.783 0.0000000000
77650  -49.900  -6.223  29.249 0.0000000000
79893  -55.475  -4.143  25.508 0.0000000000
79911  -55.304  -3.943  24.712 0.0000000000
81045  -56.134  -3.857  24.849 0.0000000000
41234  -17.047  -39.739  67.317 0.0000000000
54317  -41.742  -28.376  53.082 0.0000000000
53295  -41.232  -28.298  52.405 0.0000000000
54350  -41.282  -27.634  50.407 0.0000000000
55332  -41.930  -26.884  49.575 0.0000000000
55359  -38.851  -27.120  47.761 0.0000000000
56485  -39.905  -25.860  46.698 0.0000000000
55375  -40.097  -26.128  47.406 0.0000000000
55376  -40.697  -25.845  47.579 0.0000000000
56486  -40.484  -25.622  46.902 0.0000000000
56507  -40.697  -25.064  46.445 0.0000000000
44508  -23.723  -36.410  57.535 0.0000000000
45586  -22.415  -36.128  54.914 0.0000000000
45588  -23.403  -36.643  55.136 0.0000000000
44509  -24.703  -36.535  57.457 0.0000000000
44490  -26.358  -36.702  58.297 0.0000000000
43535  -26.747  -37.136  56.080 0.0000000000
44534  -26.812  -37.174  56.546 0.0000000000
43501  -27.946  -37.758  57.643 0.0000000000
49879  -31.753  -31.696  47.648 0.0000000000
49861  -31.884  -31.961  48.495 0.0000000000
49842  -32.206  -31.968  49.020 0.0000000000
51073  -32.903  -30.789  47.508 0.0000000000
51057  -33.517  -30.857  48.208 0.0000000000
48732  -34.658  -32.180  49.409 0.0000000000
49844  -33.504  -31.860  48.881 0.0000000000
48711  -33.264  -33.026  49.896 0.0000000000
47683  -34.506  -33.811  50.646 0.0000000000
47662  -36.659  -34.010  51.062 0.0000000000
46668  -36.801  -34.638  51.617 0.0000000000
46643  -37.076  -34.864  52.536 0.0000000000
46621  -38.624  -35.007  53.685 0.0000000000
46644  -38.243  -34.657  52.303 0.0000000000
47664  -38.923  -33.351  51.386 0.0000000000
47641  -39.195  -33.938  52.006 0.0000000000
47665  -39.499  -33.274  51.844 0.0000000000
47642  -40.255  -33.302  52.583 0.0000000000
52174  -37.656  -30.151  50.561 0.0000000000
51002  -37.966  -30.492  50.680 0.0000000000
51003  -38.606  -30.436  51.169 0.0000000000
49798  -40.349  -31.300  52.579 0.0000000000
50982  -40.538  -30.688  52.964 0.0000000000
53275  -41.133  -29.361  53.004 0.0000000000
53276  -41.720  -28.916  53.468 0.0000000000
44553  -19.317  -36.766  55.547 0.0000000000
44505  -20.651  -36.342  57.762 0.0000000000
64266  -45.423  -19.436  49.951 0.0000000000
64280  -45.334  -19.084  49.390 0.0000000000
64293  -45.905  -18.508  48.450 0.0000000000
64281  -45.882  -18.464  49.235 0.0000000000
64282  -46.254  -18.164  48.851 0.0000000000
65457  -46.692  -17.631  49.017 0.0000000000
65468  -46.819  -17.708  48.302 0.0000000000
63176  -46.076  -19.834  45.857 0.0000000000
63160  -47.133  -19.197  46.914 0.0000000000
64317  -47.770  -18.137  47.094 0.0000000000
65478  -47.810  -17.726  47.790 0.0000000000
65489  -48.257  -17.940  47.396 0.0000000000
64318  -48.637  -18.374  47.161 0.0000000000
64320  -50.347  -18.232  46.935 0.0000000000
69310  -50.326  -14.413  34.726 0.0000000000
69293  -51.291  -14.455  35.647 0.0000000000
71482  -52.223  -13.265  36.907 0.0000000000
70364  -52.038  -13.879  37.604 0.0000000000
70347  -52.538  -13.758  38.470 0.0000000000
73591  -52.993  -11.021  37.001 0.0000000000
72537  -53.625  -11.872  39.446 0.0000000000
41206  -8.767  -39.666  69.385 0.0000000000
42323  -8.080  -38.959  68.901 0.0000000000
41205  -7.995  -39.757  69.049 0.0000000000
63365  -43.238  -19.003  36.502 0.0000000000
64489  -43.584  -18.611  35.877 0.0000000000
64490  -44.585  -18.391  35.886 0.0000000000
65696  -45.266  -17.828  35.630 0.0000000000
65718  -45.602  -17.188  35.166 0.0000000000
66973  -46.068  -16.373  35.102 0.0000000000
68182  -46.515  -15.569  34.969 0.0000000000
69307  -47.325  -14.678  34.381 0.0000000000
69309  -49.585  -15.066  34.523 0.0000000000
72609  -49.701  -12.359  33.549 0.0000000000
71525  -50.353  -12.962  33.894 0.0000000000
74670  -49.203  -9.704  33.102 0.0000000000
72627  -50.481  -11.997  33.107 0.0000000000
72629  -52.465  -11.180  33.255 0.0000000000
75693  -50.757  -8.525  33.021 0.0000000000
74673  -52.319  -9.519  32.670 0.0000000000
75714  -52.679  -8.532  32.480 0.0000000000
75695  -52.315  -8.111  32.759 0.0000000000
76619  -52.212  -7.496  32.904 0.0000000000
76618  -51.225  -7.578  33.130 0.0000000000
77620  -49.574  -6.745  32.448 0.0000000000
41253  -10.082  -40.174  65.226 0.0000000000
41270  -14.880  -39.692  64.923 0.0000000000
41269  -13.829  -39.840  65.196 0.0000000000
41268  -13.326  -39.961  65.754 0.0000000000
41221  -14.999  -39.818  68.478 0.0000000000
40136  -12.356  -40.112  66.404 0.0000000000
41239  -11.934  -39.995  67.101 0.0000000000
42326  -11.134  -39.340  69.034 0.0000000000
42333  -10.949  -39.735  68.633 0.0000000000
42325  -10.598  -39.459  68.691 0.0000000000
42324  -10.174  -39.404  68.352 0.0000000000
42317  -10.213  -39.412  68.757 0.0000000000
41207  -9.856  -39.572  69.249 0.0000000000
41202  -10.412  -39.793  70.032 0.0000000000
38980  -10.648  -41.380  69.625 0.0000000000
59882  -45.713  -22.297  53.625 0.0000000000
54332  -42.103  -27.431  52.340 0.0000000000
55291  -42.991  -26.958  52.772 0.0000000000
55306  -43.878  -26.084  52.162 0.0000000000
56410  -44.117  -25.101  52.085 0.0000000000
57605  -44.284  -24.762  51.717 0.0000000000
57663  -43.031  -24.427  47.741 0.0000000000
57664  -43.630  -24.465  48.301 0.0000000000
57653  -44.554  -24.159  49.635 0.0000000000
58794  -44.735  -23.622  50.707 0.0000000000
59905  -45.137  -22.971  51.559 0.0000000000
59919  -45.144  -22.787  50.852 0.0000000000
61050  -44.670  -21.430  49.097 0.0000000000
62079  -45.535  -21.478  50.408 0.0000000000
62078  -45.348  -20.829  49.635 0.0000000000
63118  -45.530  -20.823  50.447 0.0000000000
62067  -45.365  -20.221  49.878 0.0000000000
62066  -44.957  -20.146  49.538 0.0000000000
63130  -43.223  -20.417  48.113 0.0000000000
63144  -43.510  -19.954  47.356 0.0000000000
62106  -41.605  -21.509  45.822 0.0000000000
63142  -41.827  -20.830  46.444 0.0000000000
63173  -42.627  -19.946  45.349 0.0000000000
61174  -42.051  -21.360  41.225 0.0000000000
61189  -42.027  -21.097  40.691 0.0000000000
63249  -36.671  -19.915  42.324 0.0000000000
63270  -36.410  -20.112  41.782 0.0000000000
62196  -36.941  -21.339  41.191 0.0000000000
61169  -37.668  -21.469  41.610 0.0000000000
61184  -37.419  -21.927  41.016 0.0000000000
60087  -37.993  -22.472  39.889 0.0000000000
61199  -38.706  -22.195  39.823 0.0000000000
61186  -39.328  -21.973  40.636 0.0000000000
61214  -40.800  -21.254  38.860 0.0000000000
44467  -22.849  -36.033  59.710 0.0000000000
44448  -22.974  -35.984  60.066 0.0000000000
45527  -23.922  -35.730  60.548 0.0000000000
44452  -27.315  -36.820  60.540 0.0000000000
45518  -26.910  -36.638  61.295 0.0000000000
44436  -27.531  -36.623  61.682 0.0000000000
43589  -27.657  -37.410  52.249 0.0000000000
44625  -27.342  -37.086  52.827 0.0000000000
44608  -27.325  -37.478  53.829 0.0000000000
43552  -29.084  -37.839  54.158 0.0000000000
43536  -28.374  -37.826  54.829 0.0000000000
47718  -30.287  -33.407  48.696 0.0000000000
47678  -30.168  -33.813  49.990 0.0000000000
46661  -30.118  -34.986  51.120 0.0000000000
45671  -30.315  -35.368  51.599 0.0000000000
46616  -32.819  -34.714  53.113 0.0000000000
46615  -32.258  -34.814  52.686 0.0000000000
44592  -31.915  -36.216  54.672 0.0000000000
44611  -31.479  -36.206  53.760 0.0000000000
44610  -30.989  -36.160  53.173 0.0000000000
44590  -30.535  -36.578  53.721 0.0000000000
43554  -31.144  -37.045  54.848 0.0000000000
43524  -31.903  -37.196  56.429 0.0000000000
44474  -33.881  -36.822  59.611 0.0000000000
44473  -33.193  -36.724  59.591 0.0000000000
44456  -33.686  -36.722  60.349 0.0000000000
44495  -35.564  -36.373  58.499 0.0000000000
44476  -35.360  -36.488  59.349 0.0000000000
46604  -40.324  -35.044  54.724 0.0000000000
41357  -14.503  -39.506  59.965 0.0000000000
42411  -15.521  -39.548  60.122 0.0000000000
43496  -18.933  -37.910  57.640 0.0000000000
43495  -17.831  -38.166  57.147 0.0000000000
42474  -17.211  -38.699  57.481 0.0000000000
42453  -15.482  -39.085  58.497 0.0000000000
42413  -17.454  -39.379  60.778 0.0000000000
41341  -16.845  -39.563  60.711 0.0000000000
41302  -17.011  -39.503  62.353 0.0000000000
41303  -17.712  -39.288  62.403 0.0000000000
44419  -19.671  -36.974  63.144 0.0000000000
65422  -47.582  -17.877  51.956 0.0000000000
62220  -43.819  -20.548  39.536 0.0000000000
62242  -44.318  -20.361  38.950 0.0000000000
63306  -46.315  -19.911  39.427 0.0000000000
63305  -45.573  -20.196  39.654 0.0000000000
62203  -47.317  -20.108  41.052 0.0000000000
64428  -48.115  -18.938  38.558 0.0000000000
63308  -48.361  -19.380  39.149 0.0000000000
63277  -49.441  -19.953  41.579 0.0000000000
64362  -51.217  -18.723  44.310 0.0000000000
64349  -51.837  -17.840  44.959 0.0000000000
68150  -50.545  -15.860  37.808 0.0000000000
68092  -51.940  -15.957  39.644 0.0000000000
66903  -51.413  -16.340  39.504 0.0000000000
66886  -51.789  -16.466  39.826 0.0000000000
77600  -52.385  -6.409  32.866 0.0000000000
78677  -51.942  -5.553  33.056 0.0000000000
79809  -51.862  -4.126  33.106 0.0000000000
78661  -52.042  -4.658  33.442 0.0000000000
79798  -52.178  -3.982  33.500 0.0000000000
80936  -53.370  -3.396  33.310 0.0000000000
81960  -52.113  -3.282  33.088 0.0000000000
78695  -51.994  -5.186  31.319 0.0000000000
80964  -52.609  -3.588  31.623 0.0000000000
79825  -52.166  -4.147  31.758 0.0000000000
80954  -52.987  -3.200  31.989 0.0000000000
81978  -52.959  -2.935  32.399 0.0000000000
82959  -54.333  -2.045  32.287 0.0000000000
82966  -53.919  -1.814  32.014 0.0000000000
81990  -53.909  -2.083  30.276 0.0000000000
82982  -53.925  -1.411  30.910 0.0000000000
84102  -54.469  -1.144  31.041 0.0000000000
84091  -55.629  -1.614  31.628 0.0000000000
84103  -55.146  -1.175  30.968 0.0000000000
78728  -55.035  -5.423  27.704 0.0000000000
78727  -54.114  -5.570  27.643 0.0000000000
78706  -55.087  -4.661  29.335 0.0000000000
79849  -55.395  -4.048  28.901 0.0000000000
82005  -54.988  -2.104  29.030 0.0000000000
82999  -55.647  -1.704  29.252 0.0000000000
82985  -56.076  -1.753  30.380 0.0000000000
81030  -57.553  -2.471  26.005 0.0000000000
82043  -57.472  -2.227  26.669 0.0000000000
54408  -36.019  -26.746  45.693 0.0000000000
54394  -34.132  -28.754  46.299 0.0000000000
54395  -34.335  -28.384  46.553 0.0000000000
54382  -34.998  -28.393  46.899 0.0000000000
53345  -35.779  -28.780  47.699 0.0000000000
53327  -36.338  -29.092  48.223 0.0000000000
62170  -43.711  -20.816  41.969 0.0000000000
62183  -43.905  -20.323  41.103 0.0000000000
63272  -44.622  -20.145  40.737 0.0000000000
74675  -54.178  -9.533  33.377 0.0000000000
74657  -54.310  -9.510  34.372 0.0000000000
75668  -54.176  -8.900  35.366 0.0000000000
77577  -54.830  -7.054  36.336 0.0000000000
77578  -55.240  -6.521  35.874 0.0000000000
77588  -55.312  -6.606  34.810 0.0000000000
78665  -55.494  -5.990  34.290 0.0000000000
78664  -55.255  -5.840  33.608 0.0000000000
41337  -13.052  -39.645  60.505 0.0000000000
59980  -39.483  -22.476  45.185 0.0000000000
59981  -40.398  -22.893  45.445 0.0000000000
61106  -39.885  -21.834  45.442 0.0000000000
63224  -38.054  -20.644  43.217 0.0000000000
43463  -31.649  -37.203  59.527 0.0000000000
45593  -36.450  -35.431  56.024 0.0000000000
46571  -36.919  -35.164  56.114 0.0000000000
45572  -37.597  -35.287  56.621 0.0000000000
44446  -20.426  -36.576  60.772 0.0000000000
65700  -48.489  -17.734  36.522 0.0000000000
66940  -49.157  -16.918  36.919 0.0000000000
66941  -49.575  -17.038  37.447 0.0000000000
53294  -40.888  -28.478  52.281 0.0000000000
55389  -38.168  -26.219  46.143 0.0000000000
55390  -38.731  -25.973  46.558 0.0000000000
56504  -38.626  -25.684  45.987 0.0000000000
56505  -39.272  -25.468  46.174 0.0000000000
44528  -20.894  -36.725  56.643 0.0000000000
45635  -23.897  -36.689  53.985 0.0000000000
45611  -23.515  -36.604  54.580 0.0000000000
45612  -23.966  -36.704  54.362 0.0000000000
44533  -25.982  -37.261  56.396 0.0000000000
43518  -26.300  -37.269  56.004 0.0000000000
43534  -26.568  -37.213  55.903 0.0000000000
44561  -27.050  -37.194  55.708 0.0000000000
51058  -34.416  -30.489  48.383 0.0000000000
48713  -35.466  -32.584  49.741 0.0000000000
47684  -35.648  -33.856  50.479 0.0000000000
47685  -36.580  -33.670  50.461 0.0000000000
47686  -37.061  -33.637  50.745 0.0000000000
47663  -37.761  -33.711  51.153 0.0000000000
48698  -38.618  -32.358  50.998 0.0000000000
52175  -38.237  -29.968  50.933 0.0000000000
52190  -38.776  -29.504  50.869 0.0000000000
52176  -39.154  -29.628  51.505 0.0000000000
52164  -39.765  -29.669  52.320 0.0000000000
53284  -39.544  -28.940  52.170 0.0000000000
54330  -39.787  -28.563  52.142 0.0000000000
44554  -20.205  -36.684  55.426 0.0000000000
64291  -44.848  -19.383  48.855 0.0000000000
63132  -44.922  -19.372  48.247 0.0000000000
63146  -45.377  -19.315  47.591 0.0000000000
63147  -45.938  -18.809  47.807 0.0000000000
63204  -47.002  -20.202  44.856 0.0000000000
63178  -48.568  -19.322  45.763 0.0000000000
63179  -49.400  -19.068  45.562 0.0000000000
63207  -49.856  -19.065  45.028 0.0000000000
70410  -51.142  -13.691  34.784 0.0000000000
70392  -51.930  -13.538  35.665 0.0000000000
71500  -52.181  -13.352  36.346 0.0000000000
71483  -52.574  -12.561  37.223 0.0000000000
73578  -53.766  -10.347  38.356 0.0000000000
72558  -53.346  -11.266  38.584 0.0000000000
73562  -53.850  -10.945  39.121 0.0000000000
84068  -56.091  -1.937  33.536 0.0000000000
66972  -45.101  -16.215  34.954 0.0000000000
71522  -47.204  -12.526  33.978 0.0000000000
72607  -48.108  -11.892  33.634 0.0000000000
74687  -49.606  -9.495  33.085 0.0000000000
74671  -50.094  -9.520  33.178 0.0000000000
75712  -49.497  -9.187  32.843 0.0000000000
76617  -50.328  -7.596  33.044 0.0000000000
76637  -48.807  -7.207  32.746 0.0000000000
41257  -15.774  -39.376  65.900 0.0000000000
41220  -14.269  -39.830  68.605 0.0000000000
41219  -13.293  -39.893  68.815 0.0000000000
41218  -12.304  -39.788  68.822 0.0000000000
41209  -11.252  -39.913  69.353 0.0000000000
41203  -11.133  -39.797  70.006 0.0000000000
40117  -11.404  -40.082  70.078 0.0000000000
40120  -11.250  -40.784  69.917 0.0000000000
55320  -42.766  -26.591  50.782 0.0000000000
55334  -43.324  -26.026  50.115 0.0000000000
56439  -44.023  -25.157  50.241 0.0000000000
59950  -42.570  -22.875  47.745 0.0000000000
58817  -43.941  -23.513  48.247 0.0000000000
59929  -44.734  -22.543  49.193 0.0000000000
61063  -44.175  -21.814  48.669 0.0000000000
62076  -43.806  -20.489  48.699 0.0000000000
63129  -42.526  -20.716  47.627 0.0000000000
63198  -41.132  -20.964  44.158 0.0000000000
63171  -41.881  -21.319  44.601 0.0000000000
63226  -40.554  -20.754  43.794 0.0000000000
63227  -41.302  -20.856  43.793 0.0000000000
62150  -41.617  -21.054  43.270 0.0000000000
62167  -41.175  -21.307  42.693 0.0000000000
45540  -24.354  -35.948  60.043 0.0000000000
45541  -25.024  -36.058  60.025 0.0000000000
45517  -26.326  -36.316  61.432 0.0000000000
44426  -28.894  -36.809  62.033 0.0000000000
44425  -28.201  -36.836  62.200 0.0000000000
46696  -28.059  -35.931  49.600 0.0000000000
45682  -27.733  -36.519  50.224 0.0000000000
45668  -28.289  -36.786  50.924 0.0000000000
43561  -28.039  -37.456  53.149 0.0000000000
43562  -28.862  -38.102  53.201 0.0000000000
48727  -31.124  -32.774  48.985 0.0000000000
47701  -30.752  -33.385  49.371 0.0000000000
47702  -31.218  -33.463  49.816 0.0000000000
47656  -31.223  -34.255  51.179 0.0000000000
47636  -31.226  -34.419  51.530 0.0000000000
45639  -33.479  -35.665  54.079 0.0000000000
45614  -33.031  -35.850  54.576 0.0000000000
43555  -31.541  -36.751  55.245 0.0000000000
43540  -31.958  -36.816  55.660 0.0000000000
44513  -32.277  -37.018  56.891 0.0000000000
43483  -32.807  -37.096  58.699 0.0000000000
43506  -33.104  -37.127  57.996 0.0000000000
44493  -33.927  -36.953  58.775 0.0000000000
42456  -18.807  -38.353  58.822 0.0000000000
42475  -18.265  -38.473  57.935 0.0000000000
42414  -17.989  -39.025  60.685 0.0000000000
42394  -17.824  -39.342  61.229 0.0000000000
41304  -18.159  -39.304  62.101 0.0000000000
44408  -20.569  -36.279  64.318 0.0000000000
64412  -49.030  -19.272  39.467 0.0000000000
63259  -50.842  -19.419  42.247 0.0000000000
69220  -51.811  -14.794  39.039 0.0000000000
68135  -51.201  -15.002  38.816 0.0000000000
68114  -52.097  -14.917  39.644 0.0000000000
68093  -52.362  -15.635  39.925 0.0000000000
77622  -51.324  -6.062  32.701 0.0000000000
78675  -51.022  -5.682  32.480 0.0000000000
79817  -51.520  -4.442  32.730 0.0000000000
80965  -53.301  -3.305  31.281 0.0000000000
80966  -53.719  -3.040  30.522 0.0000000000
80980  -54.288  -3.009  29.902 0.0000000000
79892  -54.400  -4.343  25.592 0.0000000000
80997  -55.332  -2.870  28.249 0.0000000000
83011  -55.777  -1.337  28.295 0.0000000000
84134  -56.382  -0.880  28.169 0.0000000000
83075  -58.493  -1.851  25.145 0.0000000000
83057  -58.502  -1.892  25.604 0.0000000000
83058  -58.929  -1.797  25.311 0.0000000000
53315  -39.125  -28.569  49.992 0.0000000000
54359  -38.906  -28.287  49.216 0.0000000000
55372  -37.733  -26.863  46.687 0.0000000000
55403  -37.748  -26.161  45.516 0.0000000000
44583  -21.479  -36.272  54.947 0.0000000000
53340  -32.238  -28.937  46.708 0.0000000000
52239  -33.725  -29.801  47.204 0.0000000000
53360  -34.057  -29.057  46.530 0.0000000000
52240  -34.398  -29.814  47.498 0.0000000000
51075  -34.509  -30.121  47.822 0.0000000000
52206  -35.122  -30.005  48.585 0.0000000000
51042  -35.900  -30.511  49.365 0.0000000000
51043  -36.690  -30.602  49.603 0.0000000000
51025  -37.241  -30.646  50.024 0.0000000000
52188  -37.240  -30.111  50.112 0.0000000000
53312  -36.945  -29.276  48.954 0.0000000000
53302  -38.065  -29.233  49.935 0.0000000000
63202  -44.539  -20.393  44.586 0.0000000000
63256  -47.410  -19.945  42.539 0.0000000000
72596  -52.805  -12.044  35.211 0.0000000000
73592  -53.533  -10.134  36.991 0.0000000000
73605  -53.701  -10.018  35.875 0.0000000000
78640  -55.859  -5.452  35.966 0.0000000000
41297  -11.874  -40.090  62.002 0.0000000000
40166  -12.024  -40.339  63.176 0.0000000000
56469  -42.641  -25.400  47.847 0.0000000000
57675  -42.430  -24.403  47.206 0.0000000000
58824  -41.893  -23.529  47.046 0.0000000000
58825  -42.541  -23.534  47.455 0.0000000000
59949  -41.958  -22.673  47.425 0.0000000000
61077  -41.980  -21.801  47.404 0.0000000000
62097  -41.615  -21.271  46.210 0.0000000000
63225  -40.068  -20.797  43.759 0.0000000000
44471  -26.277  -36.617  59.357 0.0000000000
44451  -26.186  -36.345  60.122 0.0000000000
43438  -28.174  -37.173  60.387 0.0000000000
44453  -28.510  -36.906  60.992 0.0000000000
44438  -28.929  -36.899  61.436 0.0000000000
43421  -31.448  -37.812  61.505 0.0000000000
45670  -29.682  -35.761  51.357 0.0000000000
47659  -33.589  -34.172  51.455 0.0000000000
47658  -32.714  -34.159  51.450 0.0000000000
47639  -33.239  -34.471  51.871 0.0000000000
45615  -33.699  -35.503  54.548 0.0000000000
44566  -34.447  -36.129  55.991 0.0000000000
44540  -34.768  -36.155  56.703 0.0000000000
44517  -35.824  -36.250  57.842 0.0000000000
45550  -36.704  -36.040  58.003 0.0000000000
44496  -36.376  -36.291  58.387 0.0000000000
43515  -18.377  -37.815  56.499 0.0000000000
43474  -19.362  -37.502  58.790 0.0000000000
43473  -19.074  -38.053  58.326 0.0000000000
43431  -19.130  -37.596  61.020 0.0000000000
63349  -46.405  -19.013  37.551 0.0000000000
64444  -47.114  -18.959  37.673 0.0000000000
64445  -47.893  -18.686  37.841 0.0000000000
64430  -49.642  -18.331  38.945 0.0000000000
64431  -50.258  -18.457  39.501 0.0000000000
77642  -50.413  -6.700  30.805 0.0000000000
76658  -51.417  -7.153  29.872 0.0000000000
79878  -56.053  -4.018  26.257 0.0000000000
81047  -57.713  -2.747  25.355 0.0000000000
81065  -55.600  -3.595  24.060 0.0000000000
81066  -56.674  -3.432  24.150 0.0000000000
41301  -16.216  -39.467  62.451 0.0000000000
41244  -16.554  -39.487  66.752 0.0000000000
54343  -42.124  -27.334  51.247 0.0000000000
54373  -40.369  -27.369  48.583 0.0000000000
54374  -41.010  -26.800  48.492 0.0000000000
55362  -41.364  -26.185  47.881 0.0000000000
56468  -41.904  -25.661  47.613 0.0000000000
57703  -39.730  -24.204  45.392 0.0000000000
58854  -40.066  -23.527  45.294 0.0000000000
58877  -38.892  -22.719  44.751 0.0000000000
60006  -38.343  -22.306  44.653 0.0000000000
45538  -22.086  -35.917  59.713 0.0000000000
45548  -22.482  -35.929  59.335 0.0000000000
44489  -25.496  -36.470  58.419 0.0000000000
44491  -27.039  -36.888  58.167 0.0000000000
43502  -28.574  -38.139  57.555 0.0000000000
42482  -29.079  -38.308  57.556 0.0000000000
49891  -30.916  -31.523  46.991 0.0000000000
49878  -30.971  -31.960  47.747 0.0000000000
48749  -31.316  -32.380  48.734 0.0000000000
48728  -31.606  -32.702  49.342 0.0000000000
48709  -32.031  -32.883  49.750 0.0000000000
48710  -32.495  -32.984  49.871 0.0000000000
49864  -33.787  -31.212  48.574 0.0000000000
49863  -33.217  -31.467  48.480 0.0000000000
49843  -32.803  -32.015  48.835 0.0000000000
48730  -33.042  -32.686  49.115 0.0000000000
47660  -34.168  -34.185  51.281 0.0000000000
46666  -34.635  -34.420  51.350 0.0000000000
46667  -35.747  -34.467  51.348 0.0000000000
46602  -37.976  -35.401  54.735 0.0000000000
45616  -38.423  -35.415  55.243 0.0000000000
46622  -39.655  -34.711  53.836 0.0000000000
46623  -40.702  -34.174  53.616 0.0000000000
47622  -40.766  -33.583  53.138 0.0000000000
47623  -41.283  -33.177  53.363 0.0000000000
49810  -37.718  -31.177  50.362 0.0000000000
49811  -38.301  -31.257  50.757 0.0000000000
48686  -40.232  -32.067  52.155 0.0000000000
48687  -40.722  -32.102  52.705 0.0000000000
52165  -40.736  -29.918  52.740 0.0000000000
52152  -41.327  -29.719  53.445 0.0000000000
43533  -19.374  -37.133  56.051 0.0000000000
43517  -19.723  -36.743  57.309 0.0000000000
44527  -19.897  -36.599  56.691 0.0000000000
64254  -45.680  -18.977  51.034 0.0000000000
65448  -47.207  -17.667  50.020 0.0000000000
64315  -46.471  -18.659  47.658 0.0000000000
65477  -47.162  -17.729  47.954 0.0000000000
64319  -49.580  -18.814  46.889 0.0000000000
68185  -49.539  -15.692  35.293 0.0000000000
68186  -49.915  -15.723  35.892 0.0000000000
69270  -50.725  -15.365  36.407 0.0000000000
69257  -51.376  -14.512  37.332 0.0000000000
69237  -51.732  -14.424  38.306 0.0000000000
69238  -52.151  -14.396  38.734 0.0000000000
70315  -53.174  -13.955  39.929 0.0000000000
71460  -52.800  -12.648  38.204 0.0000000000
72557  -52.981  -11.980  38.830 0.0000000000
71443  -53.046  -12.650  39.178 0.0000000000
70331  -53.462  -13.042  39.643 0.0000000000
41225  -8.709  -39.303  67.949 0.0000000000
62239  -41.724  -20.641  38.462 0.0000000000
62219  -42.926  -20.725  39.399 0.0000000000
62240  -42.493  -20.487  38.407 0.0000000000
63319  -42.568  -20.245  37.980 0.0000000000
63320  -43.027  -20.208  37.987 0.0000000000
64468  -45.082  -18.950  36.783 0.0000000000
64492  -46.368  -18.117  36.456 0.0000000000
65698  -46.872  -17.660  35.818 0.0000000000
65719  -46.473  -17.158  35.269 0.0000000000
65720  -47.195  -17.087  35.444 0.0000000000
66975  -47.761  -16.572  35.411 0.0000000000
66976  -48.324  -16.547  35.558 0.0000000000
68184  -48.503  -15.897  35.120 0.0000000000
69290  -47.691  -15.301  34.729 0.0000000000
68206  -49.157  -15.572  34.845 0.0000000000
70408  -49.871  -13.855  34.238 0.0000000000
70409  -50.684  -13.733  34.488 0.0000000000
71526  -51.380  -13.180  34.360 0.0000000000
71540  -51.501  -12.438  33.433 0.0000000000
73618  -47.864  -11.138  33.705 0.0000000000
73619  -48.299  -11.294  33.633 0.0000000000
73636  -48.613  -10.716  33.527 0.0000000000
72626  -49.364  -11.581  33.488 0.0000000000
71541  -52.209  -11.981  33.423 0.0000000000
73640  -52.889  -10.350  32.836 0.0000000000
73649  -53.327  -10.108  32.780 0.0000000000
74690  -53.570  -9.700  32.728 0.0000000000
75715  -53.805  -8.765  32.741 0.0000000000
76640  -54.001  -7.898  32.728 0.0000000000
77625  -54.213  -7.319  32.759 0.0000000000
77624  -53.746  -7.393  32.674 0.0000000000
76620  -52.806  -7.064  32.842 0.0000000000
77621  -50.568  -6.352  32.489 0.0000000000
40160  -13.165  -40.404  64.149 0.0000000000
41241  -13.905  -39.692  67.261 0.0000000000
41254  -13.291  -39.913  66.479 0.0000000000
40145  -12.772  -40.109  65.921 0.0000000000
40144  -12.110  -40.520  65.618 0.0000000000
41228  -11.384  -39.812  68.045 0.0000000000
41215  -8.784  -39.287  68.760 0.0000000000
41200  -9.170  -39.948  69.808 0.0000000000
40115  -10.063  -40.373  70.135 0.0000000000
38971  -9.766  -40.734  69.874 0.0000000000
60992  -46.139  -21.624  53.747 0.0000000000
54319  -43.347  -27.297  53.547 0.0000000000
57636  -44.336  -24.586  49.887 0.0000000000
56425  -44.345  -24.667  50.980 0.0000000000
57620  -44.393  -24.401  51.317 0.0000000000
58774  -45.259  -23.122  52.739 0.0000000000
59906  -45.381  -22.586  51.940 0.0000000000
61041  -45.426  -22.274  50.541 0.0000000000
61042  -45.671  -22.139  51.054 0.0000000000
61027  -45.584  -21.713  51.963 0.0000000000
62051  -45.570  -20.779  51.860 0.0000000000
63104  -45.454  -19.877  50.363 0.0000000000
64265  -44.847  -19.711  49.381 0.0000000000
63116  -44.106  -20.018  49.126 0.0000000000
63155  -42.152  -20.202  46.007 0.0000000000
62169  -42.976  -21.246  42.392 0.0000000000
62168  -42.063  -21.461  42.634 0.0000000000
61159  -42.731  -21.300  41.776 0.0000000000
61175  -42.514  -21.292  41.548 0.0000000000
62181  -42.288  -21.028  40.858 0.0000000000
62198  -41.790  -21.043  39.819 0.0000000000
62145  -37.180  -21.536  43.509 0.0000000000
63223  -37.567  -20.568  42.974 0.0000000000
63251  -37.832  -20.558  42.846 0.0000000000
62179  -37.375  -20.669  41.805 0.0000000000
61154  -38.771  -21.874  42.381 0.0000000000
61171  -39.062  -22.371  41.660 0.0000000000
60075  -37.576  -22.356  40.396 0.0000000000
61187  -40.390  -21.802  40.457 0.0000000000
61202  -41.380  -21.226  39.427 0.0000000000
45526  -22.886  -35.899  60.422 0.0000000000
45530  -26.537  -36.522  60.796 0.0000000000
44562  -28.045  -37.657  55.703 0.0000000000
44536  -28.214  -37.821  56.364 0.0000000000
43521  -28.869  -38.296  56.670 0.0000000000
42495  -29.475  -38.249  57.218 0.0000000000
46684  -29.717  -34.611  50.413 0.0000000000
46664  -32.346  -34.557  51.795 0.0000000000
45654  -31.475  -35.400  52.577 0.0000000000
45637  -31.914  -35.525  53.287 0.0000000000
45653  -30.914  -35.432  52.225 0.0000000000
44628  -30.409  -36.171  52.588 0.0000000000
43538  -30.525  -37.541  55.570 0.0000000000
43503  -30.148  -37.750  57.764 0.0000000000
43481  -30.828  -37.410  58.578 0.0000000000
43464  -32.477  -36.956  59.513 0.0000000000
44494  -34.696  -36.605  58.567 0.0000000000
44475  -34.573  -36.706  59.461 0.0000000000
43494  -17.346  -38.396  56.934 0.0000000000
42412  -15.776  -39.497  59.922 0.0000000000
41340  -15.994  -39.628  60.545 0.0000000000
44407  -19.790  -36.670  64.006 0.0000000000
62201  -44.256  -20.459  40.262 0.0000000000
63289  -44.703  -20.338  40.363 0.0000000000
62222  -45.033  -20.360  39.560 0.0000000000
63290  -45.151  -20.287  40.280 0.0000000000
63274  -46.117  -19.956  41.324 0.0000000000
63293  -48.126  -19.920  40.111 0.0000000000
62204  -47.622  -20.265  40.834 0.0000000000
64361  -50.376  -18.834  44.625 0.0000000000
64378  -50.523  -19.110  43.792 0.0000000000
68161  -50.248  -15.967  36.651 0.0000000000
66942  -50.073  -16.521  37.610 0.0000000000
68112  -51.209  -16.024  39.037 0.0000000000
66902  -51.024  -16.497  39.235 0.0000000000
65621  -51.071  -17.112  40.005 0.0000000000
64416  -52.820  -18.470  41.505 0.0000000000
78663  -54.308  -5.636  33.093 0.0000000000
79800  -53.827  -4.425  33.094 0.0000000000
80937  -54.635  -3.593  33.127 0.0000000000
81963  -54.103  -2.672  32.889 0.0000000000
77636  -50.976  -5.714  31.640 0.0000000000
78694  -51.313  -5.592  31.532 0.0000000000
79818  -51.849  -4.155  32.407 0.0000000000
80946  -52.043  -3.409  32.753 0.0000000000
81970  -52.466  -2.931  32.815 0.0000000000
82960  -55.023  -2.295  32.855 0.0000000000
84074  -55.080  -1.948  32.547 0.0000000000
84075  -55.826  -2.108  32.859 0.0000000000
82975  -53.850  -1.598  31.556 0.0000000000
84081  -54.567  -1.601  31.958 0.0000000000
84082  -55.346  -1.817  32.172 0.0000000000
78716  -54.252  -5.854  28.678 0.0000000000
79838  -54.838  -3.993  29.687 0.0000000000
82004  -54.555  -2.157  29.721 0.0000000000
82984  -55.360  -1.438  30.294 0.0000000000
82031  -57.146  -2.186  27.549 0.0000000000
83024  -57.537  -1.773  27.514 0.0000000000
83025  -58.499  -2.102  26.632 0.0000000000
38970  -9.562  -40.587  69.844 0.0000000000
38972  -10.103  -40.778  69.948 0.0000000000
38976  -10.936  -40.952  69.921 0.0000000000
40110  -9.353  -40.326  69.853 0.0000000000
40111  -9.618  -40.401  69.945 0.0000000000
40112  -9.964  -40.692  69.990 0.0000000000
40114  -9.614  -40.182  70.067 0.0000000000
40137  -12.824  -39.973  66.472 0.0000000000
41198  -9.263  -40.140  69.930 0.0000000000
41199  -9.386  -39.971  69.942 0.0000000000
41208  -10.724  -39.720  69.490 0.0000000000
41322  -17.942  -39.452  61.772 0.0000000000
41358  -16.054  -39.525  59.981 0.0000000000
42316  -8.135  -39.323  69.070 0.0000000000
42318  -10.583  -39.550  69.012 0.0000000000
42331  -10.201  -39.413  68.024 0.0000000000
42332  -10.595  -39.523  68.269 0.0000000000
42464  -28.879  -38.188  57.956 0.0000000000
42483  -29.564  -38.012  57.753 0.0000000000
42496  -29.806  -38.046  57.377 0.0000000000
43443  -33.314  -37.027  60.661 0.0000000000
43484  -33.376  -37.034  58.583 0.0000000000
43590  -28.042  -37.590  52.049 0.0000000000
44449  -23.225  -35.952  60.067 0.0000000000
44518  -36.172  -36.140  57.938 0.0000000000
44560  -26.194  -37.388  55.530 0.0000000000
44585  -24.016  -36.693  54.637 0.0000000000
45549  -36.403  -36.105  57.966 0.0000000000
45556  -35.085  -36.083  57.062 0.0000000000
45557  -35.530  -36.100  57.208 0.0000000000
45587  -22.861  -36.486  55.026 0.0000000000
45617  -38.599  -35.434  55.473 0.0000000000
45669  -28.936  -36.393  51.084 0.0000000000
46570  -36.656  -35.317  56.073 0.0000000000
46598  -34.150  -35.043  54.778 0.0000000000
46637  -31.123  -34.550  51.796 0.0000000000
46663  -32.195  -34.474  51.613 0.0000000000
46682  -28.333  -35.772  49.925 0.0000000000
46687  -35.241  -34.333  50.925 0.0000000000
47637  -31.456  -34.471  51.563 0.0000000000
47638  -33.051  -34.353  51.749 0.0000000000
49826  -35.986  -31.686  49.390 0.0000000000
49862  -32.683  -31.666  48.281 0.0000000000
51001  -37.554  -30.552  50.394 0.0000000000
53343  -34.600  -29.174  46.903 0.0000000000
54329  -39.540  -28.631  52.023 0.0000000000
56440  -44.305  -24.848  50.749 0.0000000000
57619  -44.315  -24.748  51.467 0.0000000000
57686  -39.742  -24.842  45.763 0.0000000000
58783  -45.126  -23.243  52.073 0.0000000000
58807  -44.782  -23.568  49.816 0.0000000000
61052  -45.514  -21.985  50.451 0.0000000000
61075  -41.462  -21.520  46.353 0.0000000000
61105  -39.140  -21.914  45.197 0.0000000000
62114  -41.864  -21.977  45.013 0.0000000000
62163  -37.707  -20.555  42.319 0.0000000000
62185  -47.334  -20.018  41.279 0.0000000000
62186  -47.515  -20.194  41.209 0.0000000000
62197  -37.352  -21.324  41.403 0.0000000000
62221  -44.499  -20.443  39.583 0.0000000000
62243  -44.790  -20.344  39.179 0.0000000000
63085  -45.527  -19.631  50.926 0.0000000000
63117  -45.474  -20.382  50.227 0.0000000000
63133  -45.493  -18.996  48.181 0.0000000000
63195  -37.812  -20.760  43.414 0.0000000000
63197  -40.249  -20.823  44.172 0.0000000000
63250  -37.417  -20.373  42.457 0.0000000000
64294  -46.430  -18.060  48.400 0.0000000000
64303  -46.750  -18.121  47.873 0.0000000000
64304  -47.296  -18.030  47.596 0.0000000000
64330  -47.566  -18.907  46.859 0.0000000000
64494  -47.955  -18.173  36.554 0.0000000000
65447  -46.382  -18.019  49.709 0.0000000000
65490  -48.496  -18.115  47.484 0.0000000000
65644  -49.842  -17.616  38.824 0.0000000000
65667  -49.514  -17.502  38.325 0.0000000000
65681  -49.327  -17.453  37.721 0.0000000000
66952  -48.165  -16.823  35.772 0.0000000000
68205  -48.909  -15.412  34.651 0.0000000000
69291  -49.880  -15.330  35.081 0.0000000000
70378  -52.146  -13.379  35.933 0.0000000000
70391  -51.567  -13.702  35.227 0.0000000000
72536  -53.136  -12.134  39.200 0.0000000000
72538  -54.300  -11.138  39.569 0.0000000000
72625  -48.657  -11.524  33.573 0.0000000000
73641  -53.617  -10.274  33.125 0.0000000000
73648  -53.121  -9.883  32.647 0.0000000000
74625  -53.952  -9.373  37.001 0.0000000000
74658  -54.625  -9.034  34.070 0.0000000000
74674  -52.836  -9.796  32.619 0.0000000000
74686  -49.396  -9.449  32.961 0.0000000000
74688  -52.567  -9.093  32.458 0.0000000000
75656  -54.230  -8.751  35.884 0.0000000000
75678  -54.245  -9.116  34.879 0.0000000000
75696  -54.220  -9.013  33.171 0.0000000000
75698  -54.908  -8.316  33.957 0.0000000000
75711  -49.226  -9.300  32.821 0.0000000000
75713  -52.322  -8.917  32.532 0.0000000000
75716  -54.283  -8.314  32.964 0.0000000000
76595  -54.756  -7.564  35.736 0.0000000000
76605  -54.717  -8.026  35.093 0.0000000000
76621  -54.591  -7.835  33.056 0.0000000000
76638  -52.574  -7.946  32.719 0.0000000000
76651  -51.295  -7.077  30.343 0.0000000000
80934  -52.136  -3.532  33.229 0.0000000000
80935  -52.530  -3.448  33.370 0.0000000000
80945  -51.996  -3.510  33.008 0.0000000000
81961  -52.268  -3.096  33.135 0.0000000000
81969  -52.009  -3.018  32.999 0.0000000000
81971  -53.475  -2.591  32.442 0.0000000000
82030  -56.817  -2.081  27.593 0.0000000000
82042  -56.621  -2.229  27.200 0.0000000000
82958  -54.071  -1.586  32.061 0.0000000000
82967  -53.925  -2.196  32.161 0.0000000000
83026  -59.109  -2.090  26.146 0.0000000000
83040  -56.507  -1.860  27.386 0.0000000000
84072  -54.018  -1.477  32.152 0.0000000000
84073  -54.296  -1.653  32.084 0.0000000000
84083  -56.044  -2.094  32.368 0.0000000000
84089  -54.159  -1.131  31.559 0.0000000000
84120  -56.176  -1.156  28.723 0.0000000000
84148  -56.650  -0.897  27.719 0.0000000000
84149  -57.109  -0.899  27.588 0.0000000000
