#!ascii label  , from subject 3572 vox2ras=TkReg
258
16631  32.894  -62.941  9.421 0.0000000000
14776  34.617  -64.485  1.622 0.0000000000
16646  39.905  -62.633  8.472 0.0000000000
16695  32.700  -62.791  4.920 0.0000000000
11062  37.770  -68.522  5.659 0.0000000000
13801  39.265  -65.592  6.672 0.0000000000
11022  39.805  -69.079  7.888 0.0000000000
14757  33.488  -64.371  3.452 0.0000000000
18778  30.894  -60.426  2.933 0.0000000000
16650  36.257  -62.470  8.533 0.0000000000
16679  36.155  -62.851  6.661 0.0000000000
13812  35.642  -64.973  5.170 0.0000000000
12928  35.177  -66.922  3.499 0.0000000000
9209  35.993  -70.349  4.167 0.0000000000
16573  31.767  -62.734  12.601 0.0000000000
16589  36.284  -62.557  11.331 0.0000000000
17674  40.226  -61.891  11.002 0.0000000000
19758  29.728  -59.925  5.271 0.0000000000
11939  40.413  -67.714  8.018 0.0000000000
15655  33.643  -63.843  2.033 0.0000000000
17811  32.940  -61.609  1.770 0.0000000000
16648  38.343  -62.562  8.531 0.0000000000
16677  38.000  -63.033  7.054 0.0000000000
12907  37.957  -66.885  5.998 0.0000000000
13803  37.243  -65.478  6.167 0.0000000000
12909  36.539  -66.425  5.366 0.0000000000
12917  35.381  -66.425  4.424 0.0000000000
11985  36.186  -67.184  4.775 0.0000000000
10196  35.349  -69.093  3.086 0.0000000000
16567  38.520  -62.389  12.167 0.0000000000
16587  38.596  -62.637  11.066 0.0000000000
17653  39.783  -61.835  11.856 0.0000000000
16683  32.912  -62.342  6.051 0.0000000000
17764  31.618  -61.893  5.306 0.0000000000
22022  31.037  -58.020  2.563 0.0000000000
22024  29.786  -57.588  3.593 0.0000000000
15609  41.009  -63.733  7.732 0.0000000000
15620  39.358  -64.113  7.221 0.0000000000
13792  40.792  -65.595  7.407 0.0000000000
11956  39.724  -67.592  6.647 0.0000000000
11061  38.617  -68.664  6.152 0.0000000000
15639  33.095  -63.531  4.489 0.0000000000
16707  31.515  -61.952  3.945 0.0000000000
16717  31.779  -62.345  3.086 0.0000000000
19796  32.072  -60.178  2.142 0.0000000000
15664  36.124  -63.513  1.400 0.0000000000
16629  34.991  -62.692  9.527 0.0000000000
17753  34.880  -62.356  6.835 0.0000000000
16686  34.954  -63.072  5.826 0.0000000000
15622  37.587  -63.610  6.582 0.0000000000
15630  35.915  -63.969  6.126 0.0000000000
15632  34.604  -63.658  5.315 0.0000000000
14747  34.625  -64.615  4.606 0.0000000000
13823  33.957  -65.111  3.456 0.0000000000
13850  34.446  -65.629  1.975 0.0000000000
10179  36.315  -69.390  4.703 0.0000000000
11080  35.505  -68.363  3.557 0.0000000000
12014  35.025  -67.605  2.449 0.0000000000
13849  35.238  -65.274  1.334 0.0000000000
16594  31.128  -62.668  11.634 0.0000000000
16611  32.452  -63.066  10.497 0.0000000000
16591  34.257  -63.201  11.408 0.0000000000
16609  34.627  -62.870  10.452 0.0000000000
16607  36.674  -62.701  10.393 0.0000000000
16605  38.929  -62.364  10.181 0.0000000000
16624  39.769  -62.398  9.258 0.0000000000
17708  42.222  -62.036  9.706 0.0000000000
16644  42.084  -62.777  8.741 0.0000000000
18764  30.460  -60.030  3.728 0.0000000000
16632  31.586  -62.581  9.430 0.0000000000
14763  34.008  -64.199  1.896 0.0000000000
15666  34.037  -63.521  1.589 0.0000000000
16647  39.176  -62.534  8.668 0.0000000000
16666  37.696  -62.594  7.610 0.0000000000
16665  38.888  -62.925  7.788 0.0000000000
11972  38.432  -67.604  5.989 0.0000000000
11973  37.525  -67.494  5.625 0.0000000000
11974  36.817  -67.185  5.405 0.0000000000
11063  36.766  -68.242  5.194 0.0000000000
10215  36.122  -70.001  2.281 0.0000000000
17654  39.285  -62.231  12.200 0.0000000000
16688  33.382  -62.717  5.422 0.0000000000
17755  32.126  -62.313  5.728 0.0000000000
16689  32.562  -62.461  5.350 0.0000000000
23265  30.576  -56.439  3.196 0.0000000000
14720  41.294  -64.687  7.446 0.0000000000
13791  41.639  -65.461  7.642 0.0000000000
11041  40.141  -68.425  7.740 0.0000000000
11955  40.294  -67.610  7.372 0.0000000000
11042  39.642  -68.692  7.154 0.0000000000
11060  39.263  -68.382  6.521 0.0000000000
15648  32.946  -63.578  3.433 0.0000000000
15649  32.417  -63.031  3.728 0.0000000000
15657  32.587  -63.134  2.858 0.0000000000
18799  32.429  -60.720  1.981 0.0000000000
19818  32.466  -59.735  1.820 0.0000000000
20862  31.632  -58.513  2.071 0.0000000000
16628  35.971  -62.641  9.493 0.0000000000
16652  34.442  -62.605  8.593 0.0000000000
16651  35.335  -62.563  8.635 0.0000000000
16681  34.852  -62.609  6.274 0.0000000000
16680  35.471  -62.933  6.316 0.0000000000
14731  38.906  -64.694  6.793 0.0000000000
15621  38.590  -63.730  7.011 0.0000000000
13804  36.648  -65.014  6.126 0.0000000000
14739  36.304  -64.521  6.091 0.0000000000
14740  35.715  -64.477  5.510 0.0000000000
15631  35.373  -63.665  5.814 0.0000000000
14741  35.169  -64.202  5.203 0.0000000000
14746  35.361  -64.678  4.969 0.0000000000
12918  34.823  -65.796  4.365 0.0000000000
12929  34.667  -66.251  3.765 0.0000000000
13834  34.239  -65.761  3.098 0.0000000000
12946  34.820  -66.651  2.687 0.0000000000
7371  36.574  -72.781  3.987 0.0000000000
8253  36.495  -71.170  4.349 0.0000000000
9208  36.626  -70.486  4.982 0.0000000000
10180  35.738  -69.309  3.850 0.0000000000
11110  35.328  -68.603  2.362 0.0000000000
11095  35.196  -68.280  2.940 0.0000000000
12036  34.904  -67.392  1.919 0.0000000000
12965  34.861  -66.876  1.823 0.0000000000
12964  35.565  -66.430  1.215 0.0000000000
16595  30.210  -62.175  11.609 0.0000000000
16612  31.489  -62.727  10.645 0.0000000000
16593  32.071  -63.163  11.588 0.0000000000
16569  35.882  -62.784  12.216 0.0000000000
16570  34.907  -63.206  12.318 0.0000000000
16590  35.286  -62.916  11.349 0.0000000000
16608  35.631  -62.750  10.440 0.0000000000
16586  39.536  -62.381  10.927 0.0000000000
16606  37.765  -62.536  10.293 0.0000000000
17692  39.505  -62.303  10.178 0.0000000000
17711  39.573  -62.275  9.885 0.0000000000
17710  40.326  -62.162  9.857 0.0000000000
16603  42.511  -62.341  10.343 0.0000000000
17707  42.499  -62.183  10.030 0.0000000000
17726  42.060  -62.357  9.230 0.0000000000
17798  31.223  -61.043  3.430 0.0000000000
18763  30.867  -60.714  3.851 0.0000000000
18779  30.543  -59.798  3.226 0.0000000000
22010  29.411  -57.648  4.101 0.0000000000
15656  33.262  -63.673  2.628 0.0000000000
15668  32.869  -63.228  2.318 0.0000000000
16649  37.293  -62.463  8.463 0.0000000000
16678  37.119  -62.862  6.808 0.0000000000
12897  38.670  -66.518  6.341 0.0000000000
13802  38.340  -65.482  6.445 0.0000000000
12898  37.869  -66.205  6.243 0.0000000000
13810  36.812  -65.962  5.695 0.0000000000
13816  35.752  -65.858  4.881 0.0000000000
12916  36.043  -66.251  4.943 0.0000000000
11986  35.560  -67.480  3.985 0.0000000000
9221  35.611  -70.179  3.237 0.0000000000
10216  35.675  -69.577  2.493 0.0000000000
16568  36.982  -62.575  12.214 0.0000000000
16588  37.438  -62.520  11.262 0.0000000000
16566  39.200  -62.485  11.555 0.0000000000
17765  31.096  -61.669  5.638 0.0000000000
18744  31.156  -61.417  5.116 0.0000000000
20846  30.816  -58.522  2.871 0.0000000000
19781  30.158  -59.211  3.525 0.0000000000
22023  30.364  -57.368  3.081 0.0000000000
23252  30.162  -56.403  3.943 0.0000000000
16663  40.511  -63.284  7.785 0.0000000000
15611  39.389  -63.484  7.450 0.0000000000
15610  40.127  -63.760  7.407 0.0000000000
14730  39.881  -64.720  7.010 0.0000000000
13800  40.065  -65.660  7.004 0.0000000000
12895  40.271  -66.579  7.103 0.0000000000
12896  39.595  -66.539  6.591 0.0000000000
11957  39.146  -67.241  6.316 0.0000000000
11971  39.078  -67.901  6.273 0.0000000000
16696  32.177  -62.415  4.776 0.0000000000
16706  32.000  -62.454  4.071 0.0000000000
17797  31.496  -61.286  2.910 0.0000000000
17812  32.111  -61.547  2.319 0.0000000000
18777  31.773  -60.634  2.439 0.0000000000
19797  31.558  -59.662  2.278 0.0000000000
20845  31.164  -58.351  2.519 0.0000000000
22040  31.306  -57.279  2.365 0.0000000000
15665  35.054  -63.521  1.434 0.0000000000
16630  33.995  -62.753  9.495 0.0000000000
16653  33.439  -62.681  8.442 0.0000000000
16687  34.332  -62.826  5.654 0.0000000000
14732  37.985  -64.531  6.472 0.0000000000
15623  36.576  -63.623  6.423 0.0000000000
15624  35.878  -63.393  6.313 0.0000000000
15633  33.856  -63.323  5.179 0.0000000000
15638  33.929  -63.949  4.847 0.0000000000
14748  33.739  -64.348  4.357 0.0000000000
14756  33.989  -64.818  4.013 0.0000000000
13818  34.804  -65.284  4.414 0.0000000000
13822  34.370  -65.414  4.012 0.0000000000
13835  33.816  -65.109  2.709 0.0000000000
13851  33.873  -65.027  2.177 0.0000000000
10162  38.615  -69.625  6.349 0.0000000000
7355  36.911  -72.417  4.896 0.0000000000
10164  37.059  -69.505  5.471 0.0000000000
11079  35.977  -68.339  4.359 0.0000000000
12945  35.135  -67.172  2.943 0.0000000000
14775  35.640  -64.437  1.292 0.0000000000
17694  29.301  -60.787  10.598 0.0000000000
17693  29.720  -61.864  10.603 0.0000000000
16613  30.589  -62.463  10.667 0.0000000000
16549  35.505  -63.170  13.060 0.0000000000
16572  32.735  -63.135  12.586 0.0000000000
16592  33.159  -63.250  11.507 0.0000000000
16610  33.583  -63.083  10.452 0.0000000000
16627  36.997  -62.610  9.422 0.0000000000
16626  38.054  -62.550  9.378 0.0000000000
16625  38.968  -62.380  9.323 0.0000000000
17709  41.232  -61.965  9.815 0.0000000000
16623  40.629  -62.329  9.150 0.0000000000
16645  40.927  -62.884  8.365 0.0000000000
17775  31.467  -61.632  4.624 0.0000000000
18751  30.957  -61.062  4.599 0.0000000000
18752  30.359  -60.429  4.534 0.0000000000
19782  29.710  -58.769  3.854 0.0000000000
19769  29.696  -59.065  4.134 0.0000000000
9235  35.884  -70.310  2.635 0.0000000000
11043  39.096  -69.027  6.580 0.0000000000
11999  35.244  -67.633  3.231 0.0000000000
12015  34.800  -67.137  2.143 0.0000000000
12908  37.269  -66.516  5.758 0.0000000000
13811  36.186  -65.439  5.481 0.0000000000
13817  35.367  -65.353  4.733 0.0000000000
14721  40.591  -64.377  7.355 0.0000000000
14729  40.578  -64.989  7.161 0.0000000000
14733  37.035  -64.471  6.410 0.0000000000
14764  33.737  -64.408  2.401 0.0000000000
14777  33.988  -64.792  1.901 0.0000000000
15608  41.812  -63.989  7.793 0.0000000000
15640  32.453  -62.851  4.409 0.0000000000
16604  39.496  -62.344  10.409 0.0000000000
16622  42.255  -62.494  9.283 0.0000000000
16664  39.993  -62.991  7.728 0.0000000000
16697  31.753  -62.111  4.482 0.0000000000
16718  31.414  -61.596  3.448 0.0000000000
16733  32.605  -62.584  2.131 0.0000000000
17690  40.730  -61.763  10.472 0.0000000000
17691  39.947  -62.192  10.401 0.0000000000
17727  41.577  -62.319  9.146 0.0000000000
17763  32.026  -62.263  5.212 0.0000000000
17774  31.798  -62.045  4.890 0.0000000000
17784  31.256  -61.311  3.982 0.0000000000
19768  29.962  -59.591  4.396 0.0000000000
19798  30.818  -59.454  2.852 0.0000000000
19819  31.910  -59.242  1.887 0.0000000000
20835  29.628  -59.068  4.663 0.0000000000
20836  29.558  -58.471  4.402 0.0000000000
20847  29.890  -58.240  3.569 0.0000000000
20863  31.240  -59.029  2.563 0.0000000000
20880  32.161  -59.053  1.756 0.0000000000
22009  29.663  -57.099  3.760 0.0000000000
22041  30.795  -56.752  2.739 0.0000000000
23264  30.950  -55.948  3.071 0.0000000000
23285  30.859  -56.370  2.873 0.0000000000
