#!ascii label  , from subject 3961 vox2ras=TkReg
602
13569  -39.138  -78.088  -2.802 0.0000000000
18427  -40.501  -73.679  -7.106 0.0000000000
21107  -39.911  -70.852  1.072 0.0000000000
16582  -36.316  -75.426  -3.462 0.0000000000
20223  -44.659  -71.984  -4.081 0.0000000000
16491  -42.797  -75.162  2.162 0.0000000000
23166  -46.382  -69.119  3.886 0.0000000000
27001  -47.112  -63.755  5.688 0.0000000000
21148  -46.765  -70.786  -0.278 0.0000000000
21167  -42.079  -70.596  -1.374 0.0000000000
20183  -47.967  -71.728  -1.897 0.0000000000
19176  -41.720  -72.318  5.331 0.0000000000
22082  -45.409  -70.005  7.151 0.0000000000
28047  -43.151  -63.084  5.520 0.0000000000
27033  -45.161  -64.475  3.710 0.0000000000
11671  -37.131  -80.206  -4.727 0.0000000000
18412  -38.475  -73.772  -5.264 0.0000000000
14607  -35.501  -77.075  -6.191 0.0000000000
14623  -37.469  -77.127  -7.420 0.0000000000
17456  -38.261  -74.915  -0.118 0.0000000000
14561  -36.708  -77.501  -2.421 0.0000000000
21202  -38.295  -70.571  -3.621 0.0000000000
22246  -41.279  -70.045  -5.501 0.0000000000
17424  -39.577  -73.760  2.526 0.0000000000
22155  -43.264  -69.681  2.507 0.0000000000
23206  -48.587  -68.665  0.600 0.0000000000
23128  -49.598  -68.415  7.060 0.0000000000
25047  -48.622  -66.237  4.413 0.0000000000
25079  -47.291  -65.998  1.516 0.0000000000
25099  -44.938  -65.777  -0.911 0.0000000000
12598  -35.132  -79.338  -4.657 0.0000000000
21309  -47.019  -71.384  -10.942 0.0000000000
20290  -42.525  -71.857  -10.165 0.0000000000
17577  -42.473  -75.689  -10.447 0.0000000000
23221  -48.579  -69.418  -1.086 0.0000000000
20170  -47.686  -71.409  -1.219 0.0000000000
12586  -38.135  -79.242  -3.718 0.0000000000
18419  -39.534  -73.558  -6.084 0.0000000000
16619  -38.585  -75.399  -6.244 0.0000000000
16631  -39.768  -75.436  -6.954 0.0000000000
15693  -39.656  -76.799  -7.905 0.0000000000
17563  -40.921  -75.007  -7.850 0.0000000000
19217  -38.014  -72.319  1.059 0.0000000000
21119  -38.135  -70.979  -0.080 0.0000000000
21204  -43.015  -70.986  -3.094 0.0000000000
21188  -40.008  -70.273  -2.334 0.0000000000
22219  -41.509  -70.074  -3.738 0.0000000000
22232  -40.504  -70.076  -4.764 0.0000000000
21231  -44.356  -70.856  -4.975 0.0000000000
16510  -40.801  -75.396  1.016 0.0000000000
16490  -41.757  -75.121  1.948 0.0000000000
22125  -43.665  -69.592  5.030 0.0000000000
21072  -41.277  -70.862  4.549 0.0000000000
22144  -44.025  -69.503  3.097 0.0000000000
22158  -46.262  -69.789  1.687 0.0000000000
23180  -47.729  -68.965  2.541 0.0000000000
26026  -49.277  -65.887  6.628 0.0000000000
24050  -48.805  -67.385  5.978 0.0000000000
26030  -48.300  -64.822  4.855 0.0000000000
27055  -43.416  -64.624  2.462 0.0000000000
26076  -46.261  -65.197  2.263 0.0000000000
26092  -44.727  -65.394  1.565 0.0000000000
25090  -46.008  -66.083  0.509 0.0000000000
15623  -35.930  -76.436  -2.901 0.0000000000
13582  -35.712  -78.485  -3.713 0.0000000000
14584  -35.248  -77.326  -4.530 0.0000000000
12623  -33.490  -79.362  -6.693 0.0000000000
22342  -47.236  -70.173  -11.766 0.0000000000
21293  -44.007  -70.675  -10.430 0.0000000000
19359  -42.797  -72.700  -11.980 0.0000000000
21124  -42.716  -70.212  0.709 0.0000000000
21143  -41.374  -70.468  -0.491 0.0000000000
21170  -45.094  -71.188  -1.034 0.0000000000
20193  -44.929  -71.645  -2.094 0.0000000000
19258  -46.371  -72.612  -2.913 0.0000000000
17405  -42.651  -74.353  3.819 0.0000000000
21042  -43.285  -70.879  6.552 0.0000000000
22107  -45.523  -69.243  5.205 0.0000000000
28050  -45.586  -63.359  5.773 0.0000000000
27019  -46.893  -63.965  4.660 0.0000000000
27016  -43.683  -63.890  4.425 0.0000000000
27054  -42.968  -64.136  3.268 0.0000000000
28104  -43.050  -63.359  2.078 0.0000000000
17511  -37.499  -74.492  -4.574 0.0000000000
15644  -36.448  -76.111  -4.920 0.0000000000
15654  -36.840  -76.203  -5.501 0.0000000000
14622  -36.633  -77.152  -7.260 0.0000000000
13631  -36.174  -77.999  -8.451 0.0000000000
13632  -37.289  -78.061  -8.534 0.0000000000
13648  -38.980  -78.514  -9.153 0.0000000000
14651  -41.038  -77.741  -9.144 0.0000000000
15612  -38.636  -76.232  -1.311 0.0000000000
14562  -37.623  -77.588  -2.219 0.0000000000
17471  -36.513  -74.313  -1.712 0.0000000000
18382  -36.519  -73.468  -2.257 0.0000000000
21140  -38.660  -70.537  -0.745 0.0000000000
21185  -37.163  -70.974  -2.338 0.0000000000
19267  -36.987  -72.651  -3.412 0.0000000000
19279  -38.097  -72.654  -4.583 0.0000000000
21228  -39.625  -71.044  -5.558 0.0000000000
21242  -40.816  -71.138  -6.671 0.0000000000
16546  -39.414  -75.601  -0.433 0.0000000000
17437  -38.940  -73.880  1.843 0.0000000000
19207  -38.937  -72.366  2.049 0.0000000000
18314  -40.662  -73.127  4.002 0.0000000000
20126  -40.253  -71.715  3.438 0.0000000000
21109  -41.621  -70.351  1.551 0.0000000000
22174  -44.649  -70.146  1.262 0.0000000000
21130  -48.367  -70.015  0.300 0.0000000000
23213  -48.179  -68.121  -0.825 0.0000000000
22084  -47.743  -69.568  7.317 0.0000000000
23134  -47.405  -68.597  5.855 0.0000000000
24083  -48.125  -67.852  4.172 0.0000000000
27035  -47.263  -64.471  3.687 0.0000000000
25052  -48.259  -65.966  2.935 0.0000000000
23181  -48.375  -68.111  2.715 0.0000000000
25092  -47.835  -66.549  0.955 0.0000000000
25101  -46.801  -66.409  -0.213 0.0000000000
12585  -37.125  -79.240  -3.669 0.0000000000
11670  -36.144  -80.088  -4.738 0.0000000000
14594  -34.520  -77.729  -5.316 0.0000000000
11687  -34.029  -79.888  -5.983 0.0000000000
21244  -44.800  -70.769  -5.915 0.0000000000
22280  -43.540  -70.266  -7.335 0.0000000000
21259  -42.153  -71.006  -7.919 0.0000000000
21278  -43.978  -70.430  -8.904 0.0000000000
19312  -41.674  -72.605  -8.357 0.0000000000
18438  -41.666  -74.108  -9.039 0.0000000000
15696  -41.826  -76.671  -9.350 0.0000000000
23220  -47.829  -68.526  -1.522 0.0000000000
22195  -48.273  -69.963  -1.729 0.0000000000
12587  -39.191  -79.238  -3.762 0.0000000000
13585  -38.638  -78.672  -3.269 0.0000000000
18420  -40.022  -73.592  -6.544 0.0000000000
17540  -39.637  -74.502  -6.469 0.0000000000
17541  -40.156  -74.124  -6.784 0.0000000000
17553  -40.358  -74.678  -7.137 0.0000000000
20147  -38.586  -71.800  1.420 0.0000000000
20158  -37.711  -71.795  0.476 0.0000000000
21106  -39.064  -70.946  0.927 0.0000000000
21205  -43.768  -71.421  -3.331 0.0000000000
22220  -42.371  -70.419  -3.447 0.0000000000
21216  -43.438  -70.943  -3.783 0.0000000000
22235  -43.064  -70.395  -4.132 0.0000000000
21230  -43.695  -70.696  -4.426 0.0000000000
15571  -43.283  -76.005  0.955 0.0000000000
16512  -42.505  -75.605  1.260 0.0000000000
16511  -41.563  -75.463  1.174 0.0000000000
22126  -44.637  -69.358  4.659 0.0000000000
22136  -43.817  -69.400  4.063 0.0000000000
22137  -44.828  -69.396  3.697 0.0000000000
22139  -46.517  -69.257  2.798 0.0000000000
23173  -46.867  -68.983  3.313 0.0000000000
26989  -46.557  -63.801  6.481 0.0000000000
26972  -47.009  -64.359  7.124 0.0000000000
26990  -47.726  -64.333  6.509 0.0000000000
26010  -49.015  -65.334  7.178 0.0000000000
26991  -48.408  -64.754  6.075 0.0000000000
27003  -48.514  -64.964  5.634 0.0000000000
27002  -48.047  -64.434  5.201 0.0000000000
27066  -43.320  -64.287  1.507 0.0000000000
26091  -43.827  -65.066  1.547 0.0000000000
26103  -44.367  -65.476  0.729 0.0000000000
26102  -43.689  -64.950  0.579 0.0000000000
16571  -35.912  -76.034  -3.218 0.0000000000
15633  -35.633  -76.762  -3.657 0.0000000000
16581  -35.903  -76.090  -3.736 0.0000000000
21306  -44.041  -70.905  -11.924 0.0000000000
20305  -42.850  -71.860  -11.538 0.0000000000
21319  -43.395  -71.514  -13.042 0.0000000000
21126  -45.152  -70.441  0.338 0.0000000000
21145  -43.510  -70.590  -0.416 0.0000000000
21146  -44.628  -70.752  -0.438 0.0000000000
20181  -45.857  -71.519  -1.418 0.0000000000
20182  -47.018  -71.824  -1.740 0.0000000000
20194  -46.079  -72.389  -2.545 0.0000000000
20195  -47.331  -72.262  -2.498 0.0000000000
22090  -43.794  -70.436  6.483 0.0000000000
22092  -45.641  -69.467  6.303 0.0000000000
28049  -44.697  -63.307  5.823 0.0000000000
28060  -44.147  -63.502  5.117 0.0000000000
28059  -43.180  -63.357  4.874 0.0000000000
28095  -42.708  -63.369  3.014 0.0000000000
11690  -36.639  -80.683  -5.282 0.0000000000
18411  -37.941  -73.888  -4.920 0.0000000000
16604  -37.546  -75.381  -5.251 0.0000000000
15681  -38.043  -76.580  -7.048 0.0000000000
15680  -37.251  -76.727  -6.841 0.0000000000
14637  -36.867  -77.581  -7.891 0.0000000000
15694  -40.381  -76.721  -8.158 0.0000000000
13634  -39.379  -77.901  -8.671 0.0000000000
13635  -39.968  -77.835  -8.735 0.0000000000
13649  -40.194  -78.311  -9.158 0.0000000000
14650  -40.383  -77.702  -8.793 0.0000000000
16545  -38.630  -75.512  -0.660 0.0000000000
16563  -38.061  -75.754  -1.082 0.0000000000
19257  -36.501  -72.571  -1.839 0.0000000000
21141  -39.527  -70.466  -0.638 0.0000000000
21165  -40.218  -70.394  -1.452 0.0000000000
21187  -39.089  -70.215  -2.442 0.0000000000
21201  -37.541  -70.921  -3.190 0.0000000000
20206  -36.806  -72.009  -3.045 0.0000000000
20207  -37.316  -71.756  -3.574 0.0000000000
19278  -37.504  -72.616  -4.034 0.0000000000
22244  -39.871  -70.613  -5.346 0.0000000000
22245  -40.372  -70.483  -5.580 0.0000000000
21229  -40.299  -70.922  -6.063 0.0000000000
22261  -41.194  -70.472  -6.315 0.0000000000
17439  -40.402  -75.009  1.550 0.0000000000
17438  -39.571  -74.587  1.590 0.0000000000
18319  -38.930  -73.238  2.195 0.0000000000
18320  -39.407  -73.209  2.630 0.0000000000
18297  -41.900  -73.357  4.932 0.0000000000
17404  -41.351  -73.888  3.934 0.0000000000
19185  -41.248  -72.349  4.841 0.0000000000
21088  -41.667  -70.179  3.707 0.0000000000
21071  -40.757  -71.202  3.937 0.0000000000
21087  -40.820  -70.771  3.375 0.0000000000
20136  -40.232  -71.176  2.703 0.0000000000
21110  -42.477  -69.969  1.965 0.0000000000
22173  -43.550  -69.998  1.504 0.0000000000
22159  -47.153  -69.655  1.488 0.0000000000
22176  -46.672  -70.107  0.963 0.0000000000
22178  -48.197  -69.811  0.681 0.0000000000
22179  -48.615  -69.520  0.219 0.0000000000
24124  -48.160  -67.630  -0.302 0.0000000000
23127  -48.641  -68.684  6.800 0.0000000000
24068  -48.443  -67.414  5.341 0.0000000000
24049  -48.359  -67.721  5.696 0.0000000000
23152  -47.960  -68.039  5.312 0.0000000000
23151  -47.160  -68.570  5.022 0.0000000000
24084  -48.465  -67.289  3.928 0.0000000000
27034  -46.284  -64.326  3.710 0.0000000000
26094  -46.642  -65.591  1.715 0.0000000000
26077  -47.252  -65.356  2.269 0.0000000000
25063  -47.708  -65.809  2.069 0.0000000000
25065  -48.379  -66.587  2.653 0.0000000000
25081  -48.316  -66.661  2.039 0.0000000000
24105  -48.541  -67.456  2.074 0.0000000000
25089  -45.024  -65.889  0.076 0.0000000000
25100  -45.822  -66.203  -0.523 0.0000000000
25114  -46.538  -66.635  -1.075 0.0000000000
14544  -37.228  -76.883  -1.829 0.0000000000
13567  -37.121  -78.215  -2.699 0.0000000000
13581  -35.350  -78.517  -4.064 0.0000000000
12583  -35.857  -78.947  -3.885 0.0000000000
11689  -35.685  -80.548  -5.423 0.0000000000
12615  -35.313  -79.854  -4.989 0.0000000000
15653  -35.995  -76.580  -5.451 0.0000000000
14595  -35.277  -77.097  -5.352 0.0000000000
14606  -34.730  -77.450  -6.136 0.0000000000
13612  -33.768  -78.535  -6.148 0.0000000000
21232  -45.184  -71.599  -5.304 0.0000000000
20249  -46.099  -72.271  -6.521 0.0000000000
22281  -44.380  -70.345  -7.474 0.0000000000
22279  -42.602  -70.314  -7.139 0.0000000000
21261  -43.676  -70.418  -8.044 0.0000000000
21294  -45.048  -70.481  -10.017 0.0000000000
21277  -43.019  -71.046  -9.252 0.0000000000
21276  -42.512  -71.390  -8.746 0.0000000000
20274  -42.195  -71.991  -8.852 0.0000000000
19326  -41.518  -73.328  -8.390 0.0000000000
19327  -41.874  -73.067  -9.364 0.0000000000
18452  -42.141  -74.101  -10.291 0.0000000000
17576  -42.087  -75.119  -9.709 0.0000000000
16645  -42.221  -76.086  -9.818 0.0000000000
21149  -47.774  -70.812  -0.439 0.0000000000
21147  -45.821  -70.933  -0.580 0.0000000000
22196  -48.576  -70.132  -1.047 0.0000000000
21171  -48.278  -70.878  -1.279 0.0000000000
21193  -48.174  -71.043  -2.224 0.0000000000
29154  -42.423  -62.777  4.675 0.0000000000
29173  -41.996  -62.146  4.514 0.0000000000
12601  -37.634  -79.724  -4.222 0.0000000000
18413  -39.063  -73.593  -5.625 0.0000000000
16605  -38.206  -75.083  -5.674 0.0000000000
17539  -39.092  -74.910  -6.236 0.0000000000
16630  -39.028  -75.703  -6.749 0.0000000000
15682  -39.028  -76.404  -7.311 0.0000000000
14624  -38.252  -77.015  -7.555 0.0000000000
15683  -40.043  -76.227  -7.574 0.0000000000
15684  -40.654  -76.156  -7.988 0.0000000000
18339  -38.101  -73.630  0.950 0.0000000000
19231  -37.583  -72.703  0.585 0.0000000000
19230  -37.249  -72.343  0.114 0.0000000000
20166  -36.999  -71.876  -0.338 0.0000000000
21191  -42.669  -70.898  -2.217 0.0000000000
21189  -40.900  -70.423  -2.258 0.0000000000
21203  -42.382  -70.690  -2.778 0.0000000000
22205  -40.733  -70.157  -3.072 0.0000000000
22204  -39.850  -70.076  -3.198 0.0000000000
22217  -39.749  -70.085  -4.057 0.0000000000
22218  -40.619  -69.989  -3.914 0.0000000000
22233  -41.416  -69.892  -4.621 0.0000000000
22247  -42.245  -69.819  -5.394 0.0000000000
16489  -41.029  -75.125  1.644 0.0000000000
17425  -40.702  -74.567  2.476 0.0000000000
21052  -42.331  -70.860  5.637 0.0000000000
21051  -41.599  -71.212  5.159 0.0000000000
21073  -42.155  -70.150  4.612 0.0000000000
21089  -42.344  -69.721  3.859 0.0000000000
22156  -44.285  -69.793  2.170 0.0000000000
22145  -45.042  -69.580  2.778 0.0000000000
22147  -46.877  -69.344  2.208 0.0000000000
23192  -48.025  -69.215  1.924 0.0000000000
26011  -49.422  -65.899  6.953 0.0000000000
24051  -49.541  -67.137  6.590 0.0000000000
23136  -49.145  -67.926  6.529 0.0000000000
25026  -49.058  -66.567  6.051 0.0000000000
25044  -48.756  -66.242  5.352 0.0000000000
26041  -48.211  -64.902  4.387 0.0000000000
26052  -44.251  -64.907  3.017 0.0000000000
26054  -45.754  -64.784  2.971 0.0000000000
26075  -45.236  -65.178  2.297 0.0000000000
26093  -45.787  -65.619  1.486 0.0000000000
25078  -46.564  -65.903  1.159 0.0000000000
26104  -45.149  -65.746  0.871 0.0000000000
26112  -44.223  -65.391  -0.224 0.0000000000
15624  -36.485  -76.478  -2.239 0.0000000000
13566  -36.298  -78.081  -3.034 0.0000000000
14560  -35.895  -77.449  -3.062 0.0000000000
14575  -35.345  -77.717  -3.880 0.0000000000
14583  -34.798  -78.018  -4.463 0.0000000000
14619  -34.372  -77.724  -6.747 0.0000000000
21323  -46.694  -70.773  -11.845 0.0000000000
21308  -46.035  -70.922  -11.280 0.0000000000
21307  -44.991  -70.736  -11.574 0.0000000000
21292  -43.277  -71.223  -10.903 0.0000000000
20289  -42.177  -72.457  -9.778 0.0000000000
19343  -42.256  -73.009  -10.882 0.0000000000
18462  -42.379  -74.176  -11.756 0.0000000000
21123  -41.575  -70.456  0.488 0.0000000000
21122  -40.633  -70.635  0.341 0.0000000000
21144  -42.389  -70.444  -0.431 0.0000000000
21168  -43.096  -70.838  -1.376 0.0000000000
20168  -46.147  -71.269  -0.971 0.0000000000
21169  -44.266  -71.131  -1.326 0.0000000000
21192  -43.748  -71.337  -2.397 0.0000000000
20208  -44.665  -72.118  -3.272 0.0000000000
20209  -45.648  -72.685  -3.430 0.0000000000
18287  -42.416  -72.971  5.535 0.0000000000
18280  -42.845  -72.641  6.088 0.0000000000
20090  -42.680  -71.395  6.232 0.0000000000
21053  -42.985  -70.565  5.977 0.0000000000
22106  -44.545  -69.597  5.652 0.0000000000
23150  -46.368  -69.004  4.692 0.0000000000
28039  -45.876  -63.470  6.229 0.0000000000
28051  -46.343  -63.468  5.813 0.0000000000
28063  -46.621  -63.645  5.366 0.0000000000
28062  -46.080  -63.544  5.209 0.0000000000
27017  -44.614  -64.008  4.423 0.0000000000
27015  -43.325  -63.716  4.441 0.0000000000
27031  -43.193  -63.942  4.106 0.0000000000
27032  -43.921  -64.613  3.506 0.0000000000
27065  -42.970  -64.029  2.456 0.0000000000
17510  -37.093  -74.957  -4.299 0.0000000000
16591  -36.610  -75.532  -4.303 0.0000000000
16603  -36.921  -75.700  -4.920 0.0000000000
15666  -36.288  -76.733  -6.177 0.0000000000
14621  -35.863  -77.147  -6.948 0.0000000000
13630  -34.871  -77.922  -7.983 0.0000000000
13633  -38.359  -77.980  -8.606 0.0000000000
13647  -37.859  -78.542  -9.174 0.0000000000
13661  -37.382  -79.089  -9.749 0.0000000000
13662  -38.513  -79.114  -9.735 0.0000000000
12651  -39.657  -79.089  -9.699 0.0000000000
14546  -39.100  -76.914  -1.829 0.0000000000
14563  -38.610  -77.539  -2.272 0.0000000000
14545  -38.135  -76.947  -1.752 0.0000000000
15611  -37.750  -76.265  -1.461 0.0000000000
15610  -37.075  -76.135  -1.626 0.0000000000
16561  -36.731  -75.370  -1.564 0.0000000000
16572  -36.303  -75.514  -2.534 0.0000000000
17482  -36.520  -74.452  -2.793 0.0000000000
21120  -38.879  -70.719  0.103 0.0000000000
21164  -39.312  -70.355  -1.536 0.0000000000
21162  -37.542  -70.664  -1.658 0.0000000000
19266  -36.656  -72.655  -2.682 0.0000000000
18392  -36.770  -73.517  -3.128 0.0000000000
17494  -36.949  -74.485  -3.787 0.0000000000
17495  -37.397  -73.991  -4.102 0.0000000000
18403  -37.692  -73.479  -4.411 0.0000000000
18404  -38.178  -73.317  -4.871 0.0000000000
22230  -39.081  -70.623  -4.604 0.0000000000
21227  -38.969  -71.306  -5.045 0.0000000000
19291  -38.699  -72.850  -5.164 0.0000000000
19292  -39.343  -72.801  -5.706 0.0000000000
20247  -40.090  -72.223  -6.408 0.0000000000
20248  -40.508  -71.997  -6.868 0.0000000000
15613  -39.572  -76.387  -1.373 0.0000000000
15595  -39.239  -75.919  -0.947 0.0000000000
16529  -38.935  -75.128  0.089 0.0000000000
16530  -39.705  -75.384  0.192 0.0000000000
17444  -39.300  -74.957  0.727 0.0000000000
17443  -38.422  -74.296  0.752 0.0000000000
18326  -38.406  -73.489  1.442 0.0000000000
19218  -38.394  -72.700  1.606 0.0000000000
20148  -39.391  -71.288  1.565 0.0000000000
17426  -42.048  -74.715  2.926 0.0000000000
17403  -40.288  -73.699  3.215 0.0000000000
19184  -40.777  -72.353  4.319 0.0000000000
19202  -40.230  -72.523  3.613 0.0000000000
18313  -39.842  -73.120  3.126 0.0000000000
20125  -39.830  -71.938  2.974 0.0000000000
21097  -40.050  -71.053  1.908 0.0000000000
21108  -40.761  -70.719  1.274 0.0000000000
21125  -44.020  -70.359  0.490 0.0000000000
22157  -45.302  -69.893  1.924 0.0000000000
22175  -45.692  -70.162  1.086 0.0000000000
21128  -47.180  -70.444  0.299 0.0000000000
21150  -48.434  -70.234  -0.091 0.0000000000
22188  -48.647  -69.757  -0.518 0.0000000000
22094  -47.784  -68.830  6.512 0.0000000000
22093  -46.891  -69.151  6.480 0.0000000000
23133  -46.488  -69.006  5.596 0.0000000000
23167  -47.086  -68.710  4.168 0.0000000000
27020  -47.695  -64.557  4.135 0.0000000000
26042  -48.430  -65.522  3.986 0.0000000000
26055  -46.856  -64.667  2.893 0.0000000000
26056  -47.947  -65.190  3.268 0.0000000000
25053  -48.474  -66.183  3.444 0.0000000000
23175  -48.339  -67.734  3.301 0.0000000000
23193  -48.388  -68.672  1.667 0.0000000000
24116  -48.559  -67.846  1.083 0.0000000000
25091  -47.076  -66.215  0.633 0.0000000000
25102  -47.685  -66.767  0.107 0.0000000000
24125  -48.577  -67.995  0.276 0.0000000000
24123  -47.358  -67.083  -0.659 0.0000000000
24131  -47.075  -67.439  -1.475 0.0000000000
13568  -38.109  -78.187  -2.690 0.0000000000
13584  -37.614  -78.713  -3.217 0.0000000000
13583  -36.651  -78.666  -3.310 0.0000000000
12600  -36.637  -79.620  -4.198 0.0000000000
15643  -35.833  -76.390  -4.487 0.0000000000
13604  -34.233  -78.522  -5.095 0.0000000000
12613  -33.834  -79.069  -5.706 0.0000000000
12614  -34.553  -79.441  -5.161 0.0000000000
22208  -47.167  -69.454  -3.014 0.0000000000
19260  -47.507  -72.608  -3.062 0.0000000000
19269  -46.969  -72.950  -3.457 0.0000000000
19280  -46.180  -73.042  -3.866 0.0000000000
20224  -45.314  -72.475  -4.383 0.0000000000
22249  -44.151  -70.434  -5.624 0.0000000000
21245  -45.657  -71.526  -6.434 0.0000000000
22264  -44.049  -70.248  -6.399 0.0000000000
22263  -42.981  -69.879  -6.319 0.0000000000
22278  -41.855  -70.457  -6.948 0.0000000000
21243  -41.478  -70.831  -7.020 0.0000000000
20258  -41.006  -71.759  -7.297 0.0000000000
21279  -44.640  -70.423  -9.084 0.0000000000
21260  -43.180  -70.630  -8.044 0.0000000000
20259  -41.535  -71.857  -7.899 0.0000000000
19311  -40.982  -72.749  -7.592 0.0000000000
18437  -41.135  -74.087  -7.883 0.0000000000
17564  -41.399  -74.974  -8.623 0.0000000000
16640  -41.650  -75.847  -9.029 0.0000000000
14642  -41.420  -77.171  -9.016 0.0000000000
12584  -36.242  -79.072  -3.782 0.0000000000
12599  -35.696  -79.247  -4.227 0.0000000000
13565  -35.937  -78.016  -3.248 0.0000000000
13595  -35.079  -78.753  -4.356 0.0000000000
13596  -35.478  -78.832  -4.089 0.0000000000
13603  -33.891  -78.573  -5.632 0.0000000000
14574  -35.238  -78.299  -4.089 0.0000000000
14593  -34.033  -78.226  -5.661 0.0000000000
14605  -34.122  -77.926  -6.181 0.0000000000
14639  -38.909  -77.291  -8.068 0.0000000000
14640  -39.919  -77.358  -8.413 0.0000000000
14641  -40.762  -77.230  -8.615 0.0000000000
15668  -37.837  -76.146  -6.381 0.0000000000
15669  -38.497  -76.044  -6.754 0.0000000000
16509  -40.020  -75.226  0.913 0.0000000000
16513  -43.471  -75.665  1.608 0.0000000000
16547  -40.073  -75.705  -0.336 0.0000000000
16590  -36.127  -75.846  -3.991 0.0000000000
16592  -37.164  -75.234  -4.645 0.0000000000
16620  -39.246  -75.209  -6.500 0.0000000000
16632  -40.497  -75.553  -7.580 0.0000000000
16639  -41.065  -75.686  -8.239 0.0000000000
17378  -41.691  -73.532  4.600 0.0000000000
17402  -39.896  -73.526  2.955 0.0000000000
17423  -39.135  -73.631  2.198 0.0000000000
17442  -37.868  -74.098  0.369 0.0000000000
17526  -38.068  -74.505  -5.269 0.0000000000
17527  -38.823  -74.485  -5.821 0.0000000000
17528  -39.275  -74.038  -5.987 0.0000000000
17552  -39.967  -74.901  -6.800 0.0000000000
17591  -42.432  -75.035  -10.994 0.0000000000
18286  -41.803  -72.776  5.216 0.0000000000
18295  -40.900  -72.841  4.374 0.0000000000
18296  -41.346  -73.020  4.732 0.0000000000
18315  -41.085  -73.363  4.250 0.0000000000
18325  -37.964  -73.081  1.072 0.0000000000
18337  -37.211  -73.105  0.053 0.0000000000
18338  -37.710  -73.627  0.471 0.0000000000
18393  -37.234  -73.453  -3.795 0.0000000000
19171  -42.712  -72.240  6.223 0.0000000000
19172  -43.221  -72.233  6.664 0.0000000000
19177  -42.243  -72.329  5.735 0.0000000000
19201  -39.804  -72.296  3.046 0.0000000000
19208  -39.370  -72.677  2.599 0.0000000000
19259  -46.773  -72.614  -2.957 0.0000000000
19268  -46.314  -72.753  -3.201 0.0000000000
19301  -39.844  -72.833  -6.220 0.0000000000
19302  -40.331  -72.837  -6.771 0.0000000000
20091  -43.165  -71.723  6.696 0.0000000000
20095  -41.769  -71.546  5.392 0.0000000000
20096  -42.191  -71.768  5.803 0.0000000000
20108  -40.821  -71.547  4.259 0.0000000000
20109  -41.252  -71.715  4.894 0.0000000000
20134  -39.007  -72.001  1.949 0.0000000000
20135  -39.502  -71.819  2.397 0.0000000000
20146  -38.061  -71.950  1.017 0.0000000000
20157  -37.284  -71.984  0.105 0.0000000000
20159  -38.402  -71.161  0.638 0.0000000000
20167  -37.522  -71.261  -0.331 0.0000000000
20169  -46.762  -71.272  -0.934 0.0000000000
20180  -45.019  -71.384  -1.475 0.0000000000
20191  -36.698  -71.769  -2.325 0.0000000000
20192  -37.064  -71.446  -2.909 0.0000000000
20196  -48.076  -72.049  -2.868 0.0000000000
20221  -37.944  -71.814  -4.246 0.0000000000
20222  -38.539  -71.903  -4.826 0.0000000000
20236  -39.102  -71.958  -5.406 0.0000000000
20237  -39.665  -72.036  -5.945 0.0000000000
20275  -42.565  -71.549  -9.198 0.0000000000
21036  -45.198  -70.543  7.627 0.0000000000
21041  -42.711  -71.012  6.190 0.0000000000
21098  -40.777  -70.656  2.263 0.0000000000
21099  -41.571  -70.242  2.651 0.0000000000
21100  -42.356  -69.825  3.013 0.0000000000
21121  -39.722  -70.643  0.236 0.0000000000
21127  -46.207  -70.454  0.289 0.0000000000
21129  -47.971  -70.297  0.307 0.0000000000
21142  -40.435  -70.476  -0.558 0.0000000000
21163  -38.398  -70.402  -1.627 0.0000000000
21166  -41.137  -70.483  -1.401 0.0000000000
21172  -48.439  -70.424  -0.653 0.0000000000
21186  -38.073  -70.379  -2.611 0.0000000000
21190  -41.810  -70.611  -2.268 0.0000000000
21213  -37.874  -71.144  -3.849 0.0000000000
21215  -39.154  -70.835  -4.919 0.0000000000
21217  -44.146  -71.420  -4.080 0.0000000000
21218  -44.723  -71.669  -4.555 0.0000000000
21241  -40.161  -71.526  -6.247 0.0000000000
21246  -46.193  -72.004  -7.055 0.0000000000
21258  -41.399  -71.284  -7.335 0.0000000000
22081  -44.805  -70.357  7.229 0.0000000000
22104  -42.905  -70.410  5.709 0.0000000000
22105  -43.548  -70.198  5.920 0.0000000000
22124  -42.862  -70.073  5.255 0.0000000000
22127  -45.606  -69.272  4.252 0.0000000000
22135  -42.919  -69.627  4.411 0.0000000000
22138  -45.946  -69.331  3.344 0.0000000000
22143  -43.080  -69.550  3.478 0.0000000000
22146  -45.974  -69.544  2.457 0.0000000000
22148  -47.594  -69.347  1.913 0.0000000000
22160  -48.004  -69.533  1.406 0.0000000000
22161  -48.368  -69.243  0.890 0.0000000000
22177  -47.549  -70.007  0.870 0.0000000000
22203  -38.979  -70.168  -3.356 0.0000000000
22206  -41.556  -70.359  -2.950 0.0000000000
22207  -42.032  -70.516  -2.867 0.0000000000
22216  -39.017  -70.390  -4.175 0.0000000000
22221  -42.974  -70.679  -3.618 0.0000000000
22231  -39.653  -70.449  -4.885 0.0000000000
22234  -42.356  -69.972  -4.407 0.0000000000
22248  -43.410  -70.083  -5.190 0.0000000000
22260  -40.657  -70.706  -6.162 0.0000000000
22262  -42.012  -70.060  -6.281 0.0000000000
22282  -45.094  -70.565  -7.816 0.0000000000
22298  -44.009  -70.304  -8.021 0.0000000000
23135  -48.276  -68.134  6.120 0.0000000000
23168  -47.758  -68.181  4.488 0.0000000000
23172  -46.394  -69.169  3.515 0.0000000000
23174  -47.928  -68.287  3.596 0.0000000000
23179  -46.988  -69.098  2.699 0.0000000000
23214  -48.630  -68.672  -0.441 0.0000000000
23219  -47.046  -67.934  -1.957 0.0000000000
24069  -48.762  -66.905  5.508 0.0000000000
24078  -48.247  -67.625  4.679 0.0000000000
24079  -48.589  -66.948  4.859 0.0000000000
24092  -48.474  -67.241  3.013 0.0000000000
24104  -48.349  -66.990  1.381 0.0000000000
24115  -48.290  -67.262  0.557 0.0000000000
24132  -47.736  -67.758  -0.946 0.0000000000
25006  -49.895  -66.704  7.334 0.0000000000
25027  -49.401  -66.265  6.639 0.0000000000
25064  -48.104  -65.975  2.430 0.0000000000
25080  -47.986  -66.302  1.709 0.0000000000
26024  -48.515  -64.892  6.704 0.0000000000
26025  -48.902  -65.585  6.242 0.0000000000
26031  -48.517  -65.299  5.002 0.0000000000
26053  -44.735  -64.895  3.016 0.0000000000
26057  -48.331  -65.599  3.544 0.0000000000
26074  -44.245  -65.029  2.493 0.0000000000
26078  -47.783  -65.540  2.487 0.0000000000
26973  -47.607  -64.571  7.181 0.0000000000
27018  -45.708  -63.925  4.474 0.0000000000
27036  -47.642  -64.714  3.691 0.0000000000
27073  -43.497  -64.167  0.387 0.0000000000
28061  -45.159  -63.503  5.138 0.0000000000
