#!ascii label  , from subject 3961 vox2ras=TkReg
882
51457  9.936  -41.186  81.885 0.0000000000
47265  2.497  -45.441  71.273 0.0000000000
48198  4.736  -44.113  88.467 0.0000000000
54793  -0.499  -38.602  81.920 0.0000000000
62378  1.686  -31.535  74.388 0.0000000000
50275  8.072  -43.061  85.877 0.0000000000
52538  2.956  -40.038  86.209 0.0000000000
50319  14.974  -42.718  81.261 0.0000000000
48220  13.033  -44.196  84.127 0.0000000000
46142  9.533  -47.124  85.988 0.0000000000
61276  1.475  -32.914  84.161 0.0000000000
59146  0.429  -35.126  77.447 0.0000000000
64494  2.712  -29.243  80.553 0.0000000000
46144  2.249  -46.236  85.183 0.0000000000
48235  0.556  -43.758  81.103 0.0000000000
51431  0.385  -41.616  85.881 0.0000000000
56958  0.650  -35.958  86.218 0.0000000000
51509  0.700  -42.062  76.008 0.0000000000
53774  2.872  -39.341  72.182 0.0000000000
57098  2.002  -36.496  68.415 0.0000000000
65735  2.188  -28.331  71.653 0.0000000000
50303  9.183  -42.016  84.129 0.0000000000
51440  6.696  -41.860  83.738 0.0000000000
51454  12.565  -42.082  81.503 0.0000000000
49230  14.225  -43.438  82.682 0.0000000000
50300  11.881  -42.977  83.681 0.0000000000
49218  11.037  -43.343  85.421 0.0000000000
62355  2.441  -30.968  81.811 0.0000000000
47177  3.016  -45.564  86.936 0.0000000000
48214  0.850  -44.249  85.534 0.0000000000
50274  1.445  -42.975  86.990 0.0000000000
55890  2.938  -37.753  84.886 0.0000000000
54784  1.313  -38.177  86.583 0.0000000000
47162  7.231  -45.464  88.184 0.0000000000
43867  8.666  -48.623  86.478 0.0000000000
45018  6.175  -47.327  87.538 0.0000000000
45025  3.976  -47.426  86.422 0.0000000000
51463  -0.594  -41.781  81.101 0.0000000000
49253  0.256  -42.938  78.435 0.0000000000
53678  -0.893  -39.898  78.842 0.0000000000
61331  0.524  -33.493  75.671 0.0000000000
55947  0.222  -37.145  74.820 0.0000000000
58092  1.596  -35.550  73.240 0.0000000000
56010  2.811  -37.734  70.298 0.0000000000
60244  3.217  -33.547  72.254 0.0000000000
49205  6.310  -42.975  87.933 0.0000000000
50271  4.250  -42.177  87.735 0.0000000000
51426  4.928  -41.606  85.908 0.0000000000
52550  4.152  -39.864  83.665 0.0000000000
49239  15.776  -43.136  79.904 0.0000000000
49250  14.755  -43.736  78.297 0.0000000000
48236  14.523  -43.649  80.778 0.0000000000
48228  13.583  -44.553  81.961 0.0000000000
47180  11.783  -45.822  86.155 0.0000000000
48208  9.506  -44.452  86.738 0.0000000000
58057  0.133  -35.797  82.178 0.0000000000
56977  0.272  -37.109  79.186 0.0000000000
59133  0.723  -34.152  80.364 0.0000000000
61302  1.091  -32.276  78.805 0.0000000000
63425  0.498  -30.015  77.955 0.0000000000
51482  10.390  -41.002  80.180 0.0000000000
50349  18.645  -43.134  76.959 0.0000000000
51489  19.153  -41.662  78.690 0.0000000000
51476  15.694  -41.785  80.377 0.0000000000
51479  12.996  -41.105  80.264 0.0000000000
45037  2.254  -47.507  83.101 0.0000000000
47206  1.331  -45.919  81.121 0.0000000000
47197  0.632  -45.298  82.880 0.0000000000
50306  0.331  -42.665  83.463 0.0000000000
52548  -0.057  -40.829  83.324 0.0000000000
52536  1.301  -40.675  87.052 0.0000000000
54785  -0.302  -38.412  86.188 0.0000000000
55894  -0.365  -37.453  84.048 0.0000000000
59074  0.410  -34.273  84.796 0.0000000000
48251  1.276  -44.923  78.273 0.0000000000
48265  1.876  -44.071  75.979 0.0000000000
49293  3.561  -43.306  73.900 0.0000000000
54827  -0.351  -38.698  75.986 0.0000000000
52650  2.108  -40.105  73.628 0.0000000000
50424  3.891  -42.529  71.047 0.0000000000
50443  2.543  -41.712  69.162 0.0000000000
52717  1.093  -40.262  68.146 0.0000000000
65633  4.357  -28.047  78.649 0.0000000000
65675  0.786  -27.239  76.535 0.0000000000
68902  2.867  -25.320  75.429 0.0000000000
64574  2.679  -29.346  73.381 0.0000000000
61374  2.172  -32.150  70.353 0.0000000000
51437  9.232  -41.749  83.428 0.0000000000
51448  7.764  -41.584  82.645 0.0000000000
51459  7.966  -41.404  81.763 0.0000000000
51456  10.847  -41.374  81.819 0.0000000000
50309  12.056  -42.550  82.747 0.0000000000
50311  10.585  -41.875  83.334 0.0000000000
50302  10.070  -41.984  83.942 0.0000000000
47283  0.984  -45.647  70.017 0.0000000000
47281  2.793  -44.762  70.145 0.0000000000
47171  3.501  -45.111  87.555 0.0000000000
48204  2.623  -44.283  87.449 0.0000000000
48203  3.286  -44.132  88.116 0.0000000000
49257  15.993  -43.547  76.974 0.0000000000
47164  6.126  -44.886  88.413 0.0000000000
46131  6.487  -46.365  88.166 0.0000000000
47170  4.729  -45.232  88.046 0.0000000000
46133  4.347  -46.221  87.403 0.0000000000
53671  -0.661  -39.703  81.292 0.0000000000
52560  -0.552  -40.814  79.517 0.0000000000
53674  -0.952  -39.790  80.058 0.0000000000
61340  1.086  -32.461  74.730 0.0000000000
59158  0.702  -34.694  74.361 0.0000000000
60239  1.877  -33.703  73.770 0.0000000000
59168  2.925  -34.487  72.584 0.0000000000
61348  2.844  -32.538  73.303 0.0000000000
50268  6.812  -42.820  86.963 0.0000000000
50269  6.278  -42.596  87.321 0.0000000000
50287  6.714  -42.545  85.704 0.0000000000
51442  4.814  -40.902  83.955 0.0000000000
54792  4.116  -38.747  82.684 0.0000000000
50318  15.536  -42.595  80.760 0.0000000000
49240  15.131  -43.377  80.250 0.0000000000
49237  15.007  -43.178  80.995 0.0000000000
48219  13.734  -44.221  83.397 0.0000000000
48223  13.792  -44.460  82.768 0.0000000000
47194  13.325  -44.985  83.384 0.0000000000
47184  12.770  -45.211  85.935 0.0000000000
49220  9.456  -43.090  85.783 0.0000000000
49212  9.952  -43.668  86.215 0.0000000000
49213  8.648  -43.392  86.304 0.0000000000
48201  7.636  -44.239  87.647 0.0000000000
59101  0.576  -33.893  83.427 0.0000000000
59125  0.542  -35.044  81.234 0.0000000000
60191  1.056  -33.320  81.802 0.0000000000
63407  2.510  -30.013  80.938 0.0000000000
62357  1.971  -30.942  80.860 0.0000000000
63410  1.327  -30.143  79.642 0.0000000000
62362  0.727  -31.150  78.339 0.0000000000
64505  1.791  -29.061  79.783 0.0000000000
50322  16.656  -42.258  79.887 0.0000000000
45034  2.266  -47.364  83.994 0.0000000000
46150  1.672  -46.555  83.356 0.0000000000
46147  1.656  -46.096  84.287 0.0000000000
50290  0.691  -42.837  85.711 0.0000000000
49225  0.577  -43.615  84.779 0.0000000000
50298  0.408  -42.672  84.677 0.0000000000
51443  0.291  -41.898  83.087 0.0000000000
52545  -0.066  -40.539  85.011 0.0000000000
51428  3.337  -40.650  86.451 0.0000000000
51423  1.873  -41.355  87.347 0.0000000000
52539  2.038  -40.085  86.654 0.0000000000
56962  0.783  -36.806  86.286 0.0000000000
54782  0.343  -38.494  86.635 0.0000000000
55888  0.246  -37.642  86.341 0.0000000000
54788  -0.650  -38.423  84.970 0.0000000000
56963  0.286  -36.413  85.729 0.0000000000
58048  0.082  -35.560  84.934 0.0000000000
59070  0.482  -35.288  85.761 0.0000000000
48248  13.785  -44.161  78.408 0.0000000000
49259  14.127  -43.772  77.488 0.0000000000
46146  10.544  -46.635  85.273 0.0000000000
45036  10.593  -47.996  84.059 0.0000000000
45027  9.634  -47.659  85.665 0.0000000000
43868  7.669  -48.493  86.979 0.0000000000
42749  9.128  -49.490  86.465 0.0000000000
45026  3.382  -47.458  85.862 0.0000000000
45029  2.856  -47.507  85.144 0.0000000000
47207  1.209  -45.076  80.825 0.0000000000
47211  1.404  -45.786  80.202 0.0000000000
48246  0.815  -44.409  79.097 0.0000000000
50353  0.500  -42.049  77.128 0.0000000000
49261  1.121  -43.052  76.925 0.0000000000
49269  1.640  -43.261  75.709 0.0000000000
49281  3.151  -43.585  74.644 0.0000000000
50376  2.196  -42.209  74.785 0.0000000000
58071  0.401  -36.249  78.094 0.0000000000
55907  -0.024  -37.955  77.628 0.0000000000
56988  -0.193  -36.710  76.125 0.0000000000
54878  1.626  -38.250  73.040 0.0000000000
54880  0.523  -38.874  73.823 0.0000000000
53768  2.583  -39.779  72.955 0.0000000000
51536  3.580  -41.295  72.814 0.0000000000
52675  3.644  -41.062  71.509 0.0000000000
51553  3.691  -41.432  70.117 0.0000000000
52690  3.116  -40.132  70.647 0.0000000000
57084  2.913  -36.632  69.869 0.0000000000
54926  2.417  -38.481  68.954 0.0000000000
54927  1.761  -38.468  68.252 0.0000000000
65653  4.063  -27.400  77.761 0.0000000000
66714  2.122  -27.261  78.294 0.0000000000
66723  3.308  -26.698  77.362 0.0000000000
68932  1.721  -25.381  72.796 0.0000000000
67835  2.168  -27.003  73.419 0.0000000000
66776  2.142  -27.756  74.328 0.0000000000
65726  2.668  -28.359  72.992 0.0000000000
63491  2.998  -30.396  71.914 0.0000000000
63492  2.467  -30.053  71.394 0.0000000000
50295  8.065  -42.488  84.746 0.0000000000
50296  6.991  -42.387  84.722 0.0000000000
50305  7.559  -42.182  84.126 0.0000000000
51453  13.273  -42.181  81.513 0.0000000000
49234  14.567  -43.292  82.209 0.0000000000
50315  13.265  -42.455  82.176 0.0000000000
50299  12.642  -43.095  83.336 0.0000000000
49223  12.099  -43.720  84.422 0.0000000000
49217  11.809  -43.942  85.233 0.0000000000
49224  11.439  -43.350  84.846 0.0000000000
50293  9.860  -42.229  84.806 0.0000000000
62344  3.354  -31.856  84.593 0.0000000000
61283  1.903  -31.964  82.475 0.0000000000
63395  3.846  -30.876  83.487 0.0000000000
63399  4.666  -29.727  82.467 0.0000000000
64482  4.087  -29.139  81.332 0.0000000000
46139  2.450  -45.988  85.905 0.0000000000
47186  1.463  -45.584  85.068 0.0000000000
48212  1.734  -44.770  86.208 0.0000000000
49216  1.324  -43.665  86.368 0.0000000000
50281  0.997  -42.683  86.602 0.0000000000
53664  3.113  -38.976  85.258 0.0000000000
53661  2.658  -39.205  85.875 0.0000000000
55886  2.258  -37.866  85.851 0.0000000000
56961  2.075  -37.060  85.858 0.0000000000
56957  1.314  -36.101  86.415 0.0000000000
58020  0.975  -35.403  86.469 0.0000000000
47166  8.584  -45.782  87.123 0.0000000000
45028  9.029  -47.738  86.190 0.0000000000
45016  7.709  -46.921  87.683 0.0000000000
45017  7.214  -47.362  87.806 0.0000000000
43869  6.474  -48.449  87.154 0.0000000000
43870  5.367  -48.615  86.719 0.0000000000
45024  4.816  -47.773  86.738 0.0000000000
46137  3.873  -46.617  86.855 0.0000000000
50321  -0.428  -42.593  80.473 0.0000000000
49241  0.490  -43.597  79.633 0.0000000000
50324  -0.173  -42.453  79.597 0.0000000000
51493  0.001  -41.611  78.230 0.0000000000
52614  -0.610  -40.864  76.917 0.0000000000
60225  0.395  -34.167  76.048 0.0000000000
58080  -0.035  -35.813  75.863 0.0000000000
58088  0.283  -35.720  74.867 0.0000000000
57023  0.811  -36.099  73.735 0.0000000000
55979  2.215  -37.674  72.554 0.0000000000
54907  2.789  -38.505  70.876 0.0000000000
57062  2.935  -36.498  71.651 0.0000000000
58118  3.078  -35.579  71.256 0.0000000000
59182  3.063  -34.564  70.792 0.0000000000
66824  1.382  -27.371  71.244 0.0000000000
64611  1.307  -29.454  70.630 0.0000000000
65752  0.460  -28.574  69.736 0.0000000000
48197  5.695  -44.050  88.493 0.0000000000
50266  4.275  -42.718  88.350 0.0000000000
50270  5.401  -42.443  87.838 0.0000000000
51421  4.236  -41.567  86.973 0.0000000000
51427  4.218  -41.156  86.141 0.0000000000
51433  5.350  -41.672  84.869 0.0000000000
51434  4.338  -40.797  85.099 0.0000000000
52542  4.022  -40.148  84.709 0.0000000000
54789  3.755  -38.562  83.615 0.0000000000
49243  16.337  -42.935  78.419 0.0000000000
49249  15.730  -43.392  77.937 0.0000000000
49245  15.095  -43.554  79.345 0.0000000000
48226  14.615  -43.676  81.949 0.0000000000
48232  14.030  -44.059  81.396 0.0000000000
48238  13.123  -44.681  79.891 0.0000000000
46145  11.324  -46.425  85.169 0.0000000000
47181  11.153  -46.053  86.056 0.0000000000
48205  11.783  -44.527  86.042 0.0000000000
47175  10.630  -45.566  86.383 0.0000000000
47176  9.410  -45.574  86.714 0.0000000000
48200  8.524  -44.852  87.173 0.0000000000
48195  7.160  -44.680  88.139 0.0000000000
56972  -0.213  -36.726  81.697 0.0000000000
55901  -0.295  -37.842  79.947 0.0000000000
58061  0.223  -35.976  80.848 0.0000000000
59134  0.538  -35.100  79.982 0.0000000000
59140  0.768  -34.231  79.342 0.0000000000
61288  1.403  -32.475  81.098 0.0000000000
60208  1.052  -33.291  79.548 0.0000000000
60214  0.737  -33.581  78.304 0.0000000000
61311  0.479  -32.954  77.094 0.0000000000
62366  0.797  -31.213  76.217 0.0000000000
63444  0.911  -30.022  75.601 0.0000000000
51470  10.160  -41.082  81.018 0.0000000000
50350  17.793  -43.022  77.279 0.0000000000
51500  21.155  -41.811  78.188 0.0000000000
51488  20.006  -41.431  78.526 0.0000000000
51501  20.252  -41.927  78.228 0.0000000000
50325  19.048  -42.338  78.380 0.0000000000
50338  17.768  -42.663  78.093 0.0000000000
50339  17.027  -42.672  78.288 0.0000000000
50323  16.137  -42.511  80.288 0.0000000000
51464  15.197  -42.157  80.777 0.0000000000
51477  14.788  -41.566  80.280 0.0000000000
51466  13.701  -41.987  81.013 0.0000000000
51467  12.755  -41.646  80.847 0.0000000000
51469  11.090  -41.191  81.007 0.0000000000
47202  1.046  -45.585  81.842 0.0000000000
48229  0.685  -44.783  82.290 0.0000000000
47188  0.610  -44.844  84.139 0.0000000000
48225  0.427  -44.381  82.945 0.0000000000
49235  0.220  -43.307  81.686 0.0000000000
51452  -0.009  -41.757  82.113 0.0000000000
52551  -0.354  -40.766  81.838 0.0000000000
53668  -0.414  -39.648  82.654 0.0000000000
50272  3.199  -42.592  88.178 0.0000000000
50280  1.137  -42.044  87.317 0.0000000000
51430  0.496  -40.891  86.565 0.0000000000
53658  0.841  -39.237  86.688 0.0000000000
53659  0.057  -39.308  86.611 0.0000000000
52541  0.252  -40.259  86.165 0.0000000000
53662  -0.355  -39.380  85.700 0.0000000000
54790  -0.429  -38.506  83.392 0.0000000000
55897  -0.442  -37.544  82.525 0.0000000000
56970  -0.305  -36.521  83.092 0.0000000000
59088  0.174  -34.755  84.373 0.0000000000
60180  0.779  -33.542  83.959 0.0000000000
60172  1.186  -34.219  86.107 0.0000000000
60175  1.746  -33.430  85.443 0.0000000000
61269  2.323  -32.913  85.276 0.0000000000
43885  10.231  -48.658  82.953 0.0000000000
43874  9.358  -48.790  85.983 0.0000000000
48252  1.018  -44.071  77.966 0.0000000000
48258  1.875  -44.656  76.900 0.0000000000
48279  3.859  -44.263  72.604 0.0000000000
55904  -0.065  -37.985  78.772 0.0000000000
54812  -0.551  -38.787  77.058 0.0000000000
52624  -0.471  -40.587  75.989 0.0000000000
55932  -0.036  -37.460  75.404 0.0000000000
53758  0.155  -39.576  74.450 0.0000000000
51523  1.006  -40.898  74.740 0.0000000000
50388  2.660  -41.889  74.137 0.0000000000
50400  3.922  -42.733  72.774 0.0000000000
48286  3.668  -43.993  70.719 0.0000000000
48296  3.089  -43.907  69.482 0.0000000000
53799  2.703  -39.352  69.841 0.0000000000
52712  1.722  -40.206  68.616 0.0000000000
64492  4.520  -28.725  80.588 0.0000000000
65619  5.649  -28.561  79.539 0.0000000000
65621  3.576  -28.351  79.380 0.0000000000
65635  1.826  -27.988  78.828 0.0000000000
64539  0.686  -29.020  76.453 0.0000000000
63443  1.294  -29.679  75.294 0.0000000000
66756  1.348  -26.767  75.472 0.0000000000
65713  1.917  -28.068  75.089 0.0000000000
62377  2.267  -30.843  74.064 0.0000000000
62392  3.224  -31.467  72.369 0.0000000000
60254  2.842  -33.579  70.423 0.0000000000
59192  2.157  -34.244  69.379 0.0000000000
60263  1.461  -33.523  69.134 0.0000000000
51446  9.736  -41.547  82.836 0.0000000000
51447  8.690  -41.554  82.670 0.0000000000
51458  8.952  -41.324  81.817 0.0000000000
51445  10.651  -41.588  82.613 0.0000000000
46233  1.626  -45.825  71.385 0.0000000000
47266  1.810  -45.595  70.971 0.0000000000
47282  1.702  -45.485  70.298 0.0000000000
48202  4.013  -44.488  88.157 0.0000000000
48199  3.916  -43.890  88.448 0.0000000000
49256  17.008  -43.579  76.907 0.0000000000
47165  5.420  -44.750  88.359 0.0000000000
47169  5.773  -45.545  88.259 0.0000000000
54795  -0.717  -38.683  80.633 0.0000000000
62379  1.190  -31.566  74.787 0.0000000000
60232  1.538  -33.146  74.244 0.0000000000
61339  1.656  -32.411  74.313 0.0000000000
61349  2.264  -32.513  73.857 0.0000000000
50276  7.376  -43.031  86.386 0.0000000000
47189  13.274  -44.653  83.860 0.0000000000
47190  13.087  -45.352  84.539 0.0000000000
48215  12.452  -44.557  85.005 0.0000000000
49214  7.828  -43.421  86.776 0.0000000000
60183  1.052  -33.430  82.859 0.0000000000
61280  1.471  -32.833  83.156 0.0000000000
63406  3.000  -29.508  81.041 0.0000000000
63409  1.778  -30.203  80.299 0.0000000000
64506  1.140  -29.514  79.308 0.0000000000
45030  2.378  -46.953  84.608 0.0000000000
51436  0.163  -41.706  84.281 0.0000000000
51429  2.640  -40.759  87.025 0.0000000000
55891  -0.384  -37.438  85.488 0.0000000000
58035  0.387  -35.607  85.688 0.0000000000
56959  0.526  -35.854  86.008 0.0000000000
46141  10.367  -46.552  85.844 0.0000000000
45032  10.216  -47.435  85.001 0.0000000000
42751  7.263  -49.378  86.721 0.0000000000
42750  8.414  -49.501  86.586 0.0000000000
46143  2.810  -46.715  85.710 0.0000000000
45033  2.608  -47.754  84.522 0.0000000000
48234  0.854  -44.539  81.414 0.0000000000
48239  0.794  -44.220  80.336 0.0000000000
50352  0.784  -42.428  76.537 0.0000000000
50364  1.010  -42.562  75.790 0.0000000000
50363  1.625  -42.435  75.301 0.0000000000
51515  1.614  -41.940  75.003 0.0000000000
56984  -0.010  -36.967  77.181 0.0000000000
58076  0.026  -35.975  76.805 0.0000000000
54895  2.359  -38.518  72.501 0.0000000000
53775  2.241  -39.015  72.828 0.0000000000
52662  3.385  -40.463  72.357 0.0000000000
52676  3.300  -40.179  71.430 0.0000000000
53778  2.917  -39.321  71.222 0.0000000000
57097  2.613  -36.582  69.050 0.0000000000
56032  2.327  -37.523  68.625 0.0000000000
56033  1.813  -37.437  68.072 0.0000000000
65672  6.249  -28.233  76.740 0.0000000000
65673  5.073  -27.569  76.718 0.0000000000
65674  4.179  -26.932  76.957 0.0000000000
66813  2.093  -27.270  72.167 0.0000000000
67836  2.045  -26.488  73.003 0.0000000000
66812  2.415  -27.377  72.919 0.0000000000
65727  2.466  -27.982  72.370 0.0000000000
64600  2.580  -29.369  71.798 0.0000000000
64601  2.059  -29.338  71.160 0.0000000000
50294  9.004  -42.273  84.825 0.0000000000
50304  8.354  -42.139  84.104 0.0000000000
50316  12.553  -42.379  82.205 0.0000000000
50310  11.302  -42.156  83.169 0.0000000000
49228  12.636  -43.542  83.817 0.0000000000
50291  11.450  -43.030  84.341 0.0000000000
62348  3.206  -31.418  83.739 0.0000000000
63402  4.254  -29.389  81.788 0.0000000000
64472  5.488  -29.191  82.071 0.0000000000
47178  2.393  -45.323  86.419 0.0000000000
47182  1.744  -45.329  85.721 0.0000000000
49208  1.860  -43.554  87.033 0.0000000000
49215  1.685  -43.982  86.586 0.0000000000
49209  1.382  -43.162  86.696 0.0000000000
54786  3.333  -38.362  84.432 0.0000000000
54787  2.841  -38.503  85.307 0.0000000000
58034  2.348  -36.298  86.059 0.0000000000
58019  2.145  -35.438  86.806 0.0000000000
46129  8.103  -46.454  87.427 0.0000000000
46130  7.352  -46.222  88.081 0.0000000000
43866  6.765  -47.844  87.547 0.0000000000
45023  5.581  -47.861  87.081 0.0000000000
45019  5.140  -47.071  87.215 0.0000000000
46134  3.556  -45.987  87.054 0.0000000000
46138  3.162  -46.388  86.411 0.0000000000
51474  -0.700  -41.768  80.006 0.0000000000
52573  -0.303  -40.840  78.514 0.0000000000
51485  -0.161  -41.655  79.122 0.0000000000
52591  -0.271  -40.976  77.741 0.0000000000
59155  0.251  -35.008  75.584 0.0000000000
60229  0.404  -34.194  75.323 0.0000000000
59164  1.207  -34.621  73.892 0.0000000000
58093  0.996  -35.415  73.757 0.0000000000
57022  1.283  -36.556  73.219 0.0000000000
57041  2.108  -36.501  72.642 0.0000000000
55978  2.666  -37.167  72.062 0.0000000000
58099  2.206  -35.687  72.738 0.0000000000
59175  3.099  -34.562  71.738 0.0000000000
58138  3.083  -35.593  70.308 0.0000000000
67851  1.517  -26.332  72.029 0.0000000000
67852  0.993  -26.316  71.251 0.0000000000
66832  1.222  -27.958  70.664 0.0000000000
66833  0.827  -27.454  70.273 0.0000000000
49199  6.077  -43.447  88.316 0.0000000000
49200  5.174  -43.093  88.480 0.0000000000
49206  5.772  -42.919  88.198 0.0000000000
50278  5.362  -41.997  86.858 0.0000000000
51420  4.705  -41.569  86.522 0.0000000000
51432  6.144  -42.027  84.415 0.0000000000
50297  6.161  -42.257  85.099 0.0000000000
52546  4.259  -40.260  84.095 0.0000000000
52547  3.914  -39.749  84.282 0.0000000000
53667  4.006  -39.364  83.376 0.0000000000
49244  15.873  -43.234  79.000 0.0000000000
48241  14.457  -43.769  79.797 0.0000000000
48233  13.288  -44.624  80.967 0.0000000000
47203  12.847  -45.200  81.471 0.0000000000
47200  12.532  -45.954  81.880 0.0000000000
47185  12.429  -46.054  85.392 0.0000000000
46140  11.245  -46.215  85.906 0.0000000000
48211  12.064  -44.589  85.688 0.0000000000
49210  11.564  -44.048  85.846 0.0000000000
48207  10.721  -44.426  86.498 0.0000000000
49198  6.870  -43.723  88.085 0.0000000000
48196  6.484  -44.286  88.373 0.0000000000
59124  0.728  -34.101  81.520 0.0000000000
62352  2.489  -31.506  82.908 0.0000000000
61287  1.801  -31.770  81.486 0.0000000000
62359  1.572  -31.035  80.093 0.0000000000
61295  1.366  -32.168  79.981 0.0000000000
60220  0.549  -33.188  77.556 0.0000000000
61310  0.628  -32.338  77.732 0.0000000000
62364  0.587  -31.143  77.283 0.0000000000
63434  0.552  -30.032  76.796 0.0000000000
51483  9.434  -40.995  80.167 0.0000000000
49254  18.460  -43.821  76.248 0.0000000000
52576  19.670  -40.864  78.599 0.0000000000
51502  19.601  -42.012  78.406 0.0000000000
50336  19.446  -42.516  77.795 0.0000000000
50327  17.676  -42.245  78.744 0.0000000000
51475  16.412  -41.712  80.020 0.0000000000
52563  14.053  -40.954  79.499 0.0000000000
51478  13.873  -41.380  80.250 0.0000000000
51481  11.314  -41.025  80.166 0.0000000000
51468  11.938  -41.460  80.883 0.0000000000
43887  2.561  -48.567  82.686 0.0000000000
45041  2.335  -47.487  82.169 0.0000000000
46156  1.109  -46.057  82.708 0.0000000000
48216  0.822  -44.765  85.313 0.0000000000
47187  0.862  -45.269  84.650 0.0000000000
48217  0.645  -44.440  84.889 0.0000000000
49229  0.404  -43.552  83.741 0.0000000000
49232  0.281  -43.480  82.669 0.0000000000
50312  0.141  -42.644  82.364 0.0000000000
51418  3.142  -41.830  87.650 0.0000000000
52537  0.990  -40.961  87.074 0.0000000000
51424  0.735  -41.482  86.938 0.0000000000
54783  1.889  -38.408  86.351 0.0000000000
53657  1.658  -38.969  86.533 0.0000000000
54780  1.546  -38.594  86.553 0.0000000000
56967  -0.198  -36.437  84.556 0.0000000000
59075  0.278  -35.028  85.268 0.0000000000
59087  0.334  -34.119  84.016 0.0000000000
60176  1.133  -33.732  85.233 0.0000000000
59068  1.415  -34.672  86.605 0.0000000000
49258  15.003  -43.565  77.239 0.0000000000
43877  10.174  -48.493  84.640 0.0000000000
43881  10.288  -48.651  83.614 0.0000000000
43884  2.641  -48.576  83.747 0.0000000000
47217  1.507  -45.536  79.084 0.0000000000
47222  1.875  -45.763  77.873 0.0000000000
49247  0.156  -43.025  79.192 0.0000000000
49246  0.501  -43.558  78.671 0.0000000000
49260  1.408  -43.653  76.451 0.0000000000
48259  1.241  -43.696  77.204 0.0000000000
48257  2.247  -44.869  76.280 0.0000000000
48264  2.405  -44.666  75.830 0.0000000000
48275  3.594  -44.368  73.728 0.0000000000
48280  3.530  -44.996  72.797 0.0000000000
48274  3.903  -43.990  73.176 0.0000000000
56974  0.017  -36.928  80.429 0.0000000000
55917  -0.228  -37.748  76.519 0.0000000000
53703  -0.687  -39.740  76.506 0.0000000000
53724  -0.520  -39.634  75.606 0.0000000000
56996  0.051  -36.744  75.128 0.0000000000
56997  -0.036  -36.425  75.442 0.0000000000
53756  1.366  -39.746  73.797 0.0000000000
53771  0.458  -39.280  74.014 0.0000000000
53757  0.786  -39.763  74.093 0.0000000000
52638  0.588  -40.273  74.517 0.0000000000
52637  1.468  -40.411  74.253 0.0000000000
51522  1.783  -41.407  74.640 0.0000000000
51529  2.428  -40.964  73.974 0.0000000000
52661  3.703  -41.335  72.130 0.0000000000
51535  3.788  -41.990  72.368 0.0000000000
50413  3.865  -42.673  71.864 0.0000000000
49311  3.889  -43.351  71.300 0.0000000000
48295  3.532  -43.669  70.114 0.0000000000
49315  3.808  -43.169  70.503 0.0000000000
51554  3.164  -41.130  69.663 0.0000000000
50444  1.743  -41.639  68.763 0.0000000000
54915  2.721  -38.713  70.225 0.0000000000
53815  2.060  -39.354  68.727 0.0000000000
51569  0.772  -41.075  67.948 0.0000000000
65631  6.049  -28.646  78.897 0.0000000000
65632  5.437  -28.381  78.735 0.0000000000
65620  4.654  -28.431  79.589 0.0000000000
65622  2.630  -28.377  79.327 0.0000000000
65634  3.071  -27.746  78.640 0.0000000000
66739  0.877  -27.151  77.271 0.0000000000
66725  1.295  -27.196  77.810 0.0000000000
65676  0.674  -27.750  76.899 0.0000000000
64550  0.880  -29.102  75.896 0.0000000000
65697  0.817  -28.460  76.133 0.0000000000
68911  2.363  -25.352  74.789 0.0000000000
68901  3.668  -25.292  75.444 0.0000000000
67798  3.157  -25.448  75.940 0.0000000000
67788  2.819  -25.778  76.423 0.0000000000
67799  2.036  -25.734  75.819 0.0000000000
65720  2.476  -28.408  73.877 0.0000000000
65712  2.271  -28.354  74.436 0.0000000000
64562  2.331  -29.204  74.355 0.0000000000
63454  2.252  -30.087  74.219 0.0000000000
63465  2.581  -30.241  73.694 0.0000000000
62385  2.830  -31.523  73.385 0.0000000000
63477  2.929  -30.407  72.872 0.0000000000
62414  2.391  -31.438  70.794 0.0000000000
62401  3.076  -31.481  71.443 0.0000000000
61373  2.886  -32.485  70.847 0.0000000000
60262  2.264  -33.550  69.776 0.0000000000
63507  1.042  -30.337  70.230 0.0000000000
51438  8.486  -41.818  83.419 0.0000000000
51455  11.759  -41.877  81.775 0.0000000000
51444  11.353  -41.865  82.450 0.0000000000
50301  11.039  -42.406  83.913 0.0000000000
47302  1.111  -45.605  69.375 0.0000000000
47301  2.003  -45.028  69.055 0.0000000000
47172  2.649  -44.976  87.084 0.0000000000
49207  2.601  -43.468  87.960 0.0000000000
47163  6.809  -45.208  88.347 0.0000000000
47168  6.449  -45.580  88.339 0.0000000000
46132  5.412  -46.344  87.877 0.0000000000
52555  -0.609  -40.783  80.641 0.0000000000
60228  0.590  -33.414  75.072 0.0000000000
60234  0.487  -34.093  74.899 0.0000000000
60233  0.844  -33.884  74.483 0.0000000000
60240  1.356  -33.848  74.110 0.0000000000
59163  2.089  -34.493  73.327 0.0000000000
58091  2.396  -35.062  72.872 0.0000000000
59162  2.649  -34.433  73.046 0.0000000000
60238  2.792  -33.566  73.199 0.0000000000
49204  7.181  -43.281  87.340 0.0000000000
50277  6.404  -42.483  86.570 0.0000000000
50288  5.812  -42.108  85.868 0.0000000000
51441  5.646  -41.531  83.796 0.0000000000
52549  4.363  -40.140  83.041 0.0000000000
53670  4.182  -39.240  82.698 0.0000000000
49236  15.574  -42.969  80.474 0.0000000000
49226  13.935  -43.806  83.097 0.0000000000
48222  14.120  -44.002  82.944 0.0000000000
48218  14.011  -44.043  83.165 0.0000000000
47199  13.156  -45.198  82.479 0.0000000000
49219  10.248  -43.144  85.703 0.0000000000
49211  10.903  -43.739  86.106 0.0000000000
49203  8.239  -43.893  87.055 0.0000000000
59102  0.323  -34.458  83.469 0.0000000000
59116  0.447  -34.832  82.465 0.0000000000
59115  0.698  -34.013  82.612 0.0000000000
63404  2.822  -30.320  81.592 0.0000000000
62360  1.224  -31.128  79.252 0.0000000000
63416  0.896  -30.113  78.891 0.0000000000
64519  0.816  -28.934  78.747 0.0000000000
51490  18.323  -41.654  78.884 0.0000000000
50328  16.812  -42.423  79.154 0.0000000000
51492  17.017  -41.665  79.643 0.0000000000
52561  15.827  -41.243  79.708 0.0000000000
51480  12.155  -41.093  80.135 0.0000000000
46151  1.063  -45.804  83.505 0.0000000000
49222  0.791  -43.718  85.535 0.0000000000
51417  3.740  -41.719  87.358 0.0000000000
51422  3.199  -41.257  87.189 0.0000000000
55887  1.257  -37.746  86.498 0.0000000000
55884  1.072  -38.118  86.677 0.0000000000
55885  0.729  -38.097  86.661 0.0000000000
59069  0.686  -34.779  85.874 0.0000000000
49251  14.066  -43.978  78.019 0.0000000000
45035  10.750  -47.092  84.375 0.0000000000
43873  9.835  -48.333  85.366 0.0000000000
43872  3.867  -48.030  85.973 0.0000000000
47212  1.092  -44.963  79.806 0.0000000000
48245  1.123  -44.943  78.914 0.0000000000
50341  0.252  -42.363  77.837 0.0000000000
49252  0.659  -43.215  77.737 0.0000000000
50340  0.719  -42.615  77.266 0.0000000000
49270  1.068  -43.069  76.220 0.0000000000
49268  2.504  -43.820  75.422 0.0000000000
49282  2.425  -42.950  75.126 0.0000000000
50375  2.926  -42.719  74.366 0.0000000000
58066  0.384  -36.094  79.535 0.0000000000
56980  0.260  -37.275  78.152 0.0000000000
55963  0.701  -37.391  73.747 0.0000000000
55964  0.480  -38.332  73.953 0.0000000000
54879  0.886  -38.579  73.495 0.0000000000
53769  1.649  -39.251  73.328 0.0000000000
52649  2.921  -40.677  73.225 0.0000000000
50434  3.859  -42.323  70.240 0.0000000000
52689  3.515  -40.867  70.769 0.0000000000
52701  3.368  -40.730  70.165 0.0000000000
52702  2.965  -40.190  69.916 0.0000000000
56022  2.695  -37.593  69.387 0.0000000000
54919  2.649  -38.536  69.663 0.0000000000
54928  1.251  -38.957  68.021 0.0000000000
65652  5.284  -28.090  77.747 0.0000000000
65654  2.969  -27.050  78.027 0.0000000000
66724  2.203  -26.702  77.622 0.0000000000
66738  1.226  -26.603  76.748 0.0000000000
68922  1.915  -25.650  73.894 0.0000000000
67810  1.716  -26.128  74.755 0.0000000000
66796  2.256  -27.476  73.653 0.0000000000
64587  2.804  -29.430  72.524 0.0000000000
63505  2.631  -30.746  71.253 0.0000000000
50286  7.637  -42.789  85.465 0.0000000000
51439  7.632  -41.851  83.465 0.0000000000
51450  5.927  -41.535  82.869 0.0000000000
50320  14.465  -42.466  81.461 0.0000000000
50313  14.678  -42.913  81.828 0.0000000000
50314  14.082  -42.650  82.036 0.0000000000
50307  13.764  -42.913  82.627 0.0000000000
50308  13.111  -42.847  82.850 0.0000000000
49231  13.732  -43.360  82.962 0.0000000000
49227  13.350  -43.568  83.436 0.0000000000
50292  10.760  -42.672  84.704 0.0000000000
50283  10.332  -42.707  85.256 0.0000000000
50284  9.635  -42.593  85.351 0.0000000000
50285  8.670  -42.782  85.475 0.0000000000
61275  2.229  -32.296  84.262 0.0000000000
61279  1.977  -32.206  83.419 0.0000000000
62349  2.445  -31.816  83.584 0.0000000000
62351  3.025  -30.765  82.498 0.0000000000
63394  4.442  -30.592  83.448 0.0000000000
63400  3.772  -30.541  82.881 0.0000000000
62354  2.913  -30.459  81.911 0.0000000000
63403  3.427  -29.855  81.748 0.0000000000
64493  3.465  -29.052  80.823 0.0000000000
48213  1.160  -44.501  85.853 0.0000000000
48209  2.079  -44.430  86.702 0.0000000000
48210  1.559  -44.279  86.321 0.0000000000
49221  0.960  -43.679  85.967 0.0000000000
50289  0.921  -43.255  85.982 0.0000000000
50282  0.658  -42.261  86.228 0.0000000000
53660  3.226  -39.257  85.280 0.0000000000
52544  2.821  -39.753  86.085 0.0000000000
56966  2.913  -37.228  84.976 0.0000000000
46136  9.127  -46.621  86.551 0.0000000000
45021  8.137  -47.530  87.103 0.0000000000
45022  7.542  -47.906  87.414 0.0000000000
43865  7.141  -48.080  87.494 0.0000000000
45020  4.441  -47.000  86.879 0.0000000000
49238  0.105  -43.149  80.827 0.0000000000
48240  0.439  -43.520  80.392 0.0000000000
49242  0.122  -43.048  80.032 0.0000000000
50330  0.067  -42.360  78.751 0.0000000000
51503  0.081  -41.526  77.383 0.0000000000
51510  0.280  -41.498  76.382 0.0000000000
59151  0.273  -35.046  76.418 0.0000000000
58084  0.143  -35.699  75.273 0.0000000000
57008  0.381  -36.377  74.587 0.0000000000
59159  0.382  -34.855  74.859 0.0000000000
58087  0.607  -35.397  74.283 0.0000000000
55962  1.519  -37.274  72.976 0.0000000000
54894  2.721  -38.296  71.828 0.0000000000
55995  2.907  -37.488  71.268 0.0000000000
58098  2.740  -35.617  72.225 0.0000000000
57074  3.084  -36.606  70.782 0.0000000000
58158  2.739  -35.648  69.511 0.0000000000
65743  1.567  -28.490  70.903 0.0000000000
46232  2.125  -45.729  71.532 0.0000000000
49201  4.232  -43.328  88.531 0.0000000000
50265  4.824  -42.518  88.188 0.0000000000
50279  4.856  -42.008  87.393 0.0000000000
51435  3.865  -40.595  85.802 0.0000000000
52543  3.487  -39.892  85.439 0.0000000000
53663  3.464  -39.074  84.586 0.0000000000
48247  14.362  -43.848  78.934 0.0000000000
48242  13.726  -44.196  79.307 0.0000000000
49233  14.714  -43.379  81.768 0.0000000000
48231  14.581  -43.644  81.595 0.0000000000
48227  14.356  -43.891  82.216 0.0000000000
48237  13.843  -44.146  80.366 0.0000000000
46149  11.531  -47.154  83.977 0.0000000000
47179  12.000  -44.987  86.168 0.0000000000
48206  11.414  -44.374  86.245 0.0000000000
47174  11.465  -44.999  86.434 0.0000000000
46135  9.921  -46.097  86.353 0.0000000000
47167  7.770  -45.384  87.696 0.0000000000
55899  -0.333  -37.714  81.192 0.0000000000
59141  0.557  -34.979  78.631 0.0000000000
61284  1.466  -32.650  82.124 0.0000000000
60199  0.995  -33.225  80.692 0.0000000000
61294  1.638  -31.677  80.675 0.0000000000
60215  0.560  -34.410  77.856 0.0000000000
60221  0.445  -33.955  77.122 0.0000000000
61321  0.513  -33.201  76.367 0.0000000000
61320  0.640  -32.211  76.719 0.0000000000
61330  0.784  -32.491  75.704 0.0000000000
62371  0.972  -31.429  75.282 0.0000000000
63456  1.200  -30.901  74.896 0.0000000000
51471  9.213  -41.121  80.970 0.0000000000
51484  8.600  -40.921  80.182 0.0000000000
50351  17.198  -42.955  77.623 0.0000000000
51487  20.799  -41.351  78.493 0.0000000000
50337  18.504  -42.715  77.882 0.0000000000
50326  18.424  -42.265  78.528 0.0000000000
49248  16.522  -43.151  77.671 0.0000000000
50329  16.289  -42.738  79.700 0.0000000000
52562  15.027  -41.149  79.604 0.0000000000
51465  14.554  -42.057  80.878 0.0000000000
46155  1.728  -46.681  82.531 0.0000000000
46161  1.301  -46.203  82.173 0.0000000000
47201  1.265  -45.993  81.534 0.0000000000
46148  1.033  -45.573  84.046 0.0000000000
47192  0.721  -45.273  83.767 0.0000000000
48221  0.495  -44.312  83.978 0.0000000000
47193  0.550  -44.840  83.425 0.0000000000
47198  0.533  -44.852  82.969 0.0000000000
48230  0.562  -44.041  81.999 0.0000000000
50317  -0.188  -42.594  81.399 0.0000000000
49202  3.473  -43.388  88.401 0.0000000000
50273  1.827  -42.612  87.546 0.0000000000
51419  2.482  -42.086  87.765 0.0000000000
51425  0.636  -42.000  86.521 0.0000000000
52540  0.708  -40.341  86.791 0.0000000000
53665  -0.377  -39.540  84.224 0.0000000000
58053  0.045  -35.455  83.625 0.0000000000
58021  0.603  -35.537  86.068 0.0000000000
60171  1.943  -33.764  86.346 0.0000000000
61270  1.737  -33.079  84.876 0.0000000000
61274  2.845  -32.149  84.630 0.0000000000
49266  15.183  -43.328  76.093 0.0000000000
43878  9.838  -49.118  85.401 0.0000000000
46170  1.858  -46.615  79.695 0.0000000000
47227  2.404  -45.853  76.884 0.0000000000
48270  3.081  -44.511  74.945 0.0000000000
47253  3.530  -45.017  71.892 0.0000000000
54798  -0.869  -38.727  79.372 0.0000000000
54802  -0.593  -38.836  78.194 0.0000000000
53682  -0.755  -40.028  77.661 0.0000000000
51517  0.191  -40.929  75.637 0.0000000000
54843  -0.194  -38.821  74.982 0.0000000000
55948  0.306  -37.994  74.580 0.0000000000
53742  -0.323  -39.729  74.937 0.0000000000
52629  0.398  -40.692  75.054 0.0000000000
51516  0.897  -41.640  75.347 0.0000000000
50387  3.459  -42.452  73.614 0.0000000000
51528  3.151  -41.544  73.477 0.0000000000
50401  3.698  -41.981  73.051 0.0000000000
50386  3.863  -43.124  73.360 0.0000000000
49307  3.946  -43.468  72.160 0.0000000000
48283  3.834  -44.184  71.589 0.0000000000
47264  3.338  -44.693  71.005 0.0000000000
47280  3.293  -44.414  70.521 0.0000000000
47300  2.617  -44.506  69.411 0.0000000000
48297  2.475  -44.285  68.919 0.0000000000
53786  2.836  -39.386  70.449 0.0000000000
51561  2.654  -40.662  69.358 0.0000000000
53814  2.490  -39.296  69.290 0.0000000000
52711  2.343  -40.071  69.025 0.0000000000
51562  2.067  -40.900  68.918 0.0000000000
64481  4.913  -29.007  81.498 0.0000000000
65612  5.195  -28.561  80.065 0.0000000000
64503  3.820  -28.631  80.105 0.0000000000
64504  2.955  -28.718  80.049 0.0000000000
64518  1.343  -28.490  79.014 0.0000000000
65636  1.124  -28.125  78.652 0.0000000000
66715  1.593  -27.498  78.333 0.0000000000
65656  0.795  -27.918  77.978 0.0000000000
64533  0.578  -28.905  77.476 0.0000000000
66737  2.546  -26.240  76.951 0.0000000000
65696  0.948  -27.625  75.993 0.0000000000
64563  1.894  -29.075  74.990 0.0000000000
63455  1.644  -30.027  74.764 0.0000000000
62386  2.332  -31.609  73.950 0.0000000000
61356  3.174  -32.532  72.747 0.0000000000
61362  3.305  -32.504  71.810 0.0000000000
60247  3.155  -33.538  71.291 0.0000000000
59191  2.791  -34.559  69.841 0.0000000000
59201  2.366  -34.947  69.304 0.0000000000
63506  1.873  -30.409  70.841 0.0000000000
61383  1.679  -32.563  69.781 0.0000000000
58178  1.587  -35.503  68.495 0.0000000000
45031  10.590  -46.723  84.913 0.0000000000
46127  7.096  -45.712  88.309 0.0000000000
46128  6.895  -45.839  88.346 0.0000000000
47173  11.700  -44.709  86.226 0.0000000000
47183  1.060  -45.144  85.389 0.0000000000
47218  1.094  -44.939  79.228 0.0000000000
47226  2.440  -45.240  76.186 0.0000000000
48224  0.585  -44.835  82.731 0.0000000000
48287  3.319  -44.176  70.187 0.0000000000
49292  3.870  -43.678  73.441 0.0000000000
49302  3.990  -43.549  72.916 0.0000000000
50267  3.794  -42.966  88.490 0.0000000000
51542  3.786  -41.895  71.614 0.0000000000
51547  3.780  -41.690  70.865 0.0000000000
52630  -0.221  -40.336  75.298 0.0000000000
52639  0.016  -40.167  74.774 0.0000000000
52710  2.648  -39.923  69.493 0.0000000000
53666  4.231  -39.522  82.771 0.0000000000
53770  0.882  -39.270  73.690 0.0000000000
53816  1.455  -39.473  68.279 0.0000000000
54781  1.132  -38.470  86.682 0.0000000000
54860  0.231  -38.819  74.270 0.0000000000
55931  0.014  -37.068  75.166 0.0000000000
57009  0.102  -36.186  75.101 0.0000000000
57040  2.657  -36.455  72.162 0.0000000000
58177  2.219  -35.634  68.925 0.0000000000
61382  2.394  -32.869  70.239 0.0000000000
64502  5.790  -28.614  79.959 0.0000000000
64517  6.490  -28.735  78.931 0.0000000000
64549  1.357  -28.991  75.533 0.0000000000
65611  5.553  -28.589  80.035 0.0000000000
65618  6.128  -28.672  79.274 0.0000000000
65655  1.279  -27.697  78.344 0.0000000000
65734  2.610  -28.684  72.244 0.0000000000
66726  0.836  -27.440  77.513 0.0000000000
66777  1.712  -27.081  74.600 0.0000000000
66797  1.965  -27.246  74.118 0.0000000000
66825  0.917  -26.861  70.869 0.0000000000
67787  3.486  -25.731  76.221 0.0000000000
67789  2.092  -26.010  76.521 0.0000000000
67821  2.085  -27.062  73.650 0.0000000000
67822  1.913  -26.738  73.884 0.0000000000
