#!ascii label  , from subject 3961 vox2ras=TkReg
872
95740  43.085  1.284  48.259 0.0000000000
98157  43.627  4.330  38.539 0.0000000000
101604  50.434  8.575  35.426 0.0000000000
94188  44.636  0.082  27.532 0.0000000000
94045  40.508  -1.333  42.862 0.0000000000
101521  52.871  8.560  44.052 0.0000000000
95850  42.790  1.994  30.829 0.0000000000
100736  39.209  8.793  34.297 0.0000000000
98905  48.461  5.153  43.749 0.0000000000
96569  44.387  1.959  43.436 0.0000000000
94065  41.776  0.085  39.145 0.0000000000
100663  44.887  7.729  38.237 0.0000000000
100778  42.478  8.450  30.362 0.0000000000
98960  47.815  5.500  37.059 0.0000000000
99036  44.652  6.533  27.636 0.0000000000
99794  39.734  7.007  37.575 0.0000000000
96555  46.162  2.088  45.398 0.0000000000
95755  43.780  1.447  45.076 0.0000000000
94047  40.485  -0.397  41.433 0.0000000000
102358  50.111  10.465  40.107 0.0000000000
101539  47.316  9.094  40.936 0.0000000000
101594  47.249  8.360  36.967 0.0000000000
99838  43.911  7.039  34.419 0.0000000000
100747  47.338  7.676  32.843 0.0000000000
98918  45.987  5.823  41.445 0.0000000000
99743  47.851  6.351  40.526 0.0000000000
98962  46.115  4.951  37.667 0.0000000000
95869  45.177  1.895  27.738 0.0000000000
98235  43.101  4.796  30.003 0.0000000000
95881  43.354  2.561  26.154 0.0000000000
98246  41.602  4.357  27.006 0.0000000000
93305  41.974  -0.751  29.249 0.0000000000
91572  41.975  -2.948  31.623 0.0000000000
95737  39.904  0.624  48.259 0.0000000000
95769  40.630  0.916  44.750 0.0000000000
101573  53.194  9.393  39.102 0.0000000000
95823  41.646  1.307  35.366 0.0000000000
97456  42.920  2.879  34.329 0.0000000000
94124  43.442  -0.361  32.895 0.0000000000
94167  46.390  0.855  30.277 0.0000000000
98115  51.689  4.283  46.774 0.0000000000
96543  49.048  2.744  45.914 0.0000000000
98128  46.650  3.993  43.712 0.0000000000
98916  43.009  4.790  41.534 0.0000000000
94895  41.777  0.061  43.392 0.0000000000
96577  40.614  2.360  41.488 0.0000000000
97411  41.222  2.771  38.233 0.0000000000
94078  42.756  -0.473  37.073 0.0000000000
93999  39.105  -0.406  49.663 0.0000000000
102324  45.116  9.692  42.229 0.0000000000
100623  42.581  7.616  40.103 0.0000000000
99806  42.391  6.807  36.159 0.0000000000
100752  41.316  8.361  32.770 0.0000000000
99023  40.061  5.838  31.266 0.0000000000
99718  51.829  6.354  43.691 0.0000000000
100641  50.987  7.099  39.740 0.0000000000
99802  50.772  6.740  35.628 0.0000000000
98214  44.892  4.710  33.498 0.0000000000
99011  46.879  5.769  31.497 0.0000000000
99862  49.321  6.979  30.695 0.0000000000
100798  44.827  8.083  27.986 0.0000000000
99039  40.733  5.060  29.367 0.0000000000
99777  39.604  7.037  38.396 0.0000000000
99760  40.157  7.074  39.006 0.0000000000
96547  44.930  2.217  46.681 0.0000000000
96549  42.997  2.120  46.996 0.0000000000
101582  50.561  9.564  37.981 0.0000000000
101583  49.233  9.064  37.926 0.0000000000
101599  48.698  8.611  35.985 0.0000000000
100731  47.123  7.694  33.992 0.0000000000
100746  48.379  7.769  33.035 0.0000000000
98145  44.268  4.708  39.581 0.0000000000
98937  45.563  5.244  39.667 0.0000000000
98170  44.460  4.407  37.697 0.0000000000
95887  45.645  1.294  26.174 0.0000000000
95880  44.744  2.277  26.484 0.0000000000
95041  43.807  1.102  25.879 0.0000000000
95031  42.726  1.219  26.865 0.0000000000
94189  43.478  0.084  27.634 0.0000000000
93292  42.775  -1.519  30.272 0.0000000000
93291  44.125  -1.428  29.842 0.0000000000
95760  39.011  1.289  45.646 0.0000000000
103071  51.874  10.443  42.121 0.0000000000
101561  53.290  9.197  40.534 0.0000000000
94103  42.537  -0.702  34.851 0.0000000000
94126  42.303  -0.013  33.861 0.0000000000
93254  44.386  -1.225  33.478 0.0000000000
94166  47.260  0.919  30.419 0.0000000000
95002  48.019  1.449  29.306 0.0000000000
95016  47.514  1.224  28.565 0.0000000000
95763  45.437  1.523  44.129 0.0000000000
96566  46.931  2.219  43.856 0.0000000000
97390  44.995  2.990  43.498 0.0000000000
98909  44.444  4.935  43.118 0.0000000000
98132  42.840  4.078  42.956 0.0000000000
94896  40.709  -0.445  43.669 0.0000000000
94886  41.297  0.122  44.140 0.0000000000
94036  41.314  -0.463  42.864 0.0000000000
94054  41.268  -0.278  39.659 0.0000000000
95783  40.371  1.212  41.220 0.0000000000
95785  40.735  1.397  40.150 0.0000000000
97403  40.876  2.939  40.038 0.0000000000
95796  41.204  1.552  38.520 0.0000000000
95807  41.331  1.083  37.279 0.0000000000
94079  42.169  -0.003  37.578 0.0000000000
93198  45.898  -1.018  37.586 0.0000000000
100619  46.212  8.328  39.804 0.0000000000
102323  46.104  9.512  42.024 0.0000000000
100595  45.054  8.180  40.810 0.0000000000
100596  44.211  8.040  40.901 0.0000000000
100645  44.192  7.648  39.169 0.0000000000
100665  42.606  7.272  37.935 0.0000000000
100682  43.522  7.317  36.929 0.0000000000
100750  44.105  7.459  32.769 0.0000000000
100751  42.706  7.550  33.137 0.0000000000
100767  41.331  8.442  31.492 0.0000000000
100768  40.332  7.810  31.448 0.0000000000
99871  40.412  6.694  30.779 0.0000000000
98121  51.124  4.329  45.176 0.0000000000
98898  52.124  5.257  44.925 0.0000000000
99719  50.591  5.972  43.714 0.0000000000
99773  48.294  6.131  38.565 0.0000000000
99741  49.984  6.758  39.925 0.0000000000
99772  49.407  6.429  38.175 0.0000000000
99771  50.555  6.695  37.704 0.0000000000
98968  49.033  5.797  35.504 0.0000000000
96636  42.707  2.419  32.734 0.0000000000
98207  44.188  4.002  34.964 0.0000000000
97471  42.872  3.494  32.394 0.0000000000
99037  43.607  5.561  28.691 0.0000000000
99022  44.539  5.281  31.532 0.0000000000
99021  45.797  5.834  30.533 0.0000000000
99010  48.569  6.409  30.795 0.0000000000
99027  47.195  6.833  28.483 0.0000000000
99883  46.582  7.740  28.266 0.0000000000
99885  45.276  7.203  27.132 0.0000000000
96648  41.299  2.551  28.920 0.0000000000
98241  41.220  4.714  28.343 0.0000000000
96649  41.016  2.492  29.849 0.0000000000
96643  40.630  2.541  30.693 0.0000000000
101502  52.099  7.838  45.415 0.0000000000
100700  39.110  7.500  36.438 0.0000000000
100719  39.159  8.119  35.364 0.0000000000
96534  47.765  2.368  47.196 0.0000000000
96546  45.923  2.272  46.505 0.0000000000
96556  45.199  2.049  45.611 0.0000000000
94892  44.272  0.695  44.037 0.0000000000
94044  40.811  -0.758  42.433 0.0000000000
102359  48.871  9.813  40.622 0.0000000000
101577  47.231  8.499  38.758 0.0000000000
100679  46.550  8.215  37.559 0.0000000000
100698  44.583  7.274  35.975 0.0000000000
100715  45.716  7.482  34.940 0.0000000000
99850  45.713  7.441  33.652 0.0000000000
100764  45.119  7.695  31.587 0.0000000000
99727  47.199  6.224  42.461 0.0000000000
99726  48.505  6.641  42.395 0.0000000000
99744  47.013  6.171  40.817 0.0000000000
98935  47.366  5.727  38.958 0.0000000000
98961  46.964  5.177  37.442 0.0000000000
95006  43.606  1.433  30.231 0.0000000000
96647  42.873  2.837  30.079 0.0000000000
96654  43.192  2.966  28.400 0.0000000000
97486  43.120  3.661  27.268 0.0000000000
98245  43.070  4.433  26.397 0.0000000000
99050  42.679  5.161  26.064 0.0000000000
96660  42.602  2.849  26.698 0.0000000000
95020  41.597  0.865  28.681 0.0000000000
94183  41.249  0.296  29.292 0.0000000000
92430  42.812  -2.909  31.045 0.0000000000
95742  41.502  1.518  47.615 0.0000000000
95747  41.648  1.846  46.380 0.0000000000
95748  40.639  1.659  46.506 0.0000000000
95770  39.527  0.992  44.831 0.0000000000
94897  39.552  -0.300  43.807 0.0000000000
103091  50.707  11.086  41.506 0.0000000000
102357  51.435  10.738  39.921 0.0000000000
101589  52.330  9.295  37.196 0.0000000000
97438  41.943  2.757  36.309 0.0000000000
98185  43.301  3.815  36.623 0.0000000000
96625  42.384  2.157  34.824 0.0000000000
95836  42.730  1.524  33.153 0.0000000000
94974  42.974  0.710  32.439 0.0000000000
93277  45.599  -0.541  31.882 0.0000000000
94157  44.494  0.123  31.591 0.0000000000
94989  44.962  0.605  30.734 0.0000000000
95018  45.662  1.568  28.568 0.0000000000
95877  46.379  1.222  27.308 0.0000000000
94178  45.920  -0.117  28.461 0.0000000000
93290  45.320  -1.569  29.846 0.0000000000
97378  50.297  3.281  45.800 0.0000000000
97383  49.284  3.317  44.774 0.0000000000
96544  47.979  2.374  46.062 0.0000000000
97385  47.832  2.708  44.031 0.0000000000
98127  47.756  4.049  43.780 0.0000000000
98912  45.806  5.426  43.121 0.0000000000
98920  44.339  5.262  41.384 0.0000000000
98141  43.301  4.649  40.214 0.0000000000
95757  42.247  1.622  45.383 0.0000000000
94884  43.310  0.394  44.151 0.0000000000
95776  42.863  0.862  43.189 0.0000000000
94902  40.864  0.321  42.398 0.0000000000
95779  41.249  1.149  42.570 0.0000000000
97393  42.194  2.853  42.837 0.0000000000
98136  41.851  4.163  41.662 0.0000000000
98143  41.984  4.076  39.852 0.0000000000
98148  42.050  3.859  38.873 0.0000000000
96612  41.400  2.252  36.922 0.0000000000
94092  41.938  -0.250  36.484 0.0000000000
93213  43.421  -1.113  35.716 0.0000000000
94062  43.484  -0.602  37.500 0.0000000000
93211  44.879  -1.181  36.487 0.0000000000
94864  41.344  0.155  49.379 0.0000000000
94866  39.413  0.099  48.694 0.0000000000
94011  37.629  -0.733  49.350 0.0000000000
103077  45.696  10.686  42.460 0.0000000000
102325  44.158  9.592  42.079 0.0000000000
99775  41.242  6.957  38.120 0.0000000000
99792  41.355  6.778  37.215 0.0000000000
100718  40.471  7.622  34.965 0.0000000000
99822  43.509  6.930  35.203 0.0000000000
100734  41.474  7.580  34.219 0.0000000000
101616  39.454  8.989  33.000 0.0000000000
100577  53.092  7.265  43.629 0.0000000000
100585  50.060  6.809  42.603 0.0000000000
100592  51.791  7.326  41.338 0.0000000000
100591  52.908  7.983  40.972 0.0000000000
100615  52.894  8.229  39.726 0.0000000000
100678  51.982  8.375  36.904 0.0000000000
99801  51.133  7.520  35.346 0.0000000000
98198  43.812  3.914  35.772 0.0000000000
98196  45.370  4.533  35.256 0.0000000000
98195  46.181  4.880  35.229 0.0000000000
98229  43.260  4.242  31.597 0.0000000000
99002  45.419  5.081  33.295 0.0000000000
98989  47.012  5.309  34.232 0.0000000000
98988  48.474  5.750  33.537 0.0000000000
98987  49.420  6.398  33.146 0.0000000000
99848  49.757  7.340  33.601 0.0000000000
100773  48.522  7.665  30.761 0.0000000000
100775  46.361  8.090  30.378 0.0000000000
100788  43.664  8.281  29.166 0.0000000000
99894  42.087  6.435  26.453 0.0000000000
99886  41.408  6.473  27.906 0.0000000000
100791  41.151  7.108  29.779 0.0000000000
99032  40.472  5.594  30.314 0.0000000000
92422  41.033  -2.570  32.014 0.0000000000
100649  39.904  7.252  39.755 0.0000000000
100625  40.545  7.600  40.370 0.0000000000
96530  44.033  1.206  48.869 0.0000000000
96538  43.670  1.625  48.049 0.0000000000
96539  42.772  1.684  47.696 0.0000000000
101591  50.230  9.159  36.843 0.0000000000
101598  49.862  8.878  35.987 0.0000000000
101606  49.058  8.520  35.403 0.0000000000
101614  49.524  8.279  34.841 0.0000000000
98156  44.574  4.629  38.889 0.0000000000
95028  45.490  0.758  26.486 0.0000000000
95040  44.820  1.130  25.730 0.0000000000
95029  44.246  0.565  26.496 0.0000000000
94180  43.809  -0.597  28.872 0.0000000000
93303  44.502  -0.732  29.228 0.0000000000
101515  51.352  8.596  44.828 0.0000000000
102315  52.246  9.258  43.692 0.0000000000
102319  52.399  9.782  42.676 0.0000000000
101537  53.109  8.886  41.845 0.0000000000
93241  43.715  -1.311  34.295 0.0000000000
93242  43.005  -0.976  34.213 0.0000000000
94987  48.576  1.282  29.843 0.0000000000
95001  48.922  1.235  29.232 0.0000000000
95015  48.246  1.174  28.659 0.0000000000
101626  38.312  8.812  33.109 0.0000000000
95774  44.643  1.210  43.848 0.0000000000
96568  45.326  2.023  43.600 0.0000000000
97391  43.974  3.057  43.429 0.0000000000
94037  41.028  -0.893  43.106 0.0000000000
94911  40.963  0.631  39.876 0.0000000000
95788  41.069  1.477  39.362 0.0000000000
94920  41.515  0.777  39.039 0.0000000000
94929  41.659  0.661  38.064 0.0000000000
94919  41.815  0.372  38.760 0.0000000000
100643  45.912  8.223  39.225 0.0000000000
100620  45.573  8.193  40.127 0.0000000000
100644  45.131  7.957  39.217 0.0000000000
100621  44.620  7.895  40.092 0.0000000000
100664  43.825  7.481  38.106 0.0000000000
100765  43.801  7.779  31.644 0.0000000000
100766  42.506  8.352  31.643 0.0000000000
100779  41.448  8.091  30.281 0.0000000000
98900  49.841  4.766  44.263 0.0000000000
98903  50.328  5.364  44.132 0.0000000000
98904  49.592  5.399  43.879 0.0000000000
99789  48.546  5.984  37.590 0.0000000000
99788  49.629  6.305  37.139 0.0000000000
98959  48.812  5.809  36.593 0.0000000000
95843  42.636  1.712  31.990 0.0000000000
96642  42.630  2.667  31.506 0.0000000000
99029  44.401  5.736  29.793 0.0000000000
99028  46.085  6.660  28.573 0.0000000000
99035  45.613  6.932  27.586 0.0000000000
95009  41.176  0.787  29.661 0.0000000000
97481  41.079  3.124  29.324 0.0000000000
95861  40.908  1.586  30.337 0.0000000000
99810  39.194  7.263  37.035 0.0000000000
99809  39.766  7.161  36.567 0.0000000000
96535  46.709  2.231  47.495 0.0000000000
96536  45.673  2.049  47.649 0.0000000000
96557  44.245  2.082  45.765 0.0000000000
95754  44.567  1.470  44.968 0.0000000000
95764  44.609  1.132  44.272 0.0000000000
95765  44.100  0.956  44.474 0.0000000000
102337  49.750  10.707  40.885 0.0000000000
102338  49.159  10.422  41.106 0.0000000000
101563  49.457  9.722  39.748 0.0000000000
101584  48.133  8.653  37.910 0.0000000000
101576  48.140  8.908  38.950 0.0000000000
101585  47.243  8.416  37.798 0.0000000000
100697  45.776  7.686  36.169 0.0000000000
100696  46.974  8.249  36.359 0.0000000000
100732  46.216  7.503  33.776 0.0000000000
100748  46.197  7.536  32.856 0.0000000000
100749  45.203  7.484  32.705 0.0000000000
100763  46.360  7.848  31.597 0.0000000000
99734  45.918  5.887  41.900 0.0000000000
98924  46.135  5.710  40.618 0.0000000000
98950  45.802  5.050  38.683 0.0000000000
98936  46.455  5.473  39.353 0.0000000000
98949  46.724  5.271  38.358 0.0000000000
95857  44.647  1.783  28.549 0.0000000000
95859  43.276  2.145  29.572 0.0000000000
95870  44.289  2.226  27.578 0.0000000000
95871  43.603  2.468  27.831 0.0000000000
96659  43.318  3.028  26.811 0.0000000000
97491  42.736  3.563  26.138 0.0000000000
94190  42.564  0.321  27.771 0.0000000000
95032  42.088  1.106  27.696 0.0000000000
94191  42.022  0.617  27.935 0.0000000000
94182  41.631  -0.206  28.955 0.0000000000
92445  43.483  -2.517  30.669 0.0000000000
92446  42.749  -2.304  30.842 0.0000000000
95743  40.247  1.254  47.510 0.0000000000
94888  38.952  0.465  44.299 0.0000000000
94898  38.471  -0.099  43.872 0.0000000000
102356  52.491  10.406  40.254 0.0000000000
102363  52.345  10.374  39.005 0.0000000000
101581  51.823  9.847  37.632 0.0000000000
101580  52.678  9.671  38.000 0.0000000000
96620  41.862  2.216  35.692 0.0000000000
97448  42.098  2.613  35.834 0.0000000000
96626  41.951  1.791  35.120 0.0000000000
94125  42.861  -0.161  33.300 0.0000000000
94959  42.433  0.670  33.739 0.0000000000
94143  43.309  0.043  32.628 0.0000000000
94973  43.462  0.269  32.169 0.0000000000
93265  46.210  -1.069  32.653 0.0000000000
94154  46.903  -0.296  31.645 0.0000000000
94155  46.024  -0.009  31.236 0.0000000000
94988  45.690  0.508  30.677 0.0000000000
95005  44.717  1.338  29.631 0.0000000000
95004  45.916  1.146  29.628 0.0000000000
94177  46.765  0.532  28.648 0.0000000000
95017  46.626  1.315  28.101 0.0000000000
94186  46.301  0.644  27.942 0.0000000000
93301  46.108  -0.599  29.307 0.0000000000
96532  49.628  2.913  46.769 0.0000000000
97371  50.407  3.216  47.468 0.0000000000
97375  49.807  2.956  45.948 0.0000000000
97382  50.246  3.536  45.189 0.0000000000
97379  49.588  3.057  45.428 0.0000000000
96545  46.941  2.361  46.274 0.0000000000
96554  47.156  2.138  45.189 0.0000000000
96563  47.275  2.206  44.258 0.0000000000
97388  47.123  2.823  43.743 0.0000000000
97387  47.928  3.247  43.870 0.0000000000
98907  46.209  5.005  43.509 0.0000000000
98910  43.771  4.918  42.779 0.0000000000
98914  44.400  5.321  42.320 0.0000000000
98915  43.480  5.015  42.061 0.0000000000
98921  43.619  4.965  41.143 0.0000000000
98922  43.093  4.770  40.858 0.0000000000
95758  41.120  1.545  45.458 0.0000000000
95768  41.742  0.874  44.659 0.0000000000
94885  42.405  0.220  44.096 0.0000000000
94894  43.068  0.385  43.738 0.0000000000
94905  40.510  0.087  42.002 0.0000000000
96578  40.435  1.750  41.340 0.0000000000
95780  40.628  1.277  42.197 0.0000000000
96574  40.928  2.206  42.221 0.0000000000
96573  41.732  2.078  42.671 0.0000000000
97396  41.626  3.337  42.285 0.0000000000
97397  41.021  2.952  41.692 0.0000000000
97406  41.081  2.849  39.113 0.0000000000
97402  41.319  3.625  40.416 0.0000000000
97405  41.408  3.499  39.464 0.0000000000
97410  41.493  3.346  38.499 0.0000000000
97424  41.598  3.049  37.429 0.0000000000
96603  41.209  2.289  37.799 0.0000000000
94937  41.575  0.493  36.955 0.0000000000
94091  42.729  -0.827  35.948 0.0000000000
94090  43.374  -0.975  36.143 0.0000000000
93181  44.022  -0.852  38.274 0.0000000000
93199  44.983  -0.968  37.481 0.0000000000
93210  45.807  -1.124  36.718 0.0000000000
94856  41.699  0.024  50.034 0.0000000000
94858  39.737  -0.273  49.511 0.0000000000
94009  39.061  -0.308  49.121 0.0000000000
94017  38.582  -0.273  48.683 0.0000000000
94010  38.463  -0.501  49.221 0.0000000000
101526  45.424  9.018  41.805 0.0000000000
103724  45.332  11.790  42.553 0.0000000000
103078  44.782  10.620  42.317 0.0000000000
100622  43.642  7.722  40.089 0.0000000000
100647  41.819  7.274  39.036 0.0000000000
99791  42.192  6.992  37.056 0.0000000000
99774  41.852  7.022  37.730 0.0000000000
99807  41.559  6.737  36.324 0.0000000000
99825  40.936  6.976  35.622 0.0000000000
100717  41.146  7.236  35.024 0.0000000000
99821  44.346  7.091  35.139 0.0000000000
99804  43.891  7.075  35.750 0.0000000000
100733  42.311  7.224  34.087 0.0000000000
100753  40.125  8.723  32.418 0.0000000000
101624  39.399  8.830  32.557 0.0000000000
99863  40.031  6.760  31.505 0.0000000000
98117  52.288  4.880  46.367 0.0000000000
99714  51.517  5.742  44.225 0.0000000000
98897  53.000  5.878  45.241 0.0000000000
99713  52.730  6.320  44.377 0.0000000000
100574  53.144  7.245  44.672 0.0000000000
99717  52.542  6.699  43.690 0.0000000000
99731  48.588  6.768  41.225 0.0000000000
100586  49.276  6.845  42.418 0.0000000000
100594  49.393  7.009  41.875 0.0000000000
100617  50.796  7.099  40.619 0.0000000000
100616  51.896  7.513  40.230 0.0000000000
100640  51.846  7.562  39.045 0.0000000000
99787  50.727  6.663  36.653 0.0000000000
99770  51.518  7.308  37.220 0.0000000000
99786  51.473  7.404  36.200 0.0000000000
99818  50.562  6.990  34.757 0.0000000000
97446  43.102  3.484  35.983 0.0000000000
98215  44.152  4.012  34.000 0.0000000000
98206  44.840  4.323  34.596 0.0000000000
98205  45.689  4.757  34.275 0.0000000000
97476  42.849  3.633  30.830 0.0000000000
98228  43.773  4.957  31.028 0.0000000000
99012  45.285  5.326  32.431 0.0000000000
99001  46.186  5.265  33.305 0.0000000000
99000  47.721  5.681  32.567 0.0000000000
98979  48.164  5.493  34.873 0.0000000000
98999  48.898  6.274  32.220 0.0000000000
99009  49.261  6.763  31.428 0.0000000000
99849  49.877  7.086  32.982 0.0000000000
99861  49.342  7.128  31.446 0.0000000000
100760  49.305  7.362  32.363 0.0000000000
99868  49.095  7.354  30.775 0.0000000000
100797  45.816  8.072  28.321 0.0000000000
100786  46.345  8.206  29.105 0.0000000000
100787  44.925  8.228  29.175 0.0000000000
100799  43.600  7.917  28.019 0.0000000000
99051  42.031  5.045  26.135 0.0000000000
99900  42.355  5.672  26.031 0.0000000000
98242  40.858  4.120  29.268 0.0000000000
99038  41.121  5.665  28.592 0.0000000000
100790  41.482  7.301  29.044 0.0000000000
99031  40.875  5.855  29.479 0.0000000000
99879  40.972  6.608  29.879 0.0000000000
98236  40.469  4.409  30.167 0.0000000000
95851  40.449  1.543  31.253 0.0000000000
96637  40.210  2.645  31.585 0.0000000000
92432  41.491  -2.357  31.475 0.0000000000
91562  41.622  -3.411  32.179 0.0000000000
99778  38.949  7.140  38.590 0.0000000000
99776  40.356  6.946  38.239 0.0000000000
96528  45.411  1.634  48.560 0.0000000000
96537  44.689  1.926  47.748 0.0000000000
96548  43.928  2.208  46.854 0.0000000000
96558  43.209  1.990  45.867 0.0000000000
102370  50.674  9.884  38.613 0.0000000000
101574  50.109  9.788  38.975 0.0000000000
101592  49.016  8.875  36.921 0.0000000000
101593  47.992  8.506  37.016 0.0000000000
101600  47.684  8.381  36.470 0.0000000000
100713  47.988  8.134  35.255 0.0000000000
100730  48.165  7.966  34.188 0.0000000000
98925  45.056  5.310  40.594 0.0000000000
98951  45.191  4.920  39.124 0.0000000000
98155  45.228  4.813  38.673 0.0000000000
98169  45.299  4.695  38.035 0.0000000000
95879  45.570  1.936  26.820 0.0000000000
95888  45.357  1.744  25.949 0.0000000000
95889  44.243  1.839  25.674 0.0000000000
95890  43.419  1.571  25.985 0.0000000000
95042  43.232  1.125  26.201 0.0000000000
94181  42.604  -0.499  28.752 0.0000000000
93304  42.320  -1.034  29.493 0.0000000000
94169  42.947  -0.946  29.467 0.0000000000
94168  43.399  -1.134  29.663 0.0000000000
95744  39.217  0.868  47.542 0.0000000000
95749  39.560  1.414  46.564 0.0000000000
95750  38.525  1.027  46.600 0.0000000000
103066  50.752  10.585  43.100 0.0000000000
102320  51.473  10.430  42.771 0.0000000000
102336  52.698  10.059  41.477 0.0000000000
94104  41.904  -0.304  35.361 0.0000000000
94952  41.833  0.562  34.675 0.0000000000
94114  42.100  -0.166  34.451 0.0000000000
93256  42.949  -0.657  33.725 0.0000000000
93268  43.744  -0.556  32.841 0.0000000000
94165  48.066  1.162  30.068 0.0000000000
95003  47.039  1.299  29.304 0.0000000000
94176  47.763  0.523  28.627 0.0000000000
96533  48.753  2.667  46.937 0.0000000000
96564  46.305  1.863  44.509 0.0000000000
96567  46.287  1.998  43.825 0.0000000000
97389  46.024  2.919  43.570 0.0000000000
98129  45.616  4.008  43.588 0.0000000000
98130  44.625  4.063  43.484 0.0000000000
98131  43.623  4.186  43.252 0.0000000000
98134  43.208  4.576  42.705 0.0000000000
94050  40.610  -0.297  40.437 0.0000000000
94048  40.374  0.272  41.200 0.0000000000
94908  40.568  0.656  40.519 0.0000000000
95786  40.473  1.291  40.757 0.0000000000
96580  40.557  2.100  40.669 0.0000000000
97400  40.804  3.024  40.954 0.0000000000
96583  40.836  2.177  39.683 0.0000000000
96589  41.055  2.194  38.783 0.0000000000
95808  41.263  1.452  37.796 0.0000000000
94930  41.368  1.110  38.354 0.0000000000
93180  45.108  -1.280  38.180 0.0000000000
102340  46.781  9.356  41.597 0.0000000000
101540  46.058  8.645  41.231 0.0000000000
101541  44.874  8.511  41.432 0.0000000000
101527  44.674  9.033  41.896 0.0000000000
100646  43.098  7.480  39.099 0.0000000000
100683  42.770  7.215  37.172 0.0000000000
99790  42.812  7.105  36.697 0.0000000000
99852  44.420  7.281  33.630 0.0000000000
99853  43.596  7.209  33.689 0.0000000000
100769  39.745  7.853  31.886 0.0000000000
98118  51.491  4.255  45.963 0.0000000000
98120  51.986  4.810  45.638 0.0000000000
98899  50.852  5.003  44.497 0.0000000000
99757  48.083  6.183  39.555 0.0000000000
99742  48.853  6.598  40.204 0.0000000000
99756  49.154  6.484  39.207 0.0000000000
99755  50.498  6.752  38.864 0.0000000000
99803  49.861  6.196  36.098 0.0000000000
97455  43.466  3.500  34.874 0.0000000000
97464  42.844  2.956  33.384 0.0000000000
97463  43.356  3.605  33.498 0.0000000000
97470  43.307  3.945  32.767 0.0000000000
99030  43.612  5.366  29.765 0.0000000000
99020  47.484  6.524  29.564 0.0000000000
99019  48.493  6.787  29.722 0.0000000000
99875  47.983  7.570  29.543 0.0000000000
99877  46.838  7.206  28.082 0.0000000000
99884  45.800  7.445  27.843 0.0000000000
99891  45.057  7.706  27.156 0.0000000000
97487  41.405  3.581  28.359 0.0000000000
97488  40.987  3.564  29.273 0.0000000000
97482  40.726  3.404  29.958 0.0000000000
101514  52.447  8.106  44.893 0.0000000000
99795  39.018  7.196  37.756 0.0000000000
95753  45.393  1.626  44.747 0.0000000000
93155  40.453  -1.482  42.539 0.0000000000
93160  40.516  -1.747  42.020 0.0000000000
93163  40.580  -1.449  40.980 0.0000000000
93166  40.848  -1.373  40.112 0.0000000000
94053  41.787  -0.533  39.288 0.0000000000
94064  42.267  -0.112  38.713 0.0000000000
103093  48.513  10.749  41.807 0.0000000000
102360  48.204  9.589  40.799 0.0000000000
101575  49.289  9.338  38.970 0.0000000000
101564  48.225  9.297  40.115 0.0000000000
101565  47.027  8.471  39.993 0.0000000000
100642  46.540  8.355  39.274 0.0000000000
100662  45.757  8.071  38.354 0.0000000000
100681  44.711  7.560  37.140 0.0000000000
100680  45.760  7.898  37.316 0.0000000000
99820  44.989  7.240  34.809 0.0000000000
100714  46.923  7.953  35.140 0.0000000000
99837  44.685  7.212  34.341 0.0000000000
100777  43.690  8.248  30.395 0.0000000000
99721  47.893  5.886  43.189 0.0000000000
99720  49.288  6.241  43.296 0.0000000000
99732  47.567  6.484  41.509 0.0000000000
99758  47.118  5.971  39.934 0.0000000000
98948  47.584  5.621  38.000 0.0000000000
98970  47.103  5.196  36.550 0.0000000000
95007  43.103  1.662  30.501 0.0000000000
97480  43.004  3.755  29.115 0.0000000000
98240  43.020  4.700  28.000 0.0000000000
99044  43.322  5.796  26.879 0.0000000000
98250  42.506  4.261  25.962 0.0000000000
97492  42.089  3.525  26.703 0.0000000000
95882  42.316  1.851  27.514 0.0000000000
96655  41.840  2.669  27.759 0.0000000000
95872  41.534  1.796  28.586 0.0000000000
95021  41.340  0.595  29.252 0.0000000000
93294  41.067  -0.901  29.998 0.0000000000
93279  41.895  -1.802  30.759 0.0000000000
93278  42.415  -2.030  30.817 0.0000000000
92431  42.264  -2.540  31.205 0.0000000000
95741  42.480  1.320  48.223 0.0000000000
96540  42.224  1.676  47.661 0.0000000000
95759  40.039  1.441  45.575 0.0000000000
94887  40.120  0.241  44.251 0.0000000000
94038  40.034  -1.067  43.301 0.0000000000
103073  49.737  11.246  42.433 0.0000000000
103111  50.591  10.925  40.738 0.0000000000
103072  50.889  10.887  42.362 0.0000000000
103110  51.446  10.941  40.719 0.0000000000
102364  51.328  10.445  39.075 0.0000000000
102369  51.227  10.070  38.411 0.0000000000
101590  51.507  9.239  36.716 0.0000000000
101597  50.882  8.863  35.890 0.0000000000
98172  42.638  3.728  37.276 0.0000000000
98171  43.494  4.126  37.492 0.0000000000
97437  42.456  3.341  36.603 0.0000000000
97447  42.496  2.839  35.521 0.0000000000
94951  42.149  1.048  34.255 0.0000000000
95829  42.479  1.498  34.085 0.0000000000
96631  42.758  2.223  33.779 0.0000000000
93253  45.333  -1.396  33.575 0.0000000000
93266  45.185  -0.881  32.512 0.0000000000
93267  44.201  -0.744  32.750 0.0000000000
94140  45.310  -0.419  31.808 0.0000000000
94142  43.865  -0.179  32.272 0.0000000000
94990  43.809  0.585  31.267 0.0000000000
94991  42.922  1.199  31.171 0.0000000000
95019  45.076  1.660  28.674 0.0000000000
95868  45.977  1.620  27.547 0.0000000000
95027  46.276  0.924  27.236 0.0000000000
94187  45.690  0.292  27.610 0.0000000000
94179  44.976  -0.356  28.490 0.0000000000
93302  45.161  -0.754  29.301 0.0000000000
97377  50.935  3.698  46.275 0.0000000000
97381  50.813  3.769  45.662 0.0000000000
98122  50.122  4.068  44.614 0.0000000000
98123  49.082  4.012  44.296 0.0000000000
96525  48.590  2.620  48.053 0.0000000000
96553  48.111  2.341  45.098 0.0000000000
96552  48.824  2.766  45.033 0.0000000000
97384  48.462  3.184  44.286 0.0000000000
98124  48.350  3.746  43.997 0.0000000000
98126  48.533  4.348  43.967 0.0000000000
98906  47.259  5.040  43.672 0.0000000000
99723  46.229  5.541  43.148 0.0000000000
99729  45.657  5.755  42.209 0.0000000000
98908  45.301  4.885  43.333 0.0000000000
98913  45.268  5.490  42.673 0.0000000000
98919  45.327  5.635  41.642 0.0000000000
98926  44.244  5.004  40.552 0.0000000000
98146  43.635  4.575  39.654 0.0000000000
98147  42.791  4.261  39.245 0.0000000000
96559  42.432  1.978  46.326 0.0000000000
95756  43.078  1.401  45.026 0.0000000000
95767  42.725  0.838  44.600 0.0000000000
95766  43.499  0.858  44.548 0.0000000000
94883  43.912  0.608  44.205 0.0000000000
95775  43.759  1.009  43.535 0.0000000000
96570  43.433  1.933  43.246 0.0000000000
94043  41.151  -0.257  42.627 0.0000000000
94901  41.464  0.173  42.760 0.0000000000
94903  40.440  0.718  42.023 0.0000000000
95777  41.994  0.949  42.912 0.0000000000
96571  42.549  1.925  42.973 0.0000000000
97392  42.937  3.128  43.198 0.0000000000
97395  42.343  3.632  42.787 0.0000000000
98135  42.508  4.394  42.234 0.0000000000
97399  41.338  3.629  41.342 0.0000000000
98139  41.871  4.219  40.819 0.0000000000
98138  42.464  4.582  41.258 0.0000000000
98142  42.770  4.525  40.299 0.0000000000
98158  42.744  4.079  38.217 0.0000000000
98173  42.089  3.504  37.450 0.0000000000
95815  41.412  1.339  36.439 0.0000000000
95816  41.290  1.613  37.162 0.0000000000
94944  41.522  0.444  35.859 0.0000000000
93227  43.163  -1.170  35.054 0.0000000000
93226  43.901  -1.394  35.212 0.0000000000
94063  43.004  -0.357  38.063 0.0000000000
93200  44.133  -0.867  37.147 0.0000000000
94077  43.404  -0.796  36.687 0.0000000000
93212  43.971  -1.134  36.149 0.0000000000
93225  44.732  -1.480  35.467 0.0000000000
95734  43.365  0.669  49.150 0.0000000000
95735  41.988  0.769  48.791 0.0000000000
95736  40.894  0.692  48.432 0.0000000000
94857  40.698  -0.338  49.910 0.0000000000
94865  40.347  0.069  49.066 0.0000000000
95738  39.391  0.523  48.165 0.0000000000
94870  39.069  0.430  48.137 0.0000000000
94018  37.747  -0.443  48.336 0.0000000000
102326  43.490  9.763  41.932 0.0000000000
101542  43.905  8.619  41.598 0.0000000000
102342  43.424  9.175  41.813 0.0000000000
102343  42.774  9.444  41.723 0.0000000000
100648  40.793  7.319  39.551 0.0000000000
99759  40.870  7.118  38.805 0.0000000000
100666  41.877  7.122  38.225 0.0000000000
99793  40.515  6.817  37.391 0.0000000000
99808  40.692  6.801  36.481 0.0000000000
99826  40.174  7.262  35.778 0.0000000000
99805  43.233  7.001  36.068 0.0000000000
99823  42.684  6.839  35.309 0.0000000000
99839  42.975  7.012  34.362 0.0000000000
99840  42.212  6.995  34.641 0.0000000000
99824  41.751  6.876  35.307 0.0000000000
100735  40.036  8.616  33.837 0.0000000000
101617  38.930  9.046  33.576 0.0000000000
101625  38.877  8.821  32.776 0.0000000000
98895  52.683  5.406  45.793 0.0000000000
100566  52.593  7.398  45.574 0.0000000000
101513  53.015  7.747  44.764 0.0000000000
101523  53.214  8.072  43.650 0.0000000000
100580  50.249  6.442  43.209 0.0000000000
100579  51.094  6.564  43.093 0.0000000000
100618  49.664  6.920  40.898 0.0000000000
100593  50.524  7.080  41.608 0.0000000000
100584  51.476  7.008  42.329 0.0000000000
100578  52.256  6.844  43.082 0.0000000000
100583  52.813  7.651  42.388 0.0000000000
101524  53.078  8.641  43.072 0.0000000000
100639  52.820  8.377  38.734 0.0000000000
99754  51.368  7.214  38.146 0.0000000000
100660  52.246  8.076  37.918 0.0000000000
100659  53.021  8.860  38.136 0.0000000000
100693  51.493  8.299  35.937 0.0000000000
100710  50.953  8.212  35.205 0.0000000000
98184  44.186  4.248  36.621 0.0000000000
98183  45.460  4.644  36.578 0.0000000000
98197  44.631  4.315  35.618 0.0000000000
98971  46.422  4.936  36.898 0.0000000000
98182  46.440  4.967  36.175 0.0000000000
98980  47.104  5.270  35.541 0.0000000000
98223  43.286  4.070  32.389 0.0000000000
98222  43.877  4.545  32.624 0.0000000000
99013  44.500  5.056  32.413 0.0000000000
98990  46.252  5.064  34.111 0.0000000000
98969  47.985  5.488  36.043 0.0000000000
98978  49.208  6.045  34.334 0.0000000000
99835  49.848  6.741  34.049 0.0000000000
99834  50.021  7.322  34.231 0.0000000000
100744  49.639  7.622  34.060 0.0000000000
100745  49.309  7.671  33.434 0.0000000000
100762  47.505  7.787  31.670 0.0000000000
100785  47.325  8.071  29.480 0.0000000000
100774  47.753  8.043  30.352 0.0000000000
100776  45.035  8.042  30.373 0.0000000000
99043  44.000  6.643  26.745 0.0000000000
99893  43.309  6.795  26.345 0.0000000000
100809  43.477  7.637  26.912 0.0000000000
99045  41.424  5.469  27.292 0.0000000000
100811  42.122  7.025  26.735 0.0000000000
100800  42.596  7.536  27.871 0.0000000000
100789  42.510  8.057  29.138 0.0000000000
100780  40.981  7.320  30.254 0.0000000000
98230  40.073  4.720  31.072 0.0000000000
97477  40.347  3.594  30.933 0.0000000000
92444  44.597  -2.499  30.342 0.0000000000
91563  40.948  -2.874  32.396 0.0000000000
93255  43.496  -0.830  33.410 0.0000000000
93276  45.965  -0.656  31.953 0.0000000000
94016  38.970  -0.130  48.749 0.0000000000
94051  40.380  0.185  40.893 0.0000000000
94113  42.579  -0.483  34.047 0.0000000000
94141  44.670  -0.427  32.030 0.0000000000
94156  45.183  0.053  31.393 0.0000000000
94867  38.815  0.093  48.398 0.0000000000
94868  38.341  -0.038  48.162 0.0000000000
94871  38.601  0.421  47.767 0.0000000000
94882  44.176  0.780  44.247 0.0000000000
94893  43.885  0.546  43.906 0.0000000000
94906  40.387  0.564  41.516 0.0000000000
94909  40.347  0.706  41.002 0.0000000000
94960  42.130  0.260  34.161 0.0000000000
95008  41.395  1.273  29.157 0.0000000000
95030  43.264  0.679  26.661 0.0000000000
95039  45.412  1.231  25.929 0.0000000000
95773  45.426  1.627  43.856 0.0000000000
95781  40.385  1.253  41.716 0.0000000000
95830  42.021  1.416  34.681 0.0000000000
95858  44.001  1.862  28.924 0.0000000000
95860  41.249  1.734  29.483 0.0000000000
95867  46.300  1.401  27.443 0.0000000000
95878  46.023  1.424  26.779 0.0000000000
96542  49.703  2.913  46.249 0.0000000000
96550  42.226  1.915  47.114 0.0000000000
96561  48.664  2.938  44.654 0.0000000000
96562  48.194  2.613  44.518 0.0000000000
96575  40.474  1.822  41.861 0.0000000000
96581  40.417  1.607  40.996 0.0000000000
96602  41.393  2.542  37.384 0.0000000000
96613  41.227  1.911  37.411 0.0000000000
96619  42.251  2.422  35.332 0.0000000000
97374  50.269  3.188  46.487 0.0000000000
97423  42.178  3.431  37.183 0.0000000000
97425  41.319  2.718  37.818 0.0000000000
97436  42.934  3.580  36.480 0.0000000000
97496  42.487  3.960  25.950 0.0000000000
97497  42.386  3.823  26.111 0.0000000000
98159  42.040  3.681  37.939 0.0000000000
98186  42.839  3.630  36.740 0.0000000000
98204  46.244  5.009  34.487 0.0000000000
98213  45.517  4.931  33.648 0.0000000000
98221  44.574  4.941  32.812 0.0000000000
98234  43.642  5.249  30.240 0.0000000000
98251  42.195  4.075  26.131 0.0000000000
98901  49.088  4.752  44.051 0.0000000000
98927  43.603  4.771  40.419 0.0000000000
98928  43.192  4.684  40.458 0.0000000000
98938  44.721  4.935  39.765 0.0000000000
98939  44.101  4.788  39.997 0.0000000000
98998  49.476  6.779  32.187 0.0000000000
99008  49.467  6.941  31.724 0.0000000000
99711  52.884  6.923  45.847 0.0000000000
99715  50.817  5.546  44.163 0.0000000000
99722  46.803  5.655  43.162 0.0000000000
99725  49.252  6.698  42.726 0.0000000000
99728  46.162  5.821  42.562 0.0000000000
99733  46.535  6.104  41.616 0.0000000000
99817  50.649  7.615  34.820 0.0000000000
99819  49.935  6.390  35.043 0.0000000000
99833  50.366  7.712  34.612 0.0000000000
99836  45.388  7.367  34.223 0.0000000000
99851  45.226  7.381  33.609 0.0000000000
99860  49.559  7.039  32.061 0.0000000000
99864  39.619  7.170  32.029 0.0000000000
99869  48.977  7.371  29.886 0.0000000000
99870  48.175  7.122  29.415 0.0000000000
99876  47.400  7.436  28.813 0.0000000000
99878  41.149  6.396  29.018 0.0000000000
99892  44.447  7.289  26.648 0.0000000000
99899  42.788  6.004  26.062 0.0000000000
100565  53.069  7.254  45.196 0.0000000000
100567  51.796  7.661  45.743 0.0000000000
100575  52.938  7.576  45.045 0.0000000000
100582  53.218  7.899  43.165 0.0000000000
100661  46.503  8.296  38.508 0.0000000000
100677  52.708  8.863  37.485 0.0000000000
100694  48.466  8.440  35.758 0.0000000000
100695  48.070  8.331  35.882 0.0000000000
100699  43.800  7.169  36.209 0.0000000000
100711  50.407  8.272  35.012 0.0000000000
100712  48.653  8.393  35.398 0.0000000000
100716  44.896  7.244  35.247 0.0000000000
100727  50.574  7.978  34.791 0.0000000000
100728  49.998  8.034  34.584 0.0000000000
100729  49.107  8.169  34.528 0.0000000000
100761  48.600  7.564  31.765 0.0000000000
100801  41.896  7.168  27.335 0.0000000000
100808  44.345  7.867  27.180 0.0000000000
100810  42.540  7.221  26.782 0.0000000000
101520  53.133  7.874  44.304 0.0000000000
101525  45.838  9.014  41.723 0.0000000000
101538  47.881  9.455  40.855 0.0000000000
101562  50.072  10.036  39.480 0.0000000000
101566  46.185  8.391  40.312 0.0000000000
101601  47.267  8.331  36.596 0.0000000000
101605  49.679  8.500  35.250 0.0000000000
101615  49.217  8.391  35.066 0.0000000000
102306  52.045  8.766  44.335 0.0000000000
102316  51.231  9.958  43.474 0.0000000000
102341  46.288  9.131  41.647 0.0000000000
102365  50.619  10.138  39.098 0.0000000000
102368  51.973  10.251  38.309 0.0000000000
103090  51.749  10.771  41.391 0.0000000000
103092  49.652  11.036  41.473 0.0000000000
103112  50.041  10.841  40.797 0.0000000000
