#!ascii label  , from subject 3369 vox2ras=TkReg
1399
48119  -40.107  -38.260  30.264 0.0000000000
32532  -35.612  -51.259  31.025 0.0000000000
39789  -49.710  -46.271  19.117 0.0000000000
49499  -40.622  -37.403  18.509 0.0000000000
49437  -46.553  -37.831  22.767 0.0000000000
40724  -43.051  -44.635  31.112 0.0000000000
33785  -42.764  -50.835  24.756 0.0000000000
43246  -37.734  -42.374  22.641 0.0000000000
34849  -25.867  -49.472  34.201 0.0000000000
52617  -49.260  -34.662  20.364 0.0000000000
36288  -32.853  -48.705  23.502 0.0000000000
49415  -40.671  -37.823  23.539 0.0000000000
49470  -44.225  -36.952  20.429 0.0000000000
50497  -42.646  -36.576  27.445 0.0000000000
44329  -43.247  -41.097  31.216 0.0000000000
41984  -43.371  -43.999  25.665 0.0000000000
45611  -41.222  -40.994  24.836 0.0000000000
46974  -39.198  -39.764  21.449 0.0000000000
52620  -53.233  -34.703  21.118 0.0000000000
33683  -30.382  -51.211  32.464 0.0000000000
36218  -28.622  -48.718  27.477 0.0000000000
36223  -34.213  -47.987  27.689 0.0000000000
43287  -49.306  -42.702  20.041 0.0000000000
36149  -39.289  -48.554  31.751 0.0000000000
37470  -39.749  -47.107  27.836 0.0000000000
36227  -45.146  -48.443  27.435 0.0000000000
37567  -39.612  -47.051  23.246 0.0000000000
37297  -21.575  -47.717  37.029 0.0000000000
49351  -48.119  -37.781  27.508 0.0000000000
45632  -51.742  -40.629  24.928 0.0000000000
52590  -46.494  -34.546  22.663 0.0000000000
43275  -53.233  -42.375  20.859 0.0000000000
43345  -54.260  -42.081  16.939 0.0000000000
37431  -23.759  -47.499  29.528 0.0000000000
34986  -38.034  -49.452  25.038 0.0000000000
48158  -40.030  -38.181  26.950 0.0000000000
49360  -41.427  -37.174  26.088 0.0000000000
50482  -40.744  -36.449  29.168 0.0000000000
46827  -41.273  -39.836  31.485 0.0000000000
44386  -41.444  -41.840  28.788 0.0000000000
45571  -39.978  -40.345  27.950 0.0000000000
46913  -40.677  -39.659  23.976 0.0000000000
42112  -48.324  -43.772  17.279 0.0000000000
42115  -50.749  -44.017  17.564 0.0000000000
33703  -33.381  -51.235  31.403 0.0000000000
34936  -32.438  -49.891  29.911 0.0000000000
34939  -34.901  -49.871  29.538 0.0000000000
48303  -42.397  -37.868  17.375 0.0000000000
49456  -45.376  -36.943  21.669 0.0000000000
48290  -45.725  -38.596  18.366 0.0000000000
47012  -47.438  -39.235  19.353 0.0000000000
43303  -47.193  -42.381  18.848 0.0000000000
46998  -48.258  -39.421  20.701 0.0000000000
38574  -41.068  -46.696  31.067 0.0000000000
36183  -42.626  -48.537  29.803 0.0000000000
38595  -44.281  -46.829  29.655 0.0000000000
42005  -41.300  -43.399  24.319 0.0000000000
39700  -42.164  -45.486  25.089 0.0000000000
40819  -38.652  -44.863  23.785 0.0000000000
48274  -39.602  -37.994  19.753 0.0000000000
46880  -49.948  -39.077  26.487 0.0000000000
49438  -49.870  -37.817  22.681 0.0000000000
49474  -49.905  -37.981  20.513 0.0000000000
44511  -53.488  -42.085  18.852 0.0000000000
48292  -50.701  -38.484  18.718 0.0000000000
49526  -53.993  -37.724  17.203 0.0000000000
36049  -23.505  -48.229  36.421 0.0000000000
37347  -23.075  -47.735  33.177 0.0000000000
36142  -24.563  -48.225  31.677 0.0000000000
37510  -31.156  -47.628  25.477 0.0000000000
37507  -28.208  -47.917  25.171 0.0000000000
36286  -30.651  -48.349  22.910 0.0000000000
37520  -41.149  -47.878  25.854 0.0000000000
38636  -38.664  -46.971  25.887 0.0000000000
33773  -40.747  -50.690  25.423 0.0000000000
48225  -40.907  -37.926  21.443 0.0000000000
49485  -42.333  -37.391  19.523 0.0000000000
50580  -42.249  -36.618  22.178 0.0000000000
50562  -43.573  -36.173  23.651 0.0000000000
50526  -44.361  -36.760  25.640 0.0000000000
41888  -44.626  -42.949  31.464 0.0000000000
40743  -44.999  -44.886  29.175 0.0000000000
43164  -43.617  -42.891  28.845 0.0000000000
43193  -42.503  -43.002  25.366 0.0000000000
43226  -41.035  -42.176  23.157 0.0000000000
44478  -37.981  -41.218  22.126 0.0000000000
45662  -40.704  -40.738  22.653 0.0000000000
48224  -40.639  -38.571  22.123 0.0000000000
53638  -50.919  -33.885  21.125 0.0000000000
57074  -52.963  -30.171  22.629 0.0000000000
33664  -27.806  -50.899  33.768 0.0000000000
34917  -27.520  -49.576  30.354 0.0000000000
34933  -29.327  -49.707  29.909 0.0000000000
36220  -30.950  -48.568  27.399 0.0000000000
37512  -33.297  -47.044  25.246 0.0000000000
48321  -43.868  -38.886  16.861 0.0000000000
39759  -46.001  -46.291  19.626 0.0000000000
39737  -48.410  -46.490  20.772 0.0000000000
33707  -38.016  -50.541  31.652 0.0000000000
36178  -37.512  -49.273  29.358 0.0000000000
36181  -40.503  -49.105  29.588 0.0000000000
37450  -42.391  -47.769  28.229 0.0000000000
34979  -43.675  -49.183  25.969 0.0000000000
38626  -45.182  -46.435  26.728 0.0000000000
37550  -43.498  -47.607  25.084 0.0000000000
36293  -41.819  -48.810  23.450 0.0000000000
51470  -39.987  -35.318  32.135 0.0000000000
33685  -35.991  -50.825  32.654 0.0000000000
38550  -37.775  -46.537  31.420 0.0000000000
41883  -39.244  -43.777  31.570 0.0000000000
52471  -41.532  -34.614  30.720 0.0000000000
51508  -44.560  -35.782  29.444 0.0000000000
49348  -45.556  -37.124  27.579 0.0000000000
50475  -47.522  -36.358  29.821 0.0000000000
48176  -47.069  -38.439  25.051 0.0000000000
46934  -48.753  -39.969  23.731 0.0000000000
43265  -50.641  -42.614  22.365 0.0000000000
39725  -51.381  -45.206  21.832 0.0000000000
50567  -49.430  -37.087  24.169 0.0000000000
44464  -52.557  -41.565  22.826 0.0000000000
39766  -52.512  -46.237  19.872 0.0000000000
39808  -53.536  -45.285  17.965 0.0000000000
49525  -52.356  -38.097  17.614 0.0000000000
36099  -20.871  -48.495  33.945 0.0000000000
37502  -22.885  -47.334  25.379 0.0000000000
36215  -25.901  -48.350  27.858 0.0000000000
37534  -25.613  -47.539  24.606 0.0000000000
37444  -36.368  -47.714  28.291 0.0000000000
38633  -36.045  -46.912  25.718 0.0000000000
36274  -35.537  -48.378  24.158 0.0000000000
32566  -36.975  -51.307  25.430 0.0000000000
48143  -39.912  -38.218  27.967 0.0000000000
49345  -40.523  -37.441  27.469 0.0000000000
49322  -40.270  -37.097  29.732 0.0000000000
46826  -40.541  -39.432  30.848 0.0000000000
45554  -40.529  -40.444  29.388 0.0000000000
46853  -39.819  -39.286  28.580 0.0000000000
46865  -39.641  -39.390  27.254 0.0000000000
39788  -48.376  -46.456  18.891 0.0000000000
40911  -48.967  -44.998  17.970 0.0000000000
42114  -49.784  -43.961  17.606 0.0000000000
40912  -50.035  -44.653  18.195 0.0000000000
32530  -34.357  -51.471  31.384 0.0000000000
33737  -33.618  -50.356  30.225 0.0000000000
33739  -35.493  -50.441  30.070 0.0000000000
49520  -40.399  -37.373  17.659 0.0000000000
49521  -41.255  -37.485  17.656 0.0000000000
49457  -46.315  -37.597  21.915 0.0000000000
48278  -46.558  -38.411  19.681 0.0000000000
48261  -46.831  -38.210  21.141 0.0000000000
46997  -47.837  -39.121  20.028 0.0000000000
48247  -47.551  -38.628  21.654 0.0000000000
40723  -41.962  -44.762  30.642 0.0000000000
38576  -42.929  -46.798  30.495 0.0000000000
39643  -43.296  -45.675  30.447 0.0000000000
42021  -39.590  -43.174  23.732 0.0000000000
42003  -39.346  -43.967  24.156 0.0000000000
42020  -38.577  -43.814  23.731 0.0000000000
40828  -37.026  -44.509  22.364 0.0000000000
48275  -40.184  -37.842  19.724 0.0000000000
49481  -39.320  -37.640  19.175 0.0000000000
49498  -39.770  -37.376  18.466 0.0000000000
51620  -48.426  -35.383  20.683 0.0000000000
51621  -49.219  -35.620  20.279 0.0000000000
48280  -50.373  -38.341  19.464 0.0000000000
51631  -49.935  -35.862  19.927 0.0000000000
36085  -25.155  -48.912  34.896 0.0000000000
36101  -24.148  -48.424  33.613 0.0000000000
36102  -25.063  -48.690  33.627 0.0000000000
37540  -31.711  -47.412  24.371 0.0000000000
37562  -30.169  -47.771  23.494 0.0000000000
36287  -31.675  -48.780  23.040 0.0000000000
35009  -31.577  -49.933  23.200 0.0000000000
35010  -32.475  -49.676  23.412 0.0000000000
34990  -42.531  -49.751  25.319 0.0000000000
36262  -40.717  -48.686  25.493 0.0000000000
33774  -41.872  -50.828  25.321 0.0000000000
49433  -40.760  -37.987  22.693 0.0000000000
49454  -41.988  -37.222  21.211 0.0000000000
49416  -41.216  -37.341  22.927 0.0000000000
49347  -42.159  -36.844  26.621 0.0000000000
50524  -42.326  -36.589  24.877 0.0000000000
50525  -43.142  -36.593  25.499 0.0000000000
50542  -43.898  -36.404  24.688 0.0000000000
50511  -44.062  -36.688  26.539 0.0000000000
44331  -44.428  -41.957  31.072 0.0000000000
43151  -44.596  -42.969  30.192 0.0000000000
44369  -43.394  -42.028  30.080 0.0000000000
44408  -41.121  -41.756  26.775 0.0000000000
43172  -41.838  -42.363  27.098 0.0000000000
43192  -41.820  -42.359  25.401 0.0000000000
43205  -41.829  -42.608  24.446 0.0000000000
44443  -41.594  -41.589  23.783 0.0000000000
44460  -41.030  -41.477  22.891 0.0000000000
45646  -41.307  -40.834  23.385 0.0000000000
48191  -40.376  -38.469  24.444 0.0000000000
48207  -40.609  -38.937  23.191 0.0000000000
33682  -29.300  -50.947  32.554 0.0000000000
33699  -28.907  -50.186  31.514 0.0000000000
33700  -30.018  -50.604  31.627 0.0000000000
34959  -33.116  -49.555  29.008 0.0000000000
34958  -31.953  -49.378  28.989 0.0000000000
36222  -33.043  -48.015  27.329 0.0000000000
36242  -32.312  -48.083  26.834 0.0000000000
37463  -33.331  -47.522  26.676 0.0000000000
49469  -43.377  -37.019  20.203 0.0000000000
48288  -43.714  -37.734  18.516 0.0000000000
48289  -44.468  -37.928  18.642 0.0000000000
45746  -45.529  -40.689  17.383 0.0000000000
45745  -44.793  -40.447  16.948 0.0000000000
44539  -44.728  -41.594  17.396 0.0000000000
44506  -47.828  -42.380  19.177 0.0000000000
43284  -46.701  -43.719  19.257 0.0000000000
42074  -48.051  -44.295  19.942 0.0000000000
39761  -47.632  -46.574  20.606 0.0000000000
42060  -48.780  -44.289  20.163 0.0000000000
34905  -39.575  -49.655  31.662 0.0000000000
34924  -39.422  -50.134  30.702 0.0000000000
34925  -40.269  -49.718  30.838 0.0000000000
36184  -43.346  -48.057  29.251 0.0000000000
36207  -42.891  -48.141  28.801 0.0000000000
37452  -43.592  -48.021  27.879 0.0000000000
37494  -43.295  -47.976  26.908 0.0000000000
36245  -44.580  -48.962  26.350 0.0000000000
40775  -44.287  -44.331  27.304 0.0000000000
39690  -44.826  -45.490  27.343 0.0000000000
39696  -43.943  -45.153  26.284 0.0000000000
38647  -40.808  -46.222  24.532 0.0000000000
38649  -42.800  -46.659  25.103 0.0000000000
37548  -41.224  -47.019  24.293 0.0000000000
37570  -42.266  -48.317  24.019 0.0000000000
45683  -38.673  -40.502  21.774 0.0000000000
40701  -38.520  -44.738  31.377 0.0000000000
44309  -42.476  -41.774  33.134 0.0000000000
52456  -40.660  -34.598  31.359 0.0000000000
52459  -44.131  -34.328  31.615 0.0000000000
51481  -44.839  -35.066  31.010 0.0000000000
50486  -44.756  -36.300  28.541 0.0000000000
51510  -46.116  -36.172  29.801 0.0000000000
50489  -47.715  -36.853  29.022 0.0000000000
49350  -47.122  -37.489  27.633 0.0000000000
49365  -47.917  -38.089  26.893 0.0000000000
46933  -48.031  -39.347  24.221 0.0000000000
48178  -48.428  -38.919  25.834 0.0000000000
46899  -50.872  -39.985  25.913 0.0000000000
44427  -50.150  -41.329  24.031 0.0000000000
43251  -50.803  -42.631  23.147 0.0000000000
42049  -51.058  -43.586  22.380 0.0000000000
42040  -51.547  -43.149  23.011 0.0000000000
51585  -47.420  -35.757  23.711 0.0000000000
46978  -51.639  -40.175  21.773 0.0000000000
46955  -51.434  -39.368  23.023 0.0000000000
43266  -52.846  -42.636  21.530 0.0000000000
42051  -52.424  -43.534  21.845 0.0000000000
40869  -52.953  -44.145  20.205 0.0000000000
39792  -52.905  -45.625  18.740 0.0000000000
40870  -53.338  -44.697  19.779 0.0000000000
44529  -53.602  -42.031  17.945 0.0000000000
40894  -54.752  -44.211  17.916 0.0000000000
42118  -55.652  -43.833  17.020 0.0000000000
52608  -52.332  -34.008  21.415 0.0000000000
51633  -52.154  -35.915  19.660 0.0000000000
51623  -52.643  -35.260  20.526 0.0000000000
37385  -23.662  -47.710  31.319 0.0000000000
37384  -22.583  -47.552  31.397 0.0000000000
37430  -22.673  -47.381  29.320 0.0000000000
37440  -22.531  -47.350  28.179 0.0000000000
37460  -23.380  -47.308  27.393 0.0000000000
34954  -27.964  -49.181  28.698 0.0000000000
34952  -26.719  -48.991  28.986 0.0000000000
36217  -27.680  -48.641  27.406 0.0000000000
37535  -26.726  -47.663  24.499 0.0000000000
33827  -27.480  -49.958  21.831 0.0000000000
36203  -38.943  -48.363  29.055 0.0000000000
36201  -36.788  -48.533  28.864 0.0000000000
37468  -37.918  -47.119  27.841 0.0000000000
36260  -38.464  -48.444  25.076 0.0000000000
38635  -37.770  -46.836  25.731 0.0000000000
37545  -36.971  -47.810  24.812 0.0000000000
37544  -36.095  -47.674  24.627 0.0000000000
35001  -37.224  -49.264  24.806 0.0000000000
32565  -35.805  -51.399  25.170 0.0000000000
48175  -39.996  -38.517  25.824 0.0000000000
49399  -40.704  -37.450  24.419 0.0000000000
49359  -40.604  -37.580  26.466 0.0000000000
49346  -41.467  -37.026  27.118 0.0000000000
50496  -41.832  -36.522  27.826 0.0000000000
45542  -42.521  -40.900  30.995 0.0000000000
44368  -42.596  -41.886  29.955 0.0000000000
45555  -41.106  -41.103  29.875 0.0000000000
44385  -40.746  -41.199  28.444 0.0000000000
44417  -40.624  -40.916  25.937 0.0000000000
45628  -40.910  -40.387  24.472 0.0000000000
46878  -40.003  -39.998  25.724 0.0000000000
48174  -39.643  -39.109  26.143 0.0000000000
43344  -51.011  -43.076  16.539 0.0000000000
33701  -31.219  -51.011  31.865 0.0000000000
33718  -30.713  -50.210  30.739 0.0000000000
33720  -32.893  -50.546  30.711 0.0000000000
34937  -33.219  -50.031  29.741 0.0000000000
34960  -34.244  -49.337  28.941 0.0000000000
49455  -44.612  -36.781  21.125 0.0000000000
48276  -44.704  -37.659  19.327 0.0000000000
49489  -45.620  -37.664  20.023 0.0000000000
48291  -46.445  -38.793  18.724 0.0000000000
45736  -46.656  -40.484  18.042 0.0000000000
44523  -45.780  -42.251  18.461 0.0000000000
45737  -47.393  -40.729  18.486 0.0000000000
44526  -48.196  -41.198  19.074 0.0000000000
45723  -48.934  -40.987  19.879 0.0000000000
38552  -40.396  -47.356  31.289 0.0000000000
36151  -41.091  -48.732  31.338 0.0000000000
37419  -41.575  -47.473  31.263 0.0000000000
37433  -43.156  -47.747  30.032 0.0000000000
37435  -44.500  -47.604  28.939 0.0000000000
40812  -42.615  -44.314  24.954 0.0000000000
39701  -42.875  -45.097  25.275 0.0000000000
40810  -40.824  -44.409  24.592 0.0000000000
39707  -40.416  -45.354  24.545 0.0000000000
39713  -39.038  -45.708  23.861 0.0000000000
38660  -38.579  -46.601  22.716 0.0000000000
39718  -38.001  -45.782  22.782 0.0000000000
48258  -39.245  -38.570  20.300 0.0000000000
48273  -38.484  -38.226  19.602 0.0000000000
50501  -48.868  -36.577  27.938 0.0000000000
48145  -48.874  -38.066  27.241 0.0000000000
49353  -49.433  -37.396  27.121 0.0000000000
49366  -49.930  -37.571  26.450 0.0000000000
48180  -51.295  -39.048  26.039 0.0000000000
52606  -46.584  -34.243  21.775 0.0000000000
51600  -47.269  -35.329  22.456 0.0000000000
50605  -48.066  -35.827  21.398 0.0000000000
48249  -49.949  -38.225  21.630 0.0000000000
44494  -52.262  -41.169  20.743 0.0000000000
44496  -53.419  -42.071  19.607 0.0000000000
44509  -52.270  -41.193  19.659 0.0000000000
45739  -51.718  -40.558  18.655 0.0000000000
45749  -52.235  -40.676  17.558 0.0000000000
52621  -54.354  -34.889  21.163 0.0000000000
51634  -53.413  -35.918  20.073 0.0000000000
50628  -54.373  -36.518  19.770 0.0000000000
37298  -22.383  -47.746  36.906 0.0000000000
36067  -22.320  -47.874  35.418 0.0000000000
36068  -23.294  -48.044  35.154 0.0000000000
36121  -23.654  -47.936  32.715 0.0000000000
37412  -24.587  -48.032  30.414 0.0000000000
36239  -29.850  -48.302  26.544 0.0000000000
36237  -28.142  -48.394  26.666 0.0000000000
37508  -29.079  -47.769  25.191 0.0000000000
37561  -29.221  -47.952  23.530 0.0000000000
36284  -28.919  -48.234  22.774 0.0000000000
35023  -28.569  -49.563  22.057 0.0000000000
35025  -30.474  -49.683  22.759 0.0000000000
37471  -40.670  -47.123  27.416 0.0000000000
38612  -39.326  -46.719  27.307 0.0000000000
37519  -40.142  -47.778  25.652 0.0000000000
36261  -39.633  -48.574  25.323 0.0000000000
34987  -39.080  -49.465  25.299 0.0000000000
49466  -41.014  -37.725  20.013 0.0000000000
49484  -41.546  -37.525  19.446 0.0000000000
49467  -41.534  -37.573  20.253 0.0000000000
49468  -42.426  -37.210  20.436 0.0000000000
50614  -43.387  -36.761  20.832 0.0000000000
50560  -41.725  -36.689  23.131 0.0000000000
50561  -42.555  -36.250  23.324 0.0000000000
50615  -43.967  -36.595  21.131 0.0000000000
50582  -44.319  -36.243  22.960 0.0000000000
50583  -45.041  -36.570  23.290 0.0000000000
50564  -45.355  -36.811  24.041 0.0000000000
41887  -44.001  -43.571  31.523 0.0000000000
40725  -44.004  -44.589  30.433 0.0000000000
41913  -44.595  -43.579  30.618 0.0000000000
41930  -44.562  -43.702  29.256 0.0000000000
41954  -43.734  -43.594  27.156 0.0000000000
43163  -42.867  -42.675  28.493 0.0000000000
43173  -42.797  -42.818  27.399 0.0000000000
41965  -43.117  -43.293  26.104 0.0000000000
43206  -42.431  -43.237  24.947 0.0000000000
42022  -40.622  -42.855  23.698 0.0000000000
43225  -39.939  -42.120  23.242 0.0000000000
44457  -38.575  -41.602  22.490 0.0000000000
43248  -39.589  -41.700  22.797 0.0000000000
44480  -39.526  -41.085  22.352 0.0000000000
45684  -39.660  -40.507  22.119 0.0000000000
46931  -41.042  -40.039  23.264 0.0000000000
46951  -40.724  -39.896  22.613 0.0000000000
46975  -40.090  -39.397  21.763 0.0000000000
46996  -40.061  -38.705  21.177 0.0000000000
48259  -40.274  -38.139  20.423 0.0000000000
54723  -50.489  -33.247  21.100 0.0000000000
54700  -50.767  -32.386  21.302 0.0000000000
54701  -51.889  -32.593  21.790 0.0000000000
54702  -52.975  -32.733  22.018 0.0000000000
54703  -54.092  -32.696  21.744 0.0000000000
54704  -55.162  -32.706  21.706 0.0000000000
34865  -26.874  -50.061  33.506 0.0000000000
34882  -26.740  -49.629  32.234 0.0000000000
34901  -27.683  -49.855  31.553 0.0000000000
34932  -28.270  -49.528  29.625 0.0000000000
34955  -28.948  -49.296  28.801 0.0000000000
34934  -30.379  -49.773  29.874 0.0000000000
34956  -29.908  -49.230  29.074 0.0000000000
36219  -29.759  -48.612  27.428 0.0000000000
36259  -30.915  -48.053  26.144 0.0000000000
37511  -32.226  -47.291  25.248 0.0000000000
37541  -32.799  -47.315  24.335 0.0000000000
49523  -42.667  -37.589  18.057 0.0000000000
48320  -42.799  -38.518  16.766 0.0000000000
48305  -44.774  -38.752  17.450 0.0000000000
38720  -47.983  -47.322  19.665 0.0000000000
38698  -48.491  -47.381  20.211 0.0000000000
33706  -37.062  -50.892  31.398 0.0000000000
33740  -36.453  -50.500  30.008 0.0000000000
33742  -37.951  -50.525  30.336 0.0000000000
34943  -39.124  -49.847  29.920 0.0000000000
36204  -39.953  -48.332  29.076 0.0000000000
36182  -41.557  -49.070  29.805 0.0000000000
36205  -40.986  -48.365  29.076 0.0000000000
37448  -40.362  -47.570  28.472 0.0000000000
37492  -41.487  -47.431  26.597 0.0000000000
36264  -42.720  -48.744  25.730 0.0000000000
35003  -43.113  -49.957  24.810 0.0000000000
39665  -44.801  -45.883  29.346 0.0000000000
38603  -45.404  -46.977  28.003 0.0000000000
37495  -45.661  -47.845  26.641 0.0000000000
38638  -43.182  -46.005  25.425 0.0000000000
37522  -43.970  -46.998  25.555 0.0000000000
36267  -45.127  -48.716  25.945 0.0000000000
36279  -43.874  -48.579  24.961 0.0000000000
36278  -43.047  -48.703  24.526 0.0000000000
44477  -37.109  -41.144  21.570 0.0000000000
48109  -40.246  -38.321  31.316 0.0000000000
50452  -39.897  -36.608  31.200 0.0000000000
36034  -23.352  -48.279  37.553 0.0000000000
34835  -26.468  -50.174  35.956 0.0000000000
33663  -27.219  -50.546  34.480 0.0000000000
32479  -28.122  -51.462  34.606 0.0000000000
32520  -31.982  -51.765  32.255 0.0000000000
32521  -32.946  -51.579  32.154 0.0000000000
32523  -34.811  -51.566  31.858 0.0000000000
32510  -36.170  -51.218  32.229 0.0000000000
33686  -36.949  -50.495  32.308 0.0000000000
34887  -37.860  -49.755  32.212 0.0000000000
36130  -38.114  -48.900  32.078 0.0000000000
37376  -36.929  -47.631  32.140 0.0000000000
37395  -38.691  -47.388  31.268 0.0000000000
38572  -39.179  -46.397  30.920 0.0000000000
40721  -39.812  -44.805  30.539 0.0000000000
41910  -41.335  -43.851  30.808 0.0000000000
41885  -41.861  -43.205  31.486 0.0000000000
43113  -43.416  -42.877  32.153 0.0000000000
43090  -43.735  -42.060  32.544 0.0000000000
46812  -40.792  -39.127  31.859 0.0000000000
50470  -40.602  -36.090  29.804 0.0000000000
51504  -41.004  -35.536  29.860 0.0000000000
51521  -42.520  -35.736  28.960 0.0000000000
52442  -42.508  -33.817  32.379 0.0000000000
51494  -43.095  -34.878  30.199 0.0000000000
50485  -43.568  -36.316  28.239 0.0000000000
50498  -43.846  -36.562  27.481 0.0000000000
50512  -44.892  -37.183  26.520 0.0000000000
50528  -45.706  -37.409  25.409 0.0000000000
49334  -46.532  -37.055  28.515 0.0000000000
49363  -46.244  -37.493  26.938 0.0000000000
49402  -46.501  -38.020  24.621 0.0000000000
48209  -47.428  -38.809  23.696 0.0000000000
46954  -48.277  -39.525  22.693 0.0000000000
45687  -49.787  -40.890  21.624 0.0000000000
46916  -49.329  -40.239  24.536 0.0000000000
45665  -49.876  -40.989  22.670 0.0000000000
43273  -50.068  -43.111  20.696 0.0000000000
40854  -49.824  -45.225  20.955 0.0000000000
39739  -50.261  -46.092  21.249 0.0000000000
38700  -50.496  -46.791  20.496 0.0000000000
50529  -49.082  -36.475  25.430 0.0000000000
48196  -51.590  -39.060  25.058 0.0000000000
49439  -50.488  -38.222  23.405 0.0000000000
46938  -52.445  -40.034  23.825 0.0000000000
43209  -52.088  -41.990  24.054 0.0000000000
42050  -51.782  -43.839  22.382 0.0000000000
38676  -51.670  -46.356  21.213 0.0000000000
39765  -51.247  -46.459  19.793 0.0000000000
40890  -51.411  -45.293  18.453 0.0000000000
40914  -51.984  -44.566  17.617 0.0000000000
40930  -52.656  -44.345  17.063 0.0000000000
40893  -54.157  -44.670  18.476 0.0000000000
40931  -53.722  -44.566  16.942 0.0000000000
42135  -53.253  -43.867  16.392 0.0000000000
51632  -50.900  -35.906  19.801 0.0000000000
49505  -51.526  -37.843  18.260 0.0000000000
45761  -52.991  -40.712  16.439 0.0000000000
49506  -52.752  -37.524  18.127 0.0000000000
47060  -53.013  -39.766  15.914 0.0000000000
44563  -54.656  -41.852  16.141 0.0000000000
37345  -21.443  -48.051  33.827 0.0000000000
34899  -26.018  -49.004  31.281 0.0000000000
36175  -25.662  -48.546  29.754 0.0000000000
37443  -25.419  -48.104  28.353 0.0000000000
36236  -27.054  -48.322  26.585 0.0000000000
37484  -26.319  -48.080  26.567 0.0000000000
37461  -24.455  -47.583  27.668 0.0000000000
37503  -23.861  -47.288  25.496 0.0000000000
34940  -35.987  -49.805  29.461 0.0000000000
36200  -35.714  -48.363  28.536 0.0000000000
36224  -35.184  -47.912  27.887 0.0000000000
38610  -37.533  -46.693  27.165 0.0000000000
38609  -36.607  -46.718  27.073 0.0000000000
37489  -35.340  -46.873  26.956 0.0000000000
38631  -34.910  -46.655  25.895 0.0000000000
37543  -35.145  -47.412  24.441 0.0000000000
36290  -34.506  -48.436  23.790 0.0000000000
32569  -40.118  -51.444  25.818 0.0000000000
32568  -39.111  -51.274  25.693 0.0000000000
33770  -37.445  -50.217  25.106 0.0000000000
33769  -36.452  -50.601  24.976 0.0000000000
34999  -35.242  -49.473  24.218 0.0000000000
34998  -34.374  -49.935  24.234 0.0000000000
48131  -39.865  -38.154  29.141 0.0000000000
46837  -40.179  -39.257  29.741 0.0000000000
39806  -48.194  -45.593  18.026 0.0000000000
40888  -49.485  -45.569  18.551 0.0000000000
32531  -34.963  -51.461  31.163 0.0000000000
33722  -35.113  -51.015  30.613 0.0000000000
49500  -41.409  -37.466  18.623 0.0000000000
48246  -46.985  -38.230  22.204 0.0000000000
39642  -42.459  -45.759  30.799 0.0000000000
43224  -38.777  -42.750  23.287 0.0000000000
49483  -40.738  -37.616  19.452 0.0000000000
49482  -40.047  -37.606  19.205 0.0000000000
53636  -48.840  -33.659  20.542 0.0000000000
52626  -49.858  -35.188  20.100 0.0000000000
37564  -32.273  -47.881  23.651 0.0000000000
33775  -42.650  -50.791  25.055 0.0000000000
49361  -42.254  -36.831  25.866 0.0000000000
50510  -43.031  -36.647  26.572 0.0000000000
44330  -43.787  -41.317  31.358 0.0000000000
44349  -44.028  -41.895  30.538 0.0000000000
44418  -41.117  -41.495  25.681 0.0000000000
43182  -41.618  -42.222  26.232 0.0000000000
44426  -41.597  -41.658  24.655 0.0000000000
44461  -41.340  -41.444  23.191 0.0000000000
45629  -41.451  -40.939  24.121 0.0000000000
36198  -33.616  -48.678  28.297 0.0000000000
36197  -32.507  -48.778  28.246 0.0000000000
37464  -33.944  -47.397  26.970 0.0000000000
49503  -43.734  -37.522  18.979 0.0000000000
49487  -44.101  -37.357  19.545 0.0000000000
44540  -45.747  -41.464  17.934 0.0000000000
43286  -48.352  -43.005  19.537 0.0000000000
42075  -48.812  -43.648  19.967 0.0000000000
34889  -39.144  -49.160  31.955 0.0000000000
34906  -40.563  -49.277  31.322 0.0000000000
36209  -44.456  -48.102  28.234 0.0000000000
36208  -43.667  -48.019  28.389 0.0000000000
36226  -44.024  -48.365  27.402 0.0000000000
40788  -43.903  -44.329  26.611 0.0000000000
40789  -44.334  -44.985  26.805 0.0000000000
38656  -40.288  -46.593  24.086 0.0000000000
37547  -40.653  -46.805  24.138 0.0000000000
37569  -41.532  -47.840  23.786 0.0000000000
37568  -40.366  -47.330  23.558 0.0000000000
46973  -38.330  -39.910  21.303 0.0000000000
51496  -45.393  -35.605  30.407 0.0000000000
50490  -48.393  -36.526  28.610 0.0000000000
50476  -48.059  -36.300  29.260 0.0000000000
49336  -47.891  -37.315  28.350 0.0000000000
48160  -47.958  -38.401  26.348 0.0000000000
48144  -48.370  -38.194  26.969 0.0000000000
45614  -51.176  -40.375  25.440 0.0000000000
44428  -50.784  -41.563  24.333 0.0000000000
43207  -51.198  -41.962  24.339 0.0000000000
42039  -51.206  -42.879  23.314 0.0000000000
43208  -51.592  -42.024  24.257 0.0000000000
53573  -46.058  -34.074  23.058 0.0000000000
51599  -46.804  -35.139  23.362 0.0000000000
44483  -52.283  -41.045  21.447 0.0000000000
44484  -52.717  -41.608  21.655 0.0000000000
42063  -52.962  -43.299  20.849 0.0000000000
42076  -52.888  -43.851  20.430 0.0000000000
42077  -53.244  -43.461  19.997 0.0000000000
43322  -54.410  -42.422  17.527 0.0000000000
43323  -55.146  -43.021  17.310 0.0000000000
43346  -54.887  -42.318  16.674 0.0000000000
52609  -52.830  -34.084  21.473 0.0000000000
36046  -20.955  -48.123  36.325 0.0000000000
37410  -23.028  -47.393  30.402 0.0000000000
37441  -23.575  -47.396  28.479 0.0000000000
34971  -28.538  -49.020  28.188 0.0000000000
36193  -28.046  -48.921  27.972 0.0000000000
35037  -27.060  -49.435  21.778 0.0000000000
37447  -39.372  -47.631  28.503 0.0000000000
37446  -38.387  -47.685  28.475 0.0000000000
37469  -38.867  -47.064  27.899 0.0000000000
37546  -37.750  -47.915  24.885 0.0000000000
36277  -37.872  -48.375  24.853 0.0000000000
36276  -37.385  -48.420  24.758 0.0000000000
49379  -40.586  -37.530  25.371 0.0000000000
49332  -40.444  -37.135  28.532 0.0000000000
49333  -41.124  -36.873  27.895 0.0000000000
50483  -41.480  -36.220  28.584 0.0000000000
45541  -41.613  -40.701  30.701 0.0000000000
44396  -40.620  -41.152  27.410 0.0000000000
45583  -40.175  -40.566  26.995 0.0000000000
45596  -40.230  -40.448  26.235 0.0000000000
45595  -39.925  -40.225  26.693 0.0000000000
48142  -39.727  -38.706  27.327 0.0000000000
48157  -39.664  -38.891  26.655 0.0000000000
40910  -47.990  -44.701  17.413 0.0000000000
42133  -50.559  -43.384  17.040 0.0000000000
33702  -32.383  -51.118  31.558 0.0000000000
33719  -31.842  -50.474  30.981 0.0000000000
33738  -34.529  -50.438  30.187 0.0000000000
34938  -33.929  -49.913  29.630 0.0000000000
48319  -41.453  -38.040  16.711 0.0000000000
49471  -45.146  -37.190  20.623 0.0000000000
47011  -46.865  -39.058  18.853 0.0000000000
47027  -46.475  -39.374  18.180 0.0000000000
47028  -47.181  -39.787  18.549 0.0000000000
47013  -48.151  -39.739  19.741 0.0000000000
45722  -48.402  -40.658  19.401 0.0000000000
45706  -48.701  -40.283  20.237 0.0000000000
38553  -40.711  -47.187  31.226 0.0000000000
37418  -41.074  -47.303  31.277 0.0000000000
38577  -43.573  -46.437  30.068 0.0000000000
38594  -43.504  -47.093  29.921 0.0000000000
37434  -43.807  -47.621  29.491 0.0000000000
40811  -41.815  -44.290  24.703 0.0000000000
40808  -39.153  -44.553  24.168 0.0000000000
40809  -39.822  -44.642  24.372 0.0000000000
40820  -39.221  -45.073  24.164 0.0000000000
39706  -39.672  -45.563  24.231 0.0000000000
39712  -38.497  -45.769  23.343 0.0000000000
40830  -38.158  -45.159  23.220 0.0000000000
51547  -48.792  -35.974  26.848 0.0000000000
50514  -49.399  -36.702  26.774 0.0000000000
48163  -50.566  -38.620  26.368 0.0000000000
50530  -49.603  -36.856  25.966 0.0000000000
53615  -47.179  -33.027  20.794 0.0000000000
55880  -47.294  -31.723  21.530 0.0000000000
53614  -46.754  -33.436  21.186 0.0000000000
52614  -46.897  -34.209  21.155 0.0000000000
52607  -47.087  -34.756  21.569 0.0000000000
51616  -47.746  -35.334  21.310 0.0000000000
49473  -49.632  -37.619  20.911 0.0000000000
50606  -48.474  -36.226  21.251 0.0000000000
48264  -49.923  -38.243  20.955 0.0000000000
47000  -51.231  -39.989  20.989 0.0000000000
46999  -50.609  -39.301  20.779 0.0000000000
45724  -51.563  -40.418  20.062 0.0000000000
47015  -50.895  -39.706  20.133 0.0000000000
47029  -50.524  -38.877  19.228 0.0000000000
47030  -50.904  -39.514  19.040 0.0000000000
45740  -52.219  -41.040  18.332 0.0000000000
47039  -51.435  -39.594  18.055 0.0000000000
52611  -54.908  -34.329  21.441 0.0000000000
51635  -54.311  -35.957  20.366 0.0000000000
36048  -22.753  -47.927  36.147 0.0000000000
36122  -24.312  -48.328  32.766 0.0000000000
37386  -24.369  -47.953  30.939 0.0000000000
36162  -24.920  -48.337  30.831 0.0000000000
36258  -30.336  -47.963  26.034 0.0000000000
36257  -29.484  -47.923  25.998 0.0000000000
37509  -30.039  -47.637  25.264 0.0000000000
36285  -29.741  -48.309  22.892 0.0000000000
36304  -29.306  -48.870  22.404 0.0000000000
36305  -30.118  -48.987  22.673 0.0000000000
33795  -32.159  -50.711  23.641 0.0000000000
33813  -30.892  -50.135  23.006 0.0000000000
37491  -40.490  -47.289  26.354 0.0000000000
34989  -41.347  -49.724  25.385 0.0000000000
34988  -40.199  -49.592  25.334 0.0000000000
48260  -40.947  -37.828  20.395 0.0000000000
49453  -41.551  -37.578  21.016 0.0000000000
49435  -42.014  -37.007  21.584 0.0000000000
50601  -42.588  -36.848  21.181 0.0000000000
50613  -42.924  -36.907  20.631 0.0000000000
49380  -41.521  -36.905  25.000 0.0000000000
49400  -41.216  -37.043  23.840 0.0000000000
50541  -42.878  -36.349  24.377 0.0000000000
50581  -43.347  -36.138  22.556 0.0000000000
50603  -44.298  -36.386  21.890 0.0000000000
50563  -44.518  -36.430  23.922 0.0000000000
50543  -44.844  -36.736  24.832 0.0000000000
41912  -44.091  -43.935  30.927 0.0000000000
43150  -44.076  -42.646  29.711 0.0000000000
41929  -44.112  -43.130  29.045 0.0000000000
41943  -44.001  -43.358  28.373 0.0000000000
43174  -43.386  -43.101  28.058 0.0000000000
43148  -42.224  -42.281  29.153 0.0000000000
43162  -42.002  -42.430  28.140 0.0000000000
43183  -42.427  -42.741  26.297 0.0000000000
41953  -43.064  -43.080  26.708 0.0000000000
42023  -41.322  -42.584  23.751 0.0000000000
44441  -40.733  -41.789  22.932 0.0000000000
44459  -40.125  -41.297  22.605 0.0000000000
45661  -40.247  -40.699  22.417 0.0000000000
45685  -40.313  -40.248  22.335 0.0000000000
45645  -41.157  -40.372  23.799 0.0000000000
48244  -40.451  -38.433  21.307 0.0000000000
48245  -40.943  -37.907  20.816 0.0000000000
55884  -51.597  -31.578  21.681 0.0000000000
55885  -52.638  -31.798  22.006 0.0000000000
55886  -53.708  -31.873  22.050 0.0000000000
55865  -54.357  -31.054  22.372 0.0000000000
53619  -54.503  -33.546  21.603 0.0000000000
55887  -54.817  -31.885  22.166 0.0000000000
34866  -27.572  -50.331  33.100 0.0000000000
34883  -27.425  -50.014  32.590 0.0000000000
33716  -29.056  -49.931  30.859 0.0000000000
34918  -28.507  -49.844  30.694 0.0000000000
34921  -31.600  -49.949  30.387 0.0000000000
34920  -30.999  -49.796  30.219 0.0000000000
34935  -31.377  -49.609  29.752 0.0000000000
36196  -31.439  -48.819  28.258 0.0000000000
34957  -30.902  -49.157  29.099 0.0000000000
36195  -30.407  -48.794  28.301 0.0000000000
36240  -30.568  -48.334  26.647 0.0000000000
37486  -32.645  -47.526  26.245 0.0000000000
37485  -31.892  -47.610  25.852 0.0000000000
49501  -42.188  -37.501  18.720 0.0000000000
48304  -43.500  -38.057  17.760 0.0000000000
48277  -45.329  -37.946  19.308 0.0000000000
48306  -45.492  -38.999  17.650 0.0000000000
44557  -44.428  -41.053  16.943 0.0000000000
43302  -46.326  -43.041  18.861 0.0000000000
40866  -46.451  -45.355  19.749 0.0000000000
38696  -46.563  -47.025  19.610 0.0000000000
38697  -47.483  -47.231  20.178 0.0000000000
38672  -48.127  -47.123  20.681 0.0000000000
38673  -48.923  -47.070  20.802 0.0000000000
33725  -37.665  -50.760  30.796 0.0000000000
33726  -38.552  -50.453  30.741 0.0000000000
34944  -40.002  -49.706  30.064 0.0000000000
36180  -39.531  -49.139  29.503 0.0000000000
36166  -42.005  -48.729  30.645 0.0000000000
36165  -41.346  -49.151  30.791 0.0000000000
36206  -42.043  -48.513  28.904 0.0000000000
37449  -41.407  -47.664  28.344 0.0000000000
37472  -41.897  -47.394  27.478 0.0000000000
36244  -43.681  -48.850  26.297 0.0000000000
36243  -42.937  -48.266  26.250 0.0000000000
36265  -43.212  -48.791  25.972 0.0000000000
34991  -43.491  -49.234  25.608 0.0000000000
40726  -44.759  -44.356  29.906 0.0000000000
40742  -44.634  -45.095  29.805 0.0000000000
39682  -45.178  -45.847  28.346 0.0000000000
38614  -45.347  -46.479  27.472 0.0000000000
38615  -45.513  -47.129  27.521 0.0000000000
38641  -45.398  -47.217  26.370 0.0000000000
39702  -43.577  -45.463  25.741 0.0000000000
38637  -42.546  -45.909  25.239 0.0000000000
38650  -43.458  -46.700  25.377 0.0000000000
37523  -44.351  -47.686  25.564 0.0000000000
36266  -44.545  -48.616  25.595 0.0000000000
37551  -44.073  -48.202  25.294 0.0000000000
36294  -42.459  -48.850  23.988 0.0000000000
35015  -42.615  -49.526  23.979 0.0000000000
43264  -37.331  -41.774  22.015 0.0000000000
36033  -22.774  -48.048  37.809 0.0000000000
33648  -27.153  -50.600  35.430 0.0000000000
32519  -31.330  -51.695  32.498 0.0000000000
36129  -37.190  -48.684  32.382 0.0000000000
38535  -37.051  -46.551  32.223 0.0000000000
37394  -37.645  -47.475  31.609 0.0000000000
37416  -38.928  -46.803  31.070 0.0000000000
38551  -38.517  -46.422  31.058 0.0000000000
40702  -39.159  -44.429  30.870 0.0000000000
40720  -39.060  -45.022  30.695 0.0000000000
41908  -39.579  -44.203  30.880 0.0000000000
40722  -40.907  -44.787  30.420 0.0000000000
41909  -40.222  -43.996  30.865 0.0000000000
43112  -42.441  -42.696  32.087 0.0000000000
43074  -43.258  -41.895  33.001 0.0000000000
44297  -43.783  -41.315  32.927 0.0000000000
44311  -44.054  -41.410  32.204 0.0000000000
51479  -39.856  -36.265  31.464 0.0000000000
50461  -40.201  -36.353  30.499 0.0000000000
51480  -40.052  -35.753  31.224 0.0000000000
52470  -40.933  -34.853  30.622 0.0000000000
51492  -41.248  -35.075  30.202 0.0000000000
51520  -41.821  -35.663  29.192 0.0000000000
51493  -42.056  -34.878  30.133 0.0000000000
51495  -44.393  -35.096  30.554 0.0000000000
52473  -43.633  -34.504  30.915 0.0000000000
51507  -43.424  -35.390  29.546 0.0000000000
51522  -43.470  -35.860  28.821 0.0000000000
51523  -44.112  -35.993  28.707 0.0000000000
50499  -44.988  -36.941  27.542 0.0000000000
49362  -45.520  -37.299  27.161 0.0000000000
50527  -45.260  -37.190  25.680 0.0000000000
49382  -45.557  -37.389  26.458 0.0000000000
50474  -46.569  -36.417  29.714 0.0000000000
50488  -46.902  -36.939  29.121 0.0000000000
49364  -47.164  -37.888  26.581 0.0000000000
49384  -46.623  -38.058  25.528 0.0000000000
48192  -46.969  -38.453  24.213 0.0000000000
46953  -47.990  -39.316  23.401 0.0000000000
45664  -49.059  -40.260  22.593 0.0000000000
46879  -49.428  -38.783  26.588 0.0000000000
46897  -49.239  -39.185  26.144 0.0000000000
46898  -49.982  -39.909  25.621 0.0000000000
44463  -50.372  -41.835  22.729 0.0000000000
44444  -50.085  -41.352  23.283 0.0000000000
45666  -50.133  -41.378  22.572 0.0000000000
44481  -50.164  -41.499  21.563 0.0000000000
44493  -50.348  -42.227  21.355 0.0000000000
43274  -50.513  -42.808  21.490 0.0000000000
40840  -51.025  -44.847  21.801 0.0000000000
40855  -50.535  -45.270  21.451 0.0000000000
38674  -49.881  -46.924  21.064 0.0000000000
38675  -50.827  -46.519  21.121 0.0000000000
50546  -48.929  -36.600  24.574 0.0000000000
51573  -48.508  -36.267  24.983 0.0000000000
49403  -50.105  -37.394  24.768 0.0000000000
49386  -50.652  -37.810  25.280 0.0000000000
48195  -51.060  -38.304  24.788 0.0000000000
50585  -48.568  -36.609  22.450 0.0000000000
50586  -49.264  -37.215  23.101 0.0000000000
45667  -52.349  -40.391  23.059 0.0000000000
45649  -52.362  -40.153  23.478 0.0000000000
45668  -52.523  -40.884  23.182 0.0000000000
44446  -52.327  -41.287  23.713 0.0000000000
43230  -52.243  -42.310  23.368 0.0000000000
42041  -52.122  -43.137  22.852 0.0000000000
39742  -52.597  -45.789  20.796 0.0000000000
39727  -52.289  -45.312  21.420 0.0000000000
38702  -52.172  -46.379  20.752 0.0000000000
38701  -51.510  -46.552  20.564 0.0000000000
39790  -50.807  -46.089  19.074 0.0000000000
39791  -51.891  -45.796  19.085 0.0000000000
39807  -53.248  -45.422  18.170 0.0000000000
40891  -52.388  -45.320  18.292 0.0000000000
40915  -53.097  -45.087  17.704 0.0000000000
40929  -52.116  -44.229  17.078 0.0000000000
42093  -53.798  -43.711  19.021 0.0000000000
42094  -54.494  -43.754  18.242 0.0000000000
40917  -55.106  -44.441  17.378 0.0000000000
40932  -54.754  -44.603  16.657 0.0000000000
52618  -50.545  -34.592  20.466 0.0000000000
51622  -51.448  -35.194  20.243 0.0000000000
50635  -51.974  -37.101  18.613 0.0000000000
50634  -51.302  -37.296  18.713 0.0000000000
49524  -51.673  -38.333  17.849 0.0000000000
47040  -51.908  -39.629  17.353 0.0000000000
48307  -51.786  -38.798  17.579 0.0000000000
50637  -54.098  -36.961  18.957 0.0000000000
50627  -53.214  -36.554  19.440 0.0000000000
49507  -53.792  -37.351  18.286 0.0000000000
48323  -52.923  -38.958  16.127 0.0000000000
45773  -53.759  -40.834  15.751 0.0000000000
37315  -22.485  -47.763  34.788 0.0000000000
37313  -21.703  -47.968  34.940 0.0000000000
37346  -22.151  -47.619  33.444 0.0000000000
37383  -21.659  -47.850  31.668 0.0000000000
37429  -21.812  -47.702  28.940 0.0000000000
37459  -22.457  -47.373  27.121 0.0000000000
37458  -21.884  -47.699  26.869 0.0000000000
37480  -22.341  -47.526  26.192 0.0000000000
37531  -22.674  -47.598  24.552 0.0000000000
34900  -26.605  -49.299  31.033 0.0000000000
34881  -26.010  -49.111  31.861 0.0000000000
36191  -26.551  -48.774  28.505 0.0000000000
36176  -26.365  -48.843  29.361 0.0000000000
36190  -25.678  -48.409  28.852 0.0000000000
36189  -25.124  -48.243  29.443 0.0000000000
36256  -28.616  -48.060  25.957 0.0000000000
36255  -27.757  -48.140  25.916 0.0000000000
37505  -26.354  -47.821  25.747 0.0000000000
37483  -25.516  -47.809  26.888 0.0000000000
37504  -25.005  -47.571  25.638 0.0000000000
37482  -24.230  -47.438  26.566 0.0000000000
33811  -29.054  -50.495  22.454 0.0000000000
34941  -37.046  -50.062  29.509 0.0000000000
37445  -37.367  -47.716  28.426 0.0000000000
36225  -35.751  -47.762  28.115 0.0000000000
38624  -39.024  -46.695  26.596 0.0000000000
38611  -38.469  -46.670  27.235 0.0000000000
38623  -38.124  -46.632  26.469 0.0000000000
38634  -36.881  -46.843  25.690 0.0000000000
38622  -37.208  -46.612  26.392 0.0000000000
38621  -36.358  -46.721  26.345 0.0000000000
38620  -35.542  -46.725  26.327 0.0000000000
37488  -34.707  -46.823  26.423 0.0000000000
38632  -35.321  -46.728  25.726 0.0000000000
36273  -34.753  -47.892  23.902 0.0000000000
36291  -34.951  -48.352  23.913 0.0000000000
32559  -40.289  -52.360  26.121 0.0000000000
31442  -39.549  -52.003  26.084 0.0000000000
31440  -37.614  -52.221  25.836 0.0000000000
32567  -38.079  -51.285  25.461 0.0000000000
33784  -36.657  -49.886  24.800 0.0000000000
32581  -35.096  -51.326  24.905 0.0000000000
33768  -35.846  -50.694  24.800 0.0000000000
33782  -35.133  -50.628  24.594 0.0000000000
33781  -34.153  -50.656  24.422 0.0000000000
45540  -40.595  -40.019  30.213 0.0000000000
46852  -39.668  -39.587  27.849 0.0000000000
45570  -39.715  -39.851  27.564 0.0000000000
46866  -39.629  -39.008  27.807 0.0000000000
39787  -47.411  -46.747  18.700 0.0000000000
42113  -48.880  -43.924  17.437 0.0000000000
33721  -34.097  -51.106  30.812 0.0000000000
48302  -41.797  -37.710  17.382 0.0000000000
49472  -46.053  -37.553  20.794 0.0000000000
48279  -47.419  -38.791  19.878 0.0000000000
48262  -47.610  -38.749  20.627 0.0000000000
48263  -48.024  -39.001  20.841 0.0000000000
48248  -48.051  -39.001  21.261 0.0000000000
39641  -41.484  -45.739  30.858 0.0000000000
38575  -42.030  -46.747  31.003 0.0000000000
42004  -40.256  -43.714  24.168 0.0000000000
40818  -38.143  -44.541  23.378 0.0000000000
42019  -37.843  -44.036  23.270 0.0000000000
42038  -37.308  -43.734  22.771 0.0000000000
53635  -47.644  -33.543  20.604 0.0000000000
51619  -47.945  -34.921  20.791 0.0000000000
52616  -48.238  -34.446  20.559 0.0000000000
50616  -48.788  -35.986  20.581 0.0000000000
50617  -49.292  -36.590  20.488 0.0000000000
48265  -50.172  -38.483  20.387 0.0000000000
49490  -49.796  -37.094  20.288 0.0000000000
50624  -50.163  -36.611  19.862 0.0000000000
36069  -24.459  -48.715  35.855 0.0000000000
36084  -24.260  -48.513  34.507 0.0000000000
36123  -25.257  -48.688  32.371 0.0000000000
37539  -30.641  -47.490  24.376 0.0000000000
37563  -31.209  -47.759  23.478 0.0000000000
36306  -30.838  -49.026  22.725 0.0000000000
33796  -32.926  -50.314  23.640 0.0000000000
36263  -41.792  -48.751  25.588 0.0000000000
49434  -41.379  -37.438  21.929 0.0000000000
50579  -41.594  -36.991  22.514 0.0000000000
49381  -42.287  -36.694  25.337 0.0000000000
43114  -44.561  -42.330  31.490 0.0000000000
43134  -44.708  -42.619  30.870 0.0000000000
44350  -44.452  -42.204  30.722 0.0000000000
44397  -41.271  -41.824  27.778 0.0000000000
43227  -41.487  -41.996  23.378 0.0000000000
43249  -41.220  -41.833  23.059 0.0000000000
44442  -41.065  -41.838  22.937 0.0000000000
43250  -41.304  -41.687  23.099 0.0000000000
45663  -41.131  -40.930  22.935 0.0000000000
46896  -40.222  -39.594  25.014 0.0000000000
33665  -28.601  -51.112  33.236 0.0000000000
33681  -28.186  -50.410  32.511 0.0000000000
33717  -29.647  -50.109  30.658 0.0000000000
36221  -31.977  -48.477  27.386 0.0000000000
37487  -33.720  -47.107  26.167 0.0000000000
49486  -43.190  -37.267  19.546 0.0000000000
49502  -43.078  -37.490  18.704 0.0000000000
47026  -45.870  -39.295  17.776 0.0000000000
47037  -45.389  -39.652  17.296 0.0000000000
43285  -47.345  -43.291  19.310 0.0000000000
42073  -47.022  -44.395  19.577 0.0000000000
40867  -47.399  -45.467  20.197 0.0000000000
39760  -46.840  -46.466  20.161 0.0000000000
40852  -48.007  -45.826  20.540 0.0000000000
40853  -48.752  -45.240  20.442 0.0000000000
34904  -38.602  -50.058  31.921 0.0000000000
33727  -39.086  -50.277  31.033 0.0000000000
33709  -39.303  -50.150  31.238 0.0000000000
34945  -40.810  -49.486  30.297 0.0000000000
37451  -43.167  -47.817  28.083 0.0000000000
37473  -42.806  -47.636  27.497 0.0000000000
37474  -43.403  -47.927  27.558 0.0000000000
34980  -43.927  -49.232  25.985 0.0000000000
40759  -44.717  -44.680  28.234 0.0000000000
39697  -44.533  -45.776  26.531 0.0000000000
38648  -41.839  -46.315  24.930 0.0000000000
37549  -42.295  -47.498  24.570 0.0000000000
33668  -36.092  -50.247  32.970 0.0000000000
34870  -35.823  -49.695  33.655 0.0000000000
39623  -37.490  -45.717  32.047 0.0000000000
39624  -38.049  -45.658  31.357 0.0000000000
40700  -37.823  -45.061  31.900 0.0000000000
43088  -41.922  -42.023  32.643 0.0000000000
52440  -40.428  -34.274  32.810 0.0000000000
52457  -41.923  -34.162  31.472 0.0000000000
52474  -44.286  -34.649  31.089 0.0000000000
50472  -45.166  -36.121  29.282 0.0000000000
50473  -45.707  -36.309  29.297 0.0000000000
51512  -48.087  -35.968  29.639 0.0000000000
49335  -47.073  -37.214  28.465 0.0000000000
48159  -47.285  -38.300  25.799 0.0000000000
48193  -47.581  -38.896  24.662 0.0000000000
48177  -47.714  -38.681  25.483 0.0000000000
48194  -48.047  -39.116  25.187 0.0000000000
46915  -48.731  -39.497  25.024 0.0000000000
46881  -50.645  -39.389  26.287 0.0000000000
45612  -50.210  -40.397  25.302 0.0000000000
45613  -50.553  -40.422  25.399 0.0000000000
44445  -50.562  -41.892  23.620 0.0000000000
40841  -51.520  -44.634  21.992 0.0000000000
51584  -46.839  -35.318  24.321 0.0000000000
50545  -48.151  -36.330  24.155 0.0000000000
48230  -50.550  -38.606  22.507 0.0000000000
46956  -51.840  -39.985  22.603 0.0000000000
45690  -52.526  -41.006  22.583 0.0000000000
43252  -52.523  -42.470  22.370 0.0000000000
40856  -52.708  -44.535  20.839 0.0000000000
39743  -53.199  -45.668  20.098 0.0000000000
39767  -53.388  -45.500  19.237 0.0000000000
39793  -53.595  -45.334  18.359 0.0000000000
43304  -54.114  -42.808  18.464 0.0000000000
43305  -54.682  -43.163  17.844 0.0000000000
42117  -55.100  -43.747  17.581 0.0000000000
40933  -55.566  -44.318  16.411 0.0000000000
52619  -51.949  -34.362  21.095 0.0000000000
50626  -52.294  -36.603  19.064 0.0000000000
49540  -54.225  -37.906  15.946 0.0000000000
36065  -20.726  -48.575  35.337 0.0000000000
37367  -23.216  -47.609  32.211 0.0000000000
37366  -22.314  -47.584  32.440 0.0000000000
37409  -21.936  -47.715  30.342 0.0000000000
37481  -23.162  -47.253  26.346 0.0000000000
34931  -27.416  -49.323  29.440 0.0000000000
34916  -26.807  -49.225  29.937 0.0000000000
34953  -27.140  -49.072  28.837 0.0000000000
36192  -27.368  -48.866  28.164 0.0000000000
36216  -26.797  -48.589  27.584 0.0000000000
37536  -27.743  -47.811  24.350 0.0000000000
37506  -27.346  -47.828  25.276 0.0000000000
36300  -25.895  -48.511  22.073 0.0000000000
36311  -26.181  -49.055  21.820 0.0000000000
33826  -26.771  -50.008  21.800 0.0000000000
33809  -27.139  -50.481  22.127 0.0000000000
36202  -37.905  -48.402  29.029 0.0000000000
37517  -38.224  -47.453  25.295 0.0000000000
37516  -37.366  -47.323  25.226 0.0000000000
37515  -36.513  -47.261  25.161 0.0000000000
37514  -35.640  -47.063  25.105 0.0000000000
36275  -36.595  -48.455  24.545 0.0000000000
35000  -36.220  -49.270  24.469 0.0000000000
31439  -36.508  -52.267  25.793 0.0000000000
45525  -42.891  -40.715  31.527 0.0000000000
44348  -42.961  -41.305  30.747 0.0000000000
44347  -42.196  -41.422  30.354 0.0000000000
44367  -41.689  -41.589  29.787 0.0000000000
44366  -41.044  -41.289  29.282 0.0000000000
44407  -40.637  -41.069  26.502 0.0000000000
45610  -40.592  -40.581  25.372 0.0000000000
46877  -39.718  -39.712  26.440 0.0000000000
46895  -39.789  -39.387  25.769 0.0000000000
42132  -49.610  -43.207  17.036 0.0000000000
34922  -32.206  -50.189  30.505 0.0000000000
33736  -33.038  -50.239  30.111 0.0000000000
49488  -44.865  -37.450  19.859 0.0000000000
47038  -46.099  -40.030  17.587 0.0000000000
45747  -46.097  -40.769  17.735 0.0000000000
44541  -46.311  -41.097  17.983 0.0000000000
44524  -46.648  -41.621  18.397 0.0000000000
44525  -47.703  -41.555  18.839 0.0000000000
45721  -47.797  -40.127  19.010 0.0000000000
45738  -47.966  -40.840  18.853 0.0000000000
44507  -48.503  -41.744  19.489 0.0000000000
44508  -49.304  -41.614  20.089 0.0000000000
37396  -39.870  -47.659  31.376 0.0000000000
36150  -40.264  -48.635  31.612 0.0000000000
37397  -40.876  -47.812  31.507 0.0000000000
37398  -41.675  -48.219  31.308 0.0000000000
37420  -42.529  -47.981  31.013 0.0000000000
36185  -43.978  -47.977  28.902 0.0000000000
40800  -43.447  -44.480  25.740 0.0000000000
39709  -42.203  -44.874  24.959 0.0000000000
39708  -41.415  -45.266  24.849 0.0000000000
38646  -40.127  -46.050  24.278 0.0000000000
38655  -39.632  -46.448  23.745 0.0000000000
38661  -39.219  -46.791  23.107 0.0000000000
38654  -38.960  -46.296  23.378 0.0000000000
39717  -37.557  -45.762  22.142 0.0000000000
40829  -37.610  -44.845  22.774 0.0000000000
46994  -38.746  -39.259  20.744 0.0000000000
48257  -38.692  -38.764  20.244 0.0000000000
48287  -38.221  -37.827  18.944 0.0000000000
49337  -48.532  -37.191  28.109 0.0000000000
49352  -48.942  -37.389  27.592 0.0000000000
48146  -49.221  -37.794  27.256 0.0000000000
48162  -49.567  -38.249  26.849 0.0000000000
51548  -49.147  -36.361  27.162 0.0000000000
46882  -51.106  -39.479  26.137 0.0000000000
46900  -51.504  -39.785  25.551 0.0000000000
52591  -46.832  -34.738  22.090 0.0000000000
50584  -47.926  -36.004  21.947 0.0000000000
50607  -49.189  -37.167  21.813 0.0000000000
51617  -48.156  -35.707  21.131 0.0000000000
48229  -49.957  -38.136  22.176 0.0000000000
46977  -51.067  -39.481  21.885 0.0000000000
45708  -51.826  -40.640  21.208 0.0000000000
43276  -53.390  -42.483  20.111 0.0000000000
44495  -53.070  -41.716  20.308 0.0000000000
44510  -52.960  -41.626  19.286 0.0000000000
47014  -50.483  -39.076  19.820 0.0000000000
44527  -52.339  -41.251  18.850 0.0000000000
44528  -52.801  -41.504  18.303 0.0000000000
44542  -53.087  -41.398  17.336 0.0000000000
52610  -53.885  -34.211  21.498 0.0000000000
51624  -53.797  -35.352  20.657 0.0000000000
36047  -21.922  -47.961  36.180 0.0000000000
37331  -22.773  -47.791  34.136 0.0000000000
36083  -23.531  -48.146  33.963 0.0000000000
37411  -24.003  -47.673  30.406 0.0000000000
36238  -29.079  -48.351  26.684 0.0000000000
37538  -29.620  -47.684  24.358 0.0000000000
37537  -28.680  -47.884  24.328 0.0000000000
37560  -28.241  -47.872  23.354 0.0000000000
35024  -29.645  -49.733  22.490 0.0000000000
38613  -39.899  -46.889  27.342 0.0000000000
38625  -39.847  -46.866  26.827 0.0000000000
37490  -39.558  -47.155  26.108 0.0000000000
37518  -39.125  -47.688  25.522 0.0000000000
50540  -41.931  -36.452  24.109 0.0000000000
50602  -43.285  -36.454  21.581 0.0000000000
50604  -45.005  -36.587  22.543 0.0000000000
49436  -45.858  -37.103  23.006 0.0000000000
49417  -45.996  -37.414  24.220 0.0000000000
40703  -43.403  -43.891  31.241 0.0000000000
40704  -43.663  -44.044  31.001 0.0000000000
41944  -44.347  -43.869  27.933 0.0000000000
41955  -44.164  -43.894  27.447 0.0000000000
41966  -43.480  -43.871  26.066 0.0000000000
43149  -43.150  -42.405  29.375 0.0000000000
41983  -43.045  -43.745  25.316 0.0000000000
42006  -42.234  -43.581  24.747 0.0000000000
43247  -38.977  -41.986  22.835 0.0000000000
44458  -39.297  -41.449  22.537 0.0000000000
44479  -38.962  -41.067  22.211 0.0000000000
46932  -41.088  -40.469  22.969 0.0000000000
46952  -40.951  -40.533  22.823 0.0000000000
46995  -39.596  -38.967  21.001 0.0000000000
53637  -49.923  -33.823  20.756 0.0000000000
53616  -51.277  -33.277  21.465 0.0000000000
53639  -51.572  -33.786  21.362 0.0000000000
53617  -52.257  -33.568  21.608 0.0000000000
53618  -53.419  -33.505  21.721 0.0000000000
55864  -53.322  -31.019  22.344 0.0000000000
53620  -55.411  -33.598  21.413 0.0000000000
34850  -26.608  -50.017  34.851 0.0000000000
33698  -28.248  -50.111  31.725 0.0000000000
34972  -29.073  -48.910  28.047 0.0000000000
33735  -30.128  -50.096  30.291 0.0000000000
36194  -29.589  -48.901  28.354 0.0000000000
36241  -31.563  -48.103  26.468 0.0000000000
37565  -33.318  -47.886  23.746 0.0000000000
32584  -42.489  -51.261  24.689 0.0000000000
49522  -41.976  -37.575  17.951 0.0000000000
48322  -44.435  -39.193  16.902 0.0000000000
47036  -44.771  -39.535  16.958 0.0000000000
42072  -46.125  -44.223  19.345 0.0000000000
38719  -47.215  -47.219  19.272 0.0000000000
39762  -48.491  -47.232  19.597 0.0000000000
39763  -49.142  -47.118  19.609 0.0000000000
33705  -36.275  -51.097  31.194 0.0000000000
33723  -35.955  -50.824  30.641 0.0000000000
33724  -36.810  -50.824  30.673 0.0000000000
33741  -37.365  -50.541  30.123 0.0000000000
34942  -38.152  -50.127  29.849 0.0000000000
34923  -38.854  -50.225  30.249 0.0000000000
36179  -38.531  -49.190  29.479 0.0000000000
34907  -41.005  -49.196  31.139 0.0000000000
37493  -42.457  -47.660  26.753 0.0000000000
37521  -42.129  -47.975  26.020 0.0000000000
39664  -44.080  -45.751  29.940 0.0000000000
38596  -45.001  -46.850  28.819 0.0000000000
37453  -45.206  -47.756  28.135 0.0000000000
36228  -45.584  -48.253  27.023 0.0000000000
39703  -44.130  -45.878  26.046 0.0000000000
38639  -43.845  -46.289  25.701 0.0000000000
38640  -44.714  -46.740  25.937 0.0000000000
37524  -45.252  -47.949  25.878 0.0000000000
36246  -45.374  -48.501  26.503 0.0000000000
34992  -44.156  -49.194  25.605 0.0000000000
35004  -43.748  -49.197  25.082 0.0000000000
33800  -42.478  -50.705  24.093 0.0000000000
46993  -37.727  -39.601  20.835 0.0000000000
49309  -40.037  -37.331  30.776 0.0000000000
49296  -39.840  -37.352  31.791 0.0000000000
49295  -39.666  -36.899  31.947 0.0000000000
50442  -39.770  -36.285  32.592 0.0000000000
37286  -22.213  -47.702  37.904 0.0000000000
37287  -22.746  -47.911  37.406 0.0000000000
36050  -24.063  -48.677  36.967 0.0000000000
36070  -25.128  -49.148  35.606 0.0000000000
34834  -25.706  -49.600  35.471 0.0000000000
33649  -27.650  -51.075  34.907 0.0000000000
32502  -29.192  -51.521  33.368 0.0000000000
32503  -29.934  -51.663  33.151 0.0000000000
32522  -33.922  -51.576  31.909 0.0000000000
32524  -35.706  -51.438  31.667 0.0000000000
32525  -36.476  -51.148  31.765 0.0000000000
33687  -37.776  -50.305  32.059 0.0000000000
34903  -38.111  -50.224  32.004 0.0000000000
34888  -38.731  -49.436  32.003 0.0000000000
36147  -37.589  -48.245  31.876 0.0000000000
36148  -38.350  -48.280  31.718 0.0000000000
38573  -40.072  -46.720  31.019 0.0000000000
39638  -38.742  -45.652  30.900 0.0000000000
39639  -39.530  -45.729  30.663 0.0000000000
39640  -40.480  -45.746  30.675 0.0000000000
41911  -42.301  -43.940  30.948 0.0000000000
41884  -40.529  -42.981  31.694 0.0000000000
41886  -42.971  -43.550  31.529 0.0000000000
41865  -44.246  -42.774  32.057 0.0000000000
43089  -42.913  -42.290  32.790 0.0000000000
43091  -44.412  -42.136  32.039 0.0000000000
44312  -44.343  -41.784  31.636 0.0000000000
45526  -43.681  -40.830  32.075 0.0000000000
46794  -43.414  -40.220  33.243 0.0000000000
45506  -43.282  -40.302  32.529 0.0000000000
45524  -41.974  -40.189  31.691 0.0000000000
51491  -40.547  -35.383  30.428 0.0000000000
50471  -41.191  -35.874  29.358 0.0000000000
50484  -42.583  -36.233  28.312 0.0000000000
52458  -43.094  -34.159  31.588 0.0000000000
52472  -42.555  -34.463  30.789 0.0000000000
51506  -42.413  -35.298  29.586 0.0000000000
50544  -45.530  -37.194  24.886 0.0000000000
51497  -46.435  -35.914  30.336 0.0000000000
50487  -45.928  -36.740  28.539 0.0000000000
49349  -46.188  -37.193  27.835 0.0000000000
49383  -46.045  -37.625  25.958 0.0000000000
49401  -46.044  -37.632  25.101 0.0000000000
49418  -46.550  -37.931  23.648 0.0000000000
48226  -46.981  -38.370  23.098 0.0000000000
48227  -47.625  -38.818  22.680 0.0000000000
48228  -48.047  -39.044  22.015 0.0000000000
46976  -48.420  -39.587  21.753 0.0000000000
45686  -48.897  -40.231  21.249 0.0000000000
45707  -49.367  -40.903  20.597 0.0000000000
48161  -48.851  -38.596  26.656 0.0000000000
46935  -49.148  -40.324  24.010 0.0000000000
45630  -50.089  -40.828  24.868 0.0000000000
45648  -49.470  -40.661  23.704 0.0000000000
45647  -49.092  -40.285  23.347 0.0000000000
44492  -50.101  -41.899  20.881 0.0000000000
42061  -49.489  -44.056  20.400 0.0000000000
42062  -50.483  -44.149  21.201 0.0000000000
39738  -49.342  -46.273  20.881 0.0000000000
38699  -49.502  -47.182  20.390 0.0000000000
39764  -50.161  -46.797  19.720 0.0000000000
49385  -50.122  -37.378  25.637 0.0000000000
48179  -51.071  -38.403  25.684 0.0000000000
50565  -47.935  -36.210  23.040 0.0000000000
50566  -48.706  -36.691  23.587 0.0000000000
49419  -50.118  -37.594  23.818 0.0000000000
48210  -51.302  -38.913  23.844 0.0000000000
49420  -50.693  -38.171  24.105 0.0000000000
48211  -51.812  -39.441  24.340 0.0000000000
45633  -52.267  -40.574  24.292 0.0000000000
44430  -51.992  -41.378  24.406 0.0000000000
42026  -51.832  -42.846  23.399 0.0000000000
40842  -52.144  -44.634  21.860 0.0000000000
39726  -51.771  -45.330  21.786 0.0000000000
39740  -51.182  -45.791  21.621 0.0000000000
40889  -50.400  -45.430  18.572 0.0000000000
40913  -50.991  -44.639  18.026 0.0000000000
42116  -51.371  -44.199  17.478 0.0000000000
42134  -51.783  -43.705  16.703 0.0000000000
40916  -54.034  -44.914  17.648 0.0000000000
52627  -50.526  -35.321  20.035 0.0000000000
49504  -50.733  -37.643  18.938 0.0000000000
50625  -51.139  -36.727  19.204 0.0000000000
48293  -51.172  -38.747  18.115 0.0000000000
44561  -53.416  -41.399  16.698 0.0000000000
50636  -53.002  -37.105  18.831 0.0000000000
48309  -53.381  -38.210  16.382 0.0000000000
48308  -52.559  -38.623  16.883 0.0000000000
47051  -52.427  -39.761  16.603 0.0000000000
45762  -53.493  -41.180  16.294 0.0000000000
44562  -54.020  -41.671  16.396 0.0000000000
36066  -21.527  -48.072  35.289 0.0000000000
37329  -21.641  -48.000  34.636 0.0000000000
36082  -21.123  -48.328  34.581 0.0000000000
36188  -21.379  -48.485  28.336 0.0000000000
37439  -21.798  -47.689  27.766 0.0000000000
34864  -25.954  -49.303  32.952 0.0000000000
36143  -25.469  -48.705  31.344 0.0000000000
36164  -26.197  -48.847  30.258 0.0000000000
36163  -25.542  -48.615  30.531 0.0000000000
36174  -25.049  -48.316  30.117 0.0000000000
37432  -24.552  -47.919  29.778 0.0000000000
37442  -24.736  -47.859  28.755 0.0000000000
36254  -27.141  -48.008  25.897 0.0000000000
36235  -26.316  -48.267  27.087 0.0000000000
37462  -25.259  -47.853  27.921 0.0000000000
37532  -23.490  -47.348  24.559 0.0000000000
33828  -28.024  -49.799  21.892 0.0000000000
36177  -36.679  -49.365  29.220 0.0000000000
34962  -36.079  -49.067  28.979 0.0000000000
34961  -35.256  -49.156  29.000 0.0000000000
36199  -34.700  -48.591  28.378 0.0000000000
37467  -36.922  -47.120  27.780 0.0000000000
37466  -35.835  -47.189  27.598 0.0000000000
37465  -34.845  -47.315  27.285 0.0000000000
37513  -34.578  -46.832  25.352 0.0000000000
37542  -34.011  -47.340  24.278 0.0000000000
37566  -34.100  -47.958  23.722 0.0000000000
36289  -33.798  -48.594  23.644 0.0000000000
32570  -41.175  -51.969  25.763 0.0000000000
33772  -39.637  -50.461  25.475 0.0000000000
33771  -38.563  -50.358  25.332 0.0000000000
34985  -37.571  -49.640  24.983 0.0000000000
33783  -35.940  -50.104  24.602 0.0000000000
35013  -34.944  -48.761  23.964 0.0000000000
35012  -34.413  -49.143  23.892 0.0000000000
35011  -33.528  -49.645  23.789 0.0000000000
33780  -33.406  -50.617  24.062 0.0000000000
32572  -42.611  -51.155  24.931 0.0000000000
32612  -27.502  -50.984  22.617 0.0000000000
33684  -30.950  -51.463  32.445 0.0000000000
33704  -33.947  -51.412  31.336 0.0000000000
33708  -38.911  -50.249  31.421 0.0000000000
33734  -29.864  -50.003  30.135 0.0000000000
34902  -28.308  -50.021  31.352 0.0000000000
34919  -29.141  -49.850  30.529 0.0000000000
34926  -40.833  -49.411  30.890 0.0000000000
34930  -26.872  -49.133  29.296 0.0000000000
35002  -37.817  -48.787  24.848 0.0000000000
35005  -44.203  -48.935  25.189 0.0000000000
35021  -25.859  -49.427  21.899 0.0000000000
35026  -31.117  -49.502  22.889 0.0000000000
35036  -26.436  -49.475  21.802 0.0000000000
35039  -28.140  -49.570  21.929 0.0000000000
36081  -20.530  -48.826  34.488 0.0000000000
36100  -23.745  -48.122  33.251 0.0000000000
36131  -38.772  -48.888  31.974 0.0000000000
36141  -23.897  -47.929  32.146 0.0000000000
36144  -25.973  -48.892  30.891 0.0000000000
36152  -41.652  -48.695  31.093 0.0000000000
36280  -44.181  -48.601  25.227 0.0000000000
36312  -26.622  -48.912  21.841 0.0000000000
37299  -22.993  -47.913  36.880 0.0000000000
37314  -21.931  -47.822  34.901 0.0000000000
37330  -22.041  -47.693  34.294 0.0000000000
37399  -41.995  -48.441  31.079 0.0000000000
37417  -39.346  -46.996  31.112 0.0000000000
37454  -45.408  -47.500  27.858 0.0000000000
37475  -45.340  -48.054  27.706 0.0000000000
37476  -45.525  -47.764  27.461 0.0000000000
38604  -45.470  -47.327  27.693 0.0000000000
38608  -35.920  -46.778  26.890 0.0000000000
38619  -35.116  -46.643  26.106 0.0000000000
38627  -45.597  -47.122  26.999 0.0000000000
38677  -52.181  -46.225  21.139 0.0000000000
39741  -52.030  -45.944  21.510 0.0000000000
40774  -44.008  -44.047  27.002 0.0000000000
40799  -43.065  -44.384  25.240 0.0000000000
40857  -53.053  -45.255  20.416 0.0000000000
40868  -48.021  -45.188  20.340 0.0000000000
40892  -52.945  -45.450  18.189 0.0000000000
40918  -55.715  -44.142  16.822 0.0000000000
41866  -44.501  -42.561  31.787 0.0000000000
42002  -38.879  -44.276  24.040 0.0000000000
42024  -51.197  -42.701  23.592 0.0000000000
42025  -51.413  -42.766  23.529 0.0000000000
42064  -53.279  -42.858  20.465 0.0000000000
43075  -43.501  -41.674  32.984 0.0000000000
43133  -44.412  -42.454  30.421 0.0000000000
43228  -51.131  -42.448  23.889 0.0000000000
43229  -51.735  -42.490  23.846 0.0000000000
43288  -53.607  -42.748  19.350 0.0000000000
43324  -55.465  -43.461  17.150 0.0000000000
43363  -55.034  -42.077  16.140 0.0000000000
44310  -42.970  -41.896  33.135 0.0000000000
44429  -51.398  -41.417  24.510 0.0000000000
44462  -50.113  -41.379  22.817 0.0000000000
44482  -50.372  -42.019  21.769 0.0000000000
44543  -53.766  -41.862  17.135 0.0000000000
45582  -39.777  -40.049  27.151 0.0000000000
45631  -50.970  -40.841  24.900 0.0000000000
45650  -52.426  -40.366  23.679 0.0000000000
45688  -50.169  -41.383  22.138 0.0000000000
45689  -52.209  -40.706  22.081 0.0000000000
45748  -51.712  -40.164  17.863 0.0000000000
45772  -53.294  -40.277  15.805 0.0000000000
46914  -48.061  -39.247  24.782 0.0000000000
46917  -52.157  -39.856  24.663 0.0000000000
46918  -52.445  -40.075  24.068 0.0000000000
46936  -51.629  -39.384  23.537 0.0000000000
46937  -52.137  -39.781  23.674 0.0000000000
48164  -50.993  -39.143  26.374 0.0000000000
48208  -46.950  -38.415  23.653 0.0000000000
48250  -50.358  -38.733  21.365 0.0000000000
49367  -50.571  -37.911  25.991 0.0000000000
49404  -50.566  -37.807  24.562 0.0000000000
49458  -49.632  -37.834  21.848 0.0000000000
49491  -50.151  -37.541  19.899 0.0000000000
50441  -39.675  -36.577  32.063 0.0000000000
50451  -39.737  -36.643  31.695 0.0000000000
50462  -46.701  -36.226  30.130 0.0000000000
50500  -45.644  -37.011  27.857 0.0000000000
50502  -49.167  -36.745  27.384 0.0000000000
50547  -49.543  -36.963  25.103 0.0000000000
51469  -39.752  -36.110  31.834 0.0000000000
51505  -41.603  -35.363  29.685 0.0000000000
51509  -45.600  -35.975  29.764 0.0000000000
52615  -47.468  -34.483  20.865 0.0000000000
54698  -47.043  -32.538  21.082 0.0000000000
54720  -47.578  -32.630  20.756 0.0000000000
55900  -47.427  -32.170  21.012 0.0000000000
