#!ascii label  , from subject 3369 vox2ras=TkReg
1114
33620  -8.786  -49.188  37.335 0.0000000000
45579  -30.586  -39.753  27.002 0.0000000000
55780  -27.563  -32.730  27.594 0.0000000000
46769  -24.791  -39.419  33.664 0.0000000000
62609  -34.545  -25.641  19.013 0.0000000000
61433  -30.143  -25.277  23.070 0.0000000000
43107  -31.600  -41.942  31.948 0.0000000000
44359  -27.989  -40.957  29.632 0.0000000000
63603  -39.630  -25.038  21.615 0.0000000000
67873  -41.991  -20.646  20.600 0.0000000000
69983  -44.765  -17.740  19.805 0.0000000000
59143  -29.965  -28.196  31.401 0.0000000000
60301  -27.477  -27.613  25.586 0.0000000000
62507  -32.553  -24.978  29.102 0.0000000000
62546  -36.204  -25.715  25.162 0.0000000000
46766  -17.504  -39.597  33.594 0.0000000000
31263  -7.261  -52.781  40.376 0.0000000000
50505  -30.484  -36.624  27.065 0.0000000000
54528  -28.961  -32.974  31.857 0.0000000000
49301  -20.751  -37.299  30.454 0.0000000000
48151  -24.408  -38.393  26.552 0.0000000000
72175  -41.169  -16.727  15.040 0.0000000000
74168  -45.012  -14.461  19.203 0.0000000000
60399  -33.513  -27.368  20.303 0.0000000000
57064  -37.959  -28.926  22.497 0.0000000000
37327  -11.360  -46.659  34.511 0.0000000000
27321  -3.960  -55.762  36.002 0.0000000000
64647  -41.603  -23.175  20.864 0.0000000000
61359  -31.389  -26.321  29.904 0.0000000000
44300  -17.182  -41.334  31.707 0.0000000000
33600  -8.009  -50.916  39.137 0.0000000000
49373  -29.467  -38.031  25.144 0.0000000000
48152  -31.734  -38.365  26.524 0.0000000000
48091  -22.896  -37.550  31.682 0.0000000000
49316  -23.036  -37.146  29.334 0.0000000000
48104  -24.333  -37.844  30.333 0.0000000000
44392  -29.151  -40.910  27.864 0.0000000000
45576  -27.093  -40.553  27.402 0.0000000000
46889  -27.476  -39.818  24.883 0.0000000000
46757  -22.722  -38.815  34.544 0.0000000000
48058  -21.520  -38.204  33.613 0.0000000000
67907  -38.275  -20.240  17.914 0.0000000000
71100  -41.117  -17.883  16.217 0.0000000000
72133  -45.565  -16.482  19.173 0.0000000000
61431  -28.680  -26.430  24.350 0.0000000000
61467  -32.269  -25.856  21.615 0.0000000000
59237  -36.268  -28.572  23.955 0.0000000000
40656  -14.699  -43.448  34.065 0.0000000000
39544  -13.774  -44.294  35.818 0.0000000000
38464  -13.318  -46.063  36.605 0.0000000000
38509  -12.941  -46.151  33.118 0.0000000000
28769  -4.903  -54.771  34.661 0.0000000000
44382  -31.065  -40.838  29.132 0.0000000000
46835  -31.845  -38.981  29.771 0.0000000000
45504  -32.515  -39.443  31.938 0.0000000000
45479  -26.411  -40.917  34.259 0.0000000000
46807  -26.190  -39.943  31.424 0.0000000000
44303  -28.146  -41.538  32.466 0.0000000000
41902  -29.732  -42.471  30.515 0.0000000000
62600  -36.959  -25.311  20.593 0.0000000000
64643  -37.602  -23.350  20.960 0.0000000000
67870  -39.124  -20.633  20.541 0.0000000000
68922  -40.813  -19.083  20.014 0.0000000000
69998  -41.515  -17.710  19.213 0.0000000000
68907  -43.335  -19.564  20.565 0.0000000000
56972  -28.186  -30.033  29.090 0.0000000000
57006  -27.153  -30.192  27.059 0.0000000000
59178  -28.612  -28.060  28.074 0.0000000000
61391  -29.629  -26.277  27.089 0.0000000000
62542  -30.722  -24.813  25.845 0.0000000000
62556  -33.425  -24.901  24.268 0.0000000000
62522  -34.801  -24.547  26.617 0.0000000000
45462  -16.593  -39.906  35.164 0.0000000000
43066  -15.972  -42.105  33.322 0.0000000000
76967  -44.216  -11.448  15.383 0.0000000000
30049  -4.626  -53.358  40.869 0.0000000000
50557  -28.834  -36.862  24.999 0.0000000000
52501  -29.965  -35.028  27.873 0.0000000000
51489  -31.917  -36.944  30.144 0.0000000000
53461  -30.257  -35.012  29.685 0.0000000000
54550  -28.602  -32.565  29.694 0.0000000000
58048  -29.387  -29.818  31.939 0.0000000000
46846  -26.269  -39.524  28.367 0.0000000000
48032  -20.010  -38.627  35.359 0.0000000000
46804  -18.956  -38.580  31.908 0.0000000000
72151  -42.091  -16.345  17.808 0.0000000000
74174  -42.376  -14.789  17.255 0.0000000000
76040  -43.507  -12.673  17.244 0.0000000000
76953  -45.083  -11.709  19.174 0.0000000000
36078  -8.231  -48.205  34.622 0.0000000000
33629  -6.734  -50.505  36.025 0.0000000000
60420  -33.806  -27.207  19.481 0.0000000000
61435  -34.745  -26.733  23.255 0.0000000000
59309  -34.751  -29.014  21.206 0.0000000000
60402  -36.717  -27.407  20.487 0.0000000000
61470  -38.862  -26.525  22.161 0.0000000000
36061  -9.987  -47.817  36.030 0.0000000000
32425  -6.054  -51.613  36.783 0.0000000000
30086  -5.122  -53.426  38.373 0.0000000000
28710  -4.039  -54.074  37.907 0.0000000000
33601  -8.703  -50.039  38.919 0.0000000000
45606  -30.060  -39.680  25.599 0.0000000000
46891  -30.117  -39.038  25.603 0.0000000000
46873  -31.217  -39.025  26.576 0.0000000000
48077  -23.837  -38.396  32.372 0.0000000000
48092  -23.514  -37.727  31.381 0.0000000000
48093  -24.544  -38.476  31.624 0.0000000000
45578  -29.835  -40.454  27.433 0.0000000000
44404  -28.751  -40.792  27.249 0.0000000000
45605  -29.222  -39.961  25.671 0.0000000000
46890  -28.010  -39.564  24.830 0.0000000000
45477  -25.180  -40.031  34.320 0.0000000000
46746  -24.269  -40.163  35.464 0.0000000000
46758  -23.537  -39.079  34.341 0.0000000000
48060  -23.264  -38.476  33.298 0.0000000000
70017  -40.608  -18.763  16.661 0.0000000000
53502  -27.842  -34.004  26.847 0.0000000000
54596  -26.821  -33.047  26.205 0.0000000000
61432  -29.533  -25.695  23.924 0.0000000000
61464  -28.446  -26.239  21.886 0.0000000000
62589  -31.198  -25.215  22.136 0.0000000000
40666  -14.396  -44.543  33.107 0.0000000000
40644  -13.960  -43.859  35.466 0.0000000000
39575  -13.781  -45.019  34.388 0.0000000000
39574  -13.373  -45.468  34.779 0.0000000000
39602  -13.413  -45.831  32.835 0.0000000000
44344  -31.396  -41.857  30.878 0.0000000000
45520  -32.157  -40.635  31.305 0.0000000000
44305  -32.057  -41.329  32.046 0.0000000000
44259  -27.119  -41.582  35.226 0.0000000000
44301  -26.804  -41.119  33.198 0.0000000000
43056  -28.138  -41.813  34.407 0.0000000000
41857  -30.716  -41.845  32.526 0.0000000000
41856  -29.815  -41.906  31.733 0.0000000000
41904  -30.644  -42.854  30.579 0.0000000000
43143  -30.407  -42.273  29.681 0.0000000000
62602  -38.733  -25.615  21.501 0.0000000000
63611  -37.145  -24.387  20.851 0.0000000000
63613  -39.540  -24.361  21.105 0.0000000000
66796  -41.650  -21.606  20.544 0.0000000000
66795  -40.640  -21.566  20.662 0.0000000000
67872  -41.030  -20.699  20.570 0.0000000000
68903  -39.491  -19.927  20.366 0.0000000000
68905  -41.398  -19.811  20.400 0.0000000000
68923  -41.750  -18.881  20.209 0.0000000000
67874  -42.924  -20.466  20.937 0.0000000000
58067  -28.954  -29.272  30.476 0.0000000000
58076  -28.686  -28.924  28.773 0.0000000000
59164  -29.485  -27.974  30.017 0.0000000000
61360  -31.911  -25.840  29.596 0.0000000000
61369  -30.379  -26.230  28.765 0.0000000000
62505  -31.281  -25.189  28.786 0.0000000000
62530  -30.172  -25.437  26.560 0.0000000000
63561  -31.445  -24.616  27.452 0.0000000000
63563  -33.056  -24.312  26.490 0.0000000000
63544  -33.617  -24.394  28.252 0.0000000000
46740  -18.121  -38.748  35.423 0.0000000000
46724  -17.244  -39.180  36.258 0.0000000000
46755  -17.476  -39.437  34.577 0.0000000000
43078  -16.461  -42.107  32.593 0.0000000000
77905  -44.805  -10.803  16.397 0.0000000000
77910  -45.318  -10.404  15.626 0.0000000000
30058  -6.433  -52.935  40.737 0.0000000000
49375  -30.153  -37.662  26.289 0.0000000000
49394  -29.175  -37.617  24.791 0.0000000000
50520  -29.750  -36.471  26.344 0.0000000000
51554  -29.791  -35.758  26.626 0.0000000000
52518  -30.428  -35.486  27.786 0.0000000000
48107  -32.300  -38.039  30.866 0.0000000000
49318  -32.200  -37.623  29.918 0.0000000000
50448  -31.921  -37.122  31.050 0.0000000000
53440  -29.653  -34.041  32.056 0.0000000000
53441  -30.136  -34.940  31.199 0.0000000000
53450  -29.568  -34.083  31.138 0.0000000000
53473  -29.540  -34.229  29.301 0.0000000000
54538  -29.104  -33.156  30.919 0.0000000000
55724  -28.729  -31.240  30.791 0.0000000000
55695  -29.245  -31.040  32.026 0.0000000000
49341  -23.601  -37.567  27.753 0.0000000000
45534  -26.846  -40.335  30.786 0.0000000000
46833  -26.393  -39.674  29.535 0.0000000000
45563  -26.854  -40.210  28.760 0.0000000000
46888  -25.890  -39.571  25.692 0.0000000000
46742  -20.404  -38.943  35.910 0.0000000000
49274  -20.623  -37.612  32.018 0.0000000000
48073  -19.732  -37.912  32.685 0.0000000000
49286  -19.766  -37.753  31.116 0.0000000000
48102  -19.331  -38.274  30.990 0.0000000000
69981  -43.074  -17.855  19.681 0.0000000000
72140  -41.754  -16.987  18.234 0.0000000000
71075  -43.468  -16.903  19.088 0.0000000000
73199  -44.924  -15.229  18.794 0.0000000000
73198  -44.276  -15.516  18.522 0.0000000000
74171  -44.386  -14.438  18.622 0.0000000000
75114  -42.661  -13.700  16.966 0.0000000000
75111  -43.977  -13.447  18.406 0.0000000000
76038  -44.065  -12.454  18.159 0.0000000000
75108  -44.926  -13.365  19.451 0.0000000000
58096  -26.847  -29.512  26.449 0.0000000000
57004  -26.495  -30.543  25.743 0.0000000000
60440  -32.932  -27.365  18.423 0.0000000000
62545  -35.249  -25.263  24.976 0.0000000000
62571  -33.738  -25.744  23.145 0.0000000000
61417  -34.911  -26.418  23.736 0.0000000000
58140  -37.132  -28.919  23.527 0.0000000000
59276  -35.050  -29.269  23.199 0.0000000000
57084  -35.823  -30.293  21.339 0.0000000000
59310  -35.555  -28.803  20.903 0.0000000000
58196  -37.212  -28.974  21.029 0.0000000000
60403  -37.590  -27.321  21.103 0.0000000000
59292  -38.675  -27.829  22.190 0.0000000000
38463  -12.723  -46.544  36.363 0.0000000000
37294  -11.643  -47.180  36.280 0.0000000000
36029  -11.115  -47.905  37.247 0.0000000000
37310  -10.704  -47.430  35.587 0.0000000000
37325  -9.956  -47.289  34.559 0.0000000000
37326  -10.861  -46.812  34.325 0.0000000000
32452  -6.064  -50.950  34.369 0.0000000000
32437  -6.491  -51.147  36.427 0.0000000000
32435  -5.629  -51.846  35.768 0.0000000000
28757  -4.284  -55.210  35.663 0.0000000000
30102  -5.183  -53.535  36.766 0.0000000000
28744  -4.724  -54.219  37.144 0.0000000000
30085  -4.549  -53.615  38.382 0.0000000000
28726  -4.331  -54.180  37.664 0.0000000000
43057  -28.855  -42.131  34.281 0.0000000000
63595  -41.239  -24.107  22.295 0.0000000000
64631  -41.162  -23.787  21.053 0.0000000000
64624  -42.667  -23.309  22.354 0.0000000000
60244  -30.740  -26.739  30.444 0.0000000000
46803  -17.957  -39.498  31.519 0.0000000000
45499  -17.101  -40.752  32.279 0.0000000000
32394  -8.614  -51.560  40.412 0.0000000000
32401  -7.532  -51.671  39.449 0.0000000000
48187  -28.842  -38.473  24.295 0.0000000000
48169  -30.101  -38.404  25.942 0.0000000000
49355  -31.555  -37.773  26.821 0.0000000000
56917  -30.107  -30.644  33.537 0.0000000000
49288  -21.216  -37.333  31.339 0.0000000000
49315  -22.057  -36.918  29.421 0.0000000000
49303  -22.874  -37.157  30.538 0.0000000000
49317  -23.892  -37.395  29.277 0.0000000000
48126  -24.583  -37.829  28.046 0.0000000000
44379  -28.621  -41.079  28.600 0.0000000000
44377  -27.228  -40.539  28.547 0.0000000000
44390  -27.670  -40.816  27.198 0.0000000000
44402  -27.709  -40.768  26.685 0.0000000000
45642  -26.838  -39.663  23.659 0.0000000000
46744  -22.427  -39.045  35.400 0.0000000000
48034  -21.534  -38.570  35.127 0.0000000000
48046  -22.085  -38.541  34.386 0.0000000000
48075  -21.922  -37.706  32.885 0.0000000000
66818  -37.194  -20.947  18.619 0.0000000000
71101  -41.181  -17.706  15.413 0.0000000000
71053  -46.538  -17.586  20.403 0.0000000000
71077  -44.985  -16.926  18.988 0.0000000000
60324  -28.084  -27.046  24.869 0.0000000000
60397  -31.682  -26.643  19.834 0.0000000000
61480  -32.568  -26.568  20.996 0.0000000000
61393  -37.643  -26.385  26.418 0.0000000000
61419  -36.366  -26.677  24.523 0.0000000000
60304  -37.822  -27.237  25.343 0.0000000000
43037  -14.784  -42.096  35.293 0.0000000000
41818  -14.319  -43.151  35.754 0.0000000000
39535  -13.682  -44.110  36.788 0.0000000000
38481  -13.484  -45.429  36.184 0.0000000000
38480  -13.184  -45.855  35.542 0.0000000000
38495  -11.760  -46.411  34.367 0.0000000000
37343  -11.535  -46.896  32.943 0.0000000000
38524  -12.590  -46.612  32.490 0.0000000000
45566  -30.720  -40.069  28.197 0.0000000000
46847  -31.403  -39.313  28.162 0.0000000000
45551  -31.578  -39.799  29.772 0.0000000000
46823  -32.042  -39.014  30.683 0.0000000000
46770  -25.291  -39.750  33.418 0.0000000000
46786  -25.415  -39.567  32.844 0.0000000000
45501  -26.348  -40.645  32.761 0.0000000000
44323  -26.912  -40.982  32.427 0.0000000000
44341  -27.746  -41.151  30.821 0.0000000000
43067  -28.747  -41.837  33.260 0.0000000000
43079  -28.927  -41.755  32.030 0.0000000000
44342  -28.723  -41.637  30.469 0.0000000000
44360  -29.042  -41.518  29.477 0.0000000000
44381  -30.362  -41.108  28.700 0.0000000000
45465  -25.641  -40.835  35.309 0.0000000000
62599  -35.792  -25.395  20.213 0.0000000000
63625  -34.903  -24.433  19.382 0.0000000000
63610  -36.107  -24.474  20.539 0.0000000000
64642  -36.405  -23.204  20.514 0.0000000000
66791  -36.732  -21.735  20.158 0.0000000000
64645  -39.889  -23.325  20.845 0.0000000000
66793  -38.605  -21.341  20.861 0.0000000000
67884  -37.465  -20.417  20.114 0.0000000000
67885  -37.926  -19.871  19.619 0.0000000000
69977  -39.296  -18.804  19.195 0.0000000000
69996  -39.954  -18.523  18.407 0.0000000000
70009  -40.625  -18.197  17.591 0.0000000000
69979  -41.191  -18.293  19.613 0.0000000000
69980  -42.092  -17.955  19.837 0.0000000000
68926  -44.317  -18.423  20.172 0.0000000000
67876  -45.164  -20.341  21.242 0.0000000000
69963  -45.834  -18.443  20.709 0.0000000000
55763  -27.692  -31.449  28.131 0.0000000000
55779  -27.314  -31.863  27.392 0.0000000000
56989  -27.426  -30.309  27.728 0.0000000000
58083  -27.653  -29.228  27.338 0.0000000000
59188  -27.669  -28.297  27.030 0.0000000000
60260  -29.834  -26.631  28.822 0.0000000000
60284  -29.254  -26.708  27.606 0.0000000000
61389  -28.439  -26.751  26.656 0.0000000000
61400  -29.136  -26.243  26.032 0.0000000000
62552  -29.766  -25.566  24.911 0.0000000000
62568  -30.562  -25.091  23.900 0.0000000000
62569  -31.622  -24.820  23.550 0.0000000000
63578  -32.224  -24.411  25.046 0.0000000000
63572  -33.735  -24.595  25.261 0.0000000000
62533  -35.624  -24.952  25.961 0.0000000000
62523  -35.817  -24.613  27.126 0.0000000000
61381  -37.275  -25.641  27.332 0.0000000000
44242  -15.662  -40.866  35.476 0.0000000000
44287  -16.535  -40.797  33.156 0.0000000000
44271  -16.119  -41.242  33.864 0.0000000000
43038  -15.387  -41.717  34.804 0.0000000000
41838  -15.159  -43.019  34.000 0.0000000000
52533  -28.543  -34.975  26.237 0.0000000000
54599  -28.344  -33.785  27.584 0.0000000000
46862  -31.813  -38.487  28.179 0.0000000000
49343  -31.680  -38.165  28.245 0.0000000000
51528  -30.941  -36.510  28.844 0.0000000000
52466  -31.179  -35.988  29.993 0.0000000000
52503  -30.914  -35.686  28.399 0.0000000000
53484  -30.359  -35.057  28.274 0.0000000000
53483  -29.474  -34.385  28.317 0.0000000000
55753  -28.074  -33.129  28.247 0.0000000000
54564  -28.266  -31.677  29.480 0.0000000000
56956  -28.720  -30.181  30.641 0.0000000000
58061  -29.580  -28.946  31.770 0.0000000000
58034  -30.401  -29.460  33.386 0.0000000000
59115  -30.469  -28.439  33.055 0.0000000000
46806  -25.656  -39.333  31.621 0.0000000000
46832  -25.721  -39.039  29.055 0.0000000000
48138  -25.016  -38.372  27.362 0.0000000000
45575  -26.645  -40.073  27.755 0.0000000000
46859  -26.123  -39.294  27.163 0.0000000000
48023  -19.148  -38.788  36.120 0.0000000000
48042  -18.743  -38.591  34.860 0.0000000000
48044  -20.243  -38.371  34.587 0.0000000000
48056  -19.647  -38.285  33.839 0.0000000000
46782  -18.361  -38.981  32.971 0.0000000000
46819  -18.713  -38.869  30.727 0.0000000000
71083  -41.171  -17.775  17.419 0.0000000000
72160  -41.368  -16.963  17.052 0.0000000000
72161  -41.909  -16.074  17.138 0.0000000000
72143  -43.949  -16.297  18.735 0.0000000000
73204  -42.390  -15.671  17.479 0.0000000000
73213  -41.562  -15.863  16.462 0.0000000000
74180  -41.576  -14.990  15.907 0.0000000000
75121  -42.004  -13.887  15.045 0.0000000000
76046  -42.492  -13.337  15.215 0.0000000000
76963  -43.725  -11.992  16.187 0.0000000000
76961  -44.362  -11.490  17.263 0.0000000000
36059  -8.399  -48.302  35.605 0.0000000000
34815  -7.646  -49.812  36.525 0.0000000000
34827  -7.416  -49.110  35.453 0.0000000000
54615  -26.580  -32.289  26.097 0.0000000000
61494  -34.399  -26.410  19.078 0.0000000000
62581  -31.973  -25.377  22.550 0.0000000000
61451  -33.072  -26.007  22.136 0.0000000000
61469  -33.697  -27.047  21.595 0.0000000000
61436  -35.208  -27.508  23.588 0.0000000000
60357  -34.489  -28.235  22.379 0.0000000000
60378  -33.980  -27.521  21.161 0.0000000000
60400  -34.650  -27.827  20.705 0.0000000000
60421  -34.932  -27.138  19.989 0.0000000000
61496  -35.758  -26.508  20.038 0.0000000000
61482  -37.289  -26.424  20.675 0.0000000000
61483  -37.990  -26.494  21.281 0.0000000000
62593  -39.313  -25.733  22.272 0.0000000000
34793  -10.356  -48.998  38.366 0.0000000000
36014  -10.798  -48.437  37.734 0.0000000000
34817  -9.316  -48.687  36.990 0.0000000000
37308  -8.889  -47.692  35.420 0.0000000000
37340  -9.232  -47.714  33.681 0.0000000000
33618  -7.548  -50.577  37.252 0.0000000000
32416  -7.053  -51.129  37.856 0.0000000000
31291  -6.380  -52.060  38.413 0.0000000000
31310  -5.505  -52.427  36.426 0.0000000000
31290  -5.573  -52.822  38.029 0.0000000000
31276  -5.690  -52.748  38.835 0.0000000000
30074  -5.159  -53.294  39.288 0.0000000000
28699  -4.364  -53.336  39.885 0.0000000000
27320  -3.605  -55.583  36.180 0.0000000000
28724  -3.455  -54.242  36.933 0.0000000000
34792  -9.457  -49.461  38.687 0.0000000000
33610  -8.721  -49.549  38.047 0.0000000000
45591  -30.024  -40.201  26.263 0.0000000000
45592  -30.699  -39.793  26.096 0.0000000000
46784  -24.315  -38.638  32.569 0.0000000000
48078  -24.392  -38.586  32.261 0.0000000000
46785  -24.874  -38.844  32.490 0.0000000000
45590  -28.935  -40.549  26.536 0.0000000000
46759  -24.431  -39.781  34.882 0.0000000000
46768  -24.143  -38.743  33.153 0.0000000000
70016  -40.118  -19.439  16.962 0.0000000000
53501  -27.095  -33.463  26.310 0.0000000000
54597  -27.181  -32.861  26.760 0.0000000000
61448  -29.364  -25.593  22.562 0.0000000000
61465  -29.607  -25.721  21.182 0.0000000000
61449  -30.347  -25.176  22.143 0.0000000000
40680  -14.477  -44.882  32.610 0.0000000000
39589  -14.037  -44.960  33.628 0.0000000000
39588  -13.472  -45.541  33.663 0.0000000000
44326  -31.398  -41.974  31.322 0.0000000000
44327  -31.690  -41.608  31.415 0.0000000000
43055  -27.626  -41.806  35.129 0.0000000000
44275  -27.327  -41.508  34.447 0.0000000000
41879  -31.351  -42.093  32.067 0.0000000000
41877  -30.725  -42.276  31.537 0.0000000000
41878  -31.215  -42.158  31.839 0.0000000000
43145  -31.261  -42.517  30.507 0.0000000000
43040  -27.325  -42.043  36.013 0.0000000000
63612  -38.193  -24.511  21.106 0.0000000000
66797  -42.580  -21.438  20.924 0.0000000000
68906  -42.340  -19.669  20.580 0.0000000000
59142  -29.404  -28.730  30.963 0.0000000000
59154  -29.274  -28.531  30.182 0.0000000000
59155  -29.722  -28.027  30.561 0.0000000000
62487  -32.324  -25.294  29.372 0.0000000000
61371  -31.691  -25.416  29.237 0.0000000000
62506  -32.026  -24.879  28.929 0.0000000000
63552  -31.471  -24.694  27.896 0.0000000000
63542  -32.259  -24.746  28.610 0.0000000000
63554  -32.918  -24.476  27.620 0.0000000000
63543  -32.766  -24.741  28.658 0.0000000000
46767  -18.209  -39.070  34.177 0.0000000000
77901  -45.760  -10.164  17.344 0.0000000000
77906  -45.434  -10.291  16.444 0.0000000000
30059  -7.197  -53.048  41.038 0.0000000000
50521  -30.478  -37.050  26.691 0.0000000000
50537  -29.861  -37.031  26.301 0.0000000000
51555  -30.169  -36.364  26.815 0.0000000000
51541  -30.289  -36.009  27.262 0.0000000000
50439  -32.210  -37.461  31.028 0.0000000000
49292  -31.729  -37.229  31.787 0.0000000000
54521  -28.934  -32.804  32.856 0.0000000000
55710  -28.903  -31.896  31.532 0.0000000000
55696  -29.196  -31.552  32.607 0.0000000000
49313  -20.220  -37.682  29.649 0.0000000000
49314  -21.088  -37.242  29.552 0.0000000000
45550  -27.490  -40.804  30.304 0.0000000000
45549  -27.039  -40.426  29.950 0.0000000000
49287  -20.374  -37.486  31.207 0.0000000000
49299  -19.625  -37.950  30.500 0.0000000000
70000  -43.729  -17.364  19.501 0.0000000000
69999  -43.217  -17.334  19.347 0.0000000000
70001  -44.328  -17.407  19.554 0.0000000000
74172  -44.810  -14.739  18.838 0.0000000000
74167  -44.653  -14.169  18.887 0.0000000000
75110  -43.479  -13.778  17.971 0.0000000000
75107  -44.482  -13.557  18.871 0.0000000000
59206  -27.037  -28.519  26.180 0.0000000000
59205  -26.564  -29.167  25.693 0.0000000000
59235  -26.765  -28.359  24.976 0.0000000000
60398  -32.499  -26.925  20.188 0.0000000000
60439  -32.090  -27.308  18.501 0.0000000000
60419  -32.811  -27.225  19.339 0.0000000000
62557  -34.663  -25.806  23.965 0.0000000000
62558  -35.693  -26.017  24.489 0.0000000000
57049  -37.584  -29.117  22.947 0.0000000000
57048  -37.128  -29.820  23.144 0.0000000000
57063  -37.620  -29.590  22.435 0.0000000000
58178  -36.779  -30.039  20.862 0.0000000000
57087  -38.056  -29.138  21.983 0.0000000000
59291  -38.288  -28.337  21.767 0.0000000000
58181  -38.437  -28.430  22.123 0.0000000000
38479  -12.286  -46.525  35.321 0.0000000000
37311  -11.489  -46.918  35.047 0.0000000000
37293  -11.128  -47.529  36.084 0.0000000000
32451  -5.747  -51.325  35.097 0.0000000000
28743  -4.067  -54.799  36.583 0.0000000000
61341  -31.762  -26.544  31.530 0.0000000000
46802  -17.436  -40.149  31.866 0.0000000000
33593  -8.480  -51.114  40.124 0.0000000000
32402  -7.935  -51.673  39.907 0.0000000000
32410  -7.684  -51.415  39.354 0.0000000000
46909  -29.208  -38.901  24.831 0.0000000000
46892  -30.679  -38.853  26.054 0.0000000000
48170  -31.105  -38.265  26.289 0.0000000000
49376  -31.160  -37.739  26.529 0.0000000000
48171  -31.769  -37.996  26.430 0.0000000000
49289  -22.280  -37.291  31.575 0.0000000000
49290  -22.913  -37.413  31.309 0.0000000000
48103  -23.594  -37.521  30.577 0.0000000000
48114  -24.715  -37.671  29.058 0.0000000000
44391  -28.331  -40.903  27.671 0.0000000000
45589  -27.862  -40.576  26.248 0.0000000000
45603  -27.102  -40.204  25.313 0.0000000000
45622  -26.807  -39.812  24.340 0.0000000000
46927  -27.282  -39.379  23.212 0.0000000000
46745  -23.621  -39.886  35.663 0.0000000000
46729  -22.738  -39.834  36.439 0.0000000000
48076  -22.802  -37.824  32.396 0.0000000000
48059  -22.414  -38.208  33.453 0.0000000000
49276  -22.150  -37.520  32.300 0.0000000000
66819  -37.812  -20.593  18.239 0.0000000000
60323  -27.353  -27.540  24.370 0.0000000000
60340  -27.988  -26.961  23.764 0.0000000000
61493  -31.128  -26.342  19.899 0.0000000000
61479  -31.733  -26.239  20.574 0.0000000000
60271  -38.186  -26.534  26.780 0.0000000000
61403  -37.636  -26.795  25.612 0.0000000000
59240  -39.027  -28.262  24.556 0.0000000000
41832  -14.389  -43.022  34.700 0.0000000000
43025  -14.556  -42.318  36.251 0.0000000000
40645  -14.123  -43.701  35.957 0.0000000000
40636  -13.895  -43.982  36.018 0.0000000000
38466  -13.565  -44.768  36.825 0.0000000000
39559  -13.544  -44.985  36.102 0.0000000000
39557  -13.398  -45.441  35.261 0.0000000000
38496  -12.667  -45.941  34.306 0.0000000000
38508  -12.114  -46.488  33.288 0.0000000000
45567  -31.452  -39.694  28.963 0.0000000000
44383  -31.389  -40.495  29.625 0.0000000000
45521  -32.327  -39.685  31.455 0.0000000000
45537  -32.020  -39.817  30.855 0.0000000000
45490  -25.663  -40.207  33.437 0.0000000000
45491  -26.335  -40.751  33.703 0.0000000000
44302  -27.412  -41.331  32.817 0.0000000000
44324  -27.486  -41.143  31.834 0.0000000000
43068  -29.469  -42.150  33.787 0.0000000000
41875  -29.589  -42.335  30.937 0.0000000000
41855  -29.520  -41.966  31.550 0.0000000000
43103  -28.930  -42.015  31.063 0.0000000000
43127  -29.442  -42.176  30.547 0.0000000000
44343  -29.489  -41.893  30.054 0.0000000000
44362  -30.685  -41.747  29.490 0.0000000000
45565  -30.192  -40.607  28.149 0.0000000000
44274  -26.595  -41.193  34.780 0.0000000000
45478  -25.885  -40.628  34.590 0.0000000000
63609  -35.337  -24.787  20.074 0.0000000000
65711  -36.644  -22.402  20.333 0.0000000000
65712  -37.074  -22.318  20.754 0.0000000000
64646  -40.770  -23.185  20.853 0.0000000000
66794  -39.652  -21.513  20.713 0.0000000000
66792  -37.456  -21.145  20.630 0.0000000000
67869  -38.155  -20.320  20.451 0.0000000000
68902  -38.856  -20.037  20.370 0.0000000000
68921  -39.832  -19.242  19.898 0.0000000000
69995  -39.007  -18.834  18.304 0.0000000000
69978  -40.313  -18.610  19.314 0.0000000000
68924  -42.717  -18.755  20.212 0.0000000000
68925  -43.639  -18.680  20.125 0.0000000000
55751  -28.088  -31.198  29.056 0.0000000000
56980  -27.751  -30.089  28.451 0.0000000000
58079  -28.467  -28.667  28.140 0.0000000000
58078  -27.906  -29.266  27.906 0.0000000000
59177  -28.269  -28.179  27.590 0.0000000000
60252  -29.749  -27.291  29.849 0.0000000000
60253  -30.511  -26.486  29.532 0.0000000000
61379  -30.256  -26.141  28.196 0.0000000000
60270  -29.588  -26.587  27.935 0.0000000000
60283  -28.822  -26.813  27.349 0.0000000000
61390  -28.772  -26.615  26.729 0.0000000000
61399  -28.536  -26.692  26.261 0.0000000000
62541  -29.992  -25.390  25.666 0.0000000000
62553  -30.411  -25.173  24.896 0.0000000000
62567  -30.070  -25.396  24.401 0.0000000000
62554  -31.295  -24.614  24.690 0.0000000000
63577  -31.571  -24.506  25.595 0.0000000000
63555  -33.855  -24.237  27.137 0.0000000000
63564  -33.956  -24.464  25.907 0.0000000000
62532  -34.786  -24.765  25.677 0.0000000000
62510  -36.957  -24.698  28.511 0.0000000000
62524  -36.921  -25.096  27.516 0.0000000000
61382  -37.644  -25.841  27.583 0.0000000000
45450  -16.563  -39.705  36.008 0.0000000000
45449  -15.929  -40.188  36.007 0.0000000000
45461  -16.014  -40.497  35.338 0.0000000000
45488  -16.893  -40.355  33.169 0.0000000000
45498  -16.733  -41.143  32.585 0.0000000000
43054  -15.645  -41.772  34.161 0.0000000000
43065  -15.509  -42.427  33.845 0.0000000000
41839  -15.714  -43.001  33.384 0.0000000000
49412  -28.706  -37.459  23.942 0.0000000000
51581  -28.653  -36.523  24.992 0.0000000000
52517  -29.775  -35.164  27.091 0.0000000000
52534  -29.149  -35.266  26.418 0.0000000000
52516  -28.771  -34.707  26.757 0.0000000000
53503  -28.868  -34.255  27.437 0.0000000000
45568  -31.728  -39.075  28.890 0.0000000000
46848  -31.784  -39.018  28.445 0.0000000000
46849  -31.835  -38.662  28.868 0.0000000000
50466  -32.295  -37.159  30.199 0.0000000000
49330  -31.900  -37.983  29.048 0.0000000000
50479  -31.794  -37.321  29.575 0.0000000000
50494  -31.348  -37.415  28.599 0.0000000000
51517  -31.404  -36.806  29.449 0.0000000000
53451  -30.083  -34.956  30.528 0.0000000000
53452  -30.765  -35.473  30.159 0.0000000000
53462  -30.852  -35.575  29.704 0.0000000000
52492  -30.856  -35.874  28.923 0.0000000000
52480  -30.757  -35.431  29.149 0.0000000000
52491  -30.772  -35.371  28.501 0.0000000000
53474  -30.277  -34.929  28.811 0.0000000000
54551  -29.062  -33.195  29.969 0.0000000000
54566  -28.656  -33.247  28.882 0.0000000000
54565  -28.217  -32.219  29.244 0.0000000000
54549  -28.406  -31.968  29.716 0.0000000000
55709  -29.094  -31.016  31.534 0.0000000000
56947  -29.034  -30.393  31.388 0.0000000000
58060  -29.105  -29.535  31.250 0.0000000000
56918  -30.758  -29.899  33.992 0.0000000000
49327  -22.311  -37.453  28.370 0.0000000000
45517  -26.069  -40.012  31.726 0.0000000000
48127  -25.233  -38.298  28.524 0.0000000000
46845  -25.716  -38.849  27.934 0.0000000000
45564  -27.074  -40.484  28.142 0.0000000000
45587  -26.562  -39.994  26.707 0.0000000000
48031  -19.397  -38.671  35.603 0.0000000000
48030  -18.626  -38.626  35.565 0.0000000000
48043  -19.468  -38.438  34.742 0.0000000000
48045  -21.110  -38.399  34.458 0.0000000000
48033  -20.748  -38.539  35.271 0.0000000000
48072  -19.085  -38.371  33.258 0.0000000000
46783  -19.000  -38.418  32.714 0.0000000000
69997  -40.874  -17.993  18.641 0.0000000000
71072  -41.137  -17.727  17.913 0.0000000000
72141  -42.062  -16.799  18.358 0.0000000000
72150  -41.686  -16.952  17.909 0.0000000000
72144  -45.022  -16.349  18.727 0.0000000000
74170  -43.582  -14.873  18.206 0.0000000000
73197  -43.440  -15.755  18.272 0.0000000000
73205  -42.900  -15.251  17.879 0.0000000000
73214  -42.020  -15.453  16.992 0.0000000000
74181  -41.876  -14.848  16.584 0.0000000000
75117  -41.891  -13.932  15.992 0.0000000000
75118  -42.459  -13.395  16.236 0.0000000000
76044  -42.937  -12.798  16.001 0.0000000000
76034  -44.656  -12.466  19.031 0.0000000000
76041  -43.938  -12.094  17.420 0.0000000000
76957  -44.808  -11.347  18.313 0.0000000000
76958  -45.255  -11.158  18.938 0.0000000000
34828  -8.031  -48.799  35.880 0.0000000000
36077  -7.727  -48.665  34.354 0.0000000000
55795  -26.869  -31.099  26.892 0.0000000000
54616  -26.868  -31.873  26.749 0.0000000000
55794  -26.607  -31.256  26.298 0.0000000000
60441  -33.545  -27.000  18.294 0.0000000000
62555  -32.343  -24.599  24.212 0.0000000000
62570  -32.673  -25.170  23.383 0.0000000000
61434  -34.247  -26.231  22.973 0.0000000000
62583  -33.430  -25.968  22.553 0.0000000000
61452  -33.912  -26.548  22.375 0.0000000000
61468  -33.139  -26.519  21.597 0.0000000000
60326  -36.540  -27.747  24.361 0.0000000000
60325  -35.804  -27.844  23.902 0.0000000000
59236  -35.835  -28.429  23.819 0.0000000000
58176  -34.819  -29.568  22.450 0.0000000000
59275  -34.715  -28.946  22.974 0.0000000000
59290  -34.415  -29.049  22.003 0.0000000000
60379  -34.465  -28.225  21.548 0.0000000000
59311  -36.495  -28.495  20.824 0.0000000000
60401  -35.725  -27.806  20.466 0.0000000000
60422  -35.825  -27.002  20.045 0.0000000000
61481  -36.321  -26.331  20.214 0.0000000000
60405  -38.364  -27.213  21.759 0.0000000000
60404  -38.139  -27.259  21.521 0.0000000000
61484  -38.426  -26.728  21.710 0.0000000000
36043  -10.894  -47.709  36.471 0.0000000000
36028  -10.490  -48.145  37.068 0.0000000000
34805  -10.094  -48.682  37.435 0.0000000000
36041  -9.593  -48.131  36.509 0.0000000000
36060  -9.168  -47.749  36.045 0.0000000000
37341  -10.177  -47.260  33.540 0.0000000000
37359  -9.761  -47.762  32.946 0.0000000000
32426  -6.782  -51.105  36.963 0.0000000000
32415  -6.508  -51.573  37.604 0.0000000000
32408  -6.812  -51.536  38.167 0.0000000000
30116  -5.222  -53.374  35.025 0.0000000000
31322  -5.410  -52.588  35.555 0.0000000000
30109  -5.278  -53.290  35.972 0.0000000000
30095  -5.059  -53.648  37.629 0.0000000000
31261  -5.796  -52.756  39.552 0.0000000000
28711  -4.192  -53.910  38.015 0.0000000000
30073  -4.430  -53.244  39.378 0.0000000000
28698  -4.120  -53.239  39.914 0.0000000000
27319  -3.020  -55.415  36.154 0.0000000000
28742  -3.533  -54.837  36.547 0.0000000000
33609  -8.084  -50.233  38.164 0.0000000000
45625  -29.674  -39.201  25.262 0.0000000000
45607  -30.632  -39.383  25.933 0.0000000000
48105  -25.178  -38.610  30.859 0.0000000000
45577  -29.168  -40.689  27.271 0.0000000000
45604  -28.180  -40.081  25.522 0.0000000000
45623  -28.616  -39.574  25.115 0.0000000000
45464  -24.880  -40.624  35.493 0.0000000000
48047  -22.821  -38.598  34.022 0.0000000000
68946  -38.525  -19.498  18.193 0.0000000000
52532  -27.876  -34.742  25.851 0.0000000000
61447  -28.602  -26.268  23.187 0.0000000000
61466  -31.082  -25.536  21.345 0.0000000000
62590  -31.642  -25.472  21.902 0.0000000000
41831  -13.999  -43.527  34.908 0.0000000000
40655  -14.213  -44.109  34.338 0.0000000000
39558  -13.601  -44.889  35.427 0.0000000000
38525  -13.287  -46.374  32.089 0.0000000000
44363  -31.321  -41.562  29.990 0.0000000000
44364  -31.647  -40.664  30.080 0.0000000000
44345  -31.775  -41.140  30.651 0.0000000000
45503  -32.450  -40.273  32.465 0.0000000000
44288  -26.763  -41.204  33.981 0.0000000000
44289  -27.304  -41.411  33.629 0.0000000000
44290  -27.916  -41.572  33.426 0.0000000000
43080  -29.655  -41.925  32.441 0.0000000000
43105  -30.280  -41.933  32.140 0.0000000000
41876  -30.094  -42.167  31.325 0.0000000000
41903  -30.031  -42.611  30.587 0.0000000000
43128  -30.033  -42.483  30.045 0.0000000000
41925  -30.834  -43.086  30.168 0.0000000000
62601  -37.747  -25.504  21.000 0.0000000000
63602  -37.560  -24.917  20.905 0.0000000000
64644  -38.802  -23.397  21.009 0.0000000000
65717  -42.306  -22.531  20.917 0.0000000000
65716  -41.204  -22.445  20.699 0.0000000000
67871  -40.058  -20.690  20.572 0.0000000000
68904  -40.433  -19.878  20.363 0.0000000000
58072  -28.538  -29.731  29.509 0.0000000000
56973  -28.262  -29.547  28.693 0.0000000000
58073  -28.855  -29.106  29.621 0.0000000000
59163  -29.205  -28.122  29.423 0.0000000000
59171  -28.866  -28.093  28.558 0.0000000000
60261  -30.430  -26.299  29.035 0.0000000000
61370  -30.926  -25.895  29.094 0.0000000000
61380  -30.747  -25.516  28.359 0.0000000000
62519  -30.437  -25.544  27.537 0.0000000000
62531  -30.780  -24.862  27.016 0.0000000000
63569  -31.452  -24.540  26.486 0.0000000000
63570  -32.263  -24.398  25.976 0.0000000000
63562  -32.174  -24.457  27.030 0.0000000000
48021  -17.965  -38.567  36.174 0.0000000000
46739  -17.661  -39.060  35.469 0.0000000000
45476  -16.868  -40.092  34.078 0.0000000000
44299  -16.830  -41.580  32.229 0.0000000000
41850  -16.200  -42.959  32.599 0.0000000000
76964  -44.307  -11.405  16.274 0.0000000000
77909  -44.761  -10.857  15.494 0.0000000000
77915  -45.498  -10.470  14.665 0.0000000000
30050  -5.662  -53.104  41.141 0.0000000000
49374  -29.597  -37.892  25.614 0.0000000000
49395  -29.468  -37.352  25.629 0.0000000000
49396  -29.663  -37.198  26.071 0.0000000000
50536  -29.306  -36.769  25.655 0.0000000000
51568  -28.846  -35.904  25.717 0.0000000000
51540  -30.044  -35.568  26.964 0.0000000000
48116  -32.084  -38.230  30.061 0.0000000000
48128  -31.982  -38.226  29.283 0.0000000000
49305  -32.253  -37.876  30.230 0.0000000000
50458  -32.482  -37.075  30.390 0.0000000000
50457  -32.158  -37.018  30.332 0.0000000000
52450  -30.337  -35.186  31.807 0.0000000000
53460  -29.528  -34.205  30.267 0.0000000000
55725  -28.795  -32.380  30.652 0.0000000000
55738  -28.589  -32.023  30.201 0.0000000000
56935  -29.284  -30.520  31.904 0.0000000000
49328  -23.307  -37.353  28.459 0.0000000000
46821  -26.425  -39.860  30.760 0.0000000000
45588  -27.157  -40.530  26.412 0.0000000000
46741  -19.895  -38.938  35.827 0.0000000000
48074  -20.989  -37.913  32.840 0.0000000000
48057  -20.543  -38.183  33.677 0.0000000000
49273  -19.953  -37.640  31.773 0.0000000000
48090  -19.529  -38.005  31.709 0.0000000000
48112  -19.347  -38.412  29.942 0.0000000000
71063  -42.490  -17.578  19.482 0.0000000000
71073  -41.631  -17.305  18.469 0.0000000000
71074  -42.626  -17.188  19.025 0.0000000000
72142  -42.957  -16.506  18.415 0.0000000000
74175  -42.943  -14.450  17.753 0.0000000000
76037  -43.679  -13.044  18.023 0.0000000000
76035  -45.279  -12.492  19.695 0.0000000000
36094  -8.379  -48.376  33.498 0.0000000000
36093  -7.715  -48.855  33.638 0.0000000000
57005  -26.731  -30.399  26.474 0.0000000000
58095  -26.588  -29.880  25.965 0.0000000000
58119  -26.371  -29.825  25.283 0.0000000000
58121  -36.554  -28.826  23.817 0.0000000000
59257  -35.953  -28.905  23.753 0.0000000000
58139  -36.222  -29.240  23.543 0.0000000000
58177  -35.225  -30.121  21.922 0.0000000000
58194  -35.255  -29.906  20.933 0.0000000000
57105  -35.850  -30.175  20.845 0.0000000000
58195  -36.359  -29.688  20.778 0.0000000000
59312  -37.316  -28.169  21.065 0.0000000000
58197  -37.707  -28.603  21.188 0.0000000000
59313  -38.040  -28.051  21.478 0.0000000000
60358  -39.055  -27.241  22.633 0.0000000000
37281  -12.448  -46.870  37.373 0.0000000000
36044  -11.335  -47.567  36.845 0.0000000000
36062  -10.465  -47.770  36.144 0.0000000000
37309  -9.654  -47.541  35.426 0.0000000000
33642  -6.216  -50.702  35.124 0.0000000000
33628  -6.196  -50.919  35.588 0.0000000000
32436  -6.105  -51.261  36.003 0.0000000000
32424  -5.784  -51.719  36.264 0.0000000000
28758  -4.816  -54.241  36.018 0.0000000000
28727  -4.685  -54.084  37.628 0.0000000000
30094  -4.710  -53.875  37.918 0.0000000000
43042  -28.596  -42.362  35.072 0.0000000000
126512  -30.676  -41.791  33.332 0.0000000000
63604  -40.559  -24.474  21.510 0.0000000000
63605  -41.395  -23.973  21.581 0.0000000000
64632  -41.885  -23.604  21.282 0.0000000000
64648  -42.166  -23.197  21.056 0.0000000000
66777  -43.152  -22.051  21.431 0.0000000000
66798  -43.533  -21.233  21.258 0.0000000000
60233  -30.513  -27.657  31.926 0.0000000000
60243  -30.267  -27.431  30.965 0.0000000000
60234  -31.080  -26.959  31.488 0.0000000000
61349  -31.624  -26.506  30.758 0.0000000000
61350  -32.189  -26.108  30.255 0.0000000000
63530  -33.324  -24.649  28.885 0.0000000000
46781  -17.448  -39.819  32.563 0.0000000000
31279  -7.921  -52.498  40.232 0.0000000000
31278  -7.229  -52.167  39.620 0.0000000000
48188  -29.359  -38.338  24.891 0.0000000000
46910  -29.616  -38.831  25.225 0.0000000000
48189  -29.735  -38.594  25.451 0.0000000000
48168  -29.616  -38.263  25.433 0.0000000000
50506  -30.870  -37.165  27.545 0.0000000000
49302  -21.691  -36.921  30.506 0.0000000000
49304  -23.578  -37.375  30.024 0.0000000000
49329  -24.103  -37.442  28.388 0.0000000000
49342  -24.135  -37.576  27.808 0.0000000000
44358  -27.361  -40.579  29.031 0.0000000000
44378  -27.668  -40.753  28.270 0.0000000000
44403  -28.195  -40.858  26.904 0.0000000000
46907  -27.453  -39.511  24.204 0.0000000000
46743  -21.269  -38.853  35.867 0.0000000000
49275  -21.538  -37.535  32.183 0.0000000000
69984  -45.558  -17.783  20.083 0.0000000000
71064  -44.811  -17.199  19.321 0.0000000000
71065  -45.438  -17.097  19.282 0.0000000000
72134  -46.050  -16.590  19.570 0.0000000000
75102  -45.571  -13.731  20.131 0.0000000000
61402  -37.056  -26.272  25.674 0.0000000000
62559  -36.140  -26.109  24.678 0.0000000000
60303  -37.243  -27.222  24.902 0.0000000000
59208  -36.976  -27.978  24.436 0.0000000000
59238  -37.173  -28.370  24.160 0.0000000000
59258  -37.741  -28.433  23.892 0.0000000000
59259  -38.474  -28.346  23.899 0.0000000000
58142  -38.614  -28.399  23.277 0.0000000000
58143  -39.103  -28.142  23.155 0.0000000000
41817  -14.040  -43.316  35.230 0.0000000000
41804  -14.436  -43.083  36.454 0.0000000000
38465  -13.469  -45.440  36.851 0.0000000000
38507  -11.377  -46.571  33.712 0.0000000000
27338  -4.092  -55.912  35.461 0.0000000000
46860  -31.164  -39.342  27.501 0.0000000000
45552  -31.716  -39.200  29.260 0.0000000000
45536  -31.839  -40.188  30.427 0.0000000000
46822  -31.848  -39.513  30.362 0.0000000000
48095  -32.278  -38.395  31.060 0.0000000000
45500  -25.898  -40.118  32.303 0.0000000000
45518  -26.637  -40.489  31.599 0.0000000000
45519  -27.274  -40.843  31.270 0.0000000000
45535  -27.203  -40.637  30.800 0.0000000000
44325  -28.324  -41.576  31.459 0.0000000000
44380  -29.520  -41.282  28.678 0.0000000000
44361  -29.983  -41.771  29.452 0.0000000000
44393  -29.805  -40.813  28.203 0.0000000000
62610  -34.939  -25.488  19.724 0.0000000000
63624  -34.562  -25.026  18.850 0.0000000000
62598  -35.321  -25.230  20.069 0.0000000000
64658  -35.787  -22.947  19.479 0.0000000000
63614  -40.442  -23.895  20.900 0.0000000000
65715  -40.242  -22.417  20.776 0.0000000000
65714  -39.238  -22.398  20.885 0.0000000000
65713  -38.096  -22.300  21.055 0.0000000000
66809  -36.875  -20.859  19.753 0.0000000000
67894  -37.416  -20.384  19.358 0.0000000000
67895  -37.895  -20.067  18.691 0.0000000000
68920  -38.795  -19.528  19.900 0.0000000000
68937  -38.454  -19.282  18.997 0.0000000000
70008  -39.690  -19.037  17.495 0.0000000000
69982  -43.966  -17.917  19.821 0.0000000000
67875  -43.990  -20.393  20.929 0.0000000000
68908  -44.400  -19.332  20.614 0.0000000000
69962  -44.997  -18.458  20.467 0.0000000000
69985  -46.142  -17.845  20.391 0.0000000000
56981  -28.207  -29.292  28.333 0.0000000000
58097  -27.335  -29.049  26.813 0.0000000000
59207  -27.387  -28.432  26.675 0.0000000000
59187  -27.522  -27.848  26.485 0.0000000000
60251  -29.423  -27.613  29.430 0.0000000000
60259  -29.336  -27.488  29.015 0.0000000000
60269  -28.986  -27.288  28.052 0.0000000000
60268  -28.468  -27.279  27.521 0.0000000000
60282  -28.022  -27.085  26.901 0.0000000000
60281  -27.797  -27.389  26.227 0.0000000000
60302  -28.138  -27.073  25.857 0.0000000000
61415  -28.647  -26.585  25.388 0.0000000000
61416  -29.175  -26.009  25.028 0.0000000000
61401  -29.645  -25.794  26.196 0.0000000000
62540  -29.518  -25.785  25.569 0.0000000000
62580  -30.956  -24.964  22.851 0.0000000000
63579  -32.782  -24.564  24.684 0.0000000000
63571  -33.139  -24.458  25.291 0.0000000000
62543  -33.626  -24.682  24.928 0.0000000000
62544  -34.224  -24.850  24.964 0.0000000000
62489  -34.133  -24.300  29.213 0.0000000000
62508  -34.681  -24.394  27.846 0.0000000000
63546  -36.411  -24.584  29.171 0.0000000000
62509  -35.792  -24.505  28.586 0.0000000000
62534  -36.538  -25.364  26.374 0.0000000000
61392  -37.208  -25.807  26.852 0.0000000000
44255  -16.392  -40.596  34.306 0.0000000000
44286  -16.402  -41.313  33.004 0.0000000000
44272  -16.497  -40.726  33.610 0.0000000000
44254  -15.873  -40.978  34.778 0.0000000000
43053  -15.172  -42.343  34.484 0.0000000000
40668  -15.787  -43.450  32.942 0.0000000000
40667  -15.107  -43.746  33.323 0.0000000000
78924  -46.024  -9.788  16.393 0.0000000000
78933  -45.794  -9.929  15.646 0.0000000000
52550  -28.769  -35.323  26.034 0.0000000000
53522  -28.102  -34.567  26.433 0.0000000000
54598  -27.799  -33.355  27.515 0.0000000000
46861  -31.744  -38.750  27.539 0.0000000000
48139  -31.875  -38.558  27.740 0.0000000000
48140  -31.857  -38.423  28.457 0.0000000000
48154  -31.805  -38.510  27.763 0.0000000000
49356  -31.634  -37.977  27.510 0.0000000000
50507  -31.420  -37.746  27.974 0.0000000000
50493  -30.796  -36.845  28.316 0.0000000000
52453  -31.644  -36.674  30.168 0.0000000000
52452  -31.211  -36.101  30.423 0.0000000000
52482  -31.398  -36.302  29.935 0.0000000000
51516  -31.208  -36.375  29.457 0.0000000000
51542  -30.652  -36.143  28.103 0.0000000000
52519  -30.775  -35.559  28.258 0.0000000000
52502  -30.694  -35.344  28.169 0.0000000000
54578  -28.342  -33.539  27.915 0.0000000000
55764  -27.769  -32.841  27.902 0.0000000000
55752  -27.947  -32.402  28.583 0.0000000000
56964  -28.406  -30.408  29.822 0.0000000000
55723  -28.562  -31.123  30.410 0.0000000000
56955  -28.541  -30.840  30.366 0.0000000000
56936  -29.631  -30.311  32.583 0.0000000000
58049  -29.945  -29.226  32.511 0.0000000000
59128  -30.186  -28.380  32.239 0.0000000000
46805  -25.121  -38.790  31.839 0.0000000000
48094  -25.180  -38.749  31.510 0.0000000000
46820  -25.792  -39.141  30.266 0.0000000000
48115  -25.236  -38.374  29.698 0.0000000000
46858  -25.591  -38.795  27.161 0.0000000000
48022  -18.620  -38.622  36.174 0.0000000000
46756  -18.123  -38.903  35.004 0.0000000000
48055  -18.893  -38.576  33.989 0.0000000000
71091  -41.129  -17.790  16.918 0.0000000000
71084  -41.399  -17.401  17.636 0.0000000000
71092  -41.280  -17.518  17.229 0.0000000000
72159  -41.204  -17.414  16.839 0.0000000000
72168  -41.123  -17.409  16.589 0.0000000000
72169  -40.950  -16.886  16.040 0.0000000000
71076  -44.353  -16.889  19.182 0.0000000000
72152  -42.776  -15.934  17.967 0.0000000000
73224  -41.287  -15.863  15.553 0.0000000000
74190  -41.504  -15.055  15.204 0.0000000000
75113  -42.162  -14.281  16.736 0.0000000000
75116  -41.654  -14.564  15.567 0.0000000000
74199  -41.710  -14.905  14.401 0.0000000000
76047  -43.155  -12.680  14.816 0.0000000000
76960  -43.944  -11.896  16.895 0.0000000000
77900  -44.989  -10.719  17.282 0.0000000000
77895  -45.245  -10.663  17.862 0.0000000000
77896  -45.611  -10.567  18.475 0.0000000000
34816  -8.299  -48.966  36.498 0.0000000000
34844  -7.257  -49.345  33.953 0.0000000000
33643  -6.628  -50.237  34.475 0.0000000000
59253  -26.308  -28.857  24.141 0.0000000000
62582  -32.933  -25.621  22.639 0.0000000000
61450  -32.581  -25.684  22.216 0.0000000000
60377  -33.233  -27.035  20.969 0.0000000000
61418  -35.349  -26.722  23.905 0.0000000000
59255  -34.953  -28.624  23.290 0.0000000000
60341  -34.886  -28.066  23.195 0.0000000000
61453  -34.510  -27.415  22.592 0.0000000000
60356  -34.184  -27.519  21.927 0.0000000000
61495  -35.202  -26.467  19.889 0.0000000000
62611  -35.593  -26.065  20.061 0.0000000000
58162  -39.257  -27.806  23.069 0.0000000000
34804  -9.470  -49.118  37.791 0.0000000000
36040  -8.904  -48.267  36.440 0.0000000000
37307  -8.614  -47.912  35.368 0.0000000000
37323  -8.612  -47.842  35.016 0.0000000000
37324  -9.159  -47.561  34.732 0.0000000000
37339  -8.680  -47.854  34.288 0.0000000000
37342  -10.925  -47.010  33.229 0.0000000000
33619  -8.242  -49.786  37.268 0.0000000000
33608  -7.565  -50.850  38.338 0.0000000000
33599  -7.641  -51.081  38.752 0.0000000000
32409  -7.283  -51.467  38.815 0.0000000000
31292  -6.788  -51.930  39.077 0.0000000000
31277  -6.394  -52.367  39.256 0.0000000000
31335  -5.416  -52.516  34.942 0.0000000000
31311  -5.659  -52.192  36.995 0.0000000000
31301  -5.413  -52.788  37.248 0.0000000000
31302  -5.885  -52.123  37.528 0.0000000000
31262  -6.452  -52.693  39.966 0.0000000000
30057  -5.534  -53.027  40.234 0.0000000000
30056  -4.797  -53.381  39.936 0.0000000000
28683  -4.249  -53.428  40.569 0.0000000000
25929  -3.740  -56.070  35.800 0.0000000000
28725  -3.881  -54.294  37.370 0.0000000000
30093  -3.877  -53.966  37.886 0.0000000000
25930  -3.964  -56.081  35.736 0.0000000000
28682  -3.993  -53.457  40.551 0.0000000000
28688  -4.291  -53.392  40.250 0.0000000000
32450  -5.517  -52.040  35.207 0.0000000000
33585  -8.754  -51.246  40.415 0.0000000000
34818  -9.964  -48.364  36.879 0.0000000000
34860  -8.334  -48.858  32.877 0.0000000000
36042  -10.238  -48.011  36.511 0.0000000000
36058  -7.903  -48.540  35.025 0.0000000000
36095  -8.899  -48.099  33.305 0.0000000000
36112  -8.614  -48.669  32.870 0.0000000000
38482  -13.548  -45.049  36.451 0.0000000000
38494  -11.315  -46.538  34.243 0.0000000000
39523  -13.694  -43.924  37.285 0.0000000000
41905  -31.139  -42.741  31.035 0.0000000000
41926  -31.087  -43.079  30.374 0.0000000000
43104  -30.103  -41.899  31.931 0.0000000000
43106  -31.429  -42.041  31.586 0.0000000000
43129  -30.334  -42.989  30.152 0.0000000000
43130  -31.315  -42.262  31.221 0.0000000000
43144  -30.800  -42.702  29.947 0.0000000000
44276  -27.690  -41.546  33.982 0.0000000000
45487  -16.653  -40.855  32.823 0.0000000000
45489  -25.253  -39.830  33.717 0.0000000000
46834  -31.713  -39.605  30.084 0.0000000000
46874  -31.737  -38.540  26.841 0.0000000000
46926  -26.618  -39.809  23.048 0.0000000000
48106  -32.241  -38.239  30.680 0.0000000000
48153  -31.895  -38.275  27.026 0.0000000000
49293  -32.291  -37.744  30.922 0.0000000000
49300  -20.028  -37.577  30.473 0.0000000000
49306  -32.286  -37.533  30.398 0.0000000000
49312  -19.749  -37.873  30.003 0.0000000000
49319  -32.561  -37.203  30.010 0.0000000000
50438  -32.083  -37.501  31.233 0.0000000000
50449  -32.259  -37.316  30.556 0.0000000000
50467  -32.623  -37.045  30.184 0.0000000000
50522  -31.078  -37.482  26.828 0.0000000000
51477  -31.713  -36.766  30.440 0.0000000000
51501  -31.360  -36.361  29.717 0.0000000000
51502  -31.618  -36.664  29.896 0.0000000000
51529  -31.351  -37.073  29.167 0.0000000000
52467  -31.512  -36.475  30.097 0.0000000000
52481  -31.122  -36.080  29.624 0.0000000000
52549  -28.317  -35.240  25.656 0.0000000000
53442  -30.679  -35.366  30.674 0.0000000000
53500  -26.809  -33.280  26.072 0.0000000000
54577  -27.916  -33.316  27.781 0.0000000000
55737  -28.411  -31.306  30.000 0.0000000000
55739  -28.771  -32.564  30.147 0.0000000000
55765  -28.014  -33.238  27.997 0.0000000000
56965  -28.705  -29.728  30.012 0.0000000000
57050  -37.882  -28.810  22.904 0.0000000000
57061  -36.049  -30.346  22.198 0.0000000000
57062  -37.018  -30.281  22.351 0.0000000000
57065  -38.338  -28.623  22.310 0.0000000000
57085  -36.676  -30.246  21.328 0.0000000000
57086  -37.539  -29.782  21.691 0.0000000000
57088  -38.244  -28.802  22.167 0.0000000000
57106  -36.184  -30.232  20.952 0.0000000000
58075  -28.520  -29.459  29.097 0.0000000000
58120  -36.316  -28.927  23.813 0.0000000000
58138  -35.687  -29.283  23.412 0.0000000000
58141  -37.939  -28.641  23.331 0.0000000000
58144  -39.304  -28.007  23.125 0.0000000000
58156  -34.919  -29.436  22.970 0.0000000000
58157  -35.462  -29.693  23.016 0.0000000000
58158  -36.391  -30.103  22.979 0.0000000000
58159  -38.138  -28.659  22.942 0.0000000000
58160  -38.544  -28.442  22.672 0.0000000000
58161  -38.938  -28.032  22.736 0.0000000000
58179  -37.165  -29.694  21.066 0.0000000000
58180  -37.928  -28.947  21.418 0.0000000000
58182  -38.735  -27.999  22.365 0.0000000000
58193  -34.787  -29.625  21.649 0.0000000000
59239  -38.151  -28.196  24.482 0.0000000000
59256  -35.473  -28.774  23.524 0.0000000000
59262  -39.610  -27.634  23.394 0.0000000000
59277  -38.946  -27.633  22.558 0.0000000000
59293  -38.878  -27.894  22.540 0.0000000000
59314  -38.372  -27.544  21.780 0.0000000000
60342  -35.323  -28.060  23.576 0.0000000000
60380  -38.614  -27.208  22.034 0.0000000000
62520  -31.104  -24.883  28.030 0.0000000000
62521  -31.556  -24.845  28.537 0.0000000000
62572  -34.384  -26.093  23.309 0.0000000000
62591  -37.223  -25.130  20.623 0.0000000000
62592  -37.396  -25.153  20.740 0.0000000000
62594  -39.944  -25.083  22.092 0.0000000000
63529  -33.059  -24.841  28.944 0.0000000000
63553  -31.961  -24.662  28.116 0.0000000000
63601  -37.289  -24.945  20.729 0.0000000000
67868  -37.640  -20.581  20.446 0.0000000000
71062  -42.050  -17.444  19.265 0.0000000000
75120  -41.717  -14.389  15.134 0.0000000000
76043  -42.426  -13.326  15.884 0.0000000000
78918  -46.278  -9.777  16.901 0.0000000000
78943  -45.684  -10.153  15.158 0.0000000000
