#!ascii label  , from subject 3369 vox2ras=TkReg
283
29968  40.450  -55.090  -27.013 0.0000000000
24420  38.969  -59.888  -36.470 0.0000000000
25646  46.606  -58.898  -28.958 0.0000000000
25694  40.463  -59.029  -31.628 0.0000000000
21662  43.277  -61.689  -33.923 0.0000000000
22988  45.427  -60.470  -32.146 0.0000000000
17582  43.344  -64.941  -31.480 0.0000000000
25755  39.346  -58.764  -34.424 0.0000000000
25698  36.252  -58.722  -31.916 0.0000000000
28549  43.452  -56.596  -27.931 0.0000000000
25673  44.008  -58.779  -30.669 0.0000000000
24364  43.181  -59.148  -33.964 0.0000000000
23039  42.865  -60.581  -36.378 0.0000000000
17649  43.662  -63.682  -36.601 0.0000000000
32639  39.318  -53.826  -25.244 0.0000000000
29934  42.745  -55.472  -25.648 0.0000000000
27042  46.103  -58.062  -25.735 0.0000000000
25626  36.568  -58.137  -29.429 0.0000000000
17580  44.187  -64.424  -30.319 0.0000000000
24398  39.510  -59.297  -35.903 0.0000000000
25757  37.226  -58.600  -34.439 0.0000000000
27112  45.543  -57.889  -28.789 0.0000000000
25671  45.722  -58.788  -30.031 0.0000000000
21660  44.505  -61.046  -32.875 0.0000000000
24343  45.218  -59.713  -32.583 0.0000000000
24378  44.812  -59.980  -34.117 0.0000000000
25775  43.066  -59.082  -35.488 0.0000000000
23025  44.127  -60.728  -35.729 0.0000000000
18996  43.245  -63.306  -36.919 0.0000000000
28468  44.123  -56.936  -24.733 0.0000000000
29932  44.324  -56.143  -25.821 0.0000000000
27024  44.718  -57.843  -24.902 0.0000000000
25676  40.794  -58.654  -30.633 0.0000000000
25678  38.699  -58.472  -30.707 0.0000000000
27152  33.972  -57.594  -32.291 0.0000000000
25682  34.838  -58.085  -31.111 0.0000000000
21580  46.139  -60.967  -29.099 0.0000000000
24307  45.979  -59.511  -30.417 0.0000000000
20156  45.327  -62.462  -30.076 0.0000000000
20208  44.626  -62.916  -31.341 0.0000000000
18917  43.111  -63.249  -32.245 0.0000000000
24367  40.499  -59.219  -33.401 0.0000000000
25696  38.316  -58.785  -31.676 0.0000000000
25733  38.636  -58.715  -33.560 0.0000000000
25715  35.846  -58.322  -33.020 0.0000000000
23054  37.983  -61.432  -37.366 0.0000000000
28530  41.957  -55.908  -27.538 0.0000000000
25651  42.248  -58.144  -29.885 0.0000000000
25693  41.480  -59.072  -31.332 0.0000000000
24324  45.004  -59.341  -31.855 0.0000000000
24326  43.087  -59.254  -32.050 0.0000000000
24347  41.715  -59.312  -32.767 0.0000000000
24382  41.497  -59.328  -34.111 0.0000000000
24396  41.694  -59.407  -35.995 0.0000000000
24419  40.120  -59.852  -36.477 0.0000000000
18979  42.971  -63.483  -35.494 0.0000000000
20316  43.467  -62.320  -36.080 0.0000000000
21711  41.558  -61.559  -36.456 0.0000000000
21712  40.331  -61.738  -36.549 0.0000000000
32646  39.024  -53.615  -25.627 0.0000000000
31282  40.312  -54.502  -26.260 0.0000000000
31273  41.435  -54.973  -25.435 0.0000000000
29967  41.487  -55.323  -26.996 0.0000000000
29965  43.212  -55.859  -26.814 0.0000000000
28527  44.871  -56.701  -27.143 0.0000000000
27080  46.617  -58.166  -27.369 0.0000000000
24224  45.856  -59.432  -26.329 0.0000000000
22897  46.473  -60.090  -27.511 0.0000000000
25680  36.668  -58.624  -30.853 0.0000000000
29969  39.496  -55.227  -27.093 0.0000000000
29970  38.630  -55.329  -26.968 0.0000000000
24399  38.395  -59.239  -35.889 0.0000000000
25647  46.090  -58.392  -29.123 0.0000000000
25648  45.303  -58.269  -29.539 0.0000000000
25670  46.226  -58.982  -29.625 0.0000000000
21661  43.860  -61.317  -33.175 0.0000000000
23000  44.556  -60.616  -33.411 0.0000000000
23011  44.072  -60.745  -34.258 0.0000000000
23024  44.281  -60.301  -35.221 0.0000000000
20279  43.368  -61.881  -34.676 0.0000000000
17678  43.091  -63.973  -38.297 0.0000000000
25677  39.746  -58.545  -30.728 0.0000000000
25695  39.331  -58.872  -31.630 0.0000000000
27153  33.366  -57.289  -31.911 0.0000000000
21612  45.788  -61.351  -30.179 0.0000000000
17581  43.792  -64.855  -30.781 0.0000000000
18897  44.447  -63.941  -30.764 0.0000000000
18898  44.099  -64.030  -31.444 0.0000000000
18916  43.854  -63.498  -31.873 0.0000000000
18899  43.483  -64.102  -31.837 0.0000000000
25732  39.642  -58.946  -33.508 0.0000000000
25735  36.620  -58.442  -33.729 0.0000000000
25736  35.835  -58.114  -33.919 0.0000000000
25737  35.223  -57.869  -33.706 0.0000000000
28550  42.495  -56.423  -28.114 0.0000000000
28551  41.510  -56.347  -28.188 0.0000000000
27084  43.068  -57.044  -28.620 0.0000000000
25675  41.834  -58.644  -30.571 0.0000000000
25674  42.871  -58.618  -30.597 0.0000000000
22976  45.822  -60.444  -31.013 0.0000000000
24308  45.356  -59.178  -30.899 0.0000000000
24323  45.535  -59.720  -31.535 0.0000000000
24363  44.155  -59.233  -33.993 0.0000000000
24344  44.591  -59.409  -32.853 0.0000000000
24345  43.687  -59.301  -32.962 0.0000000000
24346  42.668  -59.284  -32.907 0.0000000000
24365  42.121  -59.239  -33.595 0.0000000000
24381  42.367  -59.148  -34.368 0.0000000000
24416  43.202  -59.814  -36.237 0.0000000000
25776  42.175  -59.197  -35.487 0.0000000000
24417  42.273  -59.857  -36.342 0.0000000000
24418  41.236  -59.845  -36.463 0.0000000000
13818  41.453  -67.735  -36.713 0.0000000000
16362  43.064  -64.939  -36.760 0.0000000000
16363  42.163  -65.544  -36.059 0.0000000000
17650  43.339  -64.332  -36.148 0.0000000000
18978  43.450  -63.219  -36.111 0.0000000000
18995  43.446  -63.188  -36.490 0.0000000000
18997  42.335  -63.137  -36.865 0.0000000000
20318  42.413  -62.431  -36.534 0.0000000000
20319  41.438  -62.586  -36.589 0.0000000000
31283  39.329  -54.115  -26.277 0.0000000000
31275  39.739  -54.108  -25.640 0.0000000000
29923  42.593  -55.606  -25.155 0.0000000000
31265  41.412  -55.071  -25.096 0.0000000000
29935  42.114  -55.286  -25.447 0.0000000000
29944  41.925  -55.196  -26.149 0.0000000000
29943  42.968  -55.579  -26.260 0.0000000000
29966  42.411  -55.622  -26.870 0.0000000000
28485  45.715  -57.438  -25.687 0.0000000000
28504  44.947  -56.498  -26.279 0.0000000000
28503  45.685  -57.037  -26.177 0.0000000000
27068  46.201  -57.462  -26.950 0.0000000000
27067  46.581  -58.125  -26.670 0.0000000000
24279  43.215  -59.732  -28.249 0.0000000000
24250  45.364  -59.956  -27.287 0.0000000000
24249  46.257  -59.913  -26.946 0.0000000000
25697  37.299  -58.807  -31.769 0.0000000000
25681  35.700  -58.459  -31.006 0.0000000000
27122  34.247  -57.823  -29.987 0.0000000000
25778  40.032  -58.938  -35.274 0.0000000000
25756  38.279  -58.536  -34.433 0.0000000000
27083  44.035  -57.260  -28.373 0.0000000000
27113  44.707  -57.777  -28.958 0.0000000000
25672  45.002  -58.654  -30.398 0.0000000000
21643  45.171  -61.112  -32.195 0.0000000000
22999  45.080  -60.202  -33.074 0.0000000000
24362  44.934  -59.659  -33.635 0.0000000000
25751  43.457  -59.049  -34.785 0.0000000000
25773  44.131  -59.420  -35.034 0.0000000000
24415  43.983  -59.681  -35.969 0.0000000000
23038  43.753  -60.537  -36.170 0.0000000000
17663  43.673  -63.577  -36.832 0.0000000000
19013  43.453  -63.757  -37.475 0.0000000000
19014  42.780  -63.608  -37.629 0.0000000000
28488  43.193  -55.786  -25.235 0.0000000000
29933  43.545  -55.750  -25.720 0.0000000000
28487  43.935  -56.151  -25.160 0.0000000000
28486  44.942  -56.830  -25.395 0.0000000000
27043  45.262  -57.905  -25.214 0.0000000000
25655  38.034  -57.949  -29.625 0.0000000000
25656  37.029  -58.363  -29.905 0.0000000000
25699  35.308  -58.303  -32.009 0.0000000000
27142  34.035  -57.694  -31.357 0.0000000000
27143  33.231  -57.404  -30.840 0.0000000000
22940  46.516  -60.377  -28.649 0.0000000000
24306  46.464  -59.561  -29.502 0.0000000000
21611  46.203  -60.721  -29.631 0.0000000000
21626  45.281  -61.453  -31.455 0.0000000000
20182  45.129  -62.258  -30.776 0.0000000000
21627  44.722  -62.050  -31.557 0.0000000000
21644  44.551  -61.569  -32.221 0.0000000000
20254  43.574  -61.999  -32.555 0.0000000000
25711  39.944  -59.014  -32.568 0.0000000000
25712  38.955  -58.920  -32.612 0.0000000000
25713  37.959  -58.799  -32.688 0.0000000000
25714  36.912  -58.799  -32.826 0.0000000000
25734  37.620  -58.628  -33.620 0.0000000000
25716  34.809  -57.900  -32.936 0.0000000000
27165  34.061  -57.623  -33.049 0.0000000000
23043  38.335  -60.831  -36.946 0.0000000000
28531  40.992  -55.720  -27.653 0.0000000000
28532  40.003  -55.727  -27.661 0.0000000000
24309  44.770  -59.038  -31.148 0.0000000000
24325  44.123  -59.193  -31.844 0.0000000000
25691  43.329  -59.015  -31.276 0.0000000000
24327  42.119  -59.331  -32.044 0.0000000000
24328  41.302  -59.319  -32.055 0.0000000000
24366  41.254  -59.368  -33.395 0.0000000000
24383  40.912  -59.418  -33.856 0.0000000000
25754  40.573  -59.171  -34.388 0.0000000000
25752  42.642  -59.049  -34.964 0.0000000000
25753  41.739  -59.159  -34.829 0.0000000000
25777  41.141  -59.203  -35.374 0.0000000000
24397  40.629  -59.312  -36.000 0.0000000000
18935  42.459  -63.022  -32.892 0.0000000000
15072  41.676  -66.736  -36.365 0.0000000000
18956  42.590  -63.210  -34.925 0.0000000000
20301  43.401  -62.180  -35.332 0.0000000000
21708  43.753  -61.385  -35.836 0.0000000000
21709  43.332  -61.444  -36.242 0.0000000000
20317  43.141  -62.392  -36.363 0.0000000000
21710  42.562  -61.481  -36.404 0.0000000000
23040  41.886  -60.611  -36.498 0.0000000000
23041  40.784  -60.661  -36.622 0.0000000000
23042  39.624  -60.682  -36.707 0.0000000000
21713  39.258  -61.455  -36.854 0.0000000000
32648  37.648  -53.381  -25.661 0.0000000000
32647  38.293  -53.300  -25.602 0.0000000000
32664  38.660  -53.687  -26.092 0.0000000000
31302  39.735  -54.700  -26.661 0.0000000000
29925  40.784  -55.511  -24.362 0.0000000000
31274  40.580  -54.562  -25.533 0.0000000000
31281  41.099  -54.725  -25.995 0.0000000000
29945  41.071  -54.904  -26.506 0.0000000000
28529  42.905  -56.066  -27.422 0.0000000000
29942  43.839  -55.974  -26.353 0.0000000000
28528  43.855  -56.320  -27.126 0.0000000000
28548  44.261  -56.854  -27.709 0.0000000000
27082  45.076  -57.334  -28.078 0.0000000000
27081  46.178  -57.854  -28.086 0.0000000000
25622  46.751  -58.737  -28.063 0.0000000000
24223  46.518  -59.288  -26.593 0.0000000000
24276  46.769  -59.537  -27.716 0.0000000000
22918  46.599  -60.215  -28.086 0.0000000000
25679  37.677  -58.567  -30.726 0.0000000000
25657  36.073  -58.295  -29.950 0.0000000000
25658  35.227  -58.151  -30.308 0.0000000000
18873  44.483  -63.824  -30.171 0.0000000000
18936  42.031  -63.542  -33.354 0.0000000000
20207  44.904  -62.157  -31.247 0.0000000000
20209  44.218  -63.301  -31.701 0.0000000000
20230  44.470  -62.280  -31.764 0.0000000000
20231  44.017  -62.589  -32.071 0.0000000000
20232  43.380  -62.479  -32.425 0.0000000000
20302  42.938  -62.805  -35.118 0.0000000000
21645  43.954  -61.777  -32.406 0.0000000000
21678  44.127  -60.760  -34.558 0.0000000000
21679  43.833  -61.186  -34.451 0.0000000000
21680  43.329  -61.780  -34.392 0.0000000000
21697  44.173  -60.755  -34.807 0.0000000000
21698  44.023  -61.107  -35.261 0.0000000000
22898  46.006  -60.499  -27.441 0.0000000000
22919  46.216  -60.684  -27.941 0.0000000000
22962  46.497  -60.271  -29.254 0.0000000000
22963  46.244  -60.297  -30.038 0.0000000000
22989  44.953  -60.825  -32.692 0.0000000000
23001  44.062  -60.749  -33.922 0.0000000000
23009  44.878  -60.151  -33.759 0.0000000000
23010  44.306  -60.428  -34.308 0.0000000000
23037  44.197  -60.222  -35.826 0.0000000000
24248  46.635  -59.556  -27.143 0.0000000000
24296  46.733  -59.654  -28.598 0.0000000000
24348  40.836  -59.283  -32.625 0.0000000000
24379  44.382  -59.708  -34.560 0.0000000000
24380  42.936  -59.057  -34.551 0.0000000000
24393  44.169  -59.630  -35.379 0.0000000000
24394  43.973  -59.451  -35.637 0.0000000000
24395  42.668  -59.348  -35.986 0.0000000000
24414  44.253  -59.922  -35.645 0.0000000000
25557  44.498  -58.277  -25.002 0.0000000000
25581  46.580  -58.661  -26.378 0.0000000000
25600  46.830  -58.865  -27.091 0.0000000000
25623  46.471  -58.445  -28.570 0.0000000000
25692  42.456  -59.041  -31.283 0.0000000000
25700  34.548  -57.918  -32.046 0.0000000000
25717  34.356  -57.758  -32.580 0.0000000000
25730  43.905  -59.093  -34.536 0.0000000000
25731  43.743  -59.061  -34.358 0.0000000000
25750  44.019  -59.250  -34.741 0.0000000000
25774  43.800  -59.258  -35.375 0.0000000000
25795  43.777  -59.376  -35.767 0.0000000000
25796  43.462  -59.316  -35.889 0.0000000000
27041  46.323  -58.233  -25.914 0.0000000000
27054  46.432  -58.177  -26.131 0.0000000000
27055  46.209  -57.657  -26.197 0.0000000000
27069  45.618  -57.239  -27.391 0.0000000000
27164  34.404  -57.719  -33.353 0.0000000000
27181  34.631  -57.755  -33.680 0.0000000000
28467  44.707  -57.423  -24.928 0.0000000000
28505  44.397  -56.327  -26.597 0.0000000000
28526  45.521  -56.939  -26.770 0.0000000000
29941  44.393  -56.220  -26.232 0.0000000000
