#!ascii label  , from subject 3232 vox2ras=TkReg
1004
67834  -39.977  -17.369  40.508 0.0000000000
66550  -18.988  -17.733  34.829 0.0000000000
63857  -29.429  -19.865  37.747 0.0000000000
91505  -46.981  3.408  18.899 0.0000000000
97771  -44.231  7.243  12.540 0.0000000000
63804  -12.855  -18.545  39.586 0.0000000000
90312  -41.391  3.123  19.594 0.0000000000
71333  -40.464  -14.555  37.664 0.0000000000
63814  -34.902  -19.900  39.624 0.0000000000
65130  -15.655  -17.760  37.113 0.0000000000
60284  -15.672  -23.160  41.621 0.0000000000
66446  -36.936  -16.802  40.190 0.0000000000
71330  -36.834  -14.580  38.364 0.0000000000
67915  -24.563  -16.843  34.240 0.0000000000
66489  -32.673  -17.169  38.677 0.0000000000
80401  -35.780  -5.811  21.332 0.0000000000
85514  -40.049  -2.275  19.401 0.0000000000
89150  -45.284  -0.454  18.148 0.0000000000
57938  -8.213  -24.594  42.326 0.0000000000
56728  -4.413  -25.636  43.852 0.0000000000
72536  -34.334  -14.005  34.578 0.0000000000
72621  -33.300  -13.208  28.894 0.0000000000
76623  -32.918  -10.351  24.532 0.0000000000
57960  -12.104  -24.838  42.176 0.0000000000
65146  -19.771  -19.625  37.605 0.0000000000
66503  -21.514  -18.100  37.862 0.0000000000
63818  -38.108  -19.223  40.710 0.0000000000
70216  -18.442  -13.842  36.476 0.0000000000
66536  -17.784  -18.028  36.281 0.0000000000
63852  -17.722  -20.504  37.681 0.0000000000
66422  -35.288  -16.653  42.380 0.0000000000
66467  -34.477  -17.649  39.754 0.0000000000
84179  -34.814  -2.575  21.173 0.0000000000
82859  -38.477  -4.343  20.383 0.0000000000
86774  -37.693  -0.870  19.760 0.0000000000
90337  -43.103  1.529  17.100 0.0000000000
91517  -45.269  2.167  17.603 0.0000000000
89154  -49.142  0.871  17.684 0.0000000000
91545  -47.952  2.075  16.294 0.0000000000
93892  -48.147  3.938  14.957 0.0000000000
72461  -33.524  -12.880  38.578 0.0000000000
71392  -35.149  -13.905  36.748 0.0000000000
72495  -32.498  -13.111  36.622 0.0000000000
72606  -30.730  -12.930  30.391 0.0000000000
73866  -30.057  -11.846  28.094 0.0000000000
73907  -33.509  -11.815  26.330 0.0000000000
76621  -30.445  -9.277  25.296 0.0000000000
79106  -31.562  -7.133  23.025 0.0000000000
65168  -26.609  -18.709  36.032 0.0000000000
60297  -10.048  -22.633  41.021 0.0000000000
60323  -12.378  -22.499  39.634 0.0000000000
54334  -5.133  -27.956  47.708 0.0000000000
54332  -3.416  -27.794  47.562 0.0000000000
89111  -39.972  1.650  21.731 0.0000000000
72500  -40.373  -14.406  35.429 0.0000000000
63860  -32.172  -20.091  38.527 0.0000000000
65111  -14.073  -17.759  38.253 0.0000000000
61501  -14.060  -21.380  38.370 0.0000000000
62647  -15.785  -21.099  37.837 0.0000000000
97794  -45.622  7.617  10.557 0.0000000000
67833  -38.696  -17.225  39.297 0.0000000000
70168  -38.002  -15.808  38.582 0.0000000000
70154  -37.389  -15.172  40.150 0.0000000000
70245  -20.124  -14.344  34.085 0.0000000000
67913  -22.175  -16.475  34.023 0.0000000000
71404  -23.212  -13.767  33.250 0.0000000000
69103  -26.651  -16.099  34.207 0.0000000000
66558  -28.749  -17.469  35.097 0.0000000000
67864  -29.435  -15.316  38.064 0.0000000000
65153  -31.364  -18.866  36.515 0.0000000000
65137  -34.135  -19.196  37.924 0.0000000000
65121  -36.675  -18.864  38.720 0.0000000000
77870  -37.909  -8.849  23.335 0.0000000000
87983  -39.927  0.297  18.545 0.0000000000
87973  -43.188  -1.138  18.906 0.0000000000
96405  -48.628  5.708  13.774 0.0000000000
56761  -6.114  -25.398  42.734 0.0000000000
55549  -6.027  -27.305  45.759 0.0000000000
70202  -38.626  -15.147  37.781 0.0000000000
71395  -38.102  -14.476  35.616 0.0000000000
72553  -37.530  -14.393  33.087 0.0000000000
72548  -31.913  -12.986  33.706 0.0000000000
72582  -34.001  -13.998  31.531 0.0000000000
72585  -37.630  -13.800  31.364 0.0000000000
72624  -36.668  -13.184  28.440 0.0000000000
73892  -36.530  -11.828  26.827 0.0000000000
76627  -37.036  -10.058  25.020 0.0000000000
77888  -34.106  -8.025  22.432 0.0000000000
82843  -33.388  -4.392  22.306 0.0000000000
67873  -23.483  -16.996  37.545 0.0000000000
60281  -9.243  -22.462  41.938 0.0000000000
57922  -10.244  -25.236  43.106 0.0000000000
59079  -14.532  -24.082  41.835 0.0000000000
54330  -2.468  -28.229  47.471 0.0000000000
65165  -19.460  -19.223  36.294 0.0000000000
65147  -20.508  -19.110  37.133 0.0000000000
65184  -20.543  -18.066  35.233 0.0000000000
65104  -38.744  -18.822  40.748 0.0000000000
69077  -18.901  -15.408  34.948 0.0000000000
69060  -18.020  -15.716  36.040 0.0000000000
66537  -18.303  -17.714  35.706 0.0000000000
63893  -18.659  -19.614  36.688 0.0000000000
86761  -35.811  -0.920  21.456 0.0000000000
86772  -36.585  -1.225  20.536 0.0000000000
87949  -36.751  -0.177  21.240 0.0000000000
92664  -45.103  3.844  18.877 0.0000000000
92677  -44.950  2.921  18.300 0.0000000000
91518  -46.193  2.032  17.494 0.0000000000
91532  -46.998  1.882  16.764 0.0000000000
91533  -47.217  2.791  17.212 0.0000000000
91546  -47.808  2.982  16.672 0.0000000000
72476  -32.840  -13.045  37.438 0.0000000000
75263  -29.182  -10.509  28.399 0.0000000000
75302  -30.586  -10.676  25.959 0.0000000000
77826  -30.010  -8.681  25.826 0.0000000000
79073  -30.621  -6.910  25.891 0.0000000000
63877  -28.378  -19.150  36.840 0.0000000000
65118  -27.025  -19.331  38.271 0.0000000000
63831  -28.587  -19.895  38.688 0.0000000000
61483  -11.550  -20.764  40.311 0.0000000000
62616  -11.919  -20.135  39.593 0.0000000000
97763  -45.692  6.443  12.982 0.0000000000
54333  -4.200  -27.889  47.619 0.0000000000
70171  -41.767  -15.053  38.598 0.0000000000
71353  -40.767  -14.902  36.940 0.0000000000
62637  -33.691  -20.337  39.330 0.0000000000
62609  -34.497  -20.388  41.247 0.0000000000
67856  -16.779  -16.133  37.704 0.0000000000
66479  -15.782  -15.883  38.177 0.0000000000
65097  -14.512  -16.937  38.612 0.0000000000
65128  -14.600  -18.330  37.498 0.0000000000
62655  -14.659  -19.750  37.402 0.0000000000
63872  -15.800  -19.307  36.983 0.0000000000
63827  -18.275  -20.883  40.120 0.0000000000
62633  -17.709  -20.980  39.393 0.0000000000
66470  -37.461  -17.492  39.178 0.0000000000
67832  -37.713  -16.761  39.103 0.0000000000
67813  -37.236  -16.444  40.055 0.0000000000
72513  -21.194  -11.968  34.897 0.0000000000
71403  -22.148  -13.410  33.720 0.0000000000
71390  -23.231  -12.886  34.306 0.0000000000
70219  -26.096  -14.009  35.662 0.0000000000
69063  -27.317  -15.133  35.810 0.0000000000
67902  -27.807  -16.910  34.794 0.0000000000
67875  -27.859  -15.536  36.204 0.0000000000
66463  -30.938  -16.947  39.456 0.0000000000
66487  -30.948  -16.766  38.512 0.0000000000
66525  -30.317  -16.351  36.737 0.0000000000
66509  -31.579  -17.101  37.530 0.0000000000
66528  -32.936  -18.410  37.160 0.0000000000
66511  -33.187  -17.901  37.915 0.0000000000
66469  -36.241  -17.498  39.613 0.0000000000
66492  -35.246  -18.274  38.875 0.0000000000
66494  -36.863  -18.120  38.818 0.0000000000
65122  -37.348  -18.700  39.206 0.0000000000
79127  -37.367  -8.087  22.289 0.0000000000
80370  -38.570  -7.589  22.536 0.0000000000
81593  -37.569  -6.195  21.707 0.0000000000
84194  -38.819  -3.487  19.982 0.0000000000
82849  -39.350  -4.766  21.151 0.0000000000
90291  -40.320  2.210  21.049 0.0000000000
89133  -39.164  0.877  19.489 0.0000000000
91488  -40.249  1.978  19.352 0.0000000000
89149  -43.830  0.007  17.710 0.0000000000
89148  -42.795  -0.098  17.904 0.0000000000
87988  -44.296  -0.745  18.542 0.0000000000
87962  -44.129  -0.939  20.089 0.0000000000
93899  -48.631  4.383  14.121 0.0000000000
95081  -47.354  5.241  14.553 0.0000000000
157844  -46.884  5.461  14.394 0.0000000000
59074  -7.290  -23.592  42.565 0.0000000000
59060  -6.341  -23.152  43.084 0.0000000000
56762  -6.967  -25.449  42.558 0.0000000000
55550  -7.256  -26.956  46.057 0.0000000000
54321  -6.451  -27.754  48.800 0.0000000000
71309  -37.831  -15.434  38.413 0.0000000000
70184  -38.468  -15.530  38.136 0.0000000000
71331  -37.682  -15.369  37.984 0.0000000000
72518  -34.815  -14.092  35.876 0.0000000000
71394  -36.928  -14.844  35.881 0.0000000000
72519  -36.262  -14.472  35.272 0.0000000000
72521  -38.576  -14.489  34.770 0.0000000000
72538  -36.897  -14.506  34.130 0.0000000000
73803  -29.737  -12.005  32.825 0.0000000000
72607  -31.756  -13.019  29.913 0.0000000000
72594  -32.493  -13.033  30.859 0.0000000000
72595  -33.475  -13.528  30.683 0.0000000000
72583  -35.202  -14.220  31.391 0.0000000000
72597  -35.761  -13.738  30.463 0.0000000000
72598  -36.971  -13.981  30.327 0.0000000000
72622  -34.432  -13.240  28.739 0.0000000000
75304  -32.870  -11.203  25.867 0.0000000000
73908  -34.620  -11.784  26.249 0.0000000000
75306  -35.014  -10.919  26.047 0.0000000000
75307  -36.043  -10.790  26.051 0.0000000000
76625  -35.223  -10.561  24.658 0.0000000000
77844  -35.612  -9.640  23.333 0.0000000000
77842  -33.464  -9.385  23.218 0.0000000000
81553  -31.935  -4.934  24.271 0.0000000000
81590  -32.517  -5.700  22.643 0.0000000000
82814  -32.586  -3.696  23.452 0.0000000000
69080  -23.267  -16.282  34.200 0.0000000000
67884  -22.809  -16.860  35.735 0.0000000000
67885  -23.459  -16.994  36.275 0.0000000000
59090  -11.070  -23.974  40.742 0.0000000000
59089  -9.915  -23.837  41.228 0.0000000000
57940  -10.697  -25.010  42.553 0.0000000000
60299  -15.156  -22.882  40.708 0.0000000000
60298  -14.581  -23.304  40.543 0.0000000000
60283  -14.936  -23.484  41.309 0.0000000000
63828  -18.772  -20.204  39.687 0.0000000000
65114  -19.935  -19.488  39.790 0.0000000000
66481  -21.216  -18.493  39.200 0.0000000000
66482  -21.798  -17.925  38.534 0.0000000000
63816  -36.377  -19.758  40.124 0.0000000000
63796  -35.489  -20.131  41.240 0.0000000000
69040  -18.129  -14.187  37.653 0.0000000000
67870  -17.635  -16.386  37.028 0.0000000000
66518  -17.208  -17.537  36.858 0.0000000000
63873  -17.026  -19.841  36.888 0.0000000000
63892  -17.865  -19.513  36.514 0.0000000000
63853  -18.485  -20.445  38.247 0.0000000000
66445  -36.289  -16.828  40.819 0.0000000000
67794  -36.724  -15.978  40.872 0.0000000000
66440  -32.051  -16.783  40.572 0.0000000000
66466  -33.587  -17.531  39.740 0.0000000000
66444  -35.394  -17.191  40.966 0.0000000000
82856  -35.206  -4.323  20.497 0.0000000000
82847  -37.028  -5.003  20.788 0.0000000000
84192  -36.481  -3.279  20.237 0.0000000000
85500  -38.036  -2.495  19.293 0.0000000000
85513  -38.881  -2.035  19.032 0.0000000000
90321  -41.829  2.593  18.423 0.0000000000
91515  -43.257  3.286  17.710 0.0000000000
90323  -44.468  1.153  17.333 0.0000000000
90324  -45.600  0.830  17.256 0.0000000000
89152  -47.604  -0.197  17.958 0.0000000000
89167  -46.975  0.271  17.283 0.0000000000
89182  -48.683  1.110  16.531 0.0000000000
90362  -49.779  1.905  15.878 0.0000000000
91554  -48.728  2.470  15.832 0.0000000000
92702  -48.082  3.393  16.043 0.0000000000
56764  -8.787  -25.700  43.634 0.0000000000
55587  -7.968  -26.361  44.425 0.0000000000
55571  -8.815  -26.542  45.781 0.0000000000
71348  -35.548  -13.697  38.336 0.0000000000
71349  -36.269  -14.226  37.832 0.0000000000
72498  -34.777  -13.567  37.660 0.0000000000
72496  -33.531  -13.680  36.797 0.0000000000
72517  -33.296  -13.957  35.673 0.0000000000
73816  -29.757  -11.988  31.782 0.0000000000
73830  -29.029  -11.251  30.401 0.0000000000
73849  -30.541  -12.638  29.237 0.0000000000
73867  -31.210  -12.348  28.103 0.0000000000
73869  -33.680  -13.061  27.825 0.0000000000
73888  -31.757  -12.010  27.059 0.0000000000
75303  -31.491  -11.038  25.945 0.0000000000
76622  -31.350  -9.965  24.765 0.0000000000
77841  -32.443  -8.952  23.403 0.0000000000
77840  -31.413  -8.417  23.929 0.0000000000
66541  -25.696  -18.261  35.854 0.0000000000
66540  -24.760  -17.815  36.326 0.0000000000
65148  -25.764  -18.779  37.592 0.0000000000
61481  -11.475  -22.376  40.406 0.0000000000
59104  -12.150  -23.701  40.464 0.0000000000
55548  -4.832  -27.336  45.461 0.0000000000
56727  -3.993  -25.614  44.219 0.0000000000
55547  -3.783  -26.848  45.279 0.0000000000
55546  -3.152  -26.646  45.584 0.0000000000
55526  -3.045  -27.414  46.545 0.0000000000
72524  -40.934  -14.113  34.827 0.0000000000
63858  -30.416  -19.995  37.927 0.0000000000
63832  -29.492  -20.150  38.855 0.0000000000
65096  -14.064  -17.123  39.466 0.0000000000
63825  -13.375  -19.246  38.610 0.0000000000
62644  -13.013  -20.833  38.588 0.0000000000
63850  -13.883  -19.820  38.171 0.0000000000
61502  -14.953  -21.676  37.999 0.0000000000
61485  -16.193  -21.851  40.024 0.0000000000
62648  -16.989  -20.772  38.038 0.0000000000
62618  -16.928  -21.284  40.327 0.0000000000
61475  -16.679  -21.993  41.107 0.0000000000
97783  -44.403  7.709  11.685 0.0000000000
66471  -38.803  -17.945  40.201 0.0000000000
69019  -39.515  -16.591  39.376 0.0000000000
69018  -38.203  -16.504  38.745 0.0000000000
70155  -37.691  -15.719  39.275 0.0000000000
71308  -37.373  -14.780  39.046 0.0000000000
70143  -36.555  -14.869  40.761 0.0000000000
71287  -36.923  -13.770  40.029 0.0000000000
71306  -35.920  -13.649  39.351 0.0000000000
72445  -34.389  -12.874  39.653 0.0000000000
69096  -19.557  -16.021  34.329 0.0000000000
66563  -20.552  -16.878  34.428 0.0000000000
69098  -21.329  -15.563  33.472 0.0000000000
69099  -22.437  -15.831  33.424 0.0000000000
69116  -24.237  -15.673  33.095 0.0000000000
71369  -24.432  -12.845  35.075 0.0000000000
70249  -24.915  -14.593  33.108 0.0000000000
67916  -25.651  -16.739  33.866 0.0000000000
66556  -27.080  -17.771  34.506 0.0000000000
65186  -27.902  -18.391  35.023 0.0000000000
63895  -29.106  -18.890  36.386 0.0000000000
67863  -28.669  -15.214  37.644 0.0000000000
67877  -29.366  -15.882  36.692 0.0000000000
66544  -30.077  -17.393  35.966 0.0000000000
63879  -30.354  -19.512  36.684 0.0000000000
63881  -32.223  -19.772  37.656 0.0000000000
65136  -33.523  -19.608  38.155 0.0000000000
63837  -34.500  -19.835  38.872 0.0000000000
66491  -34.314  -18.139  38.587 0.0000000000
65119  -35.056  -19.005  38.187 0.0000000000
63839  -36.184  -19.524  39.105 0.0000000000
63840  -36.905  -19.368  39.308 0.0000000000
65103  -38.026  -18.608  39.954 0.0000000000
70234  -18.701  -14.149  35.558 0.0000000000
82832  -38.623  -5.435  21.542 0.0000000000
89122  -38.358  0.884  20.889 0.0000000000
87970  -38.634  -0.062  19.183 0.0000000000
86786  -40.529  -1.325  18.909 0.0000000000
90335  -41.382  1.276  17.775 0.0000000000
87985  -41.228  -0.241  18.279 0.0000000000
86787  -41.728  -1.825  19.456 0.0000000000
86777  -43.600  -2.092  20.377 0.0000000000
157846  -47.805  5.680  13.595 0.0000000000
157842  -45.650  5.967  13.821 0.0000000000
97753  -43.660  6.602  14.440 0.0000000000
57906  -5.816  -23.634  43.147 0.0000000000
56743  -4.900  -25.540  43.531 0.0000000000
55586  -7.102  -26.769  43.969 0.0000000000
55568  -6.479  -27.008  44.690 0.0000000000
55567  -5.161  -26.853  44.122 0.0000000000
55529  -5.561  -27.710  46.787 0.0000000000
69033  -39.959  -15.889  39.230 0.0000000000
70185  -39.435  -15.045  38.140 0.0000000000
70203  -39.187  -14.881  37.565 0.0000000000
71350  -37.034  -15.146  37.380 0.0000000000
71373  -37.632  -14.879  36.421 0.0000000000
71352  -39.635  -14.624  37.067 0.0000000000
72499  -39.583  -14.080  35.473 0.0000000000
72522  -39.342  -14.134  34.738 0.0000000000
72555  -39.371  -13.633  33.283 0.0000000000
72534  -32.250  -13.071  34.600 0.0000000000
72549  -32.893  -13.341  33.611 0.0000000000
72579  -31.029  -12.951  32.018 0.0000000000
72563  -32.560  -13.039  32.705 0.0000000000
72550  -33.937  -13.841  33.531 0.0000000000
72566  -35.768  -14.157  32.373 0.0000000000
72567  -36.984  -14.132  32.262 0.0000000000
73870  -34.886  -12.882  27.759 0.0000000000
73871  -36.028  -12.682  27.680 0.0000000000
76650  -36.808  -9.834  24.235 0.0000000000
77868  -36.347  -9.137  22.837 0.0000000000
79125  -34.887  -7.375  22.157 0.0000000000
77887  -33.127  -7.827  22.224 0.0000000000
80384  -33.573  -6.528  21.835 0.0000000000
81607  -34.292  -5.209  21.029 0.0000000000
84178  -34.269  -3.248  21.372 0.0000000000
85474  -34.758  -1.475  22.191 0.0000000000
66539  -21.843  -17.604  35.644 0.0000000000
67858  -22.163  -17.507  37.762 0.0000000000
66504  -24.322  -17.837  38.390 0.0000000000
59063  -8.086  -22.996  41.836 0.0000000000
60282  -9.628  -21.828  41.982 0.0000000000
59088  -9.327  -23.967  41.683 0.0000000000
56784  -9.118  -25.346  43.132 0.0000000000
56765  -9.777  -25.466  43.740 0.0000000000
60324  -12.997  -22.885  39.060 0.0000000000
59105  -13.091  -23.956  40.544 0.0000000000
59077  -13.029  -24.913  42.159 0.0000000000
54308  -3.439  -28.452  49.497 0.0000000000
54331  -2.779  -27.821  47.256 0.0000000000
55545  -2.780  -26.782  45.725 0.0000000000
65183  -19.734  -18.455  35.229 0.0000000000
65166  -20.581  -18.865  35.963 0.0000000000
66472  -39.541  -18.010  40.701 0.0000000000
67895  -19.281  -16.697  34.512 0.0000000000
67894  -18.640  -16.750  35.221 0.0000000000
65182  -18.869  -18.489  35.489 0.0000000000
87936  -36.451  -0.094  22.474 0.0000000000
89107  -36.797  0.283  22.140 0.0000000000
91504  -46.529  3.164  18.595 0.0000000000
91503  -45.740  2.929  18.474 0.0000000000
91519  -46.799  2.796  17.896 0.0000000000
77814  -29.741  -8.359  26.913 0.0000000000
63856  -28.510  -19.627  37.697 0.0000000000
62617  -12.171  -19.062  40.202 0.0000000000
99094  -46.827  6.844  12.410 0.0000000000
97772  -45.192  7.114  12.000 0.0000000000
71334  -41.519  -14.756  37.696 0.0000000000
62623  -34.270  -20.473  40.064 0.0000000000
62624  -34.850  -20.098  40.312 0.0000000000
66501  -16.047  -16.858  37.133 0.0000000000
66500  -15.125  -17.201  37.250 0.0000000000
66478  -14.942  -16.467  37.931 0.0000000000
65129  -15.151  -17.971  37.330 0.0000000000
65143  -15.222  -18.659  37.173 0.0000000000
71389  -21.996  -12.150  34.575 0.0000000000
69051  -26.699  -14.549  36.716 0.0000000000
66464  -31.880  -16.842  39.570 0.0000000000
66488  -31.773  -16.915  38.579 0.0000000000
66510  -32.482  -17.426  37.668 0.0000000000
80387  -36.893  -6.843  22.098 0.0000000000
81592  -36.580  -6.002  21.649 0.0000000000
85502  -39.882  -3.125  19.268 0.0000000000
84195  -39.964  -3.852  19.815 0.0000000000
84204  -41.142  -2.756  19.478 0.0000000000
90302  -40.750  2.708  20.207 0.0000000000
90301  -40.021  2.104  19.903 0.0000000000
87989  -44.915  -0.970  18.763 0.0000000000
95072  -46.307  5.364  16.123 0.0000000000
59075  -7.780  -23.709  42.167 0.0000000000
57937  -7.315  -24.374  42.473 0.0000000000
56782  -7.678  -25.185  42.542 0.0000000000
72537  -35.621  -14.309  34.421 0.0000000000
72608  -32.906  -13.229  29.867 0.0000000000
72596  -34.596  -13.712  30.551 0.0000000000
72609  -33.980  -13.375  29.721 0.0000000000
72610  -35.102  -13.383  29.616 0.0000000000
75327  -33.440  -10.959  25.167 0.0000000000
75305  -33.994  -11.226  25.846 0.0000000000
75328  -34.572  -10.873  25.300 0.0000000000
76624  -34.106  -10.673  24.468 0.0000000000
76648  -34.873  -10.343  23.786 0.0000000000
76647  -33.769  -9.959  23.915 0.0000000000
67914  -23.941  -16.543  34.136 0.0000000000
67899  -23.559  -16.657  34.770 0.0000000000
67900  -24.186  -17.273  35.580 0.0000000000
57959  -11.408  -24.783  41.799 0.0000000000
57941  -11.711  -24.940  42.797 0.0000000000
57904  -4.627  -24.676  43.570 0.0000000000
57889  -4.051  -24.243  43.677 0.0000000000
70170  -40.638  -15.463  38.664 0.0000000000
63829  -19.472  -19.807  39.184 0.0000000000
65131  -19.931  -19.555  38.747 0.0000000000
66502  -21.050  -18.668  37.885 0.0000000000
63817  -37.408  -19.454  40.164 0.0000000000
63797  -36.632  -19.879  41.295 0.0000000000
70181  -18.526  -13.290  37.633 0.0000000000
69050  -18.102  -14.222  36.948 0.0000000000
66519  -17.867  -17.316  36.430 0.0000000000
65163  -17.378  -18.694  36.477 0.0000000000
63894  -19.238  -19.660  36.986 0.0000000000
63875  -18.989  -20.076  37.464 0.0000000000
66423  -36.189  -16.632  42.049 0.0000000000
66441  -32.816  -17.177  40.762 0.0000000000
66421  -34.479  -17.123  42.201 0.0000000000
84191  -35.487  -3.466  20.436 0.0000000000
82857  -36.251  -4.547  20.432 0.0000000000
86773  -37.286  -1.368  19.899 0.0000000000
85499  -37.012  -2.312  20.055 0.0000000000
85512  -38.221  -1.816  19.060 0.0000000000
91502  -42.848  3.972  18.132 0.0000000000
92675  -43.480  3.909  18.279 0.0000000000
91516  -44.372  2.564  17.707 0.0000000000
90325  -46.224  0.708  16.929 0.0000000000
91544  -47.650  1.596  16.422 0.0000000000
90340  -47.570  1.125  16.540 0.0000000000
90351  -48.133  1.375  16.366 0.0000000000
90360  -48.821  1.967  15.707 0.0000000000
92696  -47.357  3.782  17.110 0.0000000000
72479  -34.883  -13.441  38.167 0.0000000000
72478  -34.281  -13.251  37.984 0.0000000000
72516  -32.495  -13.122  35.521 0.0000000000
73848  -29.337  -11.628  29.302 0.0000000000
73887  -30.809  -11.814  27.339 0.0000000000
76603  -30.132  -9.831  25.949 0.0000000000
76604  -30.909  -10.387  25.632 0.0000000000
75325  -31.643  -10.646  25.239 0.0000000000
76645  -32.058  -9.163  24.142 0.0000000000
77827  -30.526  -8.327  25.105 0.0000000000
80340  -30.934  -6.340  25.482 0.0000000000
66542  -26.479  -18.315  35.209 0.0000000000
65149  -26.482  -18.898  37.057 0.0000000000
63830  -27.741  -19.657  38.505 0.0000000000
61490  -12.196  -22.059  39.764 0.0000000000
61482  -11.731  -21.877  40.199 0.0000000000
60310  -11.909  -22.791  40.141 0.0000000000
59103  -11.586  -23.335  40.430 0.0000000000
55528  -4.474  -27.671  46.540 0.0000000000
55527  -3.608  -27.468  46.521 0.0000000000
72480  -41.636  -14.911  36.418 0.0000000000
72501  -41.311  -14.712  35.506 0.0000000000
63859  -31.350  -20.044  38.254 0.0000000000
63834  -31.381  -20.337  39.304 0.0000000000
63826  -13.506  -18.142  38.884 0.0000000000
63851  -13.985  -19.086  37.741 0.0000000000
61494  -15.617  -21.792  38.902 0.0000000000
62604  -17.355  -21.582  41.377 0.0000000000
69017  -37.557  -16.021  39.613 0.0000000000
70167  -37.638  -15.132  39.485 0.0000000000
71288  -37.273  -14.507  40.085 0.0000000000
68992  -36.278  -15.330  41.287 0.0000000000
70130  -36.147  -14.819  41.246 0.0000000000
72426  -36.109  -13.528  40.767 0.0000000000
72447  -36.039  -13.545  39.987 0.0000000000
71328  -35.551  -13.612  39.032 0.0000000000
69078  -19.576  -14.725  34.329 0.0000000000
69097  -20.141  -15.421  34.023 0.0000000000
70247  -22.245  -14.597  33.035 0.0000000000
70248  -23.520  -14.943  32.784 0.0000000000
69081  -26.500  -15.357  34.206 0.0000000000
70238  -26.048  -14.433  34.266 0.0000000000
70250  -25.882  -15.206  33.404 0.0000000000
69102  -26.211  -16.049  33.496 0.0000000000
66566  -26.215  -17.289  34.272 0.0000000000
66567  -26.650  -17.128  34.354 0.0000000000
67903  -28.413  -17.007  35.098 0.0000000000
66557  -28.210  -17.672  34.632 0.0000000000
65187  -28.674  -18.116  35.007 0.0000000000
65170  -28.538  -18.576  35.844 0.0000000000
66543  -29.240  -17.701  35.459 0.0000000000
66485  -30.014  -15.513  38.448 0.0000000000
67850  -29.658  -15.375  39.038 0.0000000000
67876  -28.455  -15.761  36.511 0.0000000000
66526  -30.965  -17.611  36.430 0.0000000000
66545  -30.479  -17.739  36.077 0.0000000000
63897  -30.289  -18.881  36.281 0.0000000000
65152  -30.689  -18.672  36.268 0.0000000000
63880  -31.377  -19.678  37.203 0.0000000000
66529  -33.508  -18.588  37.518 0.0000000000
65155  -33.205  -19.380  37.580 0.0000000000
63862  -33.728  -19.912  38.582 0.0000000000
66493  -36.096  -18.196  38.883 0.0000000000
65120  -35.901  -18.948  38.369 0.0000000000
63838  -35.393  -19.625  38.900 0.0000000000
71387  -19.746  -12.831  35.218 0.0000000000
70235  -19.606  -13.842  34.835 0.0000000000
77847  -38.312  -8.845  23.688 0.0000000000
80371  -39.241  -7.191  22.877 0.0000000000
80352  -39.462  -7.684  23.412 0.0000000000
82858  -37.360  -4.416  20.306 0.0000000000
82848  -38.183  -5.173  21.169 0.0000000000
89110  -39.103  1.199  21.841 0.0000000000
87951  -37.937  0.577  20.953 0.0000000000
89144  -39.716  0.598  18.930 0.0000000000
87971  -39.608  -0.206  18.612 0.0000000000
86785  -39.300  -1.219  18.875 0.0000000000
91529  -42.221  2.428  17.760 0.0000000000
90320  -41.317  1.990  18.289 0.0000000000
90336  -42.104  1.671  17.547 0.0000000000
87986  -42.301  -0.655  18.429 0.0000000000
87999  -41.819  0.018  18.100 0.0000000000
86794  -41.417  -1.033  18.750 0.0000000000
86795  -42.031  -1.358  18.906 0.0000000000
86776  -42.431  -2.067  19.935 0.0000000000
86788  -42.726  -1.635  19.275 0.0000000000
86778  -44.671  -1.713  20.616 0.0000000000
89153  -48.486  0.298  17.859 0.0000000000
93893  -49.796  4.004  14.994 0.0000000000
95090  -47.923  4.614  13.924 0.0000000000
95088  -45.648  5.707  14.810 0.0000000000
96404  -44.837  6.210  14.124 0.0000000000
57920  -6.557  -24.244  42.716 0.0000000000
57919  -5.759  -24.599  42.888 0.0000000000
57905  -5.109  -24.332  43.194 0.0000000000
56744  -5.420  -25.462  43.081 0.0000000000
55602  -7.502  -26.365  43.707 0.0000000000
55569  -7.375  -26.824  44.920 0.0000000000
55530  -6.843  -27.573  47.402 0.0000000000
69032  -39.043  -16.208  38.712 0.0000000000
71371  -35.409  -13.864  37.346 0.0000000000
71372  -36.463  -14.594  36.877 0.0000000000
71374  -38.867  -14.296  36.237 0.0000000000
71396  -38.878  -14.103  35.383 0.0000000000
72539  -38.126  -14.811  33.886 0.0000000000
72540  -39.055  -14.290  33.933 0.0000000000
72554  -38.542  -14.030  33.159 0.0000000000
72547  -30.789  -13.032  33.823 0.0000000000
72533  -31.229  -12.957  34.733 0.0000000000
73831  -29.784  -12.184  30.534 0.0000000000
72578  -30.298  -12.513  32.163 0.0000000000
72592  -30.475  -12.685  31.321 0.0000000000
72581  -32.962  -13.481  31.694 0.0000000000
72580  -32.046  -12.940  31.862 0.0000000000
72564  -33.339  -13.968  32.598 0.0000000000
72565  -34.528  -14.369  32.464 0.0000000000
72551  -35.086  -14.245  33.430 0.0000000000
72584  -36.393  -13.905  31.391 0.0000000000
72568  -38.081  -13.727  32.346 0.0000000000
72611  -36.241  -13.577  29.430 0.0000000000
73889  -32.972  -12.424  27.025 0.0000000000
73890  -34.165  -12.437  26.963 0.0000000000
73909  -35.633  -11.501  26.336 0.0000000000
73891  -35.339  -12.303  26.872 0.0000000000
75330  -36.350  -10.402  25.484 0.0000000000
75308  -37.117  -10.463  25.862 0.0000000000
76605  -37.486  -10.148  25.324 0.0000000000
76628  -37.870  -9.886  24.875 0.0000000000
77867  -35.362  -8.970  22.842 0.0000000000
77889  -35.152  -8.264  22.374 0.0000000000
77863  -31.509  -7.748  23.336 0.0000000000
77864  -32.188  -7.981  22.813 0.0000000000
81591  -33.058  -5.153  22.746 0.0000000000
80383  -32.817  -6.183  22.233 0.0000000000
80398  -33.398  -5.823  21.927 0.0000000000
80399  -33.931  -5.972  21.310 0.0000000000
81606  -33.647  -5.136  21.754 0.0000000000
82844  -33.843  -4.145  21.450 0.0000000000
84166  -34.132  -2.181  22.319 0.0000000000
67896  -21.239  -16.706  34.437 0.0000000000
66552  -21.054  -17.233  34.973 0.0000000000
67897  -21.817  -16.823  34.586 0.0000000000
67872  -22.817  -17.061  37.020 0.0000000000
67871  -22.327  -17.346  36.378 0.0000000000
67859  -22.880  -17.152  38.305 0.0000000000
66505  -25.091  -18.336  38.395 0.0000000000
66522  -24.530  -17.841  37.511 0.0000000000
63810  -29.503  -20.380  39.976 0.0000000000
60280  -8.807  -23.048  41.940 0.0000000000
61459  -10.322  -21.365  41.724 0.0000000000
57957  -9.732  -24.334  41.664 0.0000000000
57939  -9.440  -24.826  42.402 0.0000000000
61500  -13.193  -21.252  38.580 0.0000000000
61492  -13.536  -22.068  38.775 0.0000000000
59093  -14.265  -23.812  40.888 0.0000000000
60312  -13.766  -23.430  40.004 0.0000000000
59106  -13.705  -23.900  40.647 0.0000000000
59092  -13.675  -24.261  41.263 0.0000000000
97784  -45.232  7.551  11.194 0.0000000000
54316  -2.781  -28.347  48.574 0.0000000000
55525  -2.808  -27.495  46.505 0.0000000000
54347  -2.628  -27.514  46.370 0.0000000000
66520  -21.183  -18.519  36.913 0.0000000000
69061  -18.084  -14.629  36.060 0.0000000000
69076  -18.470  -16.166  35.579 0.0000000000
67882  -18.125  -16.702  35.991 0.0000000000
65164  -18.268  -18.813  36.071 0.0000000000
85487  -35.261  -1.759  21.251 0.0000000000
85488  -36.066  -2.006  20.608 0.0000000000
87960  -37.370  -0.487  20.432 0.0000000000
92676  -44.217  3.421  18.330 0.0000000000
91531  -46.456  1.402  16.790 0.0000000000
91534  -47.186  3.468  17.617 0.0000000000
72477  -33.621  -13.123  37.671 0.0000000000
72460  -32.732  -12.745  38.306 0.0000000000
73764  -31.603  -12.672  36.949 0.0000000000
75281  -30.128  -11.008  26.828 0.0000000000
77815  -30.122  -7.450  26.422 0.0000000000
65151  -27.860  -18.903  36.437 0.0000000000
65135  -27.062  -19.139  37.427 0.0000000000
63855  -27.702  -19.424  37.607 0.0000000000
63808  -27.761  -19.789  39.536 0.0000000000
61491  -12.393  -21.553  39.221 0.0000000000
99085  -47.946  6.203  12.937 0.0000000000
54319  -4.871  -28.126  48.648 0.0000000000
54318  -4.026  -28.061  48.631 0.0000000000
71354  -41.850  -14.690  37.189 0.0000000000
71376  -40.704  -14.939  36.045 0.0000000000
63836  -32.821  -20.262  39.142 0.0000000000
62635  -32.439  -20.528  39.844 0.0000000000
62622  -33.233  -20.583  40.288 0.0000000000
62608  -33.483  -20.580  41.204 0.0000000000
67842  -17.186  -14.659  38.248 0.0000000000
67841  -16.560  -15.245  38.404 0.0000000000
66457  -15.957  -15.582  38.951 0.0000000000
65112  -14.582  -17.378  37.721 0.0000000000
63871  -14.908  -19.221  37.232 0.0000000000
62656  -15.282  -20.119  37.220 0.0000000000
62634  -18.266  -20.666  38.940 0.0000000000
62619  -17.801  -21.173  40.619 0.0000000000
69005  -37.057  -15.618  40.539 0.0000000000
71388  -20.724  -12.755  34.978 0.0000000000
71402  -21.275  -13.223  34.209 0.0000000000
70218  -25.368  -13.289  36.037 0.0000000000
69062  -26.668  -14.827  35.251 0.0000000000
69082  -26.994  -15.683  34.850 0.0000000000
67901  -27.056  -16.649  34.507 0.0000000000
67887  -27.610  -16.009  35.235 0.0000000000
67888  -28.215  -16.289  35.558 0.0000000000
66462  -30.777  -16.082  39.200 0.0000000000
67851  -30.284  -15.608  39.010 0.0000000000
66507  -30.291  -15.881  37.773 0.0000000000
66524  -29.863  -15.677  37.428 0.0000000000
66508  -30.836  -16.577  37.548 0.0000000000
66527  -31.977  -18.094  36.943 0.0000000000
66512  -33.810  -18.325  37.898 0.0000000000
66468  -35.353  -17.693  39.805 0.0000000000
79108  -38.370  -8.270  22.951 0.0000000000
79128  -38.231  -7.838  22.321 0.0000000000
80388  -38.229  -7.017  22.131 0.0000000000
80389  -39.064  -6.392  22.333 0.0000000000
82860  -39.322  -4.247  20.335 0.0000000000
89123  -38.959  1.370  20.710 0.0000000000
89124  -39.458  1.815  20.346 0.0000000000
89134  -39.833  1.147  19.487 0.0000000000
89145  -40.219  0.785  18.621 0.0000000000
89166  -43.621  0.902  17.203 0.0000000000
89165  -42.853  0.628  17.293 0.0000000000
87987  -43.381  -0.729  18.341 0.0000000000
87974  -43.827  -0.889  19.180 0.0000000000
86789  -43.544  -1.341  19.565 0.0000000000
87963  -44.999  -1.255  19.974 0.0000000000
95089  -47.716  5.165  13.831 0.0000000000
96393  -47.566  5.394  13.897 0.0000000000
57921  -7.043  -23.861  42.715 0.0000000000
55600  -6.497  -25.982  42.848 0.0000000000
54336  -6.637  -27.789  48.203 0.0000000000
71393  -35.801  -14.353  36.352 0.0000000000
72520  -37.517  -14.704  34.933 0.0000000000
72561  -30.497  -12.748  32.905 0.0000000000
72593  -31.439  -12.976  31.060 0.0000000000
72623  -35.558  -13.218  28.593 0.0000000000
73910  -36.215  -11.282  26.381 0.0000000000
75329  -35.540  -10.570  25.476 0.0000000000
76626  -36.136  -10.223  24.877 0.0000000000
76649  -35.890  -10.023  24.080 0.0000000000
77843  -34.559  -9.624  23.204 0.0000000000
77866  -34.308  -8.851  22.729 0.0000000000
81573  -31.695  -5.954  23.393 0.0000000000
80369  -31.803  -6.313  22.990 0.0000000000
81574  -32.061  -5.467  23.218 0.0000000000
82831  -33.301  -3.499  22.541 0.0000000000
67898  -22.664  -16.452  34.525 0.0000000000
67883  -22.204  -17.025  35.333 0.0000000000
60309  -11.154  -22.848  40.488 0.0000000000
57958  -10.352  -24.566  41.621 0.0000000000
61493  -14.626  -22.227  38.916 0.0000000000
60325  -13.932  -22.717  39.289 0.0000000000
60313  -14.590  -22.827  39.883 0.0000000000
70186  -40.234  -14.695  38.159 0.0000000000
63807  -18.901  -20.088  41.149 0.0000000000
65113  -19.382  -19.685  40.631 0.0000000000
65099  -19.959  -19.185  40.940 0.0000000000
66458  -20.683  -18.957  40.312 0.0000000000
65132  -20.552  -19.141  38.283 0.0000000000
66480  -20.654  -19.077  39.609 0.0000000000
63815  -35.490  -19.912  39.954 0.0000000000
62610  -35.077  -20.077  40.683 0.0000000000
69039  -17.697  -14.515  37.940 0.0000000000
69049  -17.650  -14.903  36.973 0.0000000000
67857  -17.248  -15.300  37.699 0.0000000000
67869  -17.037  -16.872  37.431 0.0000000000
65145  -16.365  -18.351  36.813 0.0000000000
63874  -18.124  -20.050  37.208 0.0000000000
67812  -36.612  -16.393  40.666 0.0000000000
67793  -36.302  -16.088  41.746 0.0000000000
66465  -32.805  -17.069  39.684 0.0000000000
66443  -34.515  -17.317  40.931 0.0000000000
81609  -36.369  -5.364  20.859 0.0000000000
81620  -35.932  -5.023  20.585 0.0000000000
84193  -37.697  -3.454  19.907 0.0000000000
85501  -39.264  -2.865  19.525 0.0000000000
91501  -42.205  3.567  18.746 0.0000000000
91514  -42.387  2.945  17.909 0.0000000000
91530  -42.756  2.401  17.390 0.0000000000
90322  -43.667  2.121  17.256 0.0000000000
90338  -43.740  1.428  17.177 0.0000000000
89151  -46.477  -0.075  17.964 0.0000000000
89168  -47.763  0.464  17.084 0.0000000000
90339  -46.948  0.880  16.701 0.0000000000
89181  -48.151  0.891  16.661 0.0000000000
89169  -48.582  0.735  17.106 0.0000000000
92703  -49.212  3.131  15.291 0.0000000000
56783  -8.508  -25.308  42.851 0.0000000000
56763  -7.861  -25.889  43.334 0.0000000000
56745  -8.391  -25.943  44.077 0.0000000000
55588  -8.474  -26.420  45.109 0.0000000000
71329  -36.162  -13.863  38.678 0.0000000000
71370  -35.054  -13.794  37.073 0.0000000000
72497  -34.548  -13.742  37.167 0.0000000000
75245  -28.952  -10.840  29.170 0.0000000000
73850  -31.656  -12.847  28.870 0.0000000000
72620  -32.419  -13.036  29.128 0.0000000000
73868  -32.397  -12.808  28.088 0.0000000000
73906  -32.497  -11.773  26.352 0.0000000000
75282  -30.988  -11.557  26.704 0.0000000000
75326  -32.253  -10.801  25.168 0.0000000000
76646  -32.692  -9.599  24.048 0.0000000000
79105  -31.099  -7.232  23.774 0.0000000000
79086  -30.759  -7.268  24.712 0.0000000000
80368  -31.352  -6.393  23.531 0.0000000000
81552  -31.548  -5.679  23.908 0.0000000000
81554  -32.051  -4.032  24.797 0.0000000000
66554  -25.084  -17.629  35.141 0.0000000000
66523  -25.276  -18.296  37.064 0.0000000000
65133  -25.778  -18.919  38.406 0.0000000000
65134  -26.391  -19.058  37.943 0.0000000000
65117  -26.302  -19.192  38.835 0.0000000000
61471  -10.962  -22.012  40.755 0.0000000000
61472  -11.181  -21.155  41.095 0.0000000000
59091  -12.566  -24.617  41.471 0.0000000000
60270  -15.947  -23.131  42.732 0.0000000000
55566  -4.227  -26.670  44.426 0.0000000000
56713  -3.174  -25.563  44.635 0.0000000000
56712  -3.007  -25.499  44.925 0.0000000000
89094  -40.051  1.334  22.916 0.0000000000
89112  -41.019  1.943  22.222 0.0000000000
90292  -41.171  2.541  21.601 0.0000000000
90303  -41.375  3.123  20.948 0.0000000000
72542  -40.585  -13.640  34.141 0.0000000000
63833  -30.435  -20.267  39.079 0.0000000000
65083  -13.870  -17.022  40.620 0.0000000000
63805  -13.281  -17.599  40.109 0.0000000000
62631  -12.651  -19.608  39.102 0.0000000000
62645  -13.387  -20.402  38.366 0.0000000000
62646  -14.472  -20.486  37.731 0.0000000000
61484  -15.402  -22.407  39.846 0.0000000000
61474  -15.991  -22.562  40.837 0.0000000000
62657  -16.190  -20.371  37.190 0.0000000000
62632  -16.509  -21.227  39.110 0.0000000000
61462  -16.429  -22.689  41.930 0.0000000000
99102  -43.790  8.160  12.205 0.0000000000
71275  -36.570  -14.138  40.849 0.0000000000
71276  -37.042  -14.624  40.574 0.0000000000
71307  -36.630  -13.886  39.216 0.0000000000
72463  -34.994  -13.305  38.946 0.0000000000
72462  -34.281  -13.029  38.779 0.0000000000
66551  -20.016  -17.541  34.444 0.0000000000
67910  -20.032  -16.517  34.191 0.0000000000
67911  -20.837  -16.308  34.163 0.0000000000
70246  -21.130  -14.360  33.670 0.0000000000
70256  -21.575  -14.985  33.164 0.0000000000
69079  -23.046  -16.080  33.970 0.0000000000
69100  -23.811  -16.059  33.545 0.0000000000
71368  -23.262  -11.913  35.596 0.0000000000
71391  -24.240  -13.517  33.810 0.0000000000
70237  -25.217  -13.717  34.648 0.0000000000
71405  -24.011  -14.093  33.007 0.0000000000
70259  -24.609  -15.477  32.988 0.0000000000
69101  -25.025  -15.944  33.222 0.0000000000
66565  -25.501  -17.321  34.382 0.0000000000
66555  -25.992  -17.849  34.806 0.0000000000
65185  -27.121  -18.491  35.229 0.0000000000
65169  -27.542  -18.744  35.823 0.0000000000
63878  -29.258  -19.426  36.886 0.0000000000
67862  -27.923  -15.076  37.228 0.0000000000
67889  -28.863  -16.695  35.711 0.0000000000
67878  -29.872  -16.484  36.152 0.0000000000
67890  -29.489  -16.795  35.875 0.0000000000
65171  -29.523  -18.342  35.944 0.0000000000
63896  -29.804  -18.938  36.331 0.0000000000
65154  -32.339  -19.176  36.862 0.0000000000
63882  -32.672  -19.783  38.077 0.0000000000
62651  -33.284  -20.171  39.008 0.0000000000
66490  -33.399  -17.708  38.754 0.0000000000
70199  -18.682  -13.191  36.932 0.0000000000
70217  -19.017  -13.185  35.843 0.0000000000
79109  -39.039  -7.851  23.207 0.0000000000
81610  -37.293  -5.644  21.214 0.0000000000
81611  -37.921  -5.747  21.438 0.0000000000
81594  -38.523  -5.847  21.796 0.0000000000
89108  -37.347  0.465  21.988 0.0000000000
87950  -37.546  0.260  21.074 0.0000000000
87961  -37.925  0.060  20.111 0.0000000000
89132  -38.456  0.759  19.968 0.0000000000
86784  -38.250  -1.033  19.139 0.0000000000
90311  -41.162  2.466  19.111 0.0000000000
90319  -40.710  1.556  18.438 0.0000000000
89162  -40.657  0.897  18.030 0.0000000000
89164  -42.091  0.467  17.805 0.0000000000
89163  -41.259  0.540  17.874 0.0000000000
87984  -40.332  -0.101  18.317 0.0000000000
86793  -40.759  -0.664  18.598 0.0000000000
85515  -41.087  -2.088  19.518 0.0000000000
85504  -42.741  -2.481  20.436 0.0000000000
157843  -46.939  5.894  13.671 0.0000000000
96418  -45.288  6.202  13.620 0.0000000000
96417  -44.982  6.310  13.534 0.0000000000
97762  -44.185  6.695  13.471 0.0000000000
96403  -42.546  7.349  13.904 0.0000000000
57891  -5.330  -23.032  43.529 0.0000000000
55601  -7.029  -26.307  43.165 0.0000000000
55585  -6.073  -26.455  43.364 0.0000000000
55584  -5.248  -26.177  43.422 0.0000000000
54335  -6.068  -27.882  47.932 0.0000000000
70169  -39.282  -15.705  38.496 0.0000000000
71332  -39.745  -14.569  37.785 0.0000000000
71351  -38.393  -14.969  37.147 0.0000000000
71375  -39.998  -14.380  36.207 0.0000000000
72523  -40.070  -14.040  34.756 0.0000000000
72541  -39.782  -13.878  34.029 0.0000000000
72494  -31.821  -12.864  36.238 0.0000000000
73773  -30.777  -12.268  35.645 0.0000000000
72515  -31.569  -12.853  35.563 0.0000000000
72535  -33.181  -13.581  34.572 0.0000000000
72562  -31.494  -12.981  32.832 0.0000000000
72552  -36.326  -14.310  33.268 0.0000000000
72556  -40.212  -13.447  33.354 0.0000000000
76651  -37.645  -9.572  24.282 0.0000000000
77846  -37.440  -9.225  23.699 0.0000000000
77845  -36.598  -9.501  23.515 0.0000000000
77891  -36.861  -8.754  22.497 0.0000000000
77890  -36.195  -8.531  22.385 0.0000000000
79126  -36.026  -7.596  22.214 0.0000000000
80386  -35.630  -6.503  21.974 0.0000000000
77865  -33.160  -8.731  22.475 0.0000000000
79122  -32.205  -6.915  22.419 0.0000000000
79123  -33.028  -7.048  22.127 0.0000000000
79124  -33.882  -7.243  22.112 0.0000000000
80385  -34.476  -6.641  21.705 0.0000000000
80400  -34.918  -5.963  21.235 0.0000000000
81608  -35.350  -5.186  20.787 0.0000000000
82855  -34.406  -3.953  20.754 0.0000000000
84190  -34.784  -3.500  20.717 0.0000000000
84165  -33.874  -3.150  22.155 0.0000000000
86749  -35.034  -1.152  22.346 0.0000000000
86750  -35.459  -0.897  22.841 0.0000000000
66538  -21.258  -18.149  35.826 0.0000000000
66521  -21.832  -17.961  36.740 0.0000000000
67886  -24.101  -17.268  36.894 0.0000000000
67874  -24.114  -17.229  38.008 0.0000000000
66483  -24.327  -18.098  39.154 0.0000000000
67861  -24.017  -17.486  38.889 0.0000000000
67860  -23.589  -17.065  38.644 0.0000000000
67845  -23.107  -17.460  39.394 0.0000000000
63809  -28.620  -20.079  39.771 0.0000000000
59062  -7.590  -22.798  42.474 0.0000000000
60296  -9.386  -23.247  41.565 0.0000000000
59076  -8.651  -23.831  41.943 0.0000000000
56766  -10.410  -25.560  44.288 0.0000000000
62630  -12.650  -20.588  38.855 0.0000000000
60311  -12.691  -23.275  39.883 0.0000000000
60269  -15.183  -23.521  42.335 0.0000000000
59065  -14.707  -24.005  42.955 0.0000000000
59078  -13.708  -24.706  42.458 0.0000000000
57942  -12.732  -24.950  42.676 0.0000000000
97773  -45.783  7.039  11.560 0.0000000000
54309  -4.067  -28.399  49.549 0.0000000000
54317  -3.294  -28.012  48.585 0.0000000000
54307  -3.190  -28.681  49.490 0.0000000000
54346  -2.424  -27.510  46.151 0.0000000000
56781  -7.234  -24.950  42.473 0.0000000000
57936  -6.974  -24.755  42.499 0.0000000000
57943  -13.352  -24.970  43.031 0.0000000000
59061  -7.032  -23.179  43.029 0.0000000000
60295  -9.110  -23.530  41.900 0.0000000000
60322  -12.133  -22.302  39.984 0.0000000000
61499  -12.815  -21.062  38.771 0.0000000000
62636  -32.910  -20.439  39.543 0.0000000000
62649  -17.842  -20.723  38.444 0.0000000000
62650  -33.045  -20.194  39.059 0.0000000000
63835  -32.306  -20.387  39.408 0.0000000000
63854  -19.282  -20.029  38.494 0.0000000000
63861  -32.972  -19.930  38.630 0.0000000000
63876  -27.622  -19.147  36.989 0.0000000000
65115  -20.492  -19.169  39.123 0.0000000000
65144  -15.640  -18.426  37.060 0.0000000000
65150  -27.182  -18.958  36.625 0.0000000000
65156  -33.757  -18.847  37.593 0.0000000000
65167  -25.946  -18.620  36.713 0.0000000000
65172  -30.284  -18.244  36.108 0.0000000000
66455  -14.321  -16.662  40.162 0.0000000000
66486  -30.594  -16.011  38.457 0.0000000000
66506  -29.880  -15.519  37.965 0.0000000000
66530  -33.741  -18.593  37.678 0.0000000000
66553  -21.714  -17.178  35.122 0.0000000000
66564  -20.924  -16.782  34.501 0.0000000000
67912  -21.628  -16.327  33.965 0.0000000000
67917  -26.373  -16.688  34.121 0.0000000000
69114  -21.651  -15.338  33.233 0.0000000000
69115  -21.836  -15.562  33.237 0.0000000000
69117  -24.429  -15.792  33.200 0.0000000000
70198  -18.418  -13.763  37.347 0.0000000000
70236  -20.549  -13.655  34.314 0.0000000000
70257  -21.961  -15.277  33.072 0.0000000000
70258  -24.209  -15.355  32.912 0.0000000000
75283  -36.653  -11.092  26.314 0.0000000000
77869  -37.391  -8.898  22.915 0.0000000000
77886  -32.596  -7.482  22.323 0.0000000000
79088  -38.937  -8.229  23.539 0.0000000000
79107  -37.772  -8.492  22.619 0.0000000000
80351  -31.615  -5.421  24.746 0.0000000000
80382  -32.224  -6.094  22.619 0.0000000000
81619  -35.698  -4.781  20.568 0.0000000000
82830  -32.738  -3.926  22.941 0.0000000000
82845  -34.574  -4.595  20.776 0.0000000000
82846  -36.577  -4.956  20.674 0.0000000000
84180  -35.589  -2.618  20.666 0.0000000000
84205  -41.509  -2.351  19.824 0.0000000000
86760  -35.111  -1.134  21.951 0.0000000000
86775  -42.017  -2.011  19.884 0.0000000000
86783  -37.802  -1.534  19.320 0.0000000000
87959  -36.980  -0.791  20.487 0.0000000000
87972  -40.300  -0.620  18.606 0.0000000000
87975  -44.583  -1.009  19.307 0.0000000000
87976  -45.477  -0.954  19.278 0.0000000000
88000  -42.097  -0.065  18.103 0.0000000000
89090  -36.762  0.185  22.424 0.0000000000
89091  -37.089  0.264  22.585 0.0000000000
89146  -40.668  0.338  18.078 0.0000000000
89147  -42.324  -0.093  18.055 0.0000000000
90300  -40.121  1.895  19.623 0.0000000000
90309  -40.094  1.664  19.488 0.0000000000
90310  -40.120  1.555  19.195 0.0000000000
90334  -40.920  1.143  17.795 0.0000000000
90361  -49.292  1.925  15.733 0.0000000000
91489  -40.287  2.167  19.454 0.0000000000
91490  -40.402  2.446  19.730 0.0000000000
91498  -40.226  1.758  19.243 0.0000000000
91499  -40.518  1.918  19.076 0.0000000000
91500  -40.727  2.344  19.371 0.0000000000
91512  -40.750  1.847  18.788 0.0000000000
91513  -40.893  2.035  18.836 0.0000000000
91553  -48.534  2.002  15.843 0.0000000000
96402  -42.436  7.326  14.118 0.0000000000
96415  -42.428  7.196  13.866 0.0000000000
96416  -42.495  6.990  13.742 0.0000000000
97751  -42.462  7.559  14.204 0.0000000000
97752  -42.649  7.459  14.656 0.0000000000
97760  -42.434  7.461  13.887 0.0000000000
97761  -42.717  7.027  13.635 0.0000000000
97770  -43.378  7.275  13.087 0.0000000000
99121  -45.145  8.229  10.626 0.0000000000
