#!ascii label  , from subject 3232 vox2ras=TkReg
1193
61391  -9.092  -19.645  46.424 0.0000000000
66379  -33.452  -15.478  43.968 0.0000000000
73732  -31.071  -11.559  38.554 0.0000000000
72385  -25.688  -11.081  42.236 0.0000000000
87937  -37.231  0.021  23.240 0.0000000000
77804  -30.743  -7.084  27.938 0.0000000000
70041  -32.301  -14.655  48.235 0.0000000000
68977  -28.964  -14.408  42.885 0.0000000000
87899  -43.268  1.660  26.020 0.0000000000
93806  -45.960  5.359  24.759 0.0000000000
95025  -48.777  7.591  21.166 0.0000000000
75138  -33.674  -8.525  36.545 0.0000000000
73802  -29.086  -11.027  32.515 0.0000000000
76555  -34.919  -6.673  31.889 0.0000000000
80293  -37.085  -4.572  29.646 0.0000000000
72420  -18.341  -11.841  39.392 0.0000000000
61358  -6.117  -19.589  47.803 0.0000000000
72388  -35.090  -12.684  42.470 0.0000000000
76348  -32.562  -9.227  41.511 0.0000000000
72474  -22.410  -11.139  36.266 0.0000000000
69052  -27.407  -14.939  36.793 0.0000000000
95073  -47.256  5.047  16.419 0.0000000000
101615  -46.806  10.473  18.650 0.0000000000
82800  -33.749  -3.113  25.290 0.0000000000
86682  -40.469  0.060  28.098 0.0000000000
61435  -10.158  -19.846  43.635 0.0000000000
56711  -3.035  -25.426  45.132 0.0000000000
91454  -45.356  2.934  24.399 0.0000000000
76502  -33.469  -7.739  33.362 0.0000000000
67842  -17.186  -14.659  38.248 0.0000000000
61360  -7.724  -19.512  47.614 0.0000000000
70130  -36.147  -14.819  41.246 0.0000000000
68978  -34.960  -14.991  42.921 0.0000000000
72442  -24.306  -11.052  38.892 0.0000000000
70218  -25.368  -13.289  36.037 0.0000000000
71305  -25.746  -12.871  39.564 0.0000000000
66355  -31.253  -16.787  44.202 0.0000000000
66416  -31.155  -15.798  40.895 0.0000000000
66419  -32.812  -17.262  41.873 0.0000000000
75006  -24.850  -8.883  42.664 0.0000000000
75054  -22.560  -8.717  40.119 0.0000000000
92663  -43.993  4.263  18.762 0.0000000000
92696  -47.357  3.782  17.110 0.0000000000
100319  -48.671  8.967  19.644 0.0000000000
76569  -29.041  -8.999  29.799 0.0000000000
80324  -32.054  -5.397  26.972 0.0000000000
84059  -37.825  -2.292  29.618 0.0000000000
66410  -13.899  -15.399  41.420 0.0000000000
65055  -13.652  -17.316  43.288 0.0000000000
63737  -12.831  -18.058  44.598 0.0000000000
62590  -11.672  -19.029  42.113 0.0000000000
56713  -3.174  -25.563  44.635 0.0000000000
67705  -32.873  -14.568  45.529 0.0000000000
68952  -34.550  -14.658  45.336 0.0000000000
70044  -33.710  -12.930  47.591 0.0000000000
73608  -27.553  -10.671  44.982 0.0000000000
71253  -27.390  -12.862  42.742 0.0000000000
71226  -28.357  -13.176  44.852 0.0000000000
68950  -30.428  -15.432  45.374 0.0000000000
86738  -40.668  0.880  24.715 0.0000000000
89097  -42.538  2.186  23.351 0.0000000000
93825  -43.355  4.252  22.427 0.0000000000
95034  -45.760  5.733  20.710 0.0000000000
93847  -48.237  4.681  20.152 0.0000000000
95008  -47.764  7.547  21.922 0.0000000000
76394  -30.640  -9.491  37.331 0.0000000000
73772  -29.912  -11.632  35.759 0.0000000000
76444  -31.033  -8.924  34.933 0.0000000000
76527  -31.410  -7.803  32.284 0.0000000000
77775  -32.521  -6.735  29.957 0.0000000000
79047  -34.442  -5.677  28.862 0.0000000000
79019  -36.138  -5.906  30.435 0.0000000000
71263  -16.395  -12.094  40.729 0.0000000000
67821  -15.803  -15.413  40.180 0.0000000000
102946  -43.373  11.063  14.900 0.0000000000
62477  -4.420  -19.453  48.562 0.0000000000
72425  -35.513  -12.959  40.676 0.0000000000
73716  -32.930  -11.928  40.103 0.0000000000
72361  -35.008  -12.767  44.048 0.0000000000
73665  -32.473  -10.756  42.630 0.0000000000
76356  -31.183  -9.815  39.764 0.0000000000
76382  -33.105  -9.434  39.053 0.0000000000
69016  -27.933  -14.326  39.901 0.0000000000
76326  -20.297  -8.729  41.561 0.0000000000
73727  -20.077  -11.225  37.470 0.0000000000
96376  -48.231  6.512  18.329 0.0000000000
99067  -46.560  8.157  17.556 0.0000000000
100336  -43.765  9.431  17.238 0.0000000000
102873  -44.822  11.748  18.696 0.0000000000
59049  -7.285  -22.201  43.006 0.0000000000
59032  -5.719  -22.046  44.052 0.0000000000
85457  -35.259  -1.520  23.779 0.0000000000
81523  -35.620  -4.065  28.021 0.0000000000
85421  -37.108  -2.236  26.892 0.0000000000
86725  -38.007  -0.594  25.276 0.0000000000
86698  -41.512  0.767  26.863 0.0000000000
60224  -9.689  -19.788  45.060 0.0000000000
59000  -5.273  -21.523  45.737 0.0000000000
58998  -4.433  -21.464  45.850 0.0000000000
60198  -3.542  -20.730  46.147 0.0000000000
60187  -7.821  -20.443  46.666 0.0000000000
66400  -34.039  -16.394  43.156 0.0000000000
67773  -35.515  -15.692  42.702 0.0000000000
67752  -34.187  -15.237  43.844 0.0000000000
72421  -24.325  -11.141  40.067 0.0000000000
72443  -24.944  -11.815  39.453 0.0000000000
71273  -25.730  -12.223  40.605 0.0000000000
66377  -32.647  -16.612  43.652 0.0000000000
66397  -32.015  -17.058  42.707 0.0000000000
66399  -33.560  -17.001  43.159 0.0000000000
66421  -34.479  -17.123  42.201 0.0000000000
73625  -26.485  -9.738  43.583 0.0000000000
74970  -26.442  -8.833  43.927 0.0000000000
73646  -25.536  -10.053  42.668 0.0000000000
73680  -23.912  -10.089  41.280 0.0000000000
91520  -47.052  3.488  18.430 0.0000000000
72460  -32.732  -12.745  38.306 0.0000000000
73764  -31.603  -12.672  36.949 0.0000000000
77803  -29.866  -8.092  28.213 0.0000000000
76594  -29.504  -9.462  27.442 0.0000000000
79058  -31.111  -6.506  27.221 0.0000000000
63805  -13.281  -17.599  40.109 0.0000000000
65056  -13.901  -16.854  42.599 0.0000000000
63786  -12.661  -18.137  41.026 0.0000000000
62591  -12.298  -18.395  42.238 0.0000000000
62617  -12.171  -19.062  40.202 0.0000000000
67686  -32.406  -14.423  46.014 0.0000000000
68914  -33.415  -14.232  46.552 0.0000000000
70043  -33.382  -13.738  47.465 0.0000000000
73588  -28.225  -10.802  45.898 0.0000000000
72350  -28.206  -12.207  45.150 0.0000000000
72318  -28.965  -11.847  47.113 0.0000000000
70039  -30.641  -14.646  48.060 0.0000000000
68909  -30.290  -14.554  46.805 0.0000000000
68911  -31.346  -15.013  46.566 0.0000000000
67703  -31.311  -14.954  45.643 0.0000000000
87896  -41.455  1.108  25.455 0.0000000000
87941  -41.552  1.717  23.882 0.0000000000
89079  -42.658  1.823  24.238 0.0000000000
92632  -45.842  3.847  24.603 0.0000000000
92630  -44.454  3.686  23.455 0.0000000000
93827  -44.580  5.693  23.136 0.0000000000
95018  -44.148  5.787  21.549 0.0000000000
96329  -45.469  6.827  23.177 0.0000000000
95006  -46.556  6.693  21.656 0.0000000000
94994  -46.946  7.279  23.240 0.0000000000
76410  -31.845  -9.014  36.509 0.0000000000
76425  -31.018  -9.092  35.758 0.0000000000
76445  -32.123  -8.690  34.855 0.0000000000
76529  -33.634  -7.147  32.621 0.0000000000
76501  -32.412  -8.106  33.154 0.0000000000
76553  -32.901  -7.173  31.602 0.0000000000
76572  -32.211  -7.238  30.653 0.0000000000
76573  -33.159  -6.601  30.898 0.0000000000
77793  -34.071  -6.252  29.616 0.0000000000
76575  -35.237  -6.587  31.256 0.0000000000
73662  -17.725  -10.074  40.865 0.0000000000
73661  -17.145  -10.342  41.725 0.0000000000
72401  -17.362  -11.649  40.369 0.0000000000
67823  -16.880  -14.517  38.792 0.0000000000
104213  -44.187  12.250  15.050 0.0000000000
102949  -45.179  12.425  13.824 0.0000000000
61356  -5.001  -20.026  48.473 0.0000000000
72389  -35.864  -13.324  42.167 0.0000000000
72408  -36.076  -13.591  41.421 0.0000000000
72407  -35.713  -12.972  41.527 0.0000000000
72424  -34.601  -12.653  40.552 0.0000000000
73702  -33.951  -11.982  41.234 0.0000000000
71213  -35.235  -13.216  45.623 0.0000000000
71228  -35.184  -13.451  44.391 0.0000000000
72351  -35.068  -12.427  45.057 0.0000000000
76293  -32.709  -9.503  43.777 0.0000000000
73649  -32.938  -10.671  43.706 0.0000000000
75022  -31.771  -10.032  42.868 0.0000000000
75039  -31.365  -10.220  41.220 0.0000000000
76347  -31.790  -9.386  41.154 0.0000000000
76368  -32.430  -9.370  39.537 0.0000000000
76369  -33.212  -9.513  39.870 0.0000000000
70201  -25.875  -13.897  37.052 0.0000000000
68989  -28.266  -13.478  42.149 0.0000000000
69002  -27.704  -13.463  41.329 0.0000000000
68990  -29.005  -14.194  41.737 0.0000000000
67831  -30.290  -15.526  39.583 0.0000000000
76311  -22.333  -8.304  43.472 0.0000000000
73729  -22.240  -10.133  37.745 0.0000000000
75069  -20.854  -9.436  38.895 0.0000000000
73747  -20.983  -11.148  36.622 0.0000000000
72490  -20.123  -11.971  35.688 0.0000000000
95037  -48.875  6.202  20.447 0.0000000000
93868  -48.365  5.358  19.182 0.0000000000
95056  -48.745  6.498  19.494 0.0000000000
101637  -48.188  9.913  18.628 0.0000000000
99055  -48.218  8.532  17.924 0.0000000000
100340  -47.124  9.446  17.715 0.0000000000
99051  -44.595  8.305  17.260 0.0000000000
101634  -45.716  9.988  17.776 0.0000000000
101612  -44.520  10.677  17.834 0.0000000000
101594  -46.096  10.856  19.003 0.0000000000
73792  -29.026  -11.247  33.822 0.0000000000
73785  -30.248  -12.420  34.841 0.0000000000
84146  -33.649  -2.571  23.152 0.0000000000
84132  -33.841  -2.301  24.494 0.0000000000
79049  -35.749  -5.330  28.909 0.0000000000
80327  -35.058  -4.814  28.100 0.0000000000
80309  -35.848  -4.652  28.691 0.0000000000
85412  -38.766  -1.176  28.480 0.0000000000
85410  -38.104  -2.156  28.089 0.0000000000
85423  -38.354  -1.390  27.688 0.0000000000
86710  -37.432  -1.283  26.405 0.0000000000
86696  -39.314  -0.700  27.487 0.0000000000
86712  -40.070  -0.513  26.141 0.0000000000
86683  -41.375  0.743  27.744 0.0000000000
61437  -11.478  -18.901  43.916 0.0000000000
61423  -11.090  -19.028  44.810 0.0000000000
61408  -10.418  -19.419  45.611 0.0000000000
60241  -9.819  -19.840  44.326 0.0000000000
60253  -9.156  -20.988  43.412 0.0000000000
60268  -9.668  -21.170  42.727 0.0000000000
57890  -4.703  -23.527  43.550 0.0000000000
59001  -5.899  -21.545  45.628 0.0000000000
57873  -4.709  -22.832  44.202 0.0000000000
56712  -3.007  -25.499  44.925 0.0000000000
59014  -4.009  -22.500  45.181 0.0000000000
57870  -3.277  -23.823  44.707 0.0000000000
58997  -4.222  -21.279  45.941 0.0000000000
59013  -3.813  -22.159  45.245 0.0000000000
72303  -29.160  -11.914  48.356 0.0000000000
89040  -44.738  2.208  27.125 0.0000000000
89065  -44.381  2.376  25.207 0.0000000000
90254  -45.844  2.748  25.861 0.0000000000
76446  -33.353  -8.414  34.971 0.0000000000
71302  -18.434  -12.838  38.416 0.0000000000
70163  -18.160  -13.489  38.780 0.0000000000
62482  -7.702  -19.009  48.174 0.0000000000
61359  -6.918  -19.547  47.664 0.0000000000
67793  -36.302  -16.088  41.746 0.0000000000
68991  -35.875  -15.217  42.330 0.0000000000
72375  -35.373  -13.266  42.918 0.0000000000
75041  -34.140  -9.969  41.013 0.0000000000
73749  -23.127  -10.537  37.361 0.0000000000
71346  -24.226  -11.367  36.533 0.0000000000
71326  -24.700  -11.654  37.093 0.0000000000
70200  -25.377  -13.095  37.337 0.0000000000
69041  -26.385  -14.262  38.197 0.0000000000
67770  -30.391  -15.854  42.923 0.0000000000
67790  -30.009  -14.448  42.471 0.0000000000
66395  -31.199  -15.804  41.922 0.0000000000
66417  -31.547  -16.388  41.318 0.0000000000
66442  -33.651  -17.355  40.867 0.0000000000
76291  -24.171  -8.158  43.644 0.0000000000
76328  -22.231  -8.542  42.389 0.0000000000
75038  -23.462  -8.996  41.320 0.0000000000
73713  -23.572  -10.207  39.223 0.0000000000
92661  -42.180  4.158  19.580 0.0000000000
93885  -47.407  4.356  16.724 0.0000000000
97700  -49.795  8.579  21.344 0.0000000000
97717  -48.532  8.000  20.045 0.0000000000
75203  -28.907  -9.639  31.059 0.0000000000
80350  -31.081  -6.195  24.520 0.0000000000
81536  -32.690  -4.185  25.814 0.0000000000
82727  -38.698  -3.488  30.960 0.0000000000
82743  -37.507  -3.646  29.335 0.0000000000
84041  -38.279  -2.471  30.605 0.0000000000
68986  -14.585  -14.135  42.033 0.0000000000
67761  -13.699  -15.231  42.761 0.0000000000
67740  -13.543  -16.032  44.439 0.0000000000
65041  -13.442  -17.481  44.226 0.0000000000
62578  -11.891  -18.663  43.133 0.0000000000
61450  -11.273  -19.242  42.988 0.0000000000
61459  -10.322  -21.365  41.724 0.0000000000
61472  -11.181  -21.155  41.095 0.0000000000
66358  -32.893  -15.416  44.308 0.0000000000
67730  -33.876  -14.647  44.770 0.0000000000
68932  -33.724  -14.550  45.853 0.0000000000
70059  -34.287  -13.917  46.848 0.0000000000
72372  -26.562  -11.422  42.968 0.0000000000
72386  -25.948  -12.055  42.130 0.0000000000
72360  -27.467  -11.766  43.777 0.0000000000
71241  -27.978  -13.254  43.908 0.0000000000
70100  -28.726  -14.198  44.264 0.0000000000
71197  -29.424  -13.046  46.859 0.0000000000
70086  -29.301  -14.468  45.496 0.0000000000
68965  -29.404  -15.333  44.396 0.0000000000
67725  -30.756  -15.945  45.098 0.0000000000
67726  -31.911  -15.507  44.943 0.0000000000
73586  -27.121  -10.090  45.484 0.0000000000
89076  -38.966  0.756  23.804 0.0000000000
89109  -38.168  0.768  21.831 0.0000000000
89094  -40.051  1.334  22.916 0.0000000000
89112  -41.019  1.943  22.222 0.0000000000
90292  -41.171  2.541  21.601 0.0000000000
90274  -43.978  2.463  23.791 0.0000000000
90294  -42.619  2.850  22.504 0.0000000000
91492  -41.830  3.822  21.302 0.0000000000
93841  -42.852  4.806  20.387 0.0000000000
93842  -44.754  5.222  19.838 0.0000000000
92652  -46.422  4.130  20.044 0.0000000000
92667  -47.429  3.721  19.560 0.0000000000
93845  -47.058  4.517  20.518 0.0000000000
95022  -47.822  5.871  21.065 0.0000000000
95009  -48.778  7.224  21.947 0.0000000000
96317  -47.859  7.988  24.078 0.0000000000
96335  -49.539  7.785  22.074 0.0000000000
76379  -30.378  -9.860  37.987 0.0000000000
73750  -30.495  -11.653  37.231 0.0000000000
76408  -30.224  -9.874  36.520 0.0000000000
75154  -29.508  -10.020  34.804 0.0000000000
75166  -28.963  -9.880  33.532 0.0000000000
76470  -32.281  -8.628  33.935 0.0000000000
76500  -31.157  -8.275  33.096 0.0000000000
76525  -29.503  -9.284  31.798 0.0000000000
76550  -29.519  -8.770  30.933 0.0000000000
77773  -30.594  -7.673  29.684 0.0000000000
77791  -31.762  -6.891  29.045 0.0000000000
79045  -32.148  -6.133  28.084 0.0000000000
77792  -32.925  -6.197  29.252 0.0000000000
79032  -35.155  -6.135  29.221 0.0000000000
79034  -36.614  -5.166  29.927 0.0000000000
79021  -37.563  -5.398  30.668 0.0000000000
80282  -38.601  -4.913  30.654 0.0000000000
71250  -15.559  -12.218  41.565 0.0000000000
70150  -17.399  -13.308  39.555 0.0000000000
70138  -15.908  -13.115  40.618 0.0000000000
68987  -15.182  -13.986  41.378 0.0000000000
67802  -15.261  -15.289  40.678 0.0000000000
72444  -33.544  -12.641  39.487 0.0000000000
73715  -32.070  -11.721  39.926 0.0000000000
70101  -34.502  -14.486  44.166 0.0000000000
71242  -35.159  -13.281  43.867 0.0000000000
73668  -34.680  -12.551  43.072 0.0000000000
73650  -33.693  -11.689  43.771 0.0000000000
73685  -34.070  -11.892  42.122 0.0000000000
73683  -32.404  -11.011  41.601 0.0000000000
73699  -31.715  -10.841  40.480 0.0000000000
75070  -30.919  -10.506  39.266 0.0000000000
76366  -30.711  -9.778  38.893 0.0000000000
76381  -32.497  -9.243  38.329 0.0000000000
75122  -33.489  -8.821  37.196 0.0000000000
75071  -33.775  -9.899  39.142 0.0000000000
75105  -33.984  -9.386  37.707 0.0000000000
71274  -26.400  -12.642  40.938 0.0000000000
70153  -26.998  -13.669  39.855 0.0000000000
69030  -27.205  -14.394  39.145 0.0000000000
67830  -29.580  -15.062  39.787 0.0000000000
67849  -28.866  -15.018  38.896 0.0000000000
76308  -19.100  -8.613  42.476 0.0000000000
73679  -19.113  -9.990  40.357 0.0000000000
75036  -21.280  -8.661  40.582 0.0000000000
75052  -20.122  -9.646  39.340 0.0000000000
73709  -18.643  -11.274  39.047 0.0000000000
71345  -19.273  -12.494  36.590 0.0000000000
92679  -47.456  4.113  18.924 0.0000000000
93886  -47.556  5.047  17.694 0.0000000000
95063  -47.610  5.922  17.599 0.0000000000
97730  -48.497  7.523  18.523 0.0000000000
96374  -47.520  7.094  17.623 0.0000000000
96383  -46.920  6.687  17.085 0.0000000000
157845  -45.082  6.483  16.247 0.0000000000
97735  -43.608  7.877  16.263 0.0000000000
99084  -42.594  8.512  14.303 0.0000000000
101662  -42.896  10.297  15.378 0.0000000000
102926  -43.634  11.386  16.836 0.0000000000
60222  -7.947  -20.991  45.025 0.0000000000
60221  -7.190  -21.226  45.555 0.0000000000
59033  -6.385  -21.648  43.852 0.0000000000
73773  -30.777  -12.268  35.645 0.0000000000
87922  -36.639  -0.464  23.574 0.0000000000
80305  -32.675  -5.541  27.932 0.0000000000
80343  -33.357  -4.393  26.871 0.0000000000
81538  -34.688  -3.861  26.860 0.0000000000
82755  -37.301  -3.413  28.495 0.0000000000
82786  -36.168  -2.865  27.085 0.0000000000
84115  -35.240  -2.934  25.695 0.0000000000
85432  -36.135  -1.922  25.668 0.0000000000
86724  -36.866  -1.010  25.306 0.0000000000
86737  -38.014  -0.517  24.370 0.0000000000
87908  -39.471  0.394  24.774 0.0000000000
86713  -41.054  0.383  25.969 0.0000000000
86699  -42.121  1.217  26.758 0.0000000000
61378  -9.638  -19.354  46.778 0.0000000000
61393  -10.286  -19.281  46.347 0.0000000000
60207  -9.422  -19.781  45.557 0.0000000000
60239  -8.562  -20.727  44.083 0.0000000000
60266  -8.381  -22.233  42.469 0.0000000000
60204  -6.999  -21.275  46.214 0.0000000000
60203  -6.176  -21.354  46.490 0.0000000000
60184  -5.535  -21.230  47.428 0.0000000000
57872  -4.105  -23.231  44.393 0.0000000000
58999  -4.767  -21.523  45.808 0.0000000000
60183  -4.854  -21.371  47.646 0.0000000000
60182  -4.253  -21.272  47.588 0.0000000000
61370  -3.671  -20.506  47.306 0.0000000000
59012  -3.416  -22.421  44.832 0.0000000000
61377  -8.714  -19.609  46.965 0.0000000000
60188  -8.474  -20.063  46.404 0.0000000000
66401  -34.295  -15.877  43.408 0.0000000000
66380  -33.840  -15.435  43.874 0.0000000000
72404  -25.186  -11.423  41.167 0.0000000000
66378  -33.074  -16.114  43.614 0.0000000000
73647  -26.130  -10.800  42.971 0.0000000000
73664  -25.017  -10.409  41.619 0.0000000000
73733  -31.916  -12.088  38.954 0.0000000000
73752  -31.914  -12.541  37.791 0.0000000000
73751  -31.121  -12.019  37.494 0.0000000000
77814  -29.741  -8.359  26.913 0.0000000000
77815  -30.122  -7.450  26.422 0.0000000000
63804  -12.855  -18.545  39.586 0.0000000000
63787  -13.343  -17.393  41.335 0.0000000000
68893  -32.527  -14.676  47.423 0.0000000000
68894  -32.924  -14.225  47.172 0.0000000000
70042  -32.869  -14.267  47.986 0.0000000000
73571  -28.897  -11.057  47.059 0.0000000000
72317  -28.864  -11.156  46.641 0.0000000000
70040  -31.512  -14.773  48.310 0.0000000000
68891  -31.027  -15.245  47.661 0.0000000000
68892  -31.858  -15.098  47.576 0.0000000000
68912  -32.133  -14.675  46.746 0.0000000000
73563  -28.612  -10.343  47.535 0.0000000000
87898  -42.537  1.509  25.778 0.0000000000
87928  -42.245  1.737  24.606 0.0000000000
87913  -42.928  1.599  25.477 0.0000000000
93817  -45.163  4.900  24.259 0.0000000000
93805  -45.601  5.395  24.501 0.0000000000
94992  -45.131  6.130  23.701 0.0000000000
96314  -45.604  6.545  24.022 0.0000000000
96316  -46.494  7.173  23.114 0.0000000000
94979  -46.420  6.485  24.451 0.0000000000
76411  -32.786  -8.670  36.499 0.0000000000
76426  -31.978  -8.780  35.708 0.0000000000
76427  -32.971  -8.531  35.738 0.0000000000
76530  -34.674  -6.854  32.747 0.0000000000
76554  -33.887  -6.676  31.817 0.0000000000
76574  -34.262  -6.611  31.027 0.0000000000
73678  -18.510  -10.543  40.221 0.0000000000
72384  -17.790  -11.036  40.537 0.0000000000
72402  -17.978  -11.471  39.654 0.0000000000
104198  -44.571  12.746  16.106 0.0000000000
104228  -44.868  12.483  14.362 0.0000000000
104214  -45.255  12.769  15.164 0.0000000000
62480  -6.124  -19.046  48.352 0.0000000000
62479  -5.535  -19.254  48.566 0.0000000000
61357  -5.505  -19.824  48.173 0.0000000000
72406  -34.804  -12.468  41.555 0.0000000000
73610  -34.381  -11.394  45.511 0.0000000000
76332  -32.800  -9.216  42.454 0.0000000000
76314  -32.295  -9.450  43.137 0.0000000000
76331  -31.759  -9.320  42.231 0.0000000000
76358  -32.475  -9.338  40.536 0.0000000000
72514  -21.508  -11.747  35.114 0.0000000000
71367  -22.453  -11.855  35.264 0.0000000000
68976  -28.635  -13.960  43.291 0.0000000000
73748  -22.130  -10.748  36.904 0.0000000000
73761  -21.802  -11.197  36.309 0.0000000000
72491  -20.778  -11.567  35.509 0.0000000000
95072  -46.307  5.364  16.123 0.0000000000
95038  -48.548  7.254  20.705 0.0000000000
95048  -48.645  6.764  20.003 0.0000000000
101616  -47.622  10.394  19.239 0.0000000000
101636  -47.522  10.198  18.125 0.0000000000
101635  -46.620  10.126  17.854 0.0000000000
100339  -46.238  9.344  17.646 0.0000000000
101614  -45.990  10.495  18.282 0.0000000000
81576  -32.438  -3.649  24.333 0.0000000000
81575  -32.236  -4.146  23.614 0.0000000000
82815  -32.885  -3.193  23.856 0.0000000000
80291  -36.268  -5.112  29.174 0.0000000000
80311  -36.840  -4.597  29.213 0.0000000000
86681  -39.516  -0.607  28.742 0.0000000000
86697  -40.653  0.138  27.031 0.0000000000
61436  -10.833  -19.399  43.821 0.0000000000
61424  -11.603  -18.673  44.467 0.0000000000
61422  -10.378  -19.538  44.569 0.0000000000
60254  -9.670  -20.433  43.519 0.0000000000
61448  -10.170  -20.505  42.741 0.0000000000
76447  -34.342  -8.171  34.840 0.0000000000
70180  -18.402  -13.596  38.091 0.0000000000
61375  -6.992  -20.288  47.359 0.0000000000
66423  -36.189  -16.632  42.049 0.0000000000
70114  -35.409  -14.459  42.810 0.0000000000
71255  -35.791  -13.887  42.566 0.0000000000
73730  -23.429  -10.375  38.230 0.0000000000
72458  -24.277  -11.093  37.616 0.0000000000
71304  -25.514  -12.466  38.945 0.0000000000
70164  -25.895  -12.757  38.733 0.0000000000
70183  -25.766  -13.623  38.080 0.0000000000
70165  -26.362  -13.173  39.052 0.0000000000
67750  -30.592  -16.513  43.881 0.0000000000
67771  -30.852  -16.503  43.189 0.0000000000
66418  -32.049  -16.937  41.642 0.0000000000
66440  -32.051  -16.783  40.572 0.0000000000
66441  -32.816  -17.177  40.762 0.0000000000
66443  -34.515  -17.317  40.931 0.0000000000
74988  -25.694  -8.931  43.120 0.0000000000
76270  -25.672  -8.121  44.549 0.0000000000
76292  -25.104  -8.128  43.801 0.0000000000
76313  -24.756  -8.434  43.199 0.0000000000
75005  -24.147  -8.683  42.250 0.0000000000
72403  -24.320  -10.697  40.818 0.0000000000
73698  -23.570  -9.932  40.237 0.0000000000
92662  -42.869  4.367  18.755 0.0000000000
75225  -28.876  -9.514  30.329 0.0000000000
73829  -28.775  -10.343  30.351 0.0000000000
75244  -28.842  -10.039  29.470 0.0000000000
80340  -30.934  -6.340  25.482 0.0000000000
80341  -31.513  -5.511  25.729 0.0000000000
81535  -31.887  -4.753  25.330 0.0000000000
80342  -32.429  -4.865  26.387 0.0000000000
84025  -38.794  -2.638  31.299 0.0000000000
86644  -40.194  0.200  29.871 0.0000000000
68975  -14.158  -14.214  42.777 0.0000000000
67781  -13.679  -15.171  41.835 0.0000000000
66390  -13.765  -16.422  43.421 0.0000000000
66368  -13.561  -16.710  44.515 0.0000000000
66389  -13.821  -17.078  43.935 0.0000000000
62579  -12.642  -18.324  43.290 0.0000000000
61461  -11.084  -19.656  41.981 0.0000000000
61460  -10.744  -20.446  41.935 0.0000000000
61473  -11.274  -20.344  41.285 0.0000000000
67728  -33.030  -14.868  44.925 0.0000000000
67706  -33.294  -14.574  45.424 0.0000000000
70058  -33.775  -14.077  46.785 0.0000000000
68915  -33.976  -14.421  46.484 0.0000000000
72359  -27.185  -11.016  44.082 0.0000000000
71225  -27.827  -12.419  44.397 0.0000000000
70084  -28.516  -13.774  44.331 0.0000000000
71180  -29.351  -12.729  47.820 0.0000000000
68928  -30.188  -14.701  46.317 0.0000000000
70071  -29.614  -14.381  46.028 0.0000000000
68948  -29.077  -14.797  44.771 0.0000000000
68949  -29.728  -15.132  45.161 0.0000000000
67724  -30.055  -15.728  44.883 0.0000000000
67704  -32.171  -14.704  45.383 0.0000000000
67727  -32.599  -15.122  44.841 0.0000000000
66357  -32.475  -15.801  44.176 0.0000000000
73587  -27.754  -10.381  45.666 0.0000000000
73607  -27.212  -10.192  44.599 0.0000000000
89062  -39.463  0.765  24.303 0.0000000000
89077  -39.714  1.120  23.787 0.0000000000
87925  -40.642  1.245  23.961 0.0000000000
89096  -41.708  1.983  23.494 0.0000000000
89095  -40.880  1.481  22.822 0.0000000000
89113  -41.768  2.380  22.669 0.0000000000
90263  -45.023  2.528  24.707 0.0000000000
89080  -43.676  2.170  24.415 0.0000000000
90275  -44.905  2.358  23.942 0.0000000000
92640  -43.808  3.548  22.939 0.0000000000
91476  -43.752  2.871  23.066 0.0000000000
92639  -43.252  3.688  22.568 0.0000000000
91483  -42.181  3.568  22.068 0.0000000000
92645  -42.727  3.963  22.195 0.0000000000
92651  -42.185  4.214  21.081 0.0000000000
93831  -42.905  4.661  21.583 0.0000000000
95019  -45.233  6.261  21.498 0.0000000000
95032  -44.398  5.489  20.221 0.0000000000
95033  -45.188  5.615  20.644 0.0000000000
93858  -46.077  4.383  19.790 0.0000000000
93844  -46.243  4.856  20.221 0.0000000000
93835  -46.778  5.194  20.767 0.0000000000
95007  -47.139  6.906  21.751 0.0000000000
95023  -48.405  6.606  21.131 0.0000000000
96334  -49.251  7.753  22.320 0.0000000000
76393  -30.239  -10.185  37.186 0.0000000000
76424  -30.191  -9.541  35.779 0.0000000000
76443  -30.156  -9.080  35.180 0.0000000000
76468  -29.805  -8.908  34.294 0.0000000000
76471  -33.396  -8.233  34.045 0.0000000000
76499  -29.842  -9.080  32.910 0.0000000000
76526  -30.408  -8.611  32.008 0.0000000000
76551  -30.553  -7.852  31.255 0.0000000000
76571  -31.066  -7.504  30.472 0.0000000000
77774  -31.530  -7.314  29.779 0.0000000000
77790  -30.712  -7.404  29.005 0.0000000000
77794  -35.010  -6.486  29.771 0.0000000000
77795  -35.611  -6.119  29.959 0.0000000000
79033  -35.929  -5.670  29.573 0.0000000000
79020  -36.697  -5.622  30.488 0.0000000000
79008  -38.805  -5.890  31.046 0.0000000000
80270  -39.022  -5.349  30.813 0.0000000000
79022  -38.387  -5.256  30.734 0.0000000000
81489  -38.970  -4.464  30.796 0.0000000000
72383  -17.040  -11.135  41.228 0.0000000000
72370  -16.389  -10.711  42.028 0.0000000000
71239  -15.818  -11.057  42.339 0.0000000000
71251  -15.968  -11.416  41.710 0.0000000000
69027  -17.650  -14.165  38.706 0.0000000000
71283  -17.855  -12.938  39.386 0.0000000000
70162  -17.736  -13.653  39.129 0.0000000000
67822  -16.285  -15.043  39.516 0.0000000000
69013  -16.258  -14.237  39.841 0.0000000000
67803  -15.997  -14.769  40.445 0.0000000000
69000  -15.773  -13.747  40.433 0.0000000000
67783  -15.361  -14.522  40.914 0.0000000000
71275  -36.570  -14.138  40.849 0.0000000000
72446  -35.295  -13.219  39.748 0.0000000000
72423  -33.712  -12.319  40.360 0.0000000000
73734  -32.766  -12.351  39.238 0.0000000000
68966  -34.240  -14.564  44.451 0.0000000000
70087  -34.916  -14.176  44.772 0.0000000000
72362  -35.176  -13.164  43.525 0.0000000000
73651  -34.354  -12.492  43.626 0.0000000000
73648  -32.332  -10.336  43.256 0.0000000000
73666  -33.383  -11.462  42.861 0.0000000000
73684  -33.182  -11.472  41.921 0.0000000000
73682  -31.854  -10.716  41.228 0.0000000000
75056  -31.278  -10.327  40.193 0.0000000000
73714  -31.429  -11.161  39.593 0.0000000000
76396  -32.621  -8.989  37.270 0.0000000000
75104  -33.227  -9.134  37.830 0.0000000000
75057  -33.966  -10.113  40.079 0.0000000000
75072  -34.783  -10.177  39.313 0.0000000000
75123  -34.329  -8.910  37.206 0.0000000000
71347  -25.000  -12.092  36.326 0.0000000000
71369  -24.432  -12.845  35.075 0.0000000000
71252  -26.838  -12.351  42.415 0.0000000000
71264  -26.620  -12.767  41.796 0.0000000000
70126  -26.874  -13.101  41.750 0.0000000000
69015  -27.513  -13.904  40.328 0.0000000000
70141  -27.187  -13.390  40.881 0.0000000000
69031  -28.155  -14.512  39.181 0.0000000000
67791  -30.774  -15.002  41.632 0.0000000000
67810  -29.641  -14.465  40.930 0.0000000000
67811  -30.424  -15.275  40.431 0.0000000000
76309  -19.805  -8.751  42.540 0.0000000000
75018  -19.339  -8.824  41.710 0.0000000000
75035  -19.775  -9.135  40.512 0.0000000000
75037  -22.369  -8.717  41.086 0.0000000000
76345  -21.920  -8.630  41.748 0.0000000000
75068  -20.384  -9.866  38.738 0.0000000000
73710  -19.613  -10.626  38.592 0.0000000000
72441  -19.046  -11.610  37.884 0.0000000000
72457  -19.532  -11.832  37.093 0.0000000000
92655  -47.896  4.038  20.076 0.0000000000
92678  -47.362  3.818  19.200 0.0000000000
92668  -47.864  4.091  19.601 0.0000000000
95055  -48.610  6.127  18.868 0.0000000000
93876  -47.843  5.291  18.458 0.0000000000
95064  -47.844  5.728  18.087 0.0000000000
95074  -47.470  5.229  17.322 0.0000000000
99036  -48.601  8.505  20.076 0.0000000000
97716  -48.538  7.552  19.205 0.0000000000
99057  -48.590  8.123  18.679 0.0000000000
99054  -47.421  8.651  17.745 0.0000000000
97729  -48.209  7.686  17.956 0.0000000000
96373  -47.100  7.389  17.455 0.0000000000
99066  -46.279  7.275  17.074 0.0000000000
99050  -43.799  8.781  17.119 0.0000000000
97725  -44.545  7.751  17.021 0.0000000000
99064  -43.378  8.358  16.433 0.0000000000
97743  -43.339  7.789  15.838 0.0000000000
99063  -42.768  9.006  16.210 0.0000000000
100364  -42.673  9.477  15.485 0.0000000000
101652  -42.763  9.866  16.137 0.0000000000
102893  -44.700  11.274  18.217 0.0000000000
102911  -44.161  11.878  17.567 0.0000000000
102927  -44.026  12.253  16.771 0.0000000000
104174  -44.652  12.336  18.319 0.0000000000
60238  -7.945  -21.474  44.063 0.0000000000
59019  -7.159  -21.315  44.277 0.0000000000
59034  -7.141  -21.566  43.548 0.0000000000
73762  -30.248  -11.714  36.501 0.0000000000
84147  -34.411  -1.817  23.810 0.0000000000
85456  -34.626  -1.565  23.051 0.0000000000
85475  -34.945  -1.289  23.009 0.0000000000
79046  -33.291  -5.704  28.797 0.0000000000
80306  -33.702  -5.212  28.413 0.0000000000
80326  -34.092  -4.558  27.943 0.0000000000
81522  -34.863  -4.368  27.500 0.0000000000
81521  -34.134  -4.073  27.182 0.0000000000
81539  -35.227  -4.000  27.307 0.0000000000
82744  -37.815  -3.164  29.807 0.0000000000
84058  -37.764  -2.722  28.822 0.0000000000
85422  -37.618  -2.029  27.192 0.0000000000
84098  -37.297  -2.725  27.484 0.0000000000
84097  -36.878  -2.704  27.154 0.0000000000
84116  -35.873  -2.483  26.380 0.0000000000
84134  -35.556  -2.268  25.307 0.0000000000
85433  -36.659  -2.062  26.537 0.0000000000
86711  -38.656  -0.578  26.338 0.0000000000
86736  -37.193  -0.659  24.458 0.0000000000
87907  -38.629  0.074  24.613 0.0000000000
86726  -39.217  -0.174  25.398 0.0000000000
86714  -41.603  1.069  26.154 0.0000000000
61407  -9.881  -19.712  45.667 0.0000000000
61392  -9.768  -19.600  46.166 0.0000000000
60223  -8.884  -20.112  44.925 0.0000000000
60267  -9.216  -21.813  42.776 0.0000000000
60252  -8.594  -21.528  43.396 0.0000000000
59018  -6.597  -21.457  44.752 0.0000000000
59002  -6.431  -21.429  45.431 0.0000000000
59016  -4.903  -22.003  44.870 0.0000000000
60185  -6.262  -21.087  47.204 0.0000000000
60202  -5.483  -21.431  46.679 0.0000000000
57888  -3.593  -24.494  44.215 0.0000000000
60201  -4.907  -21.467  46.802 0.0000000000
60200  -4.417  -21.332  46.751 0.0000000000
60199  -3.957  -20.978  46.301 0.0000000000
61390  -3.543  -20.660  46.580 0.0000000000
61369  -3.365  -20.192  47.266 0.0000000000
56710  -2.747  -24.976  44.310 0.0000000000
57869  -3.095  -23.657  44.715 0.0000000000
61376  -7.782  -20.047  47.181 0.0000000000
67792  -35.726  -16.234  42.451 0.0000000000
67772  -35.012  -15.911  43.069 0.0000000000
67753  -34.767  -15.371  43.229 0.0000000000
68967  -34.441  -14.824  43.689 0.0000000000
72459  -24.815  -11.784  38.582 0.0000000000
72422  -25.184  -11.792  40.219 0.0000000000
71285  -25.557  -12.276  39.797 0.0000000000
66376  -31.993  -17.031  43.683 0.0000000000
66375  -31.257  -16.949  43.391 0.0000000000
66398  -32.813  -17.171  42.974 0.0000000000
66420  -33.654  -17.272  42.053 0.0000000000
74971  -26.937  -9.393  44.554 0.0000000000
73645  -24.764  -9.262  42.298 0.0000000000
73663  -24.342  -9.464  41.887 0.0000000000
92664  -45.103  3.844  18.877 0.0000000000
91534  -47.186  3.468  17.617 0.0000000000
76586  -29.293  -8.945  28.870 0.0000000000
75262  -29.013  -9.725  28.957 0.0000000000
79073  -30.621  -6.910  25.891 0.0000000000
80323  -31.264  -6.041  26.494 0.0000000000
65083  -13.870  -17.022  40.620 0.0000000000
66409  -13.812  -16.032  41.933 0.0000000000
65070  -13.890  -16.963  41.719 0.0000000000
63769  -13.496  -17.312  42.015 0.0000000000
65069  -13.646  -17.250  42.448 0.0000000000
63768  -13.078  -17.700  42.450 0.0000000000
62603  -12.016  -18.790  41.304 0.0000000000
62602  -11.646  -19.659  40.970 0.0000000000
61483  -11.550  -20.764  40.311 0.0000000000
68931  -33.262  -14.415  45.943 0.0000000000
68913  -32.795  -14.337  46.480 0.0000000000
72333  -28.094  -10.951  45.523 0.0000000000
72349  -27.745  -11.309  44.933 0.0000000000
72334  -28.642  -11.445  45.862 0.0000000000
71211  -28.685  -12.636  45.601 0.0000000000
70038  -29.905  -14.122  47.985 0.0000000000
70057  -30.324  -14.434  47.539 0.0000000000
68910  -30.577  -14.824  47.082 0.0000000000
68929  -30.732  -15.141  45.862 0.0000000000
67684  -31.435  -14.711  46.086 0.0000000000
67685  -31.792  -14.541  46.055 0.0000000000
73569  -28.017  -10.122  46.448 0.0000000000
86728  -41.057  0.808  25.121 0.0000000000
86739  -41.057  1.164  24.575 0.0000000000
87910  -41.448  1.348  24.783 0.0000000000
89078  -42.111  1.999  24.019 0.0000000000
92622  -45.515  3.329  24.486 0.0000000000
91466  -45.134  2.764  23.822 0.0000000000
92631  -45.191  3.444  23.994 0.0000000000
93816  -44.676  4.146  23.770 0.0000000000
93826  -44.125  4.702  23.033 0.0000000000
95003  -43.493  5.092  22.064 0.0000000000
93832  -44.109  5.626  22.534 0.0000000000
93833  -44.481  6.108  22.277 0.0000000000
96343  -45.926  6.700  21.645 0.0000000000
95020  -46.300  5.900  20.918 0.0000000000
96330  -46.081  7.095  22.517 0.0000000000
96331  -46.660  7.228  22.387 0.0000000000
76395  -31.602  -9.189  37.374 0.0000000000
76409  -30.849  -9.233  36.561 0.0000000000
76528  -32.609  -7.590  32.395 0.0000000000
76552  -31.782  -7.482  31.443 0.0000000000
77776  -33.623  -6.478  30.153 0.0000000000
77777  -34.707  -6.571  30.402 0.0000000000
77778  -35.910  -6.329  30.984 0.0000000000
73624  -17.568  -9.454  42.985 0.0000000000
73644  -17.639  -9.587  41.893 0.0000000000
66456  -15.185  -16.186  39.677 0.0000000000
102947  -43.975  11.505  14.418 0.0000000000
101670  -44.211  11.249  13.685 0.0000000000
104227  -44.390  12.051  14.385 0.0000000000
102960  -44.907  12.122  13.403 0.0000000000
102961  -45.756  12.432  13.449 0.0000000000
61355  -4.645  -19.886  48.575 0.0000000000
71266  -36.177  -13.979  41.734 0.0000000000
70142  -36.261  -14.468  41.284 0.0000000000
73701  -33.072  -11.641  40.989 0.0000000000
70072  -35.085  -14.103  46.061 0.0000000000
73629  -34.352  -11.964  44.498 0.0000000000
75008  -32.727  -10.163  44.208 0.0000000000
75007  -32.370  -9.974  43.687 0.0000000000
75040  -31.696  -10.467  42.015 0.0000000000
75021  -31.311  -9.897  42.090 0.0000000000
76330  -31.389  -9.668  41.527 0.0000000000
76346  -31.343  -9.761  40.718 0.0000000000
76357  -31.738  -9.490  40.185 0.0000000000
70112  -27.542  -13.133  42.546 0.0000000000
70127  -27.324  -13.221  42.025 0.0000000000
68988  -27.720  -13.307  41.852 0.0000000000
69003  -28.368  -14.022  40.876 0.0000000000
66438  -31.055  -15.963  39.917 0.0000000000
76327  -21.079  -8.621  42.138 0.0000000000
73697  -22.722  -9.143  39.236 0.0000000000
73696  -21.676  -9.275  38.788 0.0000000000
73711  -21.178  -9.964  38.390 0.0000000000
73728  -21.083  -10.767  37.717 0.0000000000
73746  -20.173  -11.422  36.731 0.0000000000
72473  -20.441  -11.397  36.244 0.0000000000
71366  -20.182  -12.269  35.371 0.0000000000
93848  -48.609  5.235  20.099 0.0000000000
93859  -48.210  4.738  19.511 0.0000000000
93860  -48.699  5.437  19.767 0.0000000000
95047  -48.978  6.012  19.590 0.0000000000
100342  -48.529  9.097  18.723 0.0000000000
100341  -48.031  9.432  17.879 0.0000000000
99053  -46.708  8.752  17.657 0.0000000000
99052  -45.829  8.380  17.457 0.0000000000
100338  -45.281  9.223  17.563 0.0000000000
100337  -44.340  9.299  17.473 0.0000000000
101632  -43.828  10.221  17.379 0.0000000000
101633  -44.806  9.957  17.763 0.0000000000
101613  -45.204  10.549  18.041 0.0000000000
102874  -45.266  11.461  19.178 0.0000000000
59061  -7.032  -23.179  43.029 0.0000000000
73784  -29.573  -11.397  34.860 0.0000000000
73793  -29.901  -12.234  33.842 0.0000000000
82831  -33.301  -3.499  22.541 0.0000000000
84148  -35.206  -1.930  24.528 0.0000000000
79048  -35.264  -5.696  28.821 0.0000000000
80307  -34.688  -5.290  28.445 0.0000000000
80308  -35.359  -5.167  28.544 0.0000000000
80328  -35.452  -4.709  28.385 0.0000000000
81510  -35.831  -4.152  28.561 0.0000000000
85400  -38.265  -1.271  29.656 0.0000000000
85398  -38.019  -2.255  28.581 0.0000000000
86680  -38.246  -1.906  28.353 0.0000000000
85434  -37.191  -1.923  26.780 0.0000000000
86695  -38.157  -1.168  27.020 0.0000000000
63736  -12.243  -18.208  44.742 0.0000000000
62552  -11.704  -18.427  44.915 0.0000000000
62537  -11.541  -18.350  45.535 0.0000000000
61409  -10.979  -19.017  45.504 0.0000000000
60225  -10.082  -19.673  44.947 0.0000000000
60240  -9.206  -20.129  44.117 0.0000000000
57874  -5.177  -22.608  44.046 0.0000000000
59017  -5.571  -21.841  44.714 0.0000000000
57871  -3.482  -23.880  44.552 0.0000000000
60220  -3.872  -21.732  45.259 0.0000000000
70021  -31.291  -13.986  48.760 0.0000000000
87900  -43.685  1.724  26.521 0.0000000000
89050  -43.540  1.851  25.802 0.0000000000
89051  -44.012  2.062  26.228 0.0000000000
89066  -45.186  2.676  25.424 0.0000000000
90264  -45.594  2.931  25.168 0.0000000000
93819  -46.716  4.338  24.790 0.0000000000
93807  -46.991  5.040  24.646 0.0000000000
94980  -47.268  6.542  24.634 0.0000000000
75155  -33.793  -8.380  35.909 0.0000000000
76472  -34.368  -7.947  34.187 0.0000000000
76503  -34.471  -7.351  33.584 0.0000000000
76556  -35.767  -6.767  31.936 0.0000000000
71284  -18.076  -12.577  39.117 0.0000000000
69028  -18.137  -14.052  38.316 0.0000000000
62481  -6.899  -19.008  48.277 0.0000000000
68992  -36.278  -15.330  41.287 0.0000000000
70129  -36.132  -14.595  41.957 0.0000000000
76349  -33.492  -9.455  41.713 0.0000000000
72475  -23.270  -10.922  36.475 0.0000000000
71368  -23.262  -11.913  35.596 0.0000000000
71327  -25.064  -12.198  37.800 0.0000000000
67769  -29.438  -15.249  43.486 0.0000000000
66396  -31.276  -16.555  42.448 0.0000000000
66439  -31.248  -16.669  40.352 0.0000000000
77607  -23.021  -8.102  43.650 0.0000000000
76329  -23.198  -8.406  42.574 0.0000000000
75020  -23.389  -8.696  41.938 0.0000000000
75055  -23.301  -9.204  40.753 0.0000000000
73712  -22.536  -9.717  38.505 0.0000000000
90312  -41.391  3.123  19.594 0.0000000000
96353  -48.824  7.866  20.973 0.0000000000
96358  -48.489  7.563  20.351 0.0000000000
97709  -48.980  8.248  20.992 0.0000000000
99021  -49.051  8.775  20.757 0.0000000000
101595  -46.911  10.773  19.452 0.0000000000
73801  -28.921  -10.534  31.846 0.0000000000
73815  -29.195  -11.311  31.366 0.0000000000
81555  -32.937  -3.645  25.037 0.0000000000
81488  -37.997  -4.323  30.535 0.0000000000
81499  -37.453  -4.248  29.936 0.0000000000
82726  -38.185  -3.549  30.531 0.0000000000
84040  -38.017  -2.774  30.198 0.0000000000
84060  -37.865  -2.141  30.186 0.0000000000
86664  -39.456  -0.574  29.719 0.0000000000
86665  -40.307  0.198  29.041 0.0000000000
68974  -13.764  -14.655  43.312 0.0000000000
63752  -13.233  -18.003  43.668 0.0000000000
62566  -12.812  -18.317  43.967 0.0000000000
62565  -12.191  -18.485  44.161 0.0000000000
61449  -10.613  -19.767  42.831 0.0000000000
66359  -33.160  -15.124  44.576 0.0000000000
67729  -33.455  -14.774  44.924 0.0000000000
68951  -34.017  -14.594  45.446 0.0000000000
68933  -34.455  -14.684  46.131 0.0000000000
72371  -25.931  -10.900  42.754 0.0000000000
72373  -27.322  -12.129  42.980 0.0000000000
71240  -27.604  -12.611  43.531 0.0000000000
71254  -27.696  -13.031  43.298 0.0000000000
70113  -27.932  -13.302  42.922 0.0000000000
70099  -28.559  -13.913  43.779 0.0000000000
68963  -28.665  -14.279  43.735 0.0000000000
72335  -29.091  -12.374  46.236 0.0000000000
71212  -29.062  -13.210  46.066 0.0000000000
70056  -29.981  -14.137  46.951 0.0000000000
70055  -29.484  -13.730  46.323 0.0000000000
71227  -28.767  -13.470  45.471 0.0000000000
70085  -28.918  -14.223  44.916 0.0000000000
68964  -28.783  -14.804  44.106 0.0000000000
67748  -29.202  -15.473  44.106 0.0000000000
67749  -29.737  -15.927  44.311 0.0000000000
67702  -30.959  -15.430  45.585 0.0000000000
66356  -31.873  -16.352  44.371 0.0000000000
74949  -27.142  -9.421  45.301 0.0000000000
73626  -26.601  -10.572  43.427 0.0000000000
87938  -37.803  -0.134  23.464 0.0000000000
89092  -38.094  0.299  23.072 0.0000000000
89093  -39.040  0.941  22.891 0.0000000000
87939  -40.756  1.334  23.294 0.0000000000
89111  -39.972  1.650  21.731 0.0000000000
89064  -43.344  1.823  25.209 0.0000000000
90273  -43.259  2.113  23.741 0.0000000000
90284  -43.884  2.629  23.348 0.0000000000
90283  -43.255  2.470  23.084 0.0000000000
89114  -42.434  2.481  22.747 0.0000000000
90293  -41.869  2.937  22.089 0.0000000000
91482  -41.708  3.474  21.428 0.0000000000
90303  -41.375  3.123  20.948 0.0000000000
91491  -41.684  3.777  20.365 0.0000000000
93854  -42.646  4.545  19.597 0.0000000000
93855  -43.438  4.900  19.372 0.0000000000
95017  -43.501  5.267  20.979 0.0000000000
95031  -43.639  5.309  20.005 0.0000000000
93856  -44.561  4.906  19.478 0.0000000000
93857  -45.642  4.523  19.581 0.0000000000
92665  -46.243  3.933  19.467 0.0000000000
92666  -46.948  3.518  19.584 0.0000000000
91505  -46.981  3.408  18.899 0.0000000000
92654  -47.366  3.917  20.163 0.0000000000
93846  -47.696  4.733  20.396 0.0000000000
95021  -47.035  5.881  21.229 0.0000000000
93836  -47.301  5.204  20.728 0.0000000000
95035  -48.074  5.170  20.484 0.0000000000
95036  -48.421  5.556  20.561 0.0000000000
95024  -48.647  7.277  21.411 0.0000000000
94995  -47.446  7.529  23.653 0.0000000000
96333  -48.527  7.901  22.474 0.0000000000
95010  -49.139  7.076  22.042 0.0000000000
96345  -49.204  7.743  21.579 0.0000000000
97685  -49.677  8.143  22.069 0.0000000000
75085  -30.509  -10.641  38.327 0.0000000000
73731  -30.616  -11.425  37.905 0.0000000000
76378  -30.297  -10.497  37.662 0.0000000000
75121  -30.070  -10.783  36.461 0.0000000000
75137  -29.948  -10.508  35.680 0.0000000000
76469  -31.013  -8.649  34.003 0.0000000000
75185  -28.856  -9.864  32.484 0.0000000000
76570  -29.915  -8.039  29.994 0.0000000000
77789  -30.049  -7.937  29.238 0.0000000000
79044  -31.494  -6.542  27.956 0.0000000000
77805  -31.983  -6.527  28.462 0.0000000000
77806  -32.600  -6.108  28.628 0.0000000000
79031  -34.315  -6.002  29.210 0.0000000000
79035  -37.014  -4.826  30.089 0.0000000000
76576  -35.839  -6.567  31.502 0.0000000000
77779  -36.850  -6.156  31.025 0.0000000000
79007  -38.090  -6.072  31.065 0.0000000000
77780  -37.425  -5.981  30.917 0.0000000000
80281  -37.659  -4.709  30.442 0.0000000000
82710  -39.234  -3.885  31.438 0.0000000000
71272  -18.204  -12.159  39.547 0.0000000000
71271  -17.488  -12.386  39.689 0.0000000000
69014  -17.038  -14.096  39.373 0.0000000000
70139  -16.525  -13.014  40.229 0.0000000000
71262  -15.770  -12.494  40.994 0.0000000000
70124  -15.568  -13.081  41.264 0.0000000000
70123  -15.078  -13.540  41.937 0.0000000000
67782  -14.418  -14.786  41.336 0.0000000000
66432  -14.406  -15.672  40.962 0.0000000000
66455  -14.321  -16.662  40.162 0.0000000000
66431  -14.215  -16.414  40.849 0.0000000000
104215  -46.278  13.130  15.212 0.0000000000
104229  -45.885  12.734  14.223 0.0000000000
72445  -34.389  -12.874  39.653 0.0000000000
72461  -33.524  -12.880  38.578 0.0000000000
67751  -33.690  -15.129  44.302 0.0000000000
70102  -34.846  -14.319  43.720 0.0000000000
70088  -35.115  -13.990  44.190 0.0000000000
71243  -35.212  -13.717  43.458 0.0000000000
73667  -34.286  -12.121  42.891 0.0000000000
72387  -34.607  -12.235  42.262 0.0000000000
73700  -32.255  -11.369  40.760 0.0000000000
76380  -31.153  -9.355  38.213 0.0000000000
76367  -31.570  -9.450  39.172 0.0000000000
76359  -33.327  -9.476  40.800 0.0000000000
75088  -34.404  -9.927  38.379 0.0000000000
75087  -33.466  -9.430  38.356 0.0000000000
72405  -25.971  -12.272  41.351 0.0000000000
71286  -26.207  -12.564  40.021 0.0000000000
70152  -26.797  -13.009  40.345 0.0000000000
69029  -26.756  -13.950  38.897 0.0000000000
69042  -27.119  -14.890  37.835 0.0000000000
67809  -28.910  -14.351  40.714 0.0000000000
67829  -28.769  -14.530  39.999 0.0000000000
67848  -27.989  -14.717  38.310 0.0000000000
76287  -18.989  -8.513  42.930 0.0000000000
75003  -18.532  -8.898  42.352 0.0000000000
75034  -18.744  -9.833  40.670 0.0000000000
76343  -20.606  -8.665  41.007 0.0000000000
75053  -21.214  -8.903  39.550 0.0000000000
73695  -19.307  -10.185  39.785 0.0000000000
73694  -18.713  -10.984  39.440 0.0000000000
72440  -18.508  -11.814  38.692 0.0000000000
71325  -18.767  -12.575  37.597 0.0000000000
91506  -47.165  3.619  19.096 0.0000000000
91521  -47.165  3.787  18.312 0.0000000000
92687  -47.256  4.094  18.121 0.0000000000
93867  -47.698  4.711  18.735 0.0000000000
93875  -47.440  4.566  17.821 0.0000000000
96366  -48.547  7.059  19.523 0.0000000000
96365  -48.536  6.948  18.839 0.0000000000
99056  -48.560  8.235  18.375 0.0000000000
96375  -47.898  6.811  17.947 0.0000000000
95062  -47.272  6.150  17.138 0.0000000000
97726  -45.044  7.536  17.101 0.0000000000
97736  -44.092  7.542  16.525 0.0000000000
157841  -44.327  6.803  15.894 0.0000000000
100371  -42.770  9.497  14.710 0.0000000000
101653  -43.059  10.499  16.451 0.0000000000
102937  -43.184  11.375  15.716 0.0000000000
104212  -43.625  11.884  15.423 0.0000000000
104197  -43.669  12.156  15.990 0.0000000000
104185  -44.598  12.685  17.178 0.0000000000
105422  -45.055  13.112  17.070 0.0000000000
60206  -8.776  -20.052  45.809 0.0000000000
60205  -7.891  -20.701  46.005 0.0000000000
59048  -6.577  -22.258  43.234 0.0000000000
59047  -5.907  -22.522  43.418 0.0000000000
73763  -31.106  -12.257  36.497 0.0000000000
73803  -29.737  -12.005  32.825 0.0000000000
79059  -31.833  -5.919  27.386 0.0000000000
80325  -33.045  -4.967  27.494 0.0000000000
81537  -33.776  -3.770  26.129 0.0000000000
82783  -33.977  -3.302  25.929 0.0000000000
81512  -37.077  -4.252  28.936 0.0000000000
82754  -36.811  -3.679  28.299 0.0000000000
81524  -35.998  -3.752  28.194 0.0000000000
84079  -37.548  -2.762  27.936 0.0000000000
84078  -37.071  -3.184  27.802 0.0000000000
82767  -35.781  -3.577  27.661 0.0000000000
82785  -35.487  -3.389  27.005 0.0000000000
82784  -34.517  -3.355  26.004 0.0000000000
82801  -34.424  -2.704  25.331 0.0000000000
85444  -35.814  -1.787  24.781 0.0000000000
86709  -36.538  -1.523  25.836 0.0000000000
86723  -36.291  -1.519  25.249 0.0000000000
86735  -36.194  -1.123  24.305 0.0000000000
87923  -37.539  -0.386  23.808 0.0000000000
87924  -38.200  -0.147  23.873 0.0000000000
86727  -40.307  0.283  25.211 0.0000000000
86715  -42.096  1.376  26.164 0.0000000000
87886  -42.681  1.424  26.455 0.0000000000
86666  -41.206  0.836  28.615 0.0000000000
61379  -10.107  -19.203  46.621 0.0000000000
60251  -7.847  -21.752  43.185 0.0000000000
60282  -9.628  -21.828  41.982 0.0000000000
60186  -7.113  -20.983  47.038 0.0000000000
61374  -6.178  -20.369  47.474 0.0000000000
61373  -5.507  -20.537  47.824 0.0000000000
57889  -4.051  -24.243  43.677 0.0000000000
59015  -4.364  -22.343  45.038 0.0000000000
61372  -4.870  -20.718  48.155 0.0000000000
61371  -4.199  -20.517  48.211 0.0000000000
60181  -3.903  -21.129  47.488 0.0000000000
62497  -3.912  -20.086  48.037 0.0000000000
62496  -3.697  -19.748  47.865 0.0000000000
55545  -2.780  -26.782  45.725 0.0000000000
60265  -7.738  -22.112  42.688 0.0000000000
67762  -13.949  -14.636  42.116 0.0000000000
68890  -30.696  -14.981  47.658 0.0000000000
68930  -31.119  -14.969  46.037 0.0000000000
69001  -16.580  -13.650  39.824 0.0000000000
69004  -28.956  -14.280  41.071 0.0000000000
70070  -28.940  -14.055  45.888 0.0000000000
70125  -15.944  -12.721  40.685 0.0000000000
70128  -27.817  -13.268  42.378 0.0000000000
70140  -26.855  -13.059  41.330 0.0000000000
70151  -17.962  -13.228  39.189 0.0000000000
70166  -26.900  -13.818  39.238 0.0000000000
70182  -25.533  -13.009  38.407 0.0000000000
71229  -35.170  -13.939  43.936 0.0000000000
71265  -26.972  -12.890  42.273 0.0000000000
71303  -18.591  -12.217  38.164 0.0000000000
71324  -18.511  -13.126  37.978 0.0000000000
71365  -19.678  -12.394  35.792 0.0000000000
72348  -27.423  -10.805  44.684 0.0000000000
72374  -35.023  -12.787  43.294 0.0000000000
72472  -19.942  -11.790  36.201 0.0000000000
72492  -22.052  -11.507  35.585 0.0000000000
72493  -22.767  -11.332  35.959 0.0000000000
73570  -28.450  -10.554  46.720 0.0000000000
73606  -26.862  -9.597  44.140 0.0000000000
73681  -24.600  -10.700  41.244 0.0000000000
73760  -21.403  -11.300  36.003 0.0000000000
73814  -28.863  -10.520  31.129 0.0000000000
73847  -28.874  -10.896  29.721 0.0000000000
74933  -28.170  -9.968  46.835 0.0000000000
74950  -27.452  -9.765  45.769 0.0000000000
75004  -19.174  -8.679  42.225 0.0000000000
75017  -18.597  -9.353  41.312 0.0000000000
75019  -22.676  -8.712  41.699 0.0000000000
75084  -30.362  -11.020  37.665 0.0000000000
75086  -33.110  -9.221  38.140 0.0000000000
75103  -30.209  -10.952  37.119 0.0000000000
75184  -28.849  -9.805  31.748 0.0000000000
76312  -23.767  -8.295  43.098 0.0000000000
76344  -21.256  -8.622  41.373 0.0000000000
76498  -29.181  -9.445  32.230 0.0000000000
76585  -29.023  -9.434  29.266 0.0000000000
77772  -30.223  -7.883  29.639 0.0000000000
79030  -33.679  -5.898  29.240 0.0000000000
80292  -36.722  -4.832  29.448 0.0000000000
80310  -36.498  -4.598  28.992 0.0000000000
81487  -37.668  -4.423  30.331 0.0000000000
81500  -37.708  -3.806  30.104 0.0000000000
81511  -36.211  -3.970  28.574 0.0000000000
81554  -32.051  -4.032  24.797 0.0000000000
82768  -36.254  -3.457  27.764 0.0000000000
84117  -36.399  -2.542  26.808 0.0000000000
84133  -34.820  -2.310  24.871 0.0000000000
85399  -38.101  -1.855  28.786 0.0000000000
85411  -38.406  -1.590  28.225 0.0000000000
85424  -38.771  -1.206  27.956 0.0000000000
86662  -38.085  -2.275  28.351 0.0000000000
86663  -38.132  -2.053  28.520 0.0000000000
86679  -38.155  -2.131  28.319 0.0000000000
86694  -37.723  -1.475  26.887 0.0000000000
86708  -36.305  -1.671  25.582 0.0000000000
87897  -41.948  1.413  25.597 0.0000000000
87909  -40.085  0.819  24.508 0.0000000000
87911  -41.890  1.552  24.962 0.0000000000
87912  -42.543  1.631  25.044 0.0000000000
87926  -41.329  1.474  24.181 0.0000000000
87927  -41.862  1.815  24.287 0.0000000000
87940  -41.178  1.520  23.587 0.0000000000
89039  -44.287  1.965  26.789 0.0000000000
89060  -38.761  0.294  24.376 0.0000000000
89061  -38.968  0.502  24.384 0.0000000000
89063  -42.877  1.696  24.775 0.0000000000
89075  -38.624  0.305  24.054 0.0000000000
89081  -44.422  2.379  24.389 0.0000000000
91465  -44.480  2.863  23.450 0.0000000000
91475  -43.145  3.185  22.571 0.0000000000
92621  -45.405  3.157  24.258 0.0000000000
92650  -41.985  4.155  20.272 0.0000000000
92653  -46.719  3.958  20.161 0.0000000000
93818  -46.216  4.494  24.749 0.0000000000
93834  -46.488  5.261  20.675 0.0000000000
93840  -42.300  4.374  20.157 0.0000000000
93843  -45.208  5.176  19.923 0.0000000000
94978  -45.671  5.968  24.369 0.0000000000
94993  -46.519  7.046  23.685 0.0000000000
95004  -43.839  5.382  22.361 0.0000000000
95005  -44.947  6.446  22.671 0.0000000000
95045  -43.942  5.204  19.559 0.0000000000
95046  -44.157  5.324  19.762 0.0000000000
96296  -45.752  6.339  24.260 0.0000000000
96297  -45.913  6.501  24.250 0.0000000000
96315  -46.081  6.907  23.666 0.0000000000
96342  -45.469  6.831  22.234 0.0000000000
96344  -49.288  7.485  21.841 0.0000000000
97699  -49.399  8.185  21.340 0.0000000000
97727  -46.985  7.926  17.725 0.0000000000
97728  -47.630  7.889  17.768 0.0000000000
99035  -48.580  8.261  19.344 0.0000000000
99065  -43.966  8.219  16.856 0.0000000000
99068  -46.932  8.387  17.748 0.0000000000
99075  -42.618  9.125  15.787 0.0000000000
99076  -42.687  8.629  15.474 0.0000000000
100343  -48.592  8.505  18.877 0.0000000000
100356  -42.825  9.439  16.297 0.0000000000
100357  -43.186  9.440  16.753 0.0000000000
100363  -42.663  9.448  15.951 0.0000000000
101596  -47.382  10.670  19.753 0.0000000000
101661  -42.715  9.797  15.723 0.0000000000
102892  -44.438  11.009  17.914 0.0000000000
102894  -45.425  10.884  18.567 0.0000000000
102910  -44.118  11.074  17.690 0.0000000000
102938  -43.614  11.648  15.049 0.0000000000
102948  -44.571  11.943  13.919 0.0000000000
102973  -45.262  11.917  12.932 0.0000000000
104199  -45.648  12.963  16.052 0.0000000000
104239  -46.199  12.715  13.739 0.0000000000
105407  -45.001  13.183  17.625 0.0000000000
