#!ascii label  , from subject 3232 vox2ras=TkReg
1128
110763  44.209  20.857  20.397 0.0000000000
111960  47.076  21.575  6.405 0.0000000000
115372  51.618  24.537  6.480 0.0000000000
106316  49.617  16.376  -1.635 0.0000000000
106143  42.792  16.211  12.974 0.0000000000
114127  55.007  23.384  14.340 0.0000000000
153162  50.307  19.636  -0.936 0.0000000000
115432  41.409  24.140  2.176 0.0000000000
112956  51.899  23.420  14.798 0.0000000000
111890  46.529  21.542  13.661 0.0000000000
106218  45.799  16.809  7.925 0.0000000000
115337  46.430  24.493  8.502 0.0000000000
115461  45.949  24.467  -0.115 0.0000000000
113077  52.003  22.802  5.307 0.0000000000
113163  50.880  23.452  -3.790 0.0000000000
114192  41.534  23.480  6.353 0.0000000000
153250  47.783  22.895  17.693 0.0000000000
110819  45.781  21.043  16.774 0.0000000000
107412  43.618  16.797  9.516 0.0000000000
116392  51.284  24.573  10.504 0.0000000000
116389  49.224  25.936  11.424 0.0000000000
115355  49.042  24.393  7.411 0.0000000000
114218  46.438  23.720  4.045 0.0000000000
115426  49.029  24.341  2.269 0.0000000000
113027  49.147  22.492  10.009 0.0000000000
113024  51.797  22.579  9.730 0.0000000000
111957  49.496  22.176  6.202 0.0000000000
108767  52.817  19.330  -3.473 0.0000000000
153171  50.178  21.423  -1.380 0.0000000000
153175  50.254  19.409  -3.379 0.0000000000
110977  48.510  21.401  -2.437 0.0000000000
106318  47.866  17.075  -0.892 0.0000000000
103912  46.247  14.830  1.730 0.0000000000
109723  40.950  19.448  19.659 0.0000000000
109755  43.607  20.197  15.768 0.0000000000
114142  53.382  23.519  10.229 0.0000000000
107516  47.777  18.047  3.614 0.0000000000
109841  47.455  20.120  2.340 0.0000000000
107537  50.629  17.483  1.460 0.0000000000
108742  53.682  18.965  -0.855 0.0000000000
115193  53.635  24.408  19.732 0.0000000000
115241  50.330  24.566  18.138 0.0000000000
112979  48.577  22.867  13.362 0.0000000000
111913  46.498  21.670  10.403 0.0000000000
109766  45.352  18.783  13.553 0.0000000000
110867  44.067  20.164  10.229 0.0000000000
108642  45.566  18.638  6.210 0.0000000000
106246  48.241  16.606  5.366 0.0000000000
110768  38.873  20.181  20.072 0.0000000000
118299  47.065  27.672  11.496 0.0000000000
115321  43.900  24.804  9.411 0.0000000000
114205  43.893  23.308  5.197 0.0000000000
115430  43.512  24.453  1.546 0.0000000000
113117  43.493  22.481  0.645 0.0000000000
111882  54.315  22.535  14.246 0.0000000000
113021  53.876  22.976  9.283 0.0000000000
114198  53.102  23.605  5.116 0.0000000000
111996  48.793  21.903  2.127 0.0000000000
113115  51.283  23.161  1.527 0.0000000000
116484  51.514  24.804  1.695 0.0000000000
115486  48.237  23.880  -1.741 0.0000000000
112018  46.046  22.031  -0.137 0.0000000000
115361  40.256  24.588  7.433 0.0000000000
115341  42.159  24.589  8.656 0.0000000000
111846  45.814  21.340  19.364 0.0000000000
110799  44.336  21.011  18.787 0.0000000000
116441  51.472  24.666  8.218 0.0000000000
116429  50.276  24.683  8.961 0.0000000000
115373  50.674  24.457  6.354 0.0000000000
115387  49.484  24.189  4.932 0.0000000000
115397  50.184  24.401  4.245 0.0000000000
111935  47.586  22.024  8.288 0.0000000000
113057  49.265  22.395  8.063 0.0000000000
111959  47.915  21.854  6.324 0.0000000000
107584  50.913  17.588  -3.069 0.0000000000
109897  51.546  19.820  -4.279 0.0000000000
107585  50.264  17.799  -2.892 0.0000000000
108757  48.747  18.424  -2.122 0.0000000000
107574  49.310  17.345  -1.704 0.0000000000
105104  47.866  15.216  -0.337 0.0000000000
105121  48.842  15.325  -1.056 0.0000000000
109747  41.048  19.143  16.426 0.0000000000
115285  53.920  23.651  12.147 0.0000000000
115291  54.385  23.438  11.822 0.0000000000
107514  49.574  16.857  3.244 0.0000000000
107527  49.538  17.199  2.296 0.0000000000
107525  51.731  17.038  2.659 0.0000000000
108727  54.373  18.497  0.226 0.0000000000
107557  54.294  17.927  -0.816 0.0000000000
107571  53.067  18.116  -1.723 0.0000000000
111877  47.193  21.815  15.533 0.0000000000
114115  48.273  24.102  16.113 0.0000000000
112980  47.340  22.572  13.664 0.0000000000
113001  48.043  22.235  11.886 0.0000000000
111905  46.381  21.501  11.423 0.0000000000
108586  44.031  18.004  14.304 0.0000000000
108585  44.839  18.679  14.689 0.0000000000
108592  44.124  17.909  13.786 0.0000000000
107411  44.399  16.569  8.851 0.0000000000
108607  43.433  18.139  9.385 0.0000000000
108617  44.320  18.272  8.245 0.0000000000
110883  44.532  20.125  7.871 0.0000000000
107466  45.493  18.046  6.764 0.0000000000
106248  46.547  17.184  5.921 0.0000000000
106233  47.390  16.264  6.329 0.0000000000
106213  51.107  16.508  7.453 0.0000000000
115317  47.869  24.818  9.154 0.0000000000
117354  47.798  26.179  11.165 0.0000000000
116413  46.600  25.279  9.939 0.0000000000
116398  45.213  25.937  10.394 0.0000000000
115338  45.469  24.144  8.734 0.0000000000
114173  44.191  23.322  7.169 0.0000000000
114172  45.285  23.410  7.053 0.0000000000
114248  46.353  23.780  2.081 0.0000000000
114249  45.260  24.282  2.031 0.0000000000
115446  45.096  24.345  0.619 0.0000000000
114275  43.409  23.679  -1.116 0.0000000000
114274  44.332  23.705  -1.327 0.0000000000
115238  53.013  24.362  16.790 0.0000000000
114083  53.999  23.607  16.921 0.0000000000
112954  53.042  22.848  14.695 0.0000000000
113054  51.959  22.638  7.541 0.0000000000
113023  52.751  22.592  9.597 0.0000000000
113053  52.757  22.725  7.363 0.0000000000
113051  53.458  23.229  7.497 0.0000000000
113076  52.577  23.134  5.103 0.0000000000
108733  48.917  19.338  0.151 0.0000000000
110953  48.231  20.824  1.490 0.0000000000
153166  49.159  20.999  -0.326 0.0000000000
153180  50.252  22.337  -2.085 0.0000000000
113138  49.981  23.024  -0.493 0.0000000000
114284  50.739  23.774  -0.652 0.0000000000
115440  51.844  23.981  1.209 0.0000000000
115471  50.792  24.606  -0.517 0.0000000000
116502  49.984  24.860  -0.557 0.0000000000
115495  50.211  24.516  -2.696 0.0000000000
109871  47.369  20.205  -0.888 0.0000000000
112032  47.636  22.331  -1.632 0.0000000000
110961  46.416  20.790  -0.228 0.0000000000
110955  45.311  20.542  1.194 0.0000000000
112935  56.589  23.754  16.616 0.0000000000
115388  40.382  24.143  5.704 0.0000000000
115399  41.741  24.290  3.963 0.0000000000
153229  48.832  21.957  20.464 0.0000000000
153245  47.718  21.404  19.648 0.0000000000
110807  47.128  21.531  17.171 0.0000000000
110831  46.586  20.762  15.644 0.0000000000
106154  42.658  16.178  11.872 0.0000000000
116393  50.561  24.769  10.690 0.0000000000
116430  49.438  24.693  9.016 0.0000000000
115356  47.924  24.336  7.543 0.0000000000
114187  46.695  23.470  5.922 0.0000000000
114186  47.722  23.618  5.750 0.0000000000
114232  47.973  23.876  3.047 0.0000000000
115444  47.864  24.382  1.291 0.0000000000
112988  50.661  22.414  12.469 0.0000000000
112987  51.519  22.419  12.386 0.0000000000
113009  50.798  22.407  10.780 0.0000000000
113056  50.113  22.530  7.928 0.0000000000
113079  50.153  22.490  5.843 0.0000000000
110976  52.586  20.982  -1.957 0.0000000000
153170  51.192  20.883  -2.473 0.0000000000
112046  52.163  21.915  -3.964 0.0000000000
153179  50.789  20.986  -3.277 0.0000000000
153181  49.661  21.260  -3.241 0.0000000000
112039  49.053  22.564  -3.425 0.0000000000
109881  49.031  19.616  -2.408 0.0000000000
108758  48.241  18.514  -1.404 0.0000000000
108746  46.993  17.804  -0.478 0.0000000000
103922  47.131  14.181  0.214 0.0000000000
109721  42.824  19.776  20.101 0.0000000000
110812  42.901  20.523  18.164 0.0000000000
109745  42.564  20.110  16.987 0.0000000000
108575  42.606  18.547  15.139 0.0000000000
106120  43.203  16.644  14.251 0.0000000000
115287  52.123  24.476  12.366 0.0000000000
115301  52.467  23.941  10.325 0.0000000000
115351  52.888  24.518  7.597 0.0000000000
109813  46.256  19.723  4.797 0.0000000000
110921  47.244  20.941  4.327 0.0000000000
108690  47.390  18.733  3.337 0.0000000000
107539  48.625  18.050  1.527 0.0000000000
108731  51.147  18.778  -0.040 0.0000000000
108714  52.864  18.339  1.225 0.0000000000
108729  52.738  19.035  0.440 0.0000000000
109868  52.704  19.870  -0.910 0.0000000000
108753  53.649  19.196  -2.075 0.0000000000
107572  52.000  17.719  -1.840 0.0000000000
106314  51.213  16.551  -1.816 0.0000000000
105120  49.595  15.207  -1.385 0.0000000000
115205  52.136  24.479  19.695 0.0000000000
115254  51.376  24.441  16.521 0.0000000000
115243  48.979  23.500  18.519 0.0000000000
114114  49.469  24.294  15.947 0.0000000000
112965  50.411  23.092  13.941 0.0000000000
113000  48.990  22.416  11.770 0.0000000000
113028  48.256  22.416  10.101 0.0000000000
111936  46.809  21.630  8.443 0.0000000000
110834  44.449  20.628  16.116 0.0000000000
109760  45.963  19.397  14.867 0.0000000000
110853  46.010  19.957  13.463 0.0000000000
108598  43.240  18.047  11.806 0.0000000000
109773  43.974  19.562  11.909 0.0000000000
111898  45.400  21.010  12.310 0.0000000000
110872  44.872  20.831  9.814 0.0000000000
111937  45.902  21.434  8.469 0.0000000000
110903  45.864  20.407  5.932 0.0000000000
108659  46.082  18.708  5.169 0.0000000000
107483  48.227  16.957  4.815 0.0000000000
106257  49.936  16.587  5.068 0.0000000000
106215  49.119  15.881  7.323 0.0000000000
106230  50.657  16.516  6.535 0.0000000000
110758  41.265  20.545  20.775 0.0000000000
109724  39.720  19.442  19.704 0.0000000000
108502  37.817  19.001  20.010 0.0000000000
119144  49.215  28.563  11.362 0.0000000000
120018  46.433  28.967  10.347 0.0000000000
114162  42.753  23.833  8.146 0.0000000000
114191  42.511  23.506  6.335 0.0000000000
114237  42.620  24.073  3.358 0.0000000000
114204  45.000  23.249  5.105 0.0000000000
114236  43.698  23.877  3.286 0.0000000000
115431  42.462  24.419  2.074 0.0000000000
110827  55.103  22.676  14.550 0.0000000000
112985  53.270  22.536  12.168 0.0000000000
111902  54.212  22.486  11.617 0.0000000000
112983  54.985  23.100  12.025 0.0000000000
114149  53.972  23.053  9.487 0.0000000000
115350  53.479  24.215  7.640 0.0000000000
115383  52.839  24.446  5.460 0.0000000000
111977  48.098  21.467  3.907 0.0000000000
111985  48.802  21.916  3.380 0.0000000000
113095  50.467  22.537  3.628 0.0000000000
153177  49.339  21.665  -0.401 0.0000000000
113105  50.614  22.689  2.290 0.0000000000
113094  51.337  22.803  3.361 0.0000000000
114245  52.907  22.960  2.571 0.0000000000
116470  52.873  24.666  2.717 0.0000000000
115408  51.633  24.651  3.517 0.0000000000
115441  50.461  24.497  1.742 0.0000000000
115459  48.587  24.526  0.441 0.0000000000
115474  47.010  24.236  -0.909 0.0000000000
113158  48.241  23.106  -2.513 0.0000000000
114295  47.569  23.407  -1.830 0.0000000000
115489  45.076  23.911  -2.181 0.0000000000
113127  45.016  23.242  -0.668 0.0000000000
105081  45.761  15.271  2.848 0.0000000000
115342  40.934  24.800  8.550 0.0000000000
116432  41.548  25.589  9.137 0.0000000000
110762  45.041  20.907  20.257 0.0000000000
110780  44.245  20.811  19.676 0.0000000000
115353  51.092  24.648  7.389 0.0000000000
115386  50.374  24.322  5.247 0.0000000000
115385  51.272  24.504  5.377 0.0000000000
111948  47.732  21.910  7.307 0.0000000000
111971  47.363  21.543  5.637 0.0000000000
106327  50.343  17.017  -2.376 0.0000000000
106328  49.877  17.301  -2.226 0.0000000000
115271  56.108  24.079  15.186 0.0000000000
114119  55.122  23.648  14.327 0.0000000000
115278  54.483  23.587  12.875 0.0000000000
114128  54.916  23.303  13.405 0.0000000000
107513  50.598  16.650  3.583 0.0000000000
107556  54.849  18.053  -0.327 0.0000000000
107547  54.538  17.694  -0.062 0.0000000000
107548  53.905  17.560  -0.486 0.0000000000
115450  41.122  23.739  1.156 0.0000000000
112969  46.923  22.053  14.708 0.0000000000
112968  47.389  22.557  14.825 0.0000000000
112981  46.818  22.133  14.309 0.0000000000
111889  46.964  21.925  12.907 0.0000000000
111897  46.156  21.265  12.535 0.0000000000
107361  43.637  17.196  14.020 0.0000000000
107372  43.416  17.184  13.413 0.0000000000
107429  45.406  16.964  8.119 0.0000000000
107430  44.580  17.225  8.449 0.0000000000
107449  44.803  17.891  8.023 0.0000000000
108629  44.677  18.431  7.704 0.0000000000
107448  45.430  17.486  7.468 0.0000000000
107447  46.195  17.146  6.983 0.0000000000
106217  46.521  16.380  7.432 0.0000000000
115336  47.431  24.611  8.413 0.0000000000
116412  47.638  25.208  9.896 0.0000000000
115318  46.986  24.918  9.185 0.0000000000
115319  46.008  24.809  9.297 0.0000000000
115358  45.879  23.927  7.824 0.0000000000
114273  45.997  24.428  0.550 0.0000000000
114264  45.326  24.365  1.304 0.0000000000
115445  45.735  24.418  0.547 0.0000000000
115462  44.480  24.334  -0.878 0.0000000000
114111  52.458  23.765  15.355 0.0000000000
114110  53.128  23.277  15.342 0.0000000000
112955  52.368  23.141  14.742 0.0000000000
113067  52.019  22.624  6.423 0.0000000000
113038  52.766  22.662  8.475 0.0000000000
113066  52.755  22.797  6.241 0.0000000000
153160  49.749  19.157  -0.493 0.0000000000
153164  48.915  20.142  -0.118 0.0000000000
153163  49.850  19.696  -0.752 0.0000000000
113155  50.348  23.232  -2.653 0.0000000000
113147  50.271  23.335  -1.448 0.0000000000
114293  50.612  23.916  -1.504 0.0000000000
114292  50.939  23.868  -0.778 0.0000000000
114302  50.549  24.008  -2.685 0.0000000000
115484  50.419  24.449  -1.347 0.0000000000
114309  50.689  24.228  -3.609 0.0000000000
109860  46.966  19.394  -0.151 0.0000000000
109849  46.479  18.859  0.826 0.0000000000
110954  46.308  19.821  0.683 0.0000000000
114176  41.015  23.786  7.126 0.0000000000
114208  41.093  23.627  5.466 0.0000000000
115400  40.948  24.173  4.460 0.0000000000
114223  41.518  23.883  4.938 0.0000000000
153236  47.912  21.453  20.549 0.0000000000
153242  47.383  21.803  20.997 0.0000000000
111862  46.046  21.536  18.533 0.0000000000
110797  46.798  21.404  18.442 0.0000000000
110808  46.439  21.424  17.725 0.0000000000
110817  47.106  21.302  16.204 0.0000000000
110818  46.531  21.062  16.599 0.0000000000
115288  51.427  24.722  11.918 0.0000000000
116387  51.032  24.864  11.409 0.0000000000
115334  49.676  24.721  8.215 0.0000000000
115335  48.588  24.619  8.500 0.0000000000
115375  48.383  23.992  6.555 0.0000000000
114215  48.869  24.113  3.779 0.0000000000
114216  48.351  23.793  3.877 0.0000000000
114231  48.589  24.094  3.341 0.0000000000
114247  47.448  23.779  2.102 0.0000000000
115427  48.256  24.292  2.175 0.0000000000
112999  49.890  22.448  11.696 0.0000000000
112998  50.737  22.318  11.637 0.0000000000
113026  49.996  22.405  9.936 0.0000000000
111946  49.375  22.274  7.076 0.0000000000
113069  50.182  22.483  6.895 0.0000000000
111968  49.533  22.194  5.672 0.0000000000
109889  53.233  20.130  -3.385 0.0000000000
110985  53.020  21.248  -2.830 0.0000000000
109896  52.752  20.375  -4.155 0.0000000000
109906  51.483  20.770  -4.231 0.0000000000
153176  49.905  20.287  -3.170 0.0000000000
107575  48.568  17.694  -1.370 0.0000000000
107576  47.822  17.786  -0.958 0.0000000000
108745  47.278  18.218  -0.786 0.0000000000
107562  47.273  17.356  -0.573 0.0000000000
106306  47.480  16.186  -0.354 0.0000000000
103921  47.603  14.682  -0.159 0.0000000000
105095  47.526  15.204  0.144 0.0000000000
109722  42.046  19.444  19.968 0.0000000000
109737  42.304  19.982  18.460 0.0000000000
109732  41.716  19.548  19.017 0.0000000000
109757  42.050  19.088  15.485 0.0000000000
107335  42.418  17.554  14.820 0.0000000000
107334  43.255  17.807  14.771 0.0000000000
106110  42.977  16.992  14.605 0.0000000000
114137  53.335  23.556  10.662 0.0000000000
115293  53.283  23.622  11.211 0.0000000000
115300  52.908  23.679  10.173 0.0000000000
115332  52.524  24.522  8.597 0.0000000000
115331  53.285  24.319  8.432 0.0000000000
108675  47.250  18.321  3.987 0.0000000000
108691  47.048  19.412  3.876 0.0000000000
107528  48.612  17.644  2.244 0.0000000000
107538  49.555  17.718  1.301 0.0000000000
107551  49.844  18.164  0.403 0.0000000000
107550  50.749  18.097  0.530 0.0000000000
108702  53.299  17.966  2.044 0.0000000000
108713  53.836  18.498  1.204 0.0000000000
108741  54.015  18.659  -0.643 0.0000000000
108728  53.593  18.851  0.232 0.0000000000
109856  53.237  19.300  -0.235 0.0000000000
109857  52.687  19.501  -0.226 0.0000000000
109867  53.283  19.613  -0.953 0.0000000000
109878  53.158  20.106  -1.661 0.0000000000
107559  52.639  17.456  -1.370 0.0000000000
106313  51.897  17.113  -1.268 0.0000000000
105119  50.406  15.278  -1.562 0.0000000000
115206  50.990  24.020  20.126 0.0000000000
115195  52.056  24.364  20.777 0.0000000000
115217  51.203  24.441  18.926 0.0000000000
115240  51.315  24.678  17.736 0.0000000000
153238  48.674  22.130  19.135 0.0000000000
153256  49.185  22.699  19.151 0.0000000000
153255  48.257  22.822  18.354 0.0000000000
114125  48.660  23.981  15.201 0.0000000000
115268  48.988  24.346  16.513 0.0000000000
114124  49.471  23.780  14.853 0.0000000000
114113  50.362  23.871  15.424 0.0000000000
112966  49.493  23.275  13.998 0.0000000000
112978  49.632  22.808  13.256 0.0000000000
112990  48.826  22.511  12.571 0.0000000000
111904  47.272  21.950  11.185 0.0000000000
113012  48.162  22.354  11.027 0.0000000000
111912  47.343  22.153  10.233 0.0000000000
111922  47.464  22.144  9.258 0.0000000000
111923  46.631  21.722  9.392 0.0000000000
109744  43.285  20.381  16.731 0.0000000000
110821  43.889  20.738  16.900 0.0000000000
108591  45.232  18.201  14.110 0.0000000000
108584  45.364  19.318  14.893 0.0000000000
109765  46.013  19.201  14.057 0.0000000000
109764  46.271  19.818  14.641 0.0000000000
109769  45.541  19.449  13.363 0.0000000000
107394  42.993  17.001  11.096 0.0000000000
109777  43.416  19.180  10.089 0.0000000000
109774  43.401  18.950  11.293 0.0000000000
109776  43.793  19.653  10.991 0.0000000000
110863  44.848  20.797  11.986 0.0000000000
110866  44.832  20.808  10.955 0.0000000000
110894  44.792  19.954  7.251 0.0000000000
110893  45.433  20.678  7.203 0.0000000000
109806  45.402  19.702  6.141 0.0000000000
109814  45.733  19.665  5.407 0.0000000000
108660  45.642  19.149  5.711 0.0000000000
106247  46.985  16.684  5.569 0.0000000000
107484  47.629  17.064  4.905 0.0000000000
106258  49.274  16.630  4.858 0.0000000000
106245  49.318  16.452  5.637 0.0000000000
107464  51.559  16.666  6.537 0.0000000000
111817  41.124  21.013  20.515 0.0000000000
110785  39.464  20.680  19.466 0.0000000000
110767  40.016  20.132  19.826 0.0000000000
109709  39.348  19.648  20.068 0.0000000000
108501  38.781  19.021  20.071 0.0000000000
117350  47.478  26.682  11.557 0.0000000000
118292  48.427  27.316  11.928 0.0000000000
119145  48.184  28.030  11.619 0.0000000000
119156  48.085  28.798  10.870 0.0000000000
119157  46.996  28.445  11.071 0.0000000000
118300  46.242  27.505  11.182 0.0000000000
115322  42.990  25.113  9.046 0.0000000000
115340  43.317  24.311  8.738 0.0000000000
114190  43.518  23.345  6.236 0.0000000000
114206  42.861  23.563  5.309 0.0000000000
114221  43.215  23.604  4.261 0.0000000000
114202  47.053  23.613  4.915 0.0000000000
114203  46.035  23.540  5.027 0.0000000000
115429  44.499  24.435  1.378 0.0000000000
114235  44.774  23.730  3.129 0.0000000000
114251  43.185  24.271  2.551 0.0000000000
115448  42.874  24.352  0.666 0.0000000000
115477  41.724  23.697  -0.306 0.0000000000
115464  42.252  23.981  -0.147 0.0000000000
114034  54.694  24.304  19.500 0.0000000000
114095  54.474  23.209  16.028 0.0000000000
112936  55.023  23.513  16.782 0.0000000000
111870  54.825  22.986  15.759 0.0000000000
111875  55.157  22.804  15.242 0.0000000000
110828  54.793  22.586  14.553 0.0000000000
113008  51.688  22.486  10.693 0.0000000000
112986  52.388  22.521  12.275 0.0000000000
112996  52.491  22.502  11.465 0.0000000000
113022  53.491  22.737  9.440 0.0000000000
113006  53.638  22.576  10.650 0.0000000000
111910  54.283  22.524  10.988 0.0000000000
111901  54.542  22.597  11.434 0.0000000000
111908  54.929  22.616  10.689 0.0000000000
112994  55.193  23.029  10.620 0.0000000000
113020  53.798  22.975  8.983 0.0000000000
114184  53.471  23.583  6.306 0.0000000000
114183  53.523  23.519  7.146 0.0000000000
115382  53.371  24.107  5.751 0.0000000000
115370  53.183  24.329  6.652 0.0000000000
109832  47.153  19.875  3.544 0.0000000000
110931  47.536  20.853  3.164 0.0000000000
111997  48.316  21.314  1.725 0.0000000000
111984  49.550  22.326  4.057 0.0000000000
111995  49.590  22.343  2.821 0.0000000000
113124  50.778  23.286  0.499 0.0000000000
113116  50.279  22.917  0.882 0.0000000000
113104  51.569  23.101  2.524 0.0000000000
113103  52.121  23.372  2.662 0.0000000000
113114  51.926  23.462  2.189 0.0000000000
116483  51.880  24.584  1.350 0.0000000000
115422  52.904  24.478  1.923 0.0000000000
116477  52.415  24.763  2.126 0.0000000000
116471  52.420  24.734  3.210 0.0000000000
116478  51.793  24.810  2.654 0.0000000000
116479  51.355  24.672  2.573 0.0000000000
116485  51.154  24.640  2.088 0.0000000000
115485  49.587  24.587  -1.435 0.0000000000
115472  49.445  24.697  -0.269 0.0000000000
115473  48.388  24.366  -0.623 0.0000000000
110988  48.660  21.990  -2.791 0.0000000000
113156  48.807  22.748  -3.319 0.0000000000
112031  48.225  22.307  -2.451 0.0000000000
112026  46.743  22.092  -0.922 0.0000000000
113150  46.687  23.152  -1.482 0.0000000000
114296  46.195  23.662  -1.664 0.0000000000
113140  45.575  23.420  -1.531 0.0000000000
113126  45.562  22.583  -0.309 0.0000000000
109842  45.162  19.231  1.989 0.0000000000
106288  46.252  16.002  1.471 0.0000000000
105089  46.057  15.343  1.966 0.0000000000
115362  39.875  24.945  6.948 0.0000000000
115360  41.333  24.117  8.001 0.0000000000
111825  46.203  21.362  19.934 0.0000000000
111826  45.612  21.119  19.971 0.0000000000
110798  45.188  21.245  18.631 0.0000000000
110809  45.456  21.292  17.694 0.0000000000
116408  51.643  24.505  9.600 0.0000000000
116409  50.766  24.583  9.829 0.0000000000
116428  51.152  24.637  8.910 0.0000000000
115354  50.109  24.578  7.304 0.0000000000
115374  49.565  24.129  6.212 0.0000000000
115410  50.033  24.366  3.365 0.0000000000
113043  48.333  22.395  9.142 0.0000000000
113042  49.194  22.464  9.055 0.0000000000
111934  48.426  22.280  8.166 0.0000000000
111947  48.579  22.076  7.198 0.0000000000
111958  48.769  21.889  6.257 0.0000000000
108768  51.785  18.395  -3.367 0.0000000000
108777  52.131  19.099  -4.147 0.0000000000
108778  51.584  18.857  -4.138 0.0000000000
153173  50.766  18.517  -3.800 0.0000000000
153172  50.027  18.561  -3.113 0.0000000000
153169  49.582  18.988  -3.003 0.0000000000
107586  49.612  17.909  -2.509 0.0000000000
107587  49.064  17.981  -2.144 0.0000000000
106317  48.480  16.374  -1.042 0.0000000000
105103  48.255  15.255  -0.695 0.0000000000
103934  47.789  14.148  -0.605 0.0000000000
109733  40.836  19.384  18.485 0.0000000000
109739  40.802  19.235  17.187 0.0000000000
115279  54.144  23.942  13.224 0.0000000000
114130  54.562  23.818  13.679 0.0000000000
115292  53.827  23.787  11.648 0.0000000000
115299  54.298  23.463  11.171 0.0000000000
107515  48.505  17.400  3.355 0.0000000000
107526  50.645  16.994  2.430 0.0000000000
107536  51.793  17.523  1.546 0.0000000000
108712  54.595  18.444  1.263 0.0000000000
108726  54.956  18.259  0.428 0.0000000000
108740  54.839  18.384  -0.424 0.0000000000
108765  54.904  18.845  -2.069 0.0000000000
107570  53.876  18.460  -1.256 0.0000000000
107558  53.464  17.576  -1.101 0.0000000000
115207  50.464  23.589  19.870 0.0000000000
111871  47.501  22.076  16.572 0.0000000000
112948  48.023  23.340  17.099 0.0000000000
112958  47.675  22.959  15.957 0.0000000000
112957  48.049  23.425  15.257 0.0000000000
112967  48.363  23.340  14.360 0.0000000000
112991  47.791  22.376  12.694 0.0000000000
111896  47.178  21.711  12.112 0.0000000000
108574  43.633  18.905  14.900 0.0000000000
108573  44.562  19.569  14.969 0.0000000000
108595  44.767  18.311  13.464 0.0000000000
108600  43.110  18.040  10.504 0.0000000000
107431  43.785  17.560  8.928 0.0000000000
108618  43.882  18.161  8.686 0.0000000000
109780  43.665  19.059  8.954 0.0000000000
110873  44.211  20.070  8.971 0.0000000000
109788  44.158  19.211  8.248 0.0000000000
109799  44.629  19.299  7.439 0.0000000000
108628  45.102  18.543  7.051 0.0000000000
108641  46.029  18.103  5.741 0.0000000000
107465  46.068  17.640  6.376 0.0000000000
106234  46.582  16.861  6.443 0.0000000000
106195  50.569  16.161  8.082 0.0000000000
106212  51.726  16.619  7.795 0.0000000000
116395  48.408  25.622  10.744 0.0000000000
116390  48.622  26.079  11.230 0.0000000000
116396  47.233  25.702  10.637 0.0000000000
117355  46.800  26.463  11.229 0.0000000000
116397  46.180  25.835  10.543 0.0000000000
116414  45.575  25.359  9.921 0.0000000000
115320  44.974  24.804  9.342 0.0000000000
115339  44.383  24.057  8.856 0.0000000000
114160  44.895  23.390  8.108 0.0000000000
114189  44.597  23.163  6.143 0.0000000000
114233  46.924  23.643  3.067 0.0000000000
114234  45.854  23.727  3.074 0.0000000000
115428  45.047  24.398  1.350 0.0000000000
115447  43.920  24.509  0.385 0.0000000000
115463  43.217  24.190  -0.484 0.0000000000
113128  43.731  23.077  -0.286 0.0000000000
114063  53.688  24.379  18.414 0.0000000000
114062  54.187  24.162  17.880 0.0000000000
114084  53.618  24.187  17.335 0.0000000000
114096  53.953  23.265  15.825 0.0000000000
112953  53.882  22.732  14.817 0.0000000000
113039  51.888  22.616  8.661 0.0000000000
113007  52.639  22.534  10.609 0.0000000000
113037  53.346  22.850  8.338 0.0000000000
113036  53.487  23.006  8.190 0.0000000000
113052  53.222  22.972  7.303 0.0000000000
113065  53.255  23.163  6.176 0.0000000000
114199  52.773  23.353  4.983 0.0000000000
108718  47.817  19.619  1.595 0.0000000000
110942  47.830  20.849  2.137 0.0000000000
109847  48.397  19.814  0.861 0.0000000000
110952  48.575  20.670  0.785 0.0000000000
112007  48.902  21.587  0.750 0.0000000000
112025  50.017  22.960  -1.036 0.0000000000
113137  50.441  23.339  -0.445 0.0000000000
114271  51.017  23.664  0.189 0.0000000000
114260  51.956  23.703  1.669 0.0000000000
114283  51.126  24.086  0.023 0.0000000000
115470  51.105  24.475  -0.167 0.0000000000
116491  51.251  24.675  0.595 0.0000000000
116492  50.779  24.740  0.877 0.0000000000
116497  50.603  25.152  -0.149 0.0000000000
115496  49.385  24.285  -2.752 0.0000000000
153178  47.983  20.327  -1.712 0.0000000000
110978  48.004  21.829  -1.981 0.0000000000
110962  45.799  21.376  0.388 0.0000000000
109850  45.806  19.371  1.275 0.0000000000
112952  55.879  23.598  15.261 0.0000000000
115378  39.860  24.789  6.399 0.0000000000
115414  41.792  24.316  3.230 0.0000000000
153239  48.340  21.587  19.643 0.0000000000
153254  47.969  21.945  18.702 0.0000000000
111845  46.889  21.404  19.290 0.0000000000
110796  47.231  21.570  18.297 0.0000000000
111860  47.521  22.305  17.722 0.0000000000
110830  47.001  21.224  15.691 0.0000000000
111884  46.727  21.383  14.791 0.0000000000
106165  43.079  15.788  10.665 0.0000000000
106179  43.953  15.458  9.795 0.0000000000
106178  44.772  15.901  9.064 0.0000000000
106198  45.757  16.235  8.541 0.0000000000
106197  46.506  16.036  8.088 0.0000000000
105030  46.780  15.846  7.880 0.0000000000
116388  50.257  25.368  11.488 0.0000000000
116394  49.648  25.018  10.616 0.0000000000
115315  50.557  24.618  10.284 0.0000000000
115304  50.019  24.674  10.266 0.0000000000
116411  48.768  24.887  9.697 0.0000000000
115357  46.852  24.285  7.617 0.0000000000
115376  47.320  23.852  6.754 0.0000000000
114185  48.691  23.875  5.451 0.0000000000
114201  48.033  23.686  4.742 0.0000000000
114217  47.449  23.742  3.967 0.0000000000
114262  46.893  24.016  1.210 0.0000000000
114272  46.405  24.373  0.617 0.0000000000
112976  51.452  22.610  13.240 0.0000000000
113025  50.860  22.554  9.854 0.0000000000
113041  50.044  22.489  8.962 0.0000000000
113040  50.946  22.511  8.830 0.0000000000
113055  51.037  22.422  7.753 0.0000000000
113068  51.097  22.534  6.659 0.0000000000
113078  51.169  22.622  5.572 0.0000000000
109880  51.993  20.199  -1.579 0.0000000000
108756  51.098  20.063  -1.456 0.0000000000
153168  51.849  20.662  -2.062 0.0000000000
112047  51.469  21.687  -3.760 0.0000000000
109905  52.010  20.868  -4.537 0.0000000000
111003  51.602  21.259  -4.200 0.0000000000
153182  50.660  22.194  -3.726 0.0000000000
113170  50.482  23.434  -4.418 0.0000000000
112048  49.704  22.369  -4.035 0.0000000000
110987  49.074  22.057  -3.071 0.0000000000
153167  47.683  19.258  -1.158 0.0000000000
109859  47.176  18.643  -0.533 0.0000000000
107552  46.706  17.251  0.436 0.0000000000
105088  46.467  15.316  1.314 0.0000000000
105096  46.970  15.158  0.676 0.0000000000
103911  46.476  14.316  1.324 0.0000000000
109720  43.161  20.142  20.314 0.0000000000
110800  43.517  20.673  18.969 0.0000000000
110801  42.867  20.195  19.144 0.0000000000
109738  41.597  19.699  17.755 0.0000000000
109756  42.615  19.471  15.639 0.0000000000
107347  43.423  17.314  14.352 0.0000000000
106133  43.244  16.413  13.787 0.0000000000
116382  51.900  24.855  12.980 0.0000000000
115295  51.689  24.465  11.276 0.0000000000
115286  53.218  23.940  12.270 0.0000000000
115294  52.463  24.069  11.281 0.0000000000
115302  51.924  24.284  10.396 0.0000000000
116407  52.086  24.487  9.303 0.0000000000
115333  52.073  24.648  8.354 0.0000000000
115371  52.470  24.510  6.560 0.0000000000
110914  46.664  20.788  5.240 0.0000000000
109822  46.870  19.881  4.281 0.0000000000
108704  47.606  19.206  2.368 0.0000000000
108703  48.001  18.341  2.251 0.0000000000
108717  48.409  18.875  1.233 0.0000000000
107561  50.044  18.630  -0.179 0.0000000000
108744  50.897  19.201  -0.670 0.0000000000
107524  52.632  17.474  2.870 0.0000000000
107535  52.535  17.592  2.039 0.0000000000
108715  52.183  18.375  0.845 0.0000000000
108730  51.835  18.933  0.297 0.0000000000
108743  51.609  19.258  -0.316 0.0000000000
109869  51.972  19.736  -0.920 0.0000000000
109879  52.672  20.340  -1.504 0.0000000000
109888  53.322  20.369  -2.581 0.0000000000
108766  53.307  19.775  -2.912 0.0000000000
108754  52.571  18.447  -2.556 0.0000000000
108755  51.929  18.041  -2.572 0.0000000000
106326  50.861  16.920  -2.405 0.0000000000
106315  50.365  16.120  -2.013 0.0000000000
115204  53.189  24.496  19.153 0.0000000000
115215  53.057  24.533  17.906 0.0000000000
115253  52.368  24.342  16.060 0.0000000000
115267  51.612  24.193  15.712 0.0000000000
112902  49.277  22.317  20.241 0.0000000000
114064  49.661  23.198  19.303 0.0000000000
115242  49.523  24.132  18.343 0.0000000000
114102  48.250  23.730  17.082 0.0000000000
115256  49.531  24.362  17.157 0.0000000000
114100  50.463  24.263  16.214 0.0000000000
114099  51.030  24.077  15.778 0.0000000000
114122  50.875  23.230  14.484 0.0000000000
112977  50.562  22.678  13.278 0.0000000000
112989  49.782  22.545  12.506 0.0000000000
113011  49.087  22.459  10.916 0.0000000000
111949  46.856  21.535  7.430 0.0000000000
110811  43.636  20.930  17.984 0.0000000000
110810  44.527  21.106  17.792 0.0000000000
110820  44.863  21.011  16.830 0.0000000000
109753  45.703  19.861  15.494 0.0000000000
110832  46.090  20.393  16.150 0.0000000000
109759  46.272  19.973  15.246 0.0000000000
110852  46.330  20.400  14.112 0.0000000000
110859  46.069  20.712  13.328 0.0000000000
107383  43.097  17.146  12.397 0.0000000000
108596  43.736  18.170  13.024 0.0000000000
109771  43.688  18.849  12.274 0.0000000000
109770  44.605  19.215  12.929 0.0000000000
110861  44.515  20.126  12.297 0.0000000000
110860  45.337  20.384  12.856 0.0000000000
111906  45.500  21.195  11.657 0.0000000000
111914  45.636  21.245  10.631 0.0000000000
111924  45.760  21.311  9.551 0.0000000000
110882  45.049  20.836  8.621 0.0000000000
111950  46.188  21.427  7.729 0.0000000000
110892  46.157  21.274  7.196 0.0000000000
110902  46.312  21.089  6.551 0.0000000000
110915  46.021  20.220  5.253 0.0000000000
107502  46.762  18.209  4.501 0.0000000000
107485  46.627  17.592  5.256 0.0000000000
107501  47.555  17.684  4.288 0.0000000000
106270  48.882  16.916  3.891 0.0000000000
106269  49.495  16.726  4.094 0.0000000000
107499  50.857  16.564  4.674 0.0000000000
106216  47.864  15.868  7.118 0.0000000000
106232  48.590  16.161  6.361 0.0000000000
106214  50.172  16.203  7.314 0.0000000000
106231  49.674  16.324  6.492 0.0000000000
106244  50.266  16.561  5.684 0.0000000000
110755  43.399  20.901  20.962 0.0000000000
110765  42.847  20.324  20.872 0.0000000000
109698  42.121  20.168  20.889 0.0000000000
109707  41.599  19.715  20.475 0.0000000000
110783  40.836  20.966  20.209 0.0000000000
109708  40.620  19.893  20.307 0.0000000000
108516  40.034  19.032  19.037 0.0000000000
109710  38.332  19.510  20.092 0.0000000000
108537  38.551  18.274  18.810 0.0000000000
119158  45.644  28.563  10.299 0.0000000000
117356  45.693  26.606  10.798 0.0000000000
118301  45.145  27.491  10.535 0.0000000000
119159  44.641  28.070  9.877 0.0000000000
115323  42.444  25.144  9.089 0.0000000000
114163  42.218  23.971  8.158 0.0000000000
114175  42.057  23.714  7.455 0.0000000000
114161  43.755  23.606  8.118 0.0000000000
114174  43.135  23.564  7.242 0.0000000000
114207  41.924  23.575  5.435 0.0000000000
114222  42.111  23.963  4.420 0.0000000000
115413  42.387  24.328  2.838 0.0000000000
114171  46.289  23.730  6.885 0.0000000000
114188  45.654  23.440  6.030 0.0000000000
114219  45.426  23.359  4.065 0.0000000000
114220  44.316  23.458  4.163 0.0000000000
114252  42.666  24.324  2.709 0.0000000000
115449  41.918  24.186  0.974 0.0000000000
114276  42.633  23.525  -0.652 0.0000000000
114045  54.776  24.167  18.325 0.0000000000
111842  56.348  23.609  16.937 0.0000000000
111867  55.845  23.409  15.580 0.0000000000
111880  55.324  23.002  14.255 0.0000000000
112975  52.315  22.627  13.111 0.0000000000
112974  53.140  22.592  12.982 0.0000000000
112961  53.781  22.519  13.692 0.0000000000
112995  53.312  22.517  11.418 0.0000000000
111895  53.698  22.457  11.961 0.0000000000
111888  54.205  22.456  13.360 0.0000000000
110851  54.429  22.519  13.158 0.0000000000
110856  55.086  22.783  13.058 0.0000000000
112972  55.067  23.113  13.024 0.0000000000
114134  55.046  23.109  11.442 0.0000000000
114140  54.776  23.320  10.555 0.0000000000
114150  53.640  23.448  9.465 0.0000000000
114158  53.653  23.112  8.622 0.0000000000
114159  53.582  23.607  8.780 0.0000000000
115311  53.457  24.038  8.937 0.0000000000
115384  52.090  24.460  5.412 0.0000000000
110913  47.314  21.310  5.090 0.0000000000
111970  48.052  21.689  5.190 0.0000000000
111969  49.061  21.910  5.506 0.0000000000
111986  48.096  21.493  2.733 0.0000000000
111976  48.853  21.884  4.539 0.0000000000
111975  49.540  22.253  5.088 0.0000000000
113086  50.344  22.527  4.781 0.0000000000
113085  51.253  22.664  4.456 0.0000000000
153165  49.993  20.330  -1.014 0.0000000000
112017  49.609  22.473  -0.347 0.0000000000
112006  49.555  22.381  1.402 0.0000000000
113084  51.825  23.165  4.162 0.0000000000
114214  52.145  23.403  4.002 0.0000000000
114212  52.872  23.842  4.018 0.0000000000
114259  53.019  23.344  1.739 0.0000000000
113101  53.612  23.513  2.588 0.0000000000
115393  52.988  24.284  4.227 0.0000000000
116463  52.721  24.603  3.742 0.0000000000
115394  52.435  24.530  4.258 0.0000000000
115395  51.791  24.555  4.402 0.0000000000
115409  50.860  24.570  3.533 0.0000000000
115424  50.763  24.548  2.679 0.0000000000
115425  49.853  24.303  2.461 0.0000000000
116493  50.263  24.731  0.576 0.0000000000
115458  49.623  24.639  0.650 0.0000000000
115443  48.830  24.448  1.393 0.0000000000
115460  47.297  24.413  0.266 0.0000000000
115475  45.698  24.151  -1.306 0.0000000000
115515  49.635  24.295  -4.257 0.0000000000
115506  48.803  23.700  -3.054 0.0000000000
114294  48.250  23.537  -2.219 0.0000000000
114304  48.094  23.220  -2.214 0.0000000000
115487  46.640  23.805  -1.561 0.0000000000
115488  45.559  23.945  -1.919 0.0000000000
115476  44.833  24.161  -1.890 0.0000000000
112020  44.541  22.846  0.174 0.0000000000
112019  45.245  22.152  0.481 0.0000000000
112009  44.791  21.500  1.087 0.0000000000
103951  48.630  14.113  -0.892 0.0000000000
103933  48.385  14.695  -0.768 0.0000000000
106196  49.881  15.887  7.934 0.0000000000
106199  44.872  16.494  8.715 0.0000000000
106259  48.726  16.844  4.558 0.0000000000
106268  50.021  16.618  4.459 0.0000000000
106294  53.739  17.249  0.199 0.0000000000
106302  53.324  17.129  -0.542 0.0000000000
106305  48.004  15.769  -0.620 0.0000000000
107500  48.290  17.190  4.340 0.0000000000
107549  51.478  18.023  0.883 0.0000000000
107560  50.543  18.542  0.001 0.0000000000
107563  46.908  17.498  -0.195 0.0000000000
107569  54.334  18.710  -0.980 0.0000000000
107573  51.437  17.516  -2.539 0.0000000000
108561  41.201  19.011  16.042 0.0000000000
108572  45.142  19.762  15.125 0.0000000000
108590  45.552  18.897  14.548 0.0000000000
108676  46.765  18.983  4.222 0.0000000000
108689  48.013  17.986  2.970 0.0000000000
108716  49.083  18.223  0.923 0.0000000000
108732  49.276  18.658  0.300 0.0000000000
108734  47.065  18.341  -0.500 0.0000000000
108751  54.931  18.803  -1.165 0.0000000000
108752  54.557  18.823  -1.372 0.0000000000
108764  55.108  18.722  -2.018 0.0000000000
108769  49.233  18.518  -2.707 0.0000000000
108776  52.384  19.630  -4.198 0.0000000000
109699  41.391  20.171  20.778 0.0000000000
109700  41.000  20.283  20.701 0.0000000000
109705  42.975  20.050  20.539 0.0000000000
109706  42.424  19.824  20.541 0.0000000000
109731  42.466  19.722  19.436 0.0000000000
109746  41.632  19.401  16.314 0.0000000000
109752  46.233  20.144  15.683 0.0000000000
109754  44.787  20.268  15.392 0.0000000000
109779  43.957  19.510  8.781 0.0000000000
109789  43.951  18.689  8.492 0.0000000000
109798  45.039  19.475  6.802 0.0000000000
109821  47.051  20.273  4.199 0.0000000000
109833  47.044  19.664  3.942 0.0000000000
109848  47.937  20.319  1.490 0.0000000000
109854  54.809  18.364  -0.088 0.0000000000
109855  54.597  18.642  -0.432 0.0000000000
109858  52.173  19.530  -0.366 0.0000000000
109865  54.895  18.650  -0.833 0.0000000000
109866  54.869  18.822  -1.070 0.0000000000
109870  51.494  19.799  -1.150 0.0000000000
109876  55.230  18.807  -1.034 0.0000000000
109877  55.031  18.919  -1.869 0.0000000000
109886  55.161  18.968  -1.595 0.0000000000
109887  55.168  19.028  -2.010 0.0000000000
109895  53.212  20.733  -3.382 0.0000000000
110756  42.607  20.740  20.961 0.0000000000
110764  43.453  20.545  20.602 0.0000000000
110766  40.818  20.555  20.429 0.0000000000
110779  45.054  21.007  19.503 0.0000000000
110781  43.393  20.335  19.891 0.0000000000
110782  42.897  19.932  19.675 0.0000000000
110822  43.224  20.517  17.347 0.0000000000
110829  54.561  22.558  14.464 0.0000000000
110833  45.283  20.605  16.040 0.0000000000
110839  55.270  22.812  13.861 0.0000000000
110840  55.085  22.635  13.922 0.0000000000
110841  54.780  22.529  13.912 0.0000000000
110842  54.521  22.500  13.954 0.0000000000
110843  46.445  20.432  14.893 0.0000000000
110848  55.196  22.803  13.595 0.0000000000
110849  55.098  22.748  13.438 0.0000000000
110850  54.791  22.600  13.343 0.0000000000
110857  54.542  22.611  12.713 0.0000000000
110858  54.236  22.517  12.596 0.0000000000
110864  44.297  20.235  11.408 0.0000000000
110868  43.801  19.651  9.438 0.0000000000
110874  43.896  19.590  9.027 0.0000000000
110922  46.964  20.438  4.529 0.0000000000
110967  55.161  18.991  -0.892 0.0000000000
110968  55.143  19.019  -1.364 0.0000000000
110969  47.505  21.262  -1.423 0.0000000000
110973  55.198  19.055  -1.398 0.0000000000
110974  55.195  19.085  -1.706 0.0000000000
110975  53.280  20.906  -1.912 0.0000000000
110983  55.328  19.156  -1.846 0.0000000000
110984  55.267  19.259  -2.018 0.0000000000
110986  52.221  21.124  -2.712 0.0000000000
110994  52.954  21.198  -3.704 0.0000000000
110995  52.474  21.310  -4.191 0.0000000000
111002  52.009  21.475  -4.339 0.0000000000
111806  41.530  20.840  20.693 0.0000000000
111807  41.160  20.764  20.687 0.0000000000
111816  41.739  21.119  20.389 0.0000000000
111843  56.190  23.647  17.493 0.0000000000
111857  56.179  23.479  16.247 0.0000000000
111858  55.897  23.442  16.624 0.0000000000
111861  46.561  21.460  18.491 0.0000000000
111868  55.626  23.223  15.825 0.0000000000
111869  55.218  23.156  16.081 0.0000000000
111873  55.470  23.270  15.005 0.0000000000
111874  55.391  23.044  15.138 0.0000000000
111876  54.676  22.724  15.128 0.0000000000
111878  46.907  21.255  15.403 0.0000000000
111881  55.322  22.881  14.460 0.0000000000
111883  46.984  21.992  14.965 0.0000000000
111886  55.290  22.947  13.515 0.0000000000
111887  55.021  22.887  12.846 0.0000000000
111892  54.718  22.785  12.041 0.0000000000
111893  54.330  22.566  12.122 0.0000000000
111894  53.831  22.300  12.196 0.0000000000
111900  55.020  22.639  11.100 0.0000000000
111903  53.845  22.448  11.562 0.0000000000
111909  54.687  22.599  10.765 0.0000000000
111911  53.955  22.512  11.227 0.0000000000
112008  48.502  21.076  1.204 0.0000000000
112030  48.398  22.614  -2.778 0.0000000000
112036  52.787  21.402  -3.430 0.0000000000
112037  52.478  21.495  -3.365 0.0000000000
112038  51.913  21.557  -3.281 0.0000000000
112040  48.611  22.419  -2.967 0.0000000000
112041  48.474  22.050  -2.653 0.0000000000
112045  52.617  21.551  -3.769 0.0000000000
112053  51.798  21.622  -4.174 0.0000000000
112054  51.616  21.508  -4.163 0.0000000000
112055  50.453  22.835  -4.205 0.0000000000
112056  50.154  22.933  -4.366 0.0000000000
112890  49.500  22.509  21.190 0.0000000000
112937  48.042  23.249  17.522 0.0000000000
112945  56.370  23.659  15.849 0.0000000000
112946  54.786  23.190  16.134 0.0000000000
112947  54.483  23.012  15.622 0.0000000000
112949  47.763  22.983  16.991 0.0000000000
112960  55.283  23.390  14.704 0.0000000000
112962  53.094  22.628  13.888 0.0000000000
112963  52.280  22.787  13.983 0.0000000000
112964  51.396  23.030  14.205 0.0000000000
112971  55.154  23.188  13.877 0.0000000000
112973  53.757  22.491  12.802 0.0000000000
112984  53.779  22.461  12.302 0.0000000000
112993  55.147  22.850  11.131 0.0000000000
112997  51.595  22.396  11.556 0.0000000000
113003  55.039  22.684  10.779 0.0000000000
113004  54.815  22.783  10.123 0.0000000000
113005  54.200  22.681  10.234 0.0000000000
113010  49.955  22.425  10.844 0.0000000000
113035  53.663  22.951  8.338 0.0000000000
113050  53.571  23.161  7.999 0.0000000000
113064  53.428  23.376  6.781 0.0000000000
113075  52.978  23.259  5.335 0.0000000000
113083  52.244  23.287  4.391 0.0000000000
113091  53.360  23.416  2.907 0.0000000000
113092  53.168  23.013  2.867 0.0000000000
113093  51.829  23.281  3.193 0.0000000000
113102  53.577  23.011  2.354 0.0000000000
113112  53.668  23.605  2.264 0.0000000000
113113  53.577  23.380  1.860 0.0000000000
113125  50.151  23.076  0.006 0.0000000000
113139  45.939  22.815  -0.855 0.0000000000
113141  42.111  23.148  -0.851 0.0000000000
113148  48.284  22.732  -2.609 0.0000000000
113149  47.936  22.930  -2.192 0.0000000000
113151  45.880  23.564  -1.693 0.0000000000
113157  48.535  22.957  -2.986 0.0000000000
113162  51.000  23.999  -3.983 0.0000000000
113164  49.114  23.010  -3.789 0.0000000000
113165  48.879  23.217  -3.494 0.0000000000
113169  50.890  23.860  -4.280 0.0000000000
113171  49.806  23.196  -4.338 0.0000000000
114046  54.075  24.318  19.108 0.0000000000
114047  53.699  24.402  19.019 0.0000000000
114048  50.468  23.554  20.197 0.0000000000
114049  50.004  23.177  19.988 0.0000000000
114050  49.566  22.803  19.656 0.0000000000
114061  54.643  23.815  17.323 0.0000000000
114082  54.497  23.404  16.510 0.0000000000
114085  48.393  23.560  17.888 0.0000000000
114097  53.325  23.845  16.178 0.0000000000
114098  52.872  24.082  15.851 0.0000000000
114101  49.994  24.354  16.594 0.0000000000
114103  48.003  23.403  16.866 0.0000000000
114108  56.302  23.913  15.428 0.0000000000
114109  53.510  22.977  15.204 0.0000000000
114112  51.325  23.590  15.126 0.0000000000
114116  47.971  23.473  16.577 0.0000000000
114118  55.446  23.824  14.848 0.0000000000
114123  50.344  23.445  14.624 0.0000000000
114132  54.862  23.149  12.421 0.0000000000
114135  55.210  23.102  10.923 0.0000000000
114136  53.747  23.523  10.926 0.0000000000
114139  55.017  23.279  11.214 0.0000000000
114141  53.873  23.340  10.410 0.0000000000
114151  53.398  23.524  9.892 0.0000000000
114169  53.605  23.242  8.301 0.0000000000
114170  53.644  23.430  7.925 0.0000000000
114177  40.529  24.013  6.869 0.0000000000
114193  40.704  23.673  6.329 0.0000000000
114200  48.820  23.995  4.463 0.0000000000
114213  52.539  23.482  4.269 0.0000000000
114228  53.182  23.841  3.348 0.0000000000
114229  52.837  23.437  3.269 0.0000000000
114230  52.354  23.392  3.254 0.0000000000
114238  42.083  24.258  3.752 0.0000000000
114244  53.446  23.922  2.633 0.0000000000
114246  52.512  23.227  2.286 0.0000000000
114250  44.159  24.256  2.342 0.0000000000
114258  53.480  23.897  1.906 0.0000000000
114261  51.330  23.529  0.933 0.0000000000
114263  45.889  24.284  1.140 0.0000000000
114270  51.472  23.895  0.802 0.0000000000
114285  44.885  23.641  -1.871 0.0000000000
114297  45.423  23.717  -1.966 0.0000000000
114303  48.410  23.370  -2.592 0.0000000000
114308  50.799  24.360  -4.167 0.0000000000
114310  49.031  23.514  -3.754 0.0000000000
114311  48.825  23.469  -3.275 0.0000000000
114316  50.536  24.096  -4.473 0.0000000000
114317  49.994  23.874  -4.534 0.0000000000
114318  49.397  23.745  -4.183 0.0000000000
115203  53.685  24.415  19.289 0.0000000000
115216  52.217  24.700  18.474 0.0000000000
115218  50.248  23.806  19.187 0.0000000000
115219  49.565  23.572  18.873 0.0000000000
115239  52.263  24.627  17.234 0.0000000000
115252  52.971  24.191  16.182 0.0000000000
115255  50.503  24.494  17.058 0.0000000000
115257  48.787  24.130  17.735 0.0000000000
115266  51.975  24.120  15.394 0.0000000000
115269  48.740  24.219  16.914 0.0000000000
115277  54.610  23.390  12.690 0.0000000000
115283  54.586  23.339  12.386 0.0000000000
115284  54.318  23.482  12.224 0.0000000000
115290  54.681  23.285  11.873 0.0000000000
115297  54.979  23.199  11.633 0.0000000000
115298  54.685  23.367  11.399 0.0000000000
115303  50.250  24.703  10.432 0.0000000000
115312  53.155  23.952  9.378 0.0000000000
115313  52.494  24.266  9.479 0.0000000000
115314  52.111  24.308  9.748 0.0000000000
115316  50.335  24.604  10.116 0.0000000000
115330  53.575  24.054  8.504 0.0000000000
115349  53.716  23.808  7.836 0.0000000000
115352  52.023  24.659  7.701 0.0000000000
115359  41.929  24.020  8.134 0.0000000000
115368  53.624  23.654  7.452 0.0000000000
115369  53.578  23.889  6.951 0.0000000000
115377  40.307  24.208  6.541 0.0000000000
115396  51.028  24.577  4.379 0.0000000000
115398  49.383  24.295  4.004 0.0000000000
115406  53.152  24.326  3.090 0.0000000000
115407  52.098  24.672  3.678 0.0000000000
115411  49.149  24.311  3.167 0.0000000000
115412  48.590  24.198  2.806 0.0000000000
115421  53.210  24.343  2.307 0.0000000000
115423  51.357  24.659  2.986 0.0000000000
115438  53.135  24.078  1.731 0.0000000000
115439  52.442  24.167  1.603 0.0000000000
115442  49.668  24.406  1.558 0.0000000000
115455  51.798  24.312  1.249 0.0000000000
115456  51.468  24.339  0.678 0.0000000000
115457  50.202  24.601  1.016 0.0000000000
115465  41.520  23.901  0.232 0.0000000000
115466  41.115  23.603  0.296 0.0000000000
115483  50.759  24.261  -0.805 0.0000000000
115497  48.725  23.809  -2.711 0.0000000000
115503  50.469  24.515  -4.330 0.0000000000
115504  50.106  24.749  -3.800 0.0000000000
115505  49.190  24.070  -3.638 0.0000000000
115514  50.092  24.405  -4.444 0.0000000000
115516  49.371  24.122  -4.120 0.0000000000
116410  49.886  24.640  9.780 0.0000000000
116418  41.841  26.025  9.665 0.0000000000
116426  52.240  24.514  9.040 0.0000000000
116427  51.911  24.614  8.788 0.0000000000
116431  42.146  25.216  9.140 0.0000000000
116440  51.867  24.660  8.272 0.0000000000
116442  50.635  24.705  8.166 0.0000000000
116462  52.861  24.598  3.388 0.0000000000
116472  52.025  24.730  3.229 0.0000000000
116476  52.895  24.626  2.241 0.0000000000
116490  51.580  24.520  1.005 0.0000000000
116496  51.078  24.810  -0.171 0.0000000000
116498  50.183  24.870  0.113 0.0000000000
116501  50.211  24.758  -0.918 0.0000000000
117349  48.489  26.576  11.599 0.0000000000
117351  47.067  26.699  11.562 0.0000000000
117353  48.339  26.103  11.196 0.0000000000
118293  47.710  27.320  11.771 0.0000000000
118294  46.943  27.028  11.777 0.0000000000
119136  48.630  27.674  12.014 0.0000000000
119146  47.484  27.894  11.515 0.0000000000
119155  48.758  28.958  10.655 0.0000000000
153161  49.380  19.687  -0.564 0.0000000000
153174  50.354  18.813  -3.482 0.0000000000
153231  48.558  21.700  20.373 0.0000000000
153232  48.766  21.902  20.102 0.0000000000
153233  48.816  22.028  19.734 0.0000000000
153240  47.636  21.555  19.122 0.0000000000
153241  49.017  22.255  19.550 0.0000000000
153244  46.847  21.568  20.421 0.0000000000
153251  49.374  23.216  18.948 0.0000000000
153252  47.882  22.081  21.450 0.0000000000
