#!ascii label  , from subject 3119 vox2ras=TkReg
1871
53007  -46.575  -40.756  35.945 0.0000000000
47859  -34.008  -44.140  42.985 0.0000000000
69240  -42.545  -27.332  27.126 0.0000000000
51857  -36.507  -41.480  30.954 0.0000000000
63132  -45.196  -32.644  31.281 0.0000000000
55292  -41.505  -38.646  41.303 0.0000000000
43028  -34.722  -48.021  37.114 0.0000000000
41782  -39.355  -49.614  34.682 0.0000000000
46588  -24.363  -45.232  41.801 0.0000000000
75450  -53.142  -22.457  29.466 0.0000000000
51874  -28.202  -41.120  29.179 0.0000000000
54281  -40.689  -39.846  33.325 0.0000000000
57865  -40.134  -36.268  31.181 0.0000000000
59132  -45.127  -36.122  34.340 0.0000000000
54157  -46.045  -39.065  37.645 0.0000000000
49199  -41.686  -43.392  38.130 0.0000000000
49263  -40.793  -43.304  34.725 0.0000000000
45553  -37.253  -46.768  32.005 0.0000000000
74207  -54.917  -23.843  25.525 0.0000000000
45421  -29.231  -46.108  42.731 0.0000000000
47980  -26.297  -44.063  34.697 0.0000000000
51733  -30.332  -40.626  38.068 0.0000000000
65705  -44.058  -30.726  28.377 0.0000000000
51671  -38.067  -41.224  43.244 0.0000000000
54200  -35.542  -39.659  36.205 0.0000000000
53002  -39.355  -40.737  35.134 0.0000000000
41723  -42.630  -49.943  39.209 0.0000000000
46525  -20.633  -45.704  45.200 0.0000000000
64481  -50.951  -31.100  32.195 0.0000000000
69191  -46.807  -27.497  31.362 0.0000000000
80532  -49.941  -21.492  32.316 0.0000000000
74154  -46.608  -23.243  27.739 0.0000000000
74227  -48.915  -23.756  24.579 0.0000000000
49165  -20.949  -43.269  38.094 0.0000000000
49293  -31.936  -43.335  32.420 0.0000000000
53027  -43.567  -40.301  34.427 0.0000000000
56599  -42.737  -38.254  34.308 0.0000000000
56584  -46.026  -38.339  35.410 0.0000000000
51743  -46.705  -41.763  37.226 0.0000000000
50501  -43.432  -41.937  36.223 0.0000000000
51800  -44.265  -41.346  35.162 0.0000000000
51830  -41.483  -41.091  33.904 0.0000000000
70476  -40.279  -26.656  23.963 0.0000000000
71742  -42.358  -25.376  24.553 0.0000000000
47857  -31.760  -44.147  43.290 0.0000000000
49154  -29.156  -43.243  40.373 0.0000000000
50428  -32.217  -42.076  40.622 0.0000000000
54329  -35.891  -39.436  29.675 0.0000000000
60545  -42.471  -34.823  31.197 0.0000000000
59204  -40.088  -35.339  29.722 0.0000000000
60564  -42.621  -33.554  29.631 0.0000000000
63181  -41.995  -32.263  27.636 0.0000000000
63160  -44.566  -32.815  29.174 0.0000000000
54082  -39.829  -39.590  41.580 0.0000000000
54127  -37.912  -39.372  39.386 0.0000000000
55365  -39.955  -38.640  38.201 0.0000000000
45493  -40.146  -46.530  37.563 0.0000000000
44290  -40.692  -46.914  39.246 0.0000000000
41750  -40.914  -49.924  37.022 0.0000000000
49314  -36.873  -43.530  31.412 0.0000000000
67970  -49.530  -28.933  31.603 0.0000000000
152097  -48.095  -22.298  29.944 0.0000000000
76730  -49.833  -21.582  28.315 0.0000000000
72872  -47.601  -24.339  26.368 0.0000000000
74181  -50.476  -24.304  26.686 0.0000000000
75588  -53.435  -22.709  22.570 0.0000000000
46587  -21.858  -44.394  43.562 0.0000000000
47871  -19.875  -43.836  41.491 0.0000000000
47900  -22.698  -44.153  39.655 0.0000000000
51837  -26.826  -41.436  32.027 0.0000000000
50580  -24.578  -42.501  32.752 0.0000000000
51885  -25.523  -41.764  28.522 0.0000000000
49277  -36.557  -43.348  33.496 0.0000000000
53057  -34.731  -41.068  32.484 0.0000000000
47984  -33.338  -45.152  34.545 0.0000000000
53070  -38.511  -40.507  31.984 0.0000000000
55483  -38.014  -38.024  31.013 0.0000000000
56619  -40.850  -38.192  32.113 0.0000000000
59173  -42.477  -36.274  32.397 0.0000000000
60536  -45.304  -34.314  33.151 0.0000000000
55347  -44.231  -37.913  39.619 0.0000000000
55383  -41.977  -38.091  37.400 0.0000000000
52975  -43.342  -40.631  36.400 0.0000000000
47960  -41.451  -43.876  37.037 0.0000000000
46690  -38.810  -45.973  35.324 0.0000000000
43110  -38.042  -48.142  33.019 0.0000000000
48006  -38.761  -44.420  33.503 0.0000000000
50591  -38.781  -42.533  32.714 0.0000000000
71667  -53.207  -25.151  28.450 0.0000000000
72814  -56.946  -25.067  29.506 0.0000000000
45426  -27.054  -46.468  41.790 0.0000000000
47917  -25.314  -44.589  38.890 0.0000000000
46648  -27.685  -45.163  39.015 0.0000000000
51757  -27.718  -42.195  36.682 0.0000000000
54272  -28.541  -39.803  33.635 0.0000000000
57872  -37.256  -36.521  29.730 0.0000000000
65731  -41.693  -30.625  26.876 0.0000000000
68024  -42.992  -29.117  27.778 0.0000000000
50381  -36.671  -42.796  43.448 0.0000000000
50430  -34.226  -41.830  40.030 0.0000000000
52910  -36.524  -40.440  39.502 0.0000000000
54258  -38.021  -39.691  34.702 0.0000000000
47957  -37.835  -45.095  36.058 0.0000000000
50499  -40.624  -42.458  37.348 0.0000000000
45471  -38.976  -46.218  38.106 0.0000000000
40361  -37.606  -49.961  38.985 0.0000000000
54238  -48.826  -39.324  36.498 0.0000000000
47789  -35.424  -44.691  45.596 0.0000000000
51628  -40.075  -41.261  45.059 0.0000000000
54021  -41.407  -39.407  44.647 0.0000000000
56587  -48.937  -36.971  36.079 0.0000000000
59135  -48.870  -35.430  34.624 0.0000000000
61804  -48.051  -33.522  33.300 0.0000000000
63121  -52.364  -32.194  33.191 0.0000000000
63135  -48.118  -31.785  31.184 0.0000000000
65690  -47.501  -30.942  30.013 0.0000000000
66843  -45.882  -29.378  30.298 0.0000000000
69207  -44.802  -27.425  29.717 0.0000000000
152054  -48.628  -24.604  32.360 0.0000000000
71649  -46.207  -25.216  29.782 0.0000000000
71681  -44.295  -25.179  27.844 0.0000000000
72926  -45.119  -24.887  25.052 0.0000000000
72932  -51.546  -24.189  25.233 0.0000000000
47826  -17.409  -44.401  43.525 0.0000000000
50517  -18.527  -42.348  35.438 0.0000000000
49240  -23.384  -43.018  36.158 0.0000000000
50545  -21.467  -42.128  34.335 0.0000000000
52950  -33.283  -40.625  37.303 0.0000000000
54275  -31.473  -39.622  33.237 0.0000000000
51865  -30.662  -41.510  30.577 0.0000000000
46776  -32.371  -45.928  30.109 0.0000000000
53029  -44.951  -40.310  35.193 0.0000000000
54261  -44.772  -39.535  34.762 0.0000000000
54235  -46.063  -39.878  35.749 0.0000000000
51771  -46.680  -42.192  36.460 0.0000000000
50534  -45.719  -42.602  35.826 0.0000000000
51801  -45.341  -41.649  35.513 0.0000000000
51819  -43.987  -40.842  34.594 0.0000000000
68033  -41.251  -28.071  26.324 0.0000000000
69251  -41.461  -27.062  26.259 0.0000000000
71741  -41.318  -25.844  24.296 0.0000000000
70461  -42.051  -26.305  25.854 0.0000000000
49094  -32.861  -43.850  43.188 0.0000000000
49124  -32.430  -43.369  41.821 0.0000000000
49125  -33.370  -43.075  41.678 0.0000000000
50619  -35.474  -41.828  29.983 0.0000000000
53094  -36.243  -40.096  29.981 0.0000000000
61837  -43.906  -33.605  31.374 0.0000000000
60555  -42.293  -34.184  30.409 0.0000000000
61849  -43.938  -33.382  30.601 0.0000000000
61869  -44.271  -33.241  28.823 0.0000000000
61861  -44.932  -32.744  30.170 0.0000000000
54083  -40.797  -39.149  41.580 0.0000000000
54129  -39.696  -38.838  39.878 0.0000000000
55345  -41.100  -37.916  39.940 0.0000000000
43052  -39.300  -48.541  36.046 0.0000000000
43040  -39.632  -48.367  37.172 0.0000000000
41764  -39.696  -49.556  35.689 0.0000000000
40416  -42.216  -50.452  35.631 0.0000000000
50608  -36.634  -42.361  31.382 0.0000000000
49326  -36.292  -43.644  30.458 0.0000000000
50620  -36.112  -42.345  30.588 0.0000000000
76688  -51.295  -20.823  29.497 0.0000000000
76732  -52.181  -21.724  28.374 0.0000000000
75498  -50.472  -22.792  26.940 0.0000000000
74137  -52.419  -23.390  27.967 0.0000000000
47875  -23.575  -44.859  41.747 0.0000000000
47874  -22.708  -44.517  41.635 0.0000000000
47888  -23.574  -44.656  40.822 0.0000000000
53075  -27.650  -40.711  30.570 0.0000000000
51863  -26.007  -41.822  30.532 0.0000000000
51886  -26.692  -41.580  28.524 0.0000000000
50652  -26.059  -42.728  27.500 0.0000000000
50654  -28.028  -42.709  27.377 0.0000000000
46676  -35.617  -46.591  35.705 0.0000000000
47985  -34.496  -45.155  34.177 0.0000000000
45489  -33.917  -46.889  36.464 0.0000000000
53059  -39.849  -40.442  32.834 0.0000000000
54298  -39.616  -39.458  32.365 0.0000000000
54300  -40.946  -38.907  32.929 0.0000000000
57819  -44.057  -37.190  34.371 0.0000000000
57837  -42.989  -37.078  33.562 0.0000000000
59157  -44.201  -35.992  33.736 0.0000000000
59175  -44.334  -35.088  32.985 0.0000000000
59158  -45.291  -35.116  33.764 0.0000000000
55368  -44.785  -38.024  38.634 0.0000000000
56553  -44.146  -38.005  37.454 0.0000000000
54183  -45.050  -39.226  36.962 0.0000000000
50530  -42.167  -42.629  35.428 0.0000000000
49248  -41.861  -43.234  35.971 0.0000000000
49247  -41.181  -43.583  35.508 0.0000000000
46692  -40.134  -44.951  35.633 0.0000000000
47990  -39.586  -44.358  34.564 0.0000000000
47989  -38.847  -45.060  34.217 0.0000000000
49262  -40.033  -43.495  34.489 0.0000000000
53043  -40.880  -40.447  33.540 0.0000000000
51846  -39.966  -41.987  33.323 0.0000000000
51828  -40.036  -41.086  33.209 0.0000000000
51844  -38.663  -41.475  32.459 0.0000000000
45427  -27.607  -46.323  41.496 0.0000000000
45441  -27.303  -45.772  40.415 0.0000000000
46615  -28.052  -45.305  40.654 0.0000000000
50453  -29.710  -42.021  39.280 0.0000000000
50452  -28.663  -42.656  38.860 0.0000000000
51759  -28.972  -41.195  37.227 0.0000000000
53020  -28.390  -40.597  34.803 0.0000000000
53021  -29.365  -40.059  35.176 0.0000000000
56635  -39.281  -37.343  31.301 0.0000000000
56633  -37.837  -37.590  30.553 0.0000000000
57874  -38.733  -36.489  30.140 0.0000000000
60562  -40.281  -34.352  29.192 0.0000000000
60561  -39.210  -34.764  29.203 0.0000000000
60580  -38.662  -33.926  27.675 0.0000000000
64536  -42.974  -31.427  28.311 0.0000000000
64546  -41.960  -31.502  27.238 0.0000000000
65719  -42.933  -30.659  27.846 0.0000000000
66900  -43.205  -29.975  27.166 0.0000000000
66891  -44.107  -30.132  27.332 0.0000000000
50400  -36.915  -42.121  43.010 0.0000000000
51685  -36.257  -41.613  41.750 0.0000000000
52853  -36.988  -40.776  42.295 0.0000000000
54180  -38.518  -38.869  37.388 0.0000000000
54179  -37.499  -39.026  37.287 0.0000000000
53001  -38.575  -40.788  34.597 0.0000000000
50526  -37.800  -42.746  34.924 0.0000000000
49224  -38.315  -43.480  35.758 0.0000000000
52955  -41.904  -41.062  36.932 0.0000000000
51766  -41.411  -41.227  36.611 0.0000000000
50460  -41.215  -43.158  38.457 0.0000000000
43023  -40.210  -48.249  39.448 0.0000000000
45472  -39.840  -46.183  39.456 0.0000000000
43015  -39.806  -48.634  40.138 0.0000000000
43032  -38.432  -48.448  38.574 0.0000000000
45538  -37.294  -46.772  33.035 0.0000000000
52827  -40.845  -40.232  44.458 0.0000000000
54059  -44.389  -38.887  42.509 0.0000000000
55405  -49.076  -38.367  36.428 0.0000000000
57825  -50.359  -35.810  34.969 0.0000000000
59161  -50.111  -35.143  33.948 0.0000000000
60514  -48.729  -34.065  34.039 0.0000000000
61806  -50.510  -33.495  33.692 0.0000000000
64496  -51.143  -31.713  32.105 0.0000000000
63137  -50.068  -31.989  31.826 0.0000000000
64494  -49.584  -31.527  31.303 0.0000000000
63153  -47.922  -31.617  30.430 0.0000000000
65674  -49.292  -30.829  30.686 0.0000000000
67969  -48.549  -28.070  31.995 0.0000000000
66831  -47.870  -29.333  31.562 0.0000000000
67967  -46.895  -28.487  31.305 0.0000000000
67981  -44.902  -28.095  30.277 0.0000000000
69190  -45.427  -27.432  30.386 0.0000000000
71603  -48.763  -23.560  32.651 0.0000000000
75469  -47.038  -22.394  29.123 0.0000000000
72791  -47.158  -23.884  30.349 0.0000000000
72828  -46.033  -24.046  28.878 0.0000000000
71665  -45.175  -25.099  28.988 0.0000000000
72847  -45.218  -24.107  27.598 0.0000000000
72899  -44.796  -24.647  26.167 0.0000000000
72871  -45.343  -24.216  26.537 0.0000000000
72902  -48.491  -24.581  25.755 0.0000000000
72927  -46.438  -24.914  24.851 0.0000000000
74225  -47.516  -23.699  24.045 0.0000000000
72879  -53.277  -24.876  26.794 0.0000000000
72878  -52.305  -25.127  26.737 0.0000000000
72907  -52.998  -24.457  25.796 0.0000000000
47885  -20.575  -43.701  40.226 0.0000000000
47884  -19.374  -43.372  40.730 0.0000000000
49150  -19.242  -42.558  39.327 0.0000000000
50467  -18.322  -42.483  37.530 0.0000000000
50469  -19.993  -42.516  36.770 0.0000000000
47954  -25.975  -44.527  36.808 0.0000000000
49222  -25.060  -44.096  37.416 0.0000000000
47964  -25.197  -44.068  35.431 0.0000000000
50563  -23.444  -42.152  33.675 0.0000000000
48056  -21.904  -44.569  29.742 0.0000000000
52930  -34.965  -40.691  38.100 0.0000000000
50458  -33.930  -41.281  39.004 0.0000000000
52971  -34.437  -40.560  36.484 0.0000000000
50586  -33.193  -42.337  32.367 0.0000000000
54297  -33.382  -40.019  32.376 0.0000000000
51838  -31.850  -41.503  32.310 0.0000000000
53052  -30.866  -40.443  31.584 0.0000000000
49312  -31.366  -43.090  31.888 0.0000000000
45613  -31.494  -46.171  28.963 0.0000000000
54284  -42.634  -39.477  33.964 0.0000000000
55442  -41.800  -38.982  33.348 0.0000000000
55430  -43.060  -38.816  34.268 0.0000000000
55432  -44.890  -38.592  34.764 0.0000000000
56603  -46.036  -37.239  35.054 0.0000000000
54186  -46.949  -40.124  37.642 0.0000000000
52977  -45.346  -40.696  36.679 0.0000000000
50476  -45.003  -42.888  37.114 0.0000000000
50532  -43.875  -41.946  35.790 0.0000000000
51798  -42.696  -41.974  35.118 0.0000000000
50553  -40.986  -42.520  34.413 0.0000000000
51817  -42.381  -41.456  34.523 0.0000000000
51831  -41.983  -40.764  34.093 0.0000000000
71754  -42.385  -25.236  23.535 0.0000000000
47832  -30.480  -44.951  43.374 0.0000000000
47892  -28.940  -44.475  41.418 0.0000000000
49122  -30.038  -43.838  41.875 0.0000000000
50426  -30.544  -42.630  40.900 0.0000000000
50454  -30.753  -41.520  39.494 0.0000000000
59194  -41.044  -35.775  30.547 0.0000000000
59193  -39.759  -35.901  30.450 0.0000000000
60554  -41.453  -34.661  30.230 0.0000000000
60563  -41.486  -33.815  29.343 0.0000000000
60573  -41.187  -33.347  28.575 0.0000000000
61865  -40.833  -32.864  28.054 0.0000000000
61867  -43.026  -32.848  28.499 0.0000000000
63184  -44.196  -32.947  27.776 0.0000000000
63171  -44.125  -31.965  28.189 0.0000000000
52855  -39.069  -40.387  42.903 0.0000000000
54080  -38.004  -39.609  41.488 0.0000000000
54106  -39.298  -39.511  40.654 0.0000000000
54155  -39.717  -39.004  38.801 0.0000000000
54204  -39.417  -38.732  36.316 0.0000000000
46666  -40.794  -45.328  37.798 0.0000000000
46651  -40.822  -45.472  38.925 0.0000000000
45483  -40.631  -46.307  38.086 0.0000000000
43033  -40.036  -48.231  38.342 0.0000000000
41751  -41.675  -49.998  37.622 0.0000000000
38994  -41.724  -50.968  37.468 0.0000000000
40395  -42.692  -50.898  36.057 0.0000000000
48016  -37.429  -44.579  32.107 0.0000000000
46757  -36.735  -45.618  30.656 0.0000000000
66820  -51.538  -29.682  32.645 0.0000000000
66834  -50.233  -29.998  31.729 0.0000000000
67958  -51.434  -28.584  32.902 0.0000000000
67957  -50.158  -28.445  32.262 0.0000000000
152044  -49.085  -27.071  32.281 0.0000000000
77985  -50.639  -20.637  32.004 0.0000000000
152083  -48.687  -22.254  31.244 0.0000000000
152099  -49.376  -21.405  30.644 0.0000000000
76729  -49.263  -21.333  28.836 0.0000000000
75496  -48.296  -22.022  27.550 0.0000000000
74177  -47.058  -24.080  26.808 0.0000000000
74156  -48.477  -23.294  26.934 0.0000000000
74180  -49.495  -24.147  26.558 0.0000000000
72903  -49.319  -24.638  25.882 0.0000000000
74234  -55.841  -23.496  24.723 0.0000000000
74255  -53.583  -23.387  23.983 0.0000000000
75576  -54.786  -22.938  23.157 0.0000000000
46570  -21.383  -45.071  43.995 0.0000000000
46568  -20.536  -44.489  43.312 0.0000000000
47849  -21.030  -44.556  42.199 0.0000000000
47886  -21.736  -44.025  40.447 0.0000000000
49166  -21.843  -43.775  38.239 0.0000000000
50583  -27.038  -43.196  33.053 0.0000000000
49269  -25.895  -43.597  33.598 0.0000000000
49310  -26.046  -43.061  31.707 0.0000000000
50616  -25.284  -42.414  30.768 0.0000000000
50624  -24.158  -42.144  29.543 0.0000000000
49349  -23.216  -43.771  28.616 0.0000000000
49351  -24.827  -43.444  28.201 0.0000000000
53023  -36.690  -40.226  33.517 0.0000000000
54255  -35.046  -39.564  34.406 0.0000000000
51843  -36.004  -42.110  32.523 0.0000000000
49296  -34.188  -43.383  32.655 0.0000000000
48000  -32.293  -44.586  33.704 0.0000000000
53069  -37.610  -40.517  31.374 0.0000000000
54309  -37.455  -39.553  31.083 0.0000000000
54310  -38.064  -39.618  31.547 0.0000000000
56624  -39.071  -37.967  31.510 0.0000000000
57854  -40.489  -36.966  31.676 0.0000000000
55459  -41.939  -38.059  33.113 0.0000000000
57846  -41.919  -36.927  32.518 0.0000000000
59183  -41.316  -36.214  31.384 0.0000000000
59184  -42.062  -35.798  31.705 0.0000000000
60534  -43.615  -34.585  32.305 0.0000000000
61824  -45.413  -33.644  32.589 0.0000000000
55319  -42.764  -37.962  40.720 0.0000000000
56523  -41.662  -37.778  38.664 0.0000000000
56525  -43.378  -37.568  38.339 0.0000000000
54207  -42.822  -39.663  36.259 0.0000000000
51740  -42.249  -41.506  37.071 0.0000000000
51768  -43.920  -41.511  36.496 0.0000000000
50500  -42.584  -42.224  36.826 0.0000000000
47944  -41.609  -44.242  37.845 0.0000000000
46679  -39.994  -45.749  36.999 0.0000000000
45512  -39.077  -46.924  35.771 0.0000000000
44316  -38.322  -47.574  34.397 0.0000000000
41806  -38.705  -49.246  33.582 0.0000000000
44335  -38.102  -47.088  33.890 0.0000000000
46716  -38.110  -45.638  33.656 0.0000000000
46729  -38.001  -44.918  32.907 0.0000000000
50570  -39.962  -42.656  33.643 0.0000000000
49299  -38.716  -43.555  32.943 0.0000000000
48017  -38.160  -44.154  32.778 0.0000000000
50590  -38.157  -42.594  32.266 0.0000000000
51859  -38.013  -41.435  31.826 0.0000000000
74139  -53.449  -24.291  28.961 0.0000000000
72811  -54.368  -24.190  29.862 0.0000000000
71669  -55.032  -24.985  28.815 0.0000000000
72851  -55.156  -24.848  27.665 0.0000000000
74183  -56.746  -23.986  26.367 0.0000000000
74235  -57.082  -24.063  24.674 0.0000000000
46603  -26.008  -44.970  41.354 0.0000000000
46611  -24.930  -44.955  40.363 0.0000000000
46630  -26.261  -45.409  39.945 0.0000000000
46661  -26.573  -45.872  37.914 0.0000000000
47956  -27.163  -44.597  36.776 0.0000000000
49153  -28.417  -43.866  40.108 0.0000000000
49194  -27.904  -43.688  37.567 0.0000000000
49243  -27.020  -43.490  35.881 0.0000000000
51811  -27.424  -41.829  34.032 0.0000000000
53050  -27.366  -40.826  32.577 0.0000000000
53076  -28.299  -40.059  31.035 0.0000000000
55499  -36.967  -38.914  30.150 0.0000000000
56641  -36.656  -37.711  30.024 0.0000000000
59203  -38.991  -35.896  29.822 0.0000000000
68034  -41.888  -28.719  26.438 0.0000000000
68023  -42.462  -28.603  27.137 0.0000000000
49095  -35.398  -43.758  43.237 0.0000000000
49126  -34.343  -43.007  41.750 0.0000000000
50414  -35.353  -42.129  41.778 0.0000000000
51696  -35.617  -41.236  40.433 0.0000000000
52931  -36.049  -40.009  38.334 0.0000000000
52893  -37.192  -39.831  40.114 0.0000000000
54178  -36.551  -39.447  37.221 0.0000000000
54201  -36.373  -39.135  36.281 0.0000000000
50552  -37.525  -42.443  33.893 0.0000000000
47987  -37.203  -44.254  34.748 0.0000000000
45480  -36.257  -47.095  36.645 0.0000000000
55382  -40.840  -38.093  37.520 0.0000000000
53004  -41.068  -40.384  35.668 0.0000000000
51795  -40.114  -41.843  35.987 0.0000000000
46650  -40.370  -45.364  39.144 0.0000000000
47942  -39.454  -44.315  38.019 0.0000000000
49196  -39.234  -43.926  37.197 0.0000000000
46663  -37.941  -45.775  37.349 0.0000000000
44287  -37.556  -47.727  37.569 0.0000000000
41831  -39.832  -49.883  32.390 0.0000000000
51773  -48.384  -41.446  36.885 0.0000000000
54212  -48.030  -40.302  36.389 0.0000000000
46551  -21.570  -44.705  44.388 0.0000000000
46572  -25.055  -45.663  42.972 0.0000000000
45417  -26.332  -46.127  43.511 0.0000000000
45408  -27.716  -46.498  43.802 0.0000000000
46554  -31.275  -45.712  44.413 0.0000000000
47811  -32.524  -45.184  44.216 0.0000000000
47813  -33.983  -44.858  44.521 0.0000000000
47814  -35.241  -44.974  44.612 0.0000000000
49072  -35.701  -44.131  44.644 0.0000000000
49074  -37.081  -43.172  44.545 0.0000000000
50383  -38.038  -42.161  44.353 0.0000000000
50339  -38.773  -41.873  45.608 0.0000000000
52804  -38.846  -40.857  44.272 0.0000000000
52826  -40.192  -40.332  44.024 0.0000000000
54030  -40.920  -39.645  43.633 0.0000000000
55272  -41.699  -38.773  43.293 0.0000000000
54085  -42.935  -38.710  42.083 0.0000000000
54086  -43.907  -38.782  41.956 0.0000000000
55321  -44.801  -38.232  40.513 0.0000000000
51726  -47.981  -41.341  37.922 0.0000000000
54237  -48.173  -39.460  36.319 0.0000000000
55403  -48.047  -38.121  36.386 0.0000000000
57796  -47.150  -36.713  35.573 0.0000000000
56589  -50.156  -36.722  35.570 0.0000000000
57798  -49.218  -36.228  35.151 0.0000000000
59112  -47.285  -35.830  35.350 0.0000000000
59160  -47.140  -34.860  33.801 0.0000000000
61803  -47.072  -33.737  33.169 0.0000000000
61826  -47.387  -33.064  32.563 0.0000000000
63099  -50.233  -32.707  33.160 0.0000000000
63117  -48.627  -32.254  32.105 0.0000000000
63134  -47.146  -32.456  31.078 0.0000000000
63152  -47.384  -32.221  30.274 0.0000000000
63162  -46.578  -31.999  29.578 0.0000000000
65708  -46.125  -30.840  29.297 0.0000000000
66846  -48.311  -30.101  30.986 0.0000000000
65671  -47.080  -30.421  30.232 0.0000000000
66878  -45.304  -30.042  28.655 0.0000000000
66862  -44.791  -29.493  29.153 0.0000000000
68010  -43.516  -28.584  28.336 0.0000000000
69222  -43.511  -27.438  28.462 0.0000000000
152062  -49.475  -25.823  32.661 0.0000000000
71621  -48.224  -25.662  31.776 0.0000000000
71635  -48.023  -23.806  31.397 0.0000000000
70375  -47.630  -25.245  30.662 0.0000000000
152057  -46.634  -25.937  30.554 0.0000000000
70393  -45.468  -26.480  29.848 0.0000000000
70410  -44.112  -25.860  28.943 0.0000000000
70446  -42.808  -26.357  26.942 0.0000000000
71704  -43.135  -25.651  26.720 0.0000000000
71743  -43.051  -24.854  24.888 0.0000000000
71756  -43.760  -25.061  24.380 0.0000000000
72900  -45.948  -24.715  25.746 0.0000000000
74246  -43.969  -24.091  23.259 0.0000000000
72848  -51.969  -25.052  28.142 0.0000000000
72876  -50.606  -24.593  26.393 0.0000000000
74228  -49.939  -23.684  25.206 0.0000000000
74254  -52.720  -23.355  24.053 0.0000000000
74252  -50.812  -23.319  24.071 0.0000000000
74251  -49.755  -23.210  23.923 0.0000000000
47847  -19.333  -43.764  42.549 0.0000000000
47916  -24.498  -44.460  38.977 0.0000000000
49191  -23.469  -43.601  37.779 0.0000000000
49219  -22.544  -43.335  36.668 0.0000000000
50564  -24.420  -42.554  34.052 0.0000000000
50521  -22.497  -42.579  35.266 0.0000000000
49217  -21.073  -42.938  35.930 0.0000000000
50544  -20.443  -42.215  34.290 0.0000000000
50429  -33.705  -42.330  40.483 0.0000000000
50456  -32.884  -41.383  39.202 0.0000000000
52948  -31.775  -40.598  37.601 0.0000000000
54225  -33.490  -39.677  35.124 0.0000000000
52995  -32.238  -40.049  35.861 0.0000000000
52994  -31.048  -39.884  35.936 0.0000000000
54274  -30.399  -39.534  33.306 0.0000000000
54307  -29.804  -39.986  31.387 0.0000000000
51876  -30.243  -41.331  29.655 0.0000000000
45509  -32.590  -46.333  34.314 0.0000000000
46727  -32.232  -45.552  32.866 0.0000000000
46755  -31.580  -44.968  31.187 0.0000000000
48042  -31.435  -44.124  30.529 0.0000000000
49355  -30.997  -43.639  29.074 0.0000000000
49377  -29.541  -43.000  27.728 0.0000000000
53006  -45.718  -40.817  35.390 0.0000000000
54234  -45.336  -39.932  35.340 0.0000000000
51802  -46.403  -41.805  35.825 0.0000000000
53005  -44.913  -40.885  35.267 0.0000000000
69252  -42.008  -27.706  26.598 0.0000000000
70444  -41.849  -26.575  26.020 0.0000000000
70445  -42.307  -26.451  26.469 0.0000000000
47835  -33.329  -44.355  43.550 0.0000000000
49108  -33.227  -43.549  42.746 0.0000000000
51867  -35.945  -41.328  30.422 0.0000000000
53079  -35.881  -40.661  30.159 0.0000000000
53080  -36.494  -40.636  30.488 0.0000000000
61838  -44.673  -33.325  31.649 0.0000000000
63131  -44.834  -32.870  31.092 0.0000000000
61850  -44.683  -33.007  30.617 0.0000000000
63149  -44.969  -32.688  30.808 0.0000000000
55317  -40.685  -38.468  40.755 0.0000000000
43070  -38.954  -48.638  34.875 0.0000000000
50629  -35.802  -42.744  29.664 0.0000000000
76689  -53.077  -21.317  30.376 0.0000000000
78019  -52.099  -20.978  29.359 0.0000000000
76733  -52.636  -22.139  28.535 0.0000000000
75474  -51.902  -22.698  28.003 0.0000000000
75475  -52.548  -22.928  28.544 0.0000000000
47852  -23.938  -44.792  42.584 0.0000000000
46601  -24.270  -45.026  40.980 0.0000000000
53089  -27.726  -40.888  29.809 0.0000000000
51873  -27.183  -41.103  29.225 0.0000000000
51887  -27.719  -41.603  28.539 0.0000000000
50637  -27.337  -42.099  27.871 0.0000000000
50638  -28.269  -42.133  27.970 0.0000000000
45490  -34.811  -47.140  36.267 0.0000000000
46687  -34.885  -46.430  35.507 0.0000000000
44294  -34.213  -47.588  36.782 0.0000000000
54299  -40.458  -39.441  32.833 0.0000000000
54282  -41.214  -39.424  33.377 0.0000000000
57820  -44.802  -36.939  34.526 0.0000000000
57839  -44.195  -36.611  34.239 0.0000000000
59131  -44.563  -36.376  34.262 0.0000000000
55369  -45.813  -38.625  38.466 0.0000000000
55386  -44.813  -38.556  37.483 0.0000000000
54184  -45.664  -39.108  37.036 0.0000000000
49264  -41.474  -43.259  35.216 0.0000000000
47972  -40.462  -44.223  35.547 0.0000000000
47991  -40.157  -43.780  34.872 0.0000000000
53042  -40.334  -40.763  33.266 0.0000000000
53060  -40.406  -40.183  33.205 0.0000000000
45420  -28.521  -46.292  42.347 0.0000000000
45428  -27.922  -45.893  41.195 0.0000000000
46605  -28.383  -45.542  41.520 0.0000000000
51718  -29.912  -41.098  38.891 0.0000000000
51717  -29.170  -41.752  38.588 0.0000000000
51760  -29.799  -41.027  37.329 0.0000000000
52966  -29.444  -40.753  36.768 0.0000000000
52993  -29.865  -40.207  36.093 0.0000000000
57853  -39.730  -36.880  31.482 0.0000000000
57864  -39.233  -36.614  30.623 0.0000000000
60571  -39.443  -33.836  28.408 0.0000000000
64537  -43.761  -31.402  28.335 0.0000000000
65720  -43.581  -30.501  28.020 0.0000000000
65734  -44.088  -30.406  27.074 0.0000000000
65721  -44.104  -30.245  27.847 0.0000000000
51670  -37.550  -41.526  42.889 0.0000000000
54203  -38.345  -38.938  36.291 0.0000000000
51794  -39.293  -41.985  34.963 0.0000000000
50528  -38.794  -42.807  35.398 0.0000000000
50474  -41.427  -42.663  37.908 0.0000000000
51739  -41.569  -41.696  37.286 0.0000000000
41731  -41.563  -49.592  38.952 0.0000000000
43016  -40.412  -48.729  40.151 0.0000000000
41722  -41.443  -49.721  39.427 0.0000000000
41713  -40.101  -49.629  40.367 0.0000000000
40364  -41.300  -50.468  39.203 0.0000000000
59162  -50.395  -34.920  34.039 0.0000000000
65652  -51.635  -30.600  32.560 0.0000000000
65653  -52.289  -30.931  32.893 0.0000000000
64495  -50.327  -31.427  31.614 0.0000000000
65675  -49.805  -30.988  31.090 0.0000000000
65663  -50.363  -30.738  31.596 0.0000000000
67968  -47.414  -28.516  31.527 0.0000000000
67982  -45.761  -28.354  30.523 0.0000000000
152064  -49.284  -23.142  32.578 0.0000000000
152074  -48.861  -22.812  32.038 0.0000000000
75494  -46.678  -22.726  28.424 0.0000000000
74136  -46.254  -23.287  28.802 0.0000000000
74135  -45.928  -23.947  28.592 0.0000000000
74153  -45.847  -23.753  28.051 0.0000000000
74176  -45.999  -23.752  26.902 0.0000000000
72929  -48.214  -24.472  24.936 0.0000000000
74226  -48.071  -23.785  24.238 0.0000000000
74249  -47.884  -23.199  23.601 0.0000000000
72908  -54.065  -24.300  26.199 0.0000000000
74206  -53.912  -23.860  25.356 0.0000000000
46524  -19.996  -45.125  45.290 0.0000000000
49151  -20.365  -43.224  39.139 0.0000000000
49164  -19.798  -42.703  38.076 0.0000000000
49188  -20.668  -42.970  36.975 0.0000000000
47965  -25.776  -44.330  35.545 0.0000000000
47953  -25.157  -44.044  36.314 0.0000000000
49320  -21.622  -43.762  30.234 0.0000000000
52952  -35.442  -40.481  37.042 0.0000000000
52929  -34.325  -40.762  38.162 0.0000000000
52972  -35.064  -40.260  36.265 0.0000000000
49294  -32.633  -43.181  32.708 0.0000000000
51839  -32.692  -41.495  32.209 0.0000000000
50585  -32.236  -42.357  32.525 0.0000000000
50584  -31.524  -42.379  32.220 0.0000000000
53046  -42.939  -40.011  34.261 0.0000000000
54260  -43.891  -39.563  34.404 0.0000000000
55414  -45.549  -39.000  35.264 0.0000000000
56602  -45.477  -37.782  35.052 0.0000000000
51742  -45.733  -41.905  36.959 0.0000000000
50478  -46.177  -42.592  37.093 0.0000000000
50533  -44.881  -42.182  35.768 0.0000000000
51799  -43.238  -41.712  35.135 0.0000000000
53026  -42.966  -40.636  34.357 0.0000000000
53045  -42.389  -40.287  34.094 0.0000000000
69278  -40.123  -27.414  24.588 0.0000000000
71723  -41.805  -25.707  25.027 0.0000000000
47833  -31.098  -44.583  43.478 0.0000000000
49105  -30.334  -44.298  42.713 0.0000000000
49106  -31.015  -43.822  42.858 0.0000000000
49141  -31.832  -43.030  41.331 0.0000000000
50411  -31.177  -42.823  41.334 0.0000000000
50427  -31.463  -42.250  40.971 0.0000000000
50441  -31.561  -41.648  40.217 0.0000000000
53093  -35.591  -40.434  29.452 0.0000000000
59195  -41.848  -35.040  30.820 0.0000000000
60556  -43.155  -33.615  30.178 0.0000000000
61857  -42.416  -33.163  29.088 0.0000000000
61866  -41.779  -32.821  28.548 0.0000000000
61881  -44.156  -33.147  28.114 0.0000000000
63172  -44.513  -32.434  28.540 0.0000000000
54054  -39.466  -39.957  42.379 0.0000000000
54081  -38.719  -39.709  41.734 0.0000000000
54156  -40.108  -38.836  39.300 0.0000000000
54181  -39.661  -38.656  37.600 0.0000000000
46665  -40.466  -46.013  37.613 0.0000000000
41749  -39.925  -49.280  36.697 0.0000000000
43041  -40.298  -49.160  37.751 0.0000000000
41740  -41.199  -49.744  38.146 0.0000000000
40394  -41.782  -50.543  36.962 0.0000000000
40393  -41.181  -50.326  36.647 0.0000000000
48030  -36.662  -44.670  31.295 0.0000000000
48029  -36.563  -45.306  31.000 0.0000000000
67959  -52.243  -29.155  32.914 0.0000000000
152051  -51.261  -26.834  33.398 0.0000000000
152047  -50.918  -27.581  33.056 0.0000000000
152045  -49.748  -27.400  32.612 0.0000000000
152048  -49.514  -26.645  32.615 0.0000000000
77987  -52.607  -19.896  31.729 0.0000000000
79319  -52.883  -19.565  31.944 0.0000000000
79318  -51.958  -19.624  31.746 0.0000000000
77986  -51.034  -20.409  31.807 0.0000000000
77993  -50.359  -20.575  31.197 0.0000000000
77994  -51.210  -20.109  30.927 0.0000000000
76708  -50.733  -21.382  28.889 0.0000000000
76707  -50.074  -21.394  29.301 0.0000000000
75471  -48.585  -21.462  28.453 0.0000000000
76756  -48.982  -21.192  27.968 0.0000000000
76757  -49.301  -21.663  27.443 0.0000000000
74158  -50.853  -23.581  26.793 0.0000000000
75523  -49.975  -23.650  26.837 0.0000000000
72874  -49.001  -24.472  26.182 0.0000000000
72875  -49.798  -24.589  26.314 0.0000000000
74257  -55.539  -23.390  23.862 0.0000000000
46585  -21.075  -44.487  42.987 0.0000000000
46586  -21.565  -44.531  43.287 0.0000000000
47887  -22.746  -44.272  40.648 0.0000000000
47873  -21.792  -44.360  41.455 0.0000000000
47899  -21.691  -44.044  39.228 0.0000000000
47914  -22.640  -44.229  38.841 0.0000000000
50565  -27.033  -42.719  32.965 0.0000000000
49291  -26.495  -43.326  32.688 0.0000000000
50603  -26.356  -42.755  31.949 0.0000000000
51872  -26.197  -41.473  29.453 0.0000000000
51862  -25.502  -42.103  30.334 0.0000000000
51871  -25.199  -41.997  29.746 0.0000000000
50625  -24.695  -42.188  30.151 0.0000000000
51884  -24.755  -41.789  29.128 0.0000000000
49334  -24.270  -42.959  28.845 0.0000000000
50635  -24.723  -42.308  28.623 0.0000000000
48099  -26.882  -44.489  27.645 0.0000000000
48082  -26.312  -44.477  27.864 0.0000000000
50569  -36.890  -42.494  33.444 0.0000000000
51826  -36.427  -41.625  32.879 0.0000000000
50568  -36.113  -42.647  32.921 0.0000000000
49275  -34.464  -43.855  33.191 0.0000000000
48002  -33.927  -44.544  33.723 0.0000000000
48001  -33.017  -44.380  33.968 0.0000000000
47983  -32.479  -44.966  34.389 0.0000000000
54311  -38.887  -39.520  31.845 0.0000000000
55456  -40.050  -38.617  32.366 0.0000000000
55470  -39.314  -38.651  31.891 0.0000000000
56618  -40.495  -38.165  32.163 0.0000000000
56625  -39.862  -37.721  31.942 0.0000000000
56626  -40.906  -37.802  31.928 0.0000000000
55443  -42.331  -38.648  33.589 0.0000000000
56609  -42.527  -37.742  33.915 0.0000000000
57848  -43.192  -36.593  33.247 0.0000000000
57847  -42.476  -36.901  32.964 0.0000000000
57855  -41.382  -36.844  32.032 0.0000000000
59174  -43.275  -35.896  32.639 0.0000000000
59176  -44.937  -34.730  33.029 0.0000000000
60535  -44.619  -34.139  32.520 0.0000000000
61801  -45.690  -33.978  33.216 0.0000000000
55320  -43.693  -37.928  40.404 0.0000000000
56494  -43.250  -37.628  39.476 0.0000000000
55401  -44.232  -39.015  36.771 0.0000000000
55400  -43.359  -38.830  36.463 0.0000000000
52974  -42.360  -40.648  36.436 0.0000000000
51769  -44.905  -41.625  36.768 0.0000000000
49249  -42.152  -42.813  36.635 0.0000000000
49227  -41.773  -43.423  37.195 0.0000000000
47943  -41.275  -44.497  37.612 0.0000000000
47959  -40.777  -44.315  36.887 0.0000000000
46691  -39.426  -45.420  35.619 0.0000000000
45503  -38.983  -46.269  35.696 0.0000000000
44317  -39.084  -47.638  35.331 0.0000000000
45511  -38.857  -46.656  34.987 0.0000000000
45526  -38.293  -46.545  34.207 0.0000000000
46715  -37.513  -46.181  33.305 0.0000000000
51815  -40.701  -42.098  34.182 0.0000000000
50571  -40.357  -42.598  34.026 0.0000000000
50593  -40.068  -42.255  33.566 0.0000000000
51845  -39.582  -41.563  32.991 0.0000000000
50592  -39.635  -42.490  33.297 0.0000000000
49298  -37.927  -43.322  32.352 0.0000000000
53058  -39.123  -40.811  32.578 0.0000000000
51858  -37.148  -41.488  31.491 0.0000000000
71650  -55.520  -24.959  29.555 0.0000000000
71670  -55.782  -25.077  29.191 0.0000000000
71686  -55.441  -24.900  28.439 0.0000000000
72852  -56.315  -24.657  28.155 0.0000000000
72882  -56.975  -24.464  26.910 0.0000000000
74184  -57.477  -24.258  26.176 0.0000000000
74209  -57.218  -24.000  25.667 0.0000000000
74210  -57.730  -24.560  25.670 0.0000000000
46604  -26.532  -45.768  41.342 0.0000000000
47890  -26.479  -45.126  40.764 0.0000000000
46613  -26.574  -45.553  40.500 0.0000000000
46631  -27.425  -45.571  39.329 0.0000000000
45468  -26.973  -46.245  38.524 0.0000000000
45478  -27.341  -46.331  38.031 0.0000000000
46662  -27.134  -45.668  37.576 0.0000000000
49139  -29.109  -44.024  40.944 0.0000000000
49138  -28.574  -44.378  40.523 0.0000000000
51730  -27.801  -42.363  37.204 0.0000000000
50471  -28.301  -42.996  37.733 0.0000000000
50470  -27.734  -43.130  37.235 0.0000000000
49223  -27.551  -43.782  36.906 0.0000000000
50524  -27.616  -42.526  35.770 0.0000000000
50549  -27.387  -42.531  34.876 0.0000000000
50550  -27.906  -42.076  35.357 0.0000000000
54248  -28.459  -40.085  34.191 0.0000000000
53036  -28.063  -40.411  33.926 0.0000000000
53051  -28.060  -40.273  33.068 0.0000000000
53064  -28.182  -40.169  32.093 0.0000000000
54306  -28.949  -39.608  31.676 0.0000000000
55468  -37.757  -39.060  31.313 0.0000000000
54318  -37.164  -39.495  30.329 0.0000000000
55482  -37.451  -38.581  30.805 0.0000000000
57862  -37.779  -36.905  30.204 0.0000000000
56642  -37.215  -37.240  30.154 0.0000000000
56653  -36.904  -37.185  29.519 0.0000000000
60569  -37.101  -34.857  28.639 0.0000000000
63169  -41.869  -32.502  28.062 0.0000000000
61892  -41.482  -32.447  27.277 0.0000000000
66898  -41.246  -29.790  26.767 0.0000000000
66889  -42.810  -29.500  27.300 0.0000000000
66899  -42.221  -29.635  26.827 0.0000000000
49096  -35.930  -43.367  43.116 0.0000000000
49111  -35.614  -43.011  42.636 0.0000000000
51697  -36.202  -41.251  40.875 0.0000000000
51684  -35.791  -41.682  41.267 0.0000000000
51711  -36.150  -41.026  39.975 0.0000000000
51725  -36.048  -40.945  39.164 0.0000000000
54105  -38.109  -39.321  40.705 0.0000000000
54202  -37.348  -38.872  36.325 0.0000000000
54152  -36.878  -39.415  37.944 0.0000000000
54229  -37.277  -39.212  35.424 0.0000000000
54257  -37.199  -39.722  34.616 0.0000000000
53025  -37.862  -40.366  34.415 0.0000000000
49245  -37.879  -43.652  35.363 0.0000000000
49244  -37.581  -43.270  34.960 0.0000000000
47988  -37.375  -44.527  35.069 0.0000000000
45502  -36.564  -46.493  35.750 0.0000000000
45492  -37.081  -46.592  36.261 0.0000000000
56550  -42.045  -37.545  38.024 0.0000000000
56549  -41.434  -37.669  37.944 0.0000000000
55398  -41.496  -38.569  36.852 0.0000000000
51765  -40.878  -41.817  36.890 0.0000000000
54233  -41.095  -39.666  36.074 0.0000000000
51796  -41.025  -41.306  35.862 0.0000000000
53003  -40.238  -40.574  35.371 0.0000000000
51764  -40.445  -42.300  36.819 0.0000000000
45473  -40.882  -47.046  39.533 0.0000000000
46634  -41.346  -45.999  39.811 0.0000000000
44272  -41.147  -46.480  39.996 0.0000000000
46649  -39.540  -45.357  38.527 0.0000000000
47941  -39.120  -44.558  37.282 0.0000000000
46678  -38.598  -45.192  36.965 0.0000000000
46664  -38.681  -45.424  37.587 0.0000000000
41719  -38.309  -49.583  39.333 0.0000000000
43031  -37.718  -48.642  38.172 0.0000000000
41739  -37.443  -49.202  38.344 0.0000000000
43030  -36.630  -48.413  37.521 0.0000000000
40373  -36.883  -49.905  38.450 0.0000000000
43090  -38.393  -48.725  33.429 0.0000000000
41829  -38.705  -49.296  33.100 0.0000000000
43111  -38.371  -48.729  32.671 0.0000000000
47777  -21.393  -45.035  45.314 0.0000000000
46573  -25.777  -45.657  43.655 0.0000000000
45411  -30.174  -45.896  43.988 0.0000000000
47815  -35.646  -44.198  44.144 0.0000000000
49050  -35.599  -44.398  45.093 0.0000000000
50358  -37.640  -42.658  44.607 0.0000000000
50338  -37.902  -42.598  45.341 0.0000000000
51608  -39.569  -41.344  45.521 0.0000000000
50340  -39.348  -41.785  45.264 0.0000000000
51626  -39.037  -41.444  44.619 0.0000000000
51627  -39.660  -41.579  45.015 0.0000000000
52825  -39.317  -40.470  43.794 0.0000000000
52805  -39.632  -40.980  44.489 0.0000000000
52807  -40.956  -40.165  45.160 0.0000000000
54056  -41.342  -39.139  42.714 0.0000000000
55249  -41.458  -38.879  43.856 0.0000000000
54057  -42.512  -38.972  42.922 0.0000000000
54058  -43.538  -39.052  42.630 0.0000000000
54087  -44.857  -38.790  41.847 0.0000000000
55296  -45.258  -38.598  41.254 0.0000000000
55322  -45.781  -38.732  40.709 0.0000000000
50506  -47.793  -41.911  36.965 0.0000000000
54213  -48.523  -39.939  36.584 0.0000000000
56572  -48.710  -37.792  36.376 0.0000000000
55404  -48.437  -38.328  36.390 0.0000000000
56586  -47.916  -37.504  36.141 0.0000000000
57823  -49.478  -35.702  34.702 0.0000000000
59113  -48.230  -35.743  35.118 0.0000000000
59134  -47.545  -35.262  34.388 0.0000000000
60513  -47.610  -34.301  33.935 0.0000000000
63100  -51.141  -32.764  33.291 0.0000000000
63136  -49.178  -31.940  31.600 0.0000000000
63118  -49.589  -32.438  32.417 0.0000000000
63116  -47.618  -32.132  32.116 0.0000000000
64521  -47.747  -31.302  30.077 0.0000000000
63163  -47.497  -31.776  29.952 0.0000000000
64520  -47.135  -31.409  29.720 0.0000000000
64529  -46.488  -31.389  29.365 0.0000000000
65689  -46.788  -30.871  29.677 0.0000000000
67971  -50.139  -29.235  31.655 0.0000000000
65661  -49.058  -30.322  31.130 0.0000000000
66832  -48.832  -29.464  31.518 0.0000000000
66844  -46.705  -29.660  30.524 0.0000000000
66845  -47.498  -29.890  30.790 0.0000000000
66864  -46.164  -30.296  29.909 0.0000000000
66863  -45.526  -29.770  29.469 0.0000000000
67999  -44.519  -28.572  29.569 0.0000000000
69223  -44.193  -28.019  28.898 0.0000000000
69206  -43.883  -27.029  29.325 0.0000000000
152072  -49.504  -24.615  32.445 0.0000000000
74086  -48.356  -22.850  31.017 0.0000000000
152093  -47.774  -22.833  30.664 0.0000000000
72810  -46.321  -24.227  29.534 0.0000000000
71633  -46.940  -24.810  30.335 0.0000000000
70394  -45.980  -25.790  29.811 0.0000000000
71664  -44.742  -25.351  28.784 0.0000000000
71663  -44.023  -25.652  28.459 0.0000000000
70409  -43.600  -26.337  28.837 0.0000000000
71680  -43.504  -25.612  27.814 0.0000000000
71705  -44.027  -25.059  26.912 0.0000000000
71726  -43.955  -24.804  25.933 0.0000000000
71744  -43.939  -24.895  24.961 0.0000000000
74202  -46.440  -24.248  26.211 0.0000000000
72901  -47.307  -24.580  25.706 0.0000000000
72953  -46.599  -24.252  24.364 0.0000000000
72952  -45.882  -24.402  24.060 0.0000000000
72951  -44.464  -24.611  23.819 0.0000000000
72830  -52.734  -24.828  28.498 0.0000000000
72849  -52.465  -24.705  28.343 0.0000000000
71666  -52.398  -25.228  28.270 0.0000000000
72906  -52.052  -24.510  26.143 0.0000000000
72877  -51.303  -25.335  27.007 0.0000000000
72905  -51.150  -24.470  25.879 0.0000000000
74204  -50.674  -24.313  25.552 0.0000000000
74229  -51.044  -23.898  25.035 0.0000000000
74276  -53.482  -23.125  23.258 0.0000000000
74275  -52.614  -23.139  23.199 0.0000000000
74274  -51.681  -23.253  23.080 0.0000000000
47848  -20.270  -44.345  42.407 0.0000000000
47828  -19.892  -44.088  43.480 0.0000000000
49136  -18.820  -43.184  40.074 0.0000000000
47883  -18.350  -43.362  40.801 0.0000000000
49162  -17.627  -43.266  38.735 0.0000000000
50491  -18.559  -42.419  36.620 0.0000000000
49216  -17.781  -42.733  37.064 0.0000000000
49236  -17.904  -42.745  36.258 0.0000000000
50542  -18.134  -42.572  34.237 0.0000000000
46645  -25.543  -44.781  39.287 0.0000000000
46628  -24.779  -44.721  39.660 0.0000000000
46644  -24.997  -44.607  39.255 0.0000000000
49221  -24.375  -43.643  37.080 0.0000000000
49220  -23.445  -43.501  36.805 0.0000000000
49190  -22.587  -43.611  37.486 0.0000000000
49289  -25.200  -42.961  32.718 0.0000000000
49268  -25.193  -43.041  33.345 0.0000000000
50562  -22.341  -41.759  33.471 0.0000000000
50546  -22.473  -42.117  34.498 0.0000000000
49238  -21.744  -43.023  35.611 0.0000000000
50520  -21.662  -42.702  35.015 0.0000000000
50519  -20.721  -42.549  35.256 0.0000000000
48079  -23.548  -44.549  28.460 0.0000000000
46800  -23.021  -45.184  28.747 0.0000000000
50413  -34.438  -42.082  41.173 0.0000000000
50412  -33.763  -42.611  41.196 0.0000000000
51736  -33.529  -41.091  37.907 0.0000000000
50457  -33.603  -41.389  39.099 0.0000000000
51735  -32.838  -41.159  37.715 0.0000000000
51720  -32.198  -41.074  38.346 0.0000000000
52949  -32.545  -40.583  37.309 0.0000000000
54278  -34.718  -39.741  33.439 0.0000000000
54226  -34.359  -39.653  35.196 0.0000000000
54254  -34.023  -39.567  34.300 0.0000000000
54276  -32.504  -39.716  33.245 0.0000000000
54253  -33.051  -39.866  34.174 0.0000000000
54252  -32.071  -39.618  34.162 0.0000000000
54223  -31.634  -39.808  35.035 0.0000000000
54222  -30.795  -39.594  35.014 0.0000000000
54251  -31.068  -39.528  34.196 0.0000000000
51853  -30.814  -41.638  31.301 0.0000000000
54308  -30.429  -40.251  31.571 0.0000000000
53066  -30.432  -40.788  31.130 0.0000000000
53077  -29.780  -40.471  30.322 0.0000000000
44347  -33.814  -47.256  33.161 0.0000000000
45523  -32.527  -46.294  33.328 0.0000000000
45537  -33.145  -46.799  32.709 0.0000000000
45567  -33.126  -46.598  30.879 0.0000000000
46742  -32.182  -45.485  31.825 0.0000000000
46756  -32.210  -45.590  30.792 0.0000000000
46807  -30.731  -45.141  28.607 0.0000000000
46774  -31.074  -44.850  29.135 0.0000000000
48083  -30.364  -44.298  28.393 0.0000000000
49354  -30.221  -43.293  28.629 0.0000000000
48102  -29.527  -44.055  28.042 0.0000000000
53028  -44.396  -40.422  34.715 0.0000000000
50504  -46.423  -42.593  36.746 0.0000000000
49251  -46.149  -43.039  36.484 0.0000000000
50535  -46.290  -42.662  36.151 0.0000000000
51818  -43.463  -41.119  34.553 0.0000000000
69268  -40.584  -27.533  25.740 0.0000000000
69279  -40.395  -27.475  25.081 0.0000000000
70477  -40.869  -27.055  24.757 0.0000000000
70460  -41.556  -26.479  25.435 0.0000000000
71724  -42.358  -25.687  25.538 0.0000000000
47858  -32.220  -44.142  43.339 0.0000000000
49107  -32.205  -43.838  42.760 0.0000000000
49142  -32.481  -42.723  41.079 0.0000000000
60546  -43.226  -34.073  31.263 0.0000000000
60565  -43.228  -33.458  29.583 0.0000000000
61858  -43.196  -33.325  29.103 0.0000000000
61859  -43.801  -33.536  29.425 0.0000000000
61860  -44.506  -33.109  29.721 0.0000000000
63161  -45.288  -32.410  29.581 0.0000000000
54055  -40.353  -39.647  42.628 0.0000000000
54107  -40.121  -39.136  40.807 0.0000000000
55316  -40.084  -38.588  40.248 0.0000000000
55366  -40.342  -38.394  38.589 0.0000000000
44303  -39.207  -47.556  36.429 0.0000000000
44296  -39.650  -47.359  37.533 0.0000000000
41765  -40.283  -49.829  36.335 0.0000000000
40415  -40.765  -50.341  35.880 0.0000000000
40444  -41.460  -50.239  34.679 0.0000000000
49327  -36.584  -43.758  30.932 0.0000000000
49313  -36.526  -42.961  30.941 0.0000000000
77995  -52.433  -20.311  31.085 0.0000000000
76670  -51.049  -20.515  30.021 0.0000000000
78003  -51.721  -20.189  30.020 0.0000000000
76709  -51.656  -21.273  28.899 0.0000000000
75448  -51.068  -21.633  28.347 0.0000000000
75472  -50.117  -21.971  27.430 0.0000000000
75473  -50.936  -22.295  27.830 0.0000000000
75499  -51.292  -23.015  27.190 0.0000000000
74159  -51.818  -24.103  27.317 0.0000000000
47851  -22.718  -44.480  42.784 0.0000000000
47850  -21.798  -44.545  42.383 0.0000000000
47901  -23.746  -44.536  39.805 0.0000000000
51852  -26.897  -41.321  31.058 0.0000000000
51851  -26.388  -42.028  31.501 0.0000000000
51864  -26.910  -41.160  30.127 0.0000000000
51901  -25.769  -42.232  27.841 0.0000000000
51902  -26.363  -42.122  27.836 0.0000000000
50653  -27.003  -42.892  27.487 0.0000000000
48100  -27.629  -44.534  27.523 0.0000000000
46713  -36.142  -45.290  33.954 0.0000000000
48004  -36.086  -44.495  33.503 0.0000000000
46701  -35.378  -45.638  34.642 0.0000000000
46700  -34.171  -45.710  34.968 0.0000000000
46685  -33.320  -46.197  35.337 0.0000000000
53071  -39.203  -40.150  32.307 0.0000000000
55457  -40.766  -38.539  32.488 0.0000000000
56600  -43.345  -37.834  34.384 0.0000000000
56610  -43.079  -37.341  33.962 0.0000000000
57838  -43.555  -36.834  33.879 0.0000000000
59156  -43.560  -36.314  33.350 0.0000000000
56495  -44.005  -37.631  38.802 0.0000000000
54208  -43.801  -39.755  36.380 0.0000000000
50531  -42.641  -42.255  35.813 0.0000000000
47973  -41.163  -43.825  36.206 0.0000000000
47971  -39.972  -44.803  35.277 0.0000000000
46705  -39.074  -45.117  34.789 0.0000000000
46704  -38.686  -45.737  34.712 0.0000000000
48007  -39.348  -43.949  33.774 0.0000000000
51829  -40.473  -41.580  33.614 0.0000000000
45440  -27.016  -46.019  40.898 0.0000000000
45442  -27.697  -45.570  40.694 0.0000000000
46632  -27.913  -45.133  39.751 0.0000000000
50439  -29.378  -42.628  39.834 0.0000000000
50438  -28.705  -43.148  39.719 0.0000000000
51731  -28.510  -41.904  37.805 0.0000000000
51758  -28.178  -41.577  36.634 0.0000000000
51788  -28.070  -41.324  35.631 0.0000000000
52965  -28.783  -40.987  36.701 0.0000000000
52992  -28.656  -40.503  36.101 0.0000000000
54249  -28.962  -39.773  34.333 0.0000000000
56634  -38.622  -37.594  30.923 0.0000000000
57863  -38.420  -36.939  30.373 0.0000000000
57873  -38.201  -36.436  29.954 0.0000000000
60570  -38.361  -34.443  28.414 0.0000000000
63182  -42.810  -32.263  28.248 0.0000000000
64535  -42.418  -31.787  27.814 0.0000000000
64547  -42.392  -31.135  27.869 0.0000000000
65732  -42.523  -30.482  27.318 0.0000000000
66890  -43.507  -29.784  27.241 0.0000000000
50399  -36.100  -42.414  42.469 0.0000000000
51669  -36.665  -41.579  42.472 0.0000000000
52852  -36.522  -41.147  42.064 0.0000000000
52892  -36.668  -40.627  40.543 0.0000000000
54153  -37.637  -39.332  38.289 0.0000000000
54230  -38.353  -39.538  35.382 0.0000000000
53000  -37.979  -41.172  34.353 0.0000000000
51793  -38.223  -42.124  34.720 0.0000000000
50527  -37.966  -42.909  35.358 0.0000000000
49246  -38.279  -44.178  35.789 0.0000000000
54206  -41.759  -39.490  36.382 0.0000000000
52954  -41.648  -41.122  36.846 0.0000000000
51738  -40.978  -42.257  37.605 0.0000000000
50473  -40.669  -42.954  38.133 0.0000000000
44279  -40.120  -47.139  39.478 0.0000000000
44278  -39.191  -47.160  38.846 0.0000000000
43022  -39.098  -48.406  39.252 0.0000000000
41720  -39.039  -49.263  39.982 0.0000000000
44350  -37.446  -47.639  32.609 0.0000000000
47768  -35.900  -44.115  45.981 0.0000000000
47747  -36.170  -44.076  46.739 0.0000000000
51609  -40.096  -41.117  45.286 0.0000000000
52806  -40.346  -40.916  44.894 0.0000000000
52792  -40.521  -40.512  45.622 0.0000000000
54033  -43.964  -39.015  43.006 0.0000000000
54215  -49.656  -39.154  37.147 0.0000000000
55418  -49.230  -38.829  36.445 0.0000000000
55406  -49.624  -38.477  36.514 0.0000000000
56573  -49.425  -37.645  36.246 0.0000000000
59137  -50.616  -35.335  34.406 0.0000000000
59136  -49.747  -35.391  34.273 0.0000000000
60487  -48.386  -34.743  34.354 0.0000000000
60489  -49.758  -35.044  33.980 0.0000000000
60515  -49.870  -34.418  33.980 0.0000000000
61805  -49.288  -33.269  33.234 0.0000000000
64468  -52.541  -31.284  33.344 0.0000000000
64483  -52.325  -31.718  32.905 0.0000000000
63120  -51.613  -32.170  32.648 0.0000000000
63119  -50.645  -32.353  32.483 0.0000000000
63138  -50.852  -32.040  31.970 0.0000000000
64493  -48.963  -31.548  31.033 0.0000000000
64507  -48.585  -31.417  30.609 0.0000000000
64508  -49.244  -31.186  30.707 0.0000000000
64523  -48.777  -31.174  30.432 0.0000000000
65691  -48.228  -30.959  30.169 0.0000000000
66830  -47.091  -29.165  31.188 0.0000000000
67983  -46.493  -28.763  30.880 0.0000000000
68000  -45.172  -28.982  29.938 0.0000000000
69208  -45.215  -27.100  29.969 0.0000000000
152063  -50.004  -23.705  32.695 0.0000000000
152055  -49.060  -23.821  32.658 0.0000000000
71622  -48.344  -23.868  32.282 0.0000000000
75446  -47.328  -22.526  29.775 0.0000000000
74114  -47.463  -22.619  30.107 0.0000000000
74113  -47.016  -23.086  29.872 0.0000000000
72809  -45.813  -25.157  29.400 0.0000000000
72827  -45.370  -24.509  28.805 0.0000000000
72826  -44.959  -24.859  28.558 0.0000000000
72846  -44.747  -24.657  28.162 0.0000000000
72870  -44.589  -24.492  27.177 0.0000000000
72873  -48.157  -24.458  26.233 0.0000000000
72928  -47.294  -24.263  24.555 0.0000000000
71708  -53.473  -25.346  27.387 0.0000000000
71707  -52.636  -25.311  27.285 0.0000000000
72934  -52.454  -24.373  25.485 0.0000000000
75587  -52.536  -22.810  22.404 0.0000000000
47827  -18.741  -43.932  43.563 0.0000000000
49137  -19.699  -43.165  39.942 0.0000000000
50436  -18.578  -42.607  38.951 0.0000000000
50450  -18.281  -42.697  38.344 0.0000000000
50451  -18.916  -42.381  37.967 0.0000000000
50468  -19.297  -42.373  37.211 0.0000000000
50492  -19.549  -42.265  36.180 0.0000000000
46672  -26.257  -44.981  37.719 0.0000000000
47938  -25.395  -44.483  38.098 0.0000000000
49241  -24.456  -43.442  35.801 0.0000000000
50601  -24.273  -42.203  31.646 0.0000000000
50579  -23.356  -41.796  32.548 0.0000000000
50561  -21.219  -41.788  33.354 0.0000000000
50598  -21.033  -42.638  31.436 0.0000000000
49308  -20.983  -43.478  30.781 0.0000000000
48040  -21.318  -44.798  30.210 0.0000000000
46770  -21.724  -45.311  29.914 0.0000000000
51709  -34.735  -40.991  39.650 0.0000000000
50444  -34.128  -41.641  39.267 0.0000000000
51723  -34.300  -40.894  38.809 0.0000000000
51737  -33.958  -40.853  38.230 0.0000000000
52970  -33.663  -40.525  36.726 0.0000000000
51855  -33.810  -42.034  31.854 0.0000000000
53037  -33.820  -40.164  32.285 0.0000000000
53055  -33.225  -40.581  31.988 0.0000000000
54296  -32.822  -39.971  32.467 0.0000000000
54295  -31.906  -40.012  32.538 0.0000000000
53053  -31.511  -40.630  31.923 0.0000000000
51854  -31.305  -41.596  31.825 0.0000000000
50604  -30.800  -42.359  30.956 0.0000000000
45589  -32.128  -46.552  29.614 0.0000000000
46775  -31.506  -45.259  29.692 0.0000000000
54283  -42.057  -39.516  33.639 0.0000000000
55444  -42.803  -39.098  33.987 0.0000000000
55431  -44.142  -38.722  34.391 0.0000000000
56601  -44.492  -37.854  34.513 0.0000000000
57821  -45.763  -36.824  34.606 0.0000000000
54185  -46.400  -39.624  37.020 0.0000000000
54211  -45.943  -39.550  36.624 0.0000000000
52956  -45.709  -41.271  36.815 0.0000000000
51770  -45.406  -41.428  36.821 0.0000000000
50502  -44.755  -42.304  36.475 0.0000000000
49230  -45.604  -43.076  36.475 0.0000000000
49229  -45.147  -42.848  36.529 0.0000000000
50555  -42.387  -42.276  35.096 0.0000000000
50554  -41.740  -42.643  34.901 0.0000000000
51816  -41.247  -41.858  34.333 0.0000000000
53044  -41.677  -40.250  33.794 0.0000000000
71740  -40.602  -25.824  23.462 0.0000000000
46593  -29.666  -45.671  42.942 0.0000000000
47854  -28.830  -44.872  42.309 0.0000000000
47880  -29.781  -44.479  42.421 0.0000000000
49140  -29.873  -43.246  40.978 0.0000000000
49123  -31.363  -43.445  41.859 0.0000000000
50410  -30.592  -43.130  41.422 0.0000000000
49155  -29.971  -42.945  40.306 0.0000000000
50440  -30.523  -42.347  40.036 0.0000000000
51719  -31.064  -40.724  38.855 0.0000000000
59205  -40.899  -34.852  29.737 0.0000000000
60572  -40.543  -33.560  28.631 0.0000000000
63170  -42.273  -32.477  28.259 0.0000000000
61868  -43.792  -33.355  28.500 0.0000000000
61879  -43.431  -32.735  28.085 0.0000000000
63183  -43.765  -32.437  28.007 0.0000000000
64526  -44.374  -31.432  28.440 0.0000000000
52824  -38.562  -40.746  43.506 0.0000000000
52854  -38.170  -40.526  42.448 0.0000000000
54128  -38.934  -39.264  39.637 0.0000000000
54154  -38.708  -38.993  38.537 0.0000000000
54231  -39.305  -39.521  35.422 0.0000000000
46652  -41.216  -44.813  38.180 0.0000000000
47923  -41.247  -44.348  38.478 0.0000000000
45484  -40.731  -46.356  38.902 0.0000000000
44289  -40.475  -47.155  38.569 0.0000000000
43034  -40.568  -49.104  38.837 0.0000000000
41742  -42.879  -49.778  38.780 0.0000000000
40376  -42.247  -50.278  38.269 0.0000000000
41741  -42.302  -49.859  38.303 0.0000000000
39017  -43.249  -51.087  35.983 0.0000000000
46744  -36.859  -45.740  31.416 0.0000000000
46758  -37.056  -46.098  30.750 0.0000000000
45568  -37.042  -46.153  30.209 0.0000000000
48043  -36.507  -44.780  30.536 0.0000000000
45592  -37.079  -46.061  29.730 0.0000000000
66821  -52.282  -30.001  32.915 0.0000000000
65651  -50.775  -30.320  32.345 0.0000000000
66819  -50.641  -29.416  32.352 0.0000000000
69164  -51.424  -27.967  33.420 0.0000000000
152049  -47.845  -27.014  32.197 0.0000000000
79310  -50.078  -21.124  31.714 0.0000000000
152103  -49.431  -21.498  31.530 0.0000000000
152104  -50.369  -20.992  30.231 0.0000000000
152102  -49.535  -21.295  29.687 0.0000000000
75447  -48.769  -21.570  29.385 0.0000000000
75470  -48.014  -22.054  28.749 0.0000000000
75495  -47.246  -22.437  28.102 0.0000000000
74155  -47.583  -23.192  27.337 0.0000000000
74178  -47.909  -23.928  26.670 0.0000000000
75497  -49.380  -22.761  26.863 0.0000000000
74157  -49.101  -23.595  26.601 0.0000000000
72930  -49.044  -24.283  25.388 0.0000000000
74233  -54.733  -23.644  24.602 0.0000000000
74277  -54.152  -23.172  23.323 0.0000000000
46548  -20.038  -45.210  43.970 0.0000000000
46569  -20.862  -45.053  43.693 0.0000000000
46584  -20.706  -44.414  42.733 0.0000000000
47872  -20.838  -44.232  41.363 0.0000000000
47898  -20.956  -43.697  39.357 0.0000000000
49152  -21.175  -43.624  38.810 0.0000000000
47981  -26.534  -43.585  34.172 0.0000000000
47997  -25.998  -43.897  34.257 0.0000000000
49270  -26.529  -43.506  33.483 0.0000000000
49290  -25.688  -43.245  32.555 0.0000000000
49309  -25.666  -42.899  31.922 0.0000000000
50617  -26.182  -42.809  31.011 0.0000000000
49323  -25.913  -43.037  31.038 0.0000000000
50602  -25.150  -42.674  31.767 0.0000000000
50615  -24.146  -41.830  30.658 0.0000000000
49333  -23.541  -43.105  29.066 0.0000000000
49350  -23.945  -43.692  28.449 0.0000000000
49352  -25.795  -43.562  27.650 0.0000000000
48081  -25.536  -44.520  28.078 0.0000000000
54256  -36.240  -39.733  34.287 0.0000000000
54227  -35.273  -39.647  35.375 0.0000000000
54280  -36.242  -39.979  33.556 0.0000000000
51825  -35.829  -41.115  32.883 0.0000000000
51842  -35.419  -41.691  32.553 0.0000000000
49276  -35.459  -43.516  33.012 0.0000000000
50588  -34.984  -42.818  32.348 0.0000000000
51841  -34.378  -41.882  31.996 0.0000000000
50587  -33.967  -42.652  32.205 0.0000000000
49273  -32.829  -43.789  33.334 0.0000000000
49272  -32.353  -43.911  32.968 0.0000000000
53068  -36.921  -40.819  31.064 0.0000000000
53081  -37.106  -40.171  30.685 0.0000000000
55469  -38.357  -38.599  31.428 0.0000000000
55458  -41.444  -38.375  32.832 0.0000000000
55472  -41.230  -38.026  32.229 0.0000000000
56621  -42.183  -37.768  33.251 0.0000000000
56620  -41.820  -37.513  32.696 0.0000000000
56627  -41.342  -37.740  32.282 0.0000000000
57866  -40.931  -36.469  31.284 0.0000000000
59185  -42.985  -35.084  31.758 0.0000000000
60547  -44.000  -33.937  31.828 0.0000000000
61823  -44.866  -33.660  32.302 0.0000000000
55293  -42.375  -38.503  41.352 0.0000000000
56466  -41.789  -37.792  39.863 0.0000000000
56467  -42.452  -37.738  40.047 0.0000000000
56524  -42.537  -37.620  38.603 0.0000000000
56551  -42.737  -37.704  37.773 0.0000000000
56552  -43.566  -37.774  37.508 0.0000000000
55384  -42.967  -38.058  36.943 0.0000000000
55399  -42.371  -38.748  36.629 0.0000000000
49200  -41.738  -42.803  37.775 0.0000000000
54210  -45.459  -39.709  36.644 0.0000000000
52976  -44.302  -40.689  36.610 0.0000000000
51767  -42.924  -41.447  36.443 0.0000000000
49228  -41.968  -42.877  37.299 0.0000000000
46667  -41.364  -44.760  37.893 0.0000000000
46680  -40.341  -45.051  36.381 0.0000000000
45504  -39.387  -46.511  36.561 0.0000000000
41781  -38.698  -49.119  34.083 0.0000000000
43069  -38.178  -48.388  34.059 0.0000000000
44315  -37.920  -47.934  33.998 0.0000000000
44334  -37.757  -47.581  33.574 0.0000000000
45525  -37.766  -46.631  33.653 0.0000000000
46728  -37.379  -45.766  32.675 0.0000000000
49281  -40.233  -43.154  34.244 0.0000000000
49280  -39.761  -43.291  33.795 0.0000000000
49279  -39.188  -43.676  33.405 0.0000000000
49300  -39.261  -43.129  33.172 0.0000000000
50609  -37.542  -42.399  31.907 0.0000000000
50610  -38.251  -42.095  32.213 0.0000000000
74115  -53.373  -23.230  29.420 0.0000000000
74116  -53.973  -23.609  29.814 0.0000000000
72831  -53.877  -24.671  29.296 0.0000000000
72832  -54.725  -24.865  29.274 0.0000000000
71668  -54.130  -25.177  28.672 0.0000000000
71685  -54.579  -25.237  27.922 0.0000000000
72880  -54.493  -25.106  27.021 0.0000000000
72909  -55.125  -24.191  26.362 0.0000000000
72833  -56.743  -24.797  29.216 0.0000000000
72881  -55.800  -24.465  26.824 0.0000000000
72910  -55.645  -24.192  26.346 0.0000000000
74208  -56.055  -23.769  25.886 0.0000000000
74258  -56.680  -23.453  23.604 0.0000000000
74259  -57.845  -24.150  23.747 0.0000000000
74278  -56.896  -23.410  22.864 0.0000000000
46589  -25.166  -45.324  42.028 0.0000000000
46602  -25.040  -45.202  41.125 0.0000000000
46629  -25.617  -44.965  39.823 0.0000000000
46646  -26.382  -45.376  39.139 0.0000000000
45459  -26.824  -45.876  39.796 0.0000000000
46660  -26.055  -44.889  38.557 0.0000000000
47955  -26.708  -44.637  36.655 0.0000000000
47966  -26.466  -44.168  35.731 0.0000000000
47891  -28.501  -44.763  40.986 0.0000000000
47903  -28.327  -44.720  40.151 0.0000000000
47919  -27.929  -44.411  39.231 0.0000000000
49170  -28.329  -43.559  39.257 0.0000000000
49195  -28.113  -43.772  38.358 0.0000000000
47939  -27.514  -44.570  37.814 0.0000000000
49242  -26.675  -43.735  35.305 0.0000000000
49259  -26.720  -43.373  34.669 0.0000000000
50566  -27.162  -42.772  33.717 0.0000000000
51824  -26.809  -41.856  33.070 0.0000000000
51812  -27.824  -41.597  34.824 0.0000000000
53035  -27.532  -41.018  33.502 0.0000000000
53063  -27.454  -40.657  31.556 0.0000000000
53090  -28.600  -40.207  29.839 0.0000000000
41746  -34.665  -49.041  36.564 0.0000000000
53095  -36.920  -40.061  30.049 0.0000000000
54330  -36.657  -39.455  29.929 0.0000000000
56632  -37.060  -37.793  30.587 0.0000000000
55481  -36.789  -38.276  30.385 0.0000000000
55498  -36.334  -38.546  29.759 0.0000000000
55518  -35.909  -38.266  29.234 0.0000000000
59192  -39.333  -36.136  30.275 0.0000000000
59202  -37.814  -35.780  29.652 0.0000000000
60560  -38.096  -34.972  29.389 0.0000000000
59201  -36.968  -35.754  29.401 0.0000000000
63194  -41.529  -32.235  26.947 0.0000000000
66914  -41.639  -29.231  26.376 0.0000000000
68048  -41.409  -28.810  26.141 0.0000000000
47860  -34.690  -43.978  43.061 0.0000000000
49109  -34.163  -43.539  42.454 0.0000000000
49110  -35.120  -43.455  42.521 0.0000000000
49127  -34.981  -42.810  41.804 0.0000000000
51683  -35.178  -41.607  41.077 0.0000000000
50415  -35.924  -42.021  41.776 0.0000000000
51695  -34.845  -41.262  40.430 0.0000000000
51724  -35.319  -40.857  38.903 0.0000000000
52876  -37.494  -40.230  41.343 0.0000000000
52932  -36.885  -39.627  38.430 0.0000000000
54177  -35.926  -39.686  36.843 0.0000000000
54228  -36.274  -39.390  35.377 0.0000000000
51827  -37.268  -41.652  33.524 0.0000000000
49261  -37.271  -42.798  33.738 0.0000000000
51814  -37.732  -41.855  34.258 0.0000000000
49260  -37.433  -43.279  34.032 0.0000000000
48005  -36.853  -44.060  33.923 0.0000000000
46702  -36.687  -45.398  34.668 0.0000000000
45501  -36.018  -46.502  35.765 0.0000000000
44285  -35.260  -47.613  36.794 0.0000000000
56492  -41.540  -37.882  39.354 0.0000000000
56522  -40.952  -37.801  38.343 0.0000000000
54182  -40.317  -38.489  37.340 0.0000000000
54205  -40.599  -38.707  36.562 0.0000000000
54232  -40.324  -39.454  35.697 0.0000000000
50529  -39.422  -42.515  35.993 0.0000000000
49173  -41.094  -43.692  38.640 0.0000000000
50459  -40.906  -43.347  38.566 0.0000000000
49172  -40.500  -43.721  38.575 0.0000000000
47921  -39.850  -44.346  38.645 0.0000000000
50472  -40.165  -43.348  37.827 0.0000000000
50498  -39.868  -42.791  37.147 0.0000000000
49226  -39.381  -43.536  36.991 0.0000000000
50497  -39.131  -43.150  36.303 0.0000000000
49225  -38.745  -43.819  36.513 0.0000000000
47958  -38.459  -44.807  36.386 0.0000000000
46677  -37.789  -45.547  36.809 0.0000000000
44277  -38.538  -47.062  37.650 0.0000000000
45481  -37.519  -46.583  37.185 0.0000000000
44286  -36.424  -47.603  37.130 0.0000000000
41737  -35.897  -48.918  37.412 0.0000000000
44389  -38.187  -47.632  30.823 0.0000000000
51803  -46.840  -41.251  36.251 0.0000000000
53008  -47.305  -40.775  36.376 0.0000000000
52979  -48.004  -41.001  36.559 0.0000000000
52980  -48.703  -40.743  36.685 0.0000000000
54214  -48.963  -39.908  37.083 0.0000000000
46550  -21.322  -45.261  44.825 0.0000000000
46571  -21.592  -44.605  44.006 0.0000000000
47803  -21.799  -43.927  43.939 0.0000000000
47829  -22.482  -44.267  43.682 0.0000000000
47830  -23.627  -44.541  43.562 0.0000000000
47853  -24.566  -45.273  42.521 0.0000000000
47831  -24.494  -45.061  43.317 0.0000000000
46590  -26.027  -45.779  42.449 0.0000000000
46591  -26.620  -46.215  42.060 0.0000000000
45418  -26.918  -46.347  42.878 0.0000000000
45419  -27.757  -46.611  42.595 0.0000000000
45410  -29.516  -46.382  43.712 0.0000000000
46574  -30.023  -45.766  43.567 0.0000000000
46575  -30.653  -45.414  43.896 0.0000000000
46576  -31.592  -45.333  43.957 0.0000000000
47834  -32.270  -44.717  43.724 0.0000000000
47836  -34.451  -44.447  43.716 0.0000000000
47837  -35.233  -44.268  43.619 0.0000000000
47838  -35.729  -43.863  43.676 0.0000000000
49073  -36.416  -43.612  44.208 0.0000000000
49051  -36.087  -43.826  45.215 0.0000000000
50357  -37.004  -42.835  44.178 0.0000000000
50382  -37.534  -42.206  43.721 0.0000000000
51651  -37.901  -41.682  43.417 0.0000000000
50359  -38.716  -42.179  44.814 0.0000000000
51652  -38.261  -41.504  44.078 0.0000000000
52856  -39.796  -40.114  43.183 0.0000000000
54029  -40.297  -39.895  43.398 0.0000000000
54084  -41.971  -39.090  41.916 0.0000000000
55228  -41.907  -38.821  44.246 0.0000000000
55250  -42.107  -38.709  43.725 0.0000000000
55294  -43.332  -38.251  41.395 0.0000000000
55295  -44.337  -38.334  41.301 0.0000000000
55348  -45.328  -38.308  39.625 0.0000000000
55323  -46.423  -38.964  40.540 0.0000000000
55349  -46.409  -38.670  39.750 0.0000000000
54158  -46.661  -39.342  38.187 0.0000000000
51744  -47.495  -41.679  37.406 0.0000000000
50505  -47.146  -42.171  36.866 0.0000000000
51772  -47.327  -41.605  36.568 0.0000000000
54236  -47.175  -39.794  36.151 0.0000000000
55415  -46.571  -38.908  35.570 0.0000000000
55417  -48.631  -38.846  36.331 0.0000000000
55416  -47.696  -38.601  36.113 0.0000000000
56585  -46.661  -37.731  35.459 0.0000000000
57822  -46.385  -36.743  35.106 0.0000000000
56574  -50.192  -37.284  36.225 0.0000000000
56588  -49.744  -37.001  35.567 0.0000000000
57799  -50.014  -36.335  35.190 0.0000000000
57797  -48.132  -36.366  35.768 0.0000000000
59133  -46.289  -35.808  34.683 0.0000000000
59159  -46.513  -34.978  33.946 0.0000000000
60511  -45.941  -34.379  33.556 0.0000000000
60512  -46.756  -34.371  33.591 0.0000000000
61802  -46.197  -33.803  33.216 0.0000000000
61825  -46.411  -33.237  32.462 0.0000000000
61840  -46.221  -32.710  31.972 0.0000000000
61807  -51.549  -33.595  33.923 0.0000000000
61828  -48.967  -32.715  32.575 0.0000000000
61827  -48.309  -32.782  32.686 0.0000000000
63115  -46.750  -32.447  32.035 0.0000000000
63133  -46.083  -32.454  31.337 0.0000000000
63150  -45.359  -32.469  30.574 0.0000000000
63151  -46.371  -32.344  30.335 0.0000000000
63173  -45.772  -32.073  28.831 0.0000000000
64527  -45.186  -31.500  28.646 0.0000000000
65707  -45.569  -30.752  28.784 0.0000000000
65662  -49.726  -30.497  31.277 0.0000000000
65673  -48.681  -30.673  30.481 0.0000000000
65672  -47.910  -30.539  30.404 0.0000000000
65706  -44.716  -30.627  28.484 0.0000000000
66877  -44.435  -29.967  28.231 0.0000000000
66876  -43.670  -29.603  27.992 0.0000000000
68011  -44.087  -29.121  28.783 0.0000000000
69241  -43.046  -27.962  27.713 0.0000000000
152050  -48.998  -26.410  32.238 0.0000000000
72793  -48.289  -23.177  31.366 0.0000000000
72792  -47.812  -23.566  30.787 0.0000000000
71634  -48.011  -24.440  30.810 0.0000000000
70374  -46.029  -26.822  30.607 0.0000000000
71648  -45.371  -25.355  29.459 0.0000000000
70392  -44.444  -26.377  29.298 0.0000000000
70391  -44.063  -26.642  29.321 0.0000000000
70428  -43.067  -26.654  27.588 0.0000000000
70427  -42.699  -26.698  27.012 0.0000000000
71703  -42.699  -25.679  26.150 0.0000000000
71725  -43.192  -25.210  25.715 0.0000000000
71755  -43.332  -25.223  24.013 0.0000000000
74201  -45.890  -24.060  26.178 0.0000000000
74138  -53.084  -23.807  28.394 0.0000000000
74182  -51.202  -24.677  26.556 0.0000000000
72904  -50.146  -24.567  25.786 0.0000000000
72931  -49.583  -24.412  25.601 0.0000000000
74205  -53.326  -23.928  25.177 0.0000000000
74231  -52.833  -23.892  24.910 0.0000000000
74230  -51.988  -23.812  24.769 0.0000000000
74253  -51.814  -23.322  24.075 0.0000000000
47870  -18.772  -43.330  41.660 0.0000000000
47936  -16.317  -44.093  37.193 0.0000000000
50466  -17.830  -42.775  37.889 0.0000000000
49215  -17.186  -43.345  36.653 0.0000000000
46610  -24.261  -44.807  40.198 0.0000000000
47915  -23.463  -44.341  39.067 0.0000000000
49192  -24.356  -43.916  38.182 0.0000000000
49169  -23.932  -44.123  38.764 0.0000000000
49167  -22.654  -43.857  38.272 0.0000000000
49189  -21.747  -43.282  37.329 0.0000000000
49257  -25.735  -43.744  34.297 0.0000000000
49256  -25.152  -43.320  34.532 0.0000000000
50548  -24.165  -42.785  35.087 0.0000000000
50547  -23.414  -42.375  34.720 0.0000000000
50522  -23.327  -42.648  35.535 0.0000000000
49239  -22.514  -42.917  35.969 0.0000000000
49218  -21.705  -43.098  36.404 0.0000000000
50493  -20.466  -42.360  36.122 0.0000000000
51755  -20.174  -42.128  35.744 0.0000000000
50518  -19.856  -42.288  35.244 0.0000000000
50543  -19.359  -42.263  34.321 0.0000000000
48057  -22.381  -44.400  29.282 0.0000000000
49156  -32.742  -42.412  40.491 0.0000000000
50443  -33.530  -42.041  39.639 0.0000000000
49157  -33.146  -42.391  40.206 0.0000000000
50442  -32.605  -41.884  39.970 0.0000000000
50455  -31.865  -41.428  39.304 0.0000000000
52928  -31.417  -40.606  38.211 0.0000000000
52947  -31.026  -40.428  37.850 0.0000000000
52998  -34.567  -40.254  35.810 0.0000000000
51791  -34.093  -40.523  35.793 0.0000000000
51789  -33.357  -40.887  36.068 0.0000000000
52996  -33.168  -40.400  35.673 0.0000000000
52969  -32.939  -40.513  36.495 0.0000000000
52968  -31.906  -40.276  36.737 0.0000000000
52967  -30.716  -40.734  36.955 0.0000000000
53022  -30.211  -39.791  35.346 0.0000000000
54250  -30.002  -39.469  34.440 0.0000000000
54273  -29.357  -39.459  33.479 0.0000000000
54294  -30.803  -39.800  32.142 0.0000000000
54293  -29.666  -39.573  32.428 0.0000000000
54316  -29.087  -39.656  30.678 0.0000000000
54326  -29.261  -39.996  30.167 0.0000000000
51875  -29.264  -41.101  29.032 0.0000000000
44301  -33.655  -47.719  35.767 0.0000000000
45498  -33.567  -46.794  35.445 0.0000000000
45510  -33.307  -46.782  34.604 0.0000000000
45497  -32.889  -46.356  34.982 0.0000000000
46711  -32.037  -45.184  34.201 0.0000000000
46726  -31.941  -45.090  33.345 0.0000000000
48015  -32.023  -44.393  32.728 0.0000000000
45536  -32.704  -46.107  32.303 0.0000000000
46741  -31.674  -44.973  32.331 0.0000000000
48028  -31.810  -43.960  31.630 0.0000000000
48041  -31.287  -43.573  31.114 0.0000000000
49324  -31.157  -43.123  30.489 0.0000000000
49325  -31.329  -43.574  29.894 0.0000000000
50618  -30.901  -42.220  30.007 0.0000000000
49335  -30.184  -42.775  29.221 0.0000000000
50626  -29.756  -42.227  29.032 0.0000000000
50639  -29.025  -42.153  28.030 0.0000000000
49376  -28.783  -43.398  27.448 0.0000000000
48101  -28.565  -44.402  27.647 0.0000000000
40343  -39.968  -50.010  40.349 0.0000000000
40344  -40.253  -49.989  40.284 0.0000000000
40348  -38.026  -49.827  39.369 0.0000000000
40349  -38.420  -49.947  39.491 0.0000000000
40351  -40.791  -50.189  39.756 0.0000000000
40352  -41.943  -50.112  39.340 0.0000000000
40353  -42.714  -50.157  39.149 0.0000000000
40360  -37.226  -49.854  38.657 0.0000000000
40366  -42.957  -50.209  38.878 0.0000000000
40377  -42.915  -49.954  38.646 0.0000000000
41712  -39.812  -49.127  40.357 0.0000000000
41714  -40.662  -49.603  40.106 0.0000000000
41721  -39.583  -49.577  40.280 0.0000000000
41724  -43.010  -50.053  39.151 0.0000000000
41728  -37.287  -49.609  38.531 0.0000000000
41729  -38.115  -49.223  38.763 0.0000000000
41730  -38.643  -49.125  39.398 0.0000000000
41732  -42.528  -49.758  38.970 0.0000000000
41733  -43.071  -49.886  38.978 0.0000000000
41854  -38.696  -49.272  32.446 0.0000000000
43007  -40.123  -48.843  40.329 0.0000000000
43008  -40.339  -49.076  40.338 0.0000000000
43009  -40.495  -49.321  40.287 0.0000000000
43017  -40.732  -49.176  40.092 0.0000000000
43021  -38.369  -48.717  38.661 0.0000000000
43024  -40.749  -49.128  39.635 0.0000000000
43029  -35.594  -48.235  37.185 0.0000000000
43038  -34.275  -48.365  36.822 0.0000000000
43039  -34.995  -48.744  37.167 0.0000000000
43068  -37.917  -48.060  33.776 0.0000000000
43089  -38.036  -48.194  33.555 0.0000000000
44261  -41.206  -46.283  39.841 0.0000000000
44262  -41.310  -46.332  40.077 0.0000000000
44271  -40.788  -46.491  39.573 0.0000000000
44280  -40.792  -46.660  39.645 0.0000000000
44284  -34.623  -47.735  36.873 0.0000000000
44288  -38.466  -47.934  38.301 0.0000000000
44293  -33.722  -47.368  36.280 0.0000000000
44295  -34.647  -47.541  36.716 0.0000000000
45371  -20.710  -46.111  45.637 0.0000000000
45443  -41.379  -46.120  39.994 0.0000000000
45444  -41.438  -46.173  40.217 0.0000000000
45460  -27.061  -45.935  39.242 0.0000000000
45461  -40.969  -45.920  39.436 0.0000000000
45462  -41.363  -46.382  40.093 0.0000000000
45469  -27.261  -46.065  38.549 0.0000000000
45470  -38.304  -46.397  37.574 0.0000000000
45477  -27.044  -46.344  37.863 0.0000000000
45479  -35.518  -47.222  36.432 0.0000000000
45482  -38.196  -45.995  37.608 0.0000000000
45488  -33.725  -46.887  36.089 0.0000000000
45491  -35.864  -46.815  36.117 0.0000000000
45499  -33.790  -46.610  35.816 0.0000000000
45500  -34.169  -46.617  36.022 0.0000000000
45524  -33.132  -46.824  33.714 0.0000000000
45551  -32.681  -46.104  31.347 0.0000000000
45566  -32.668  -46.216  30.627 0.0000000000
46577  -32.199  -45.400  44.146 0.0000000000
46592  -28.804  -45.491  42.414 0.0000000000
46594  -30.171  -45.361  43.330 0.0000000000
46612  -25.916  -44.823  40.489 0.0000000000
46614  -27.665  -45.434  40.204 0.0000000000
46616  -41.218  -45.829  39.996 0.0000000000
46617  -41.395  -45.952  40.146 0.0000000000
46627  -24.288  -44.703  39.766 0.0000000000
46633  -41.164  -45.768  39.541 0.0000000000
46647  -27.522  -45.663  38.311 0.0000000000
46673  -26.686  -45.186  37.274 0.0000000000
46674  -26.981  -45.089  37.044 0.0000000000
46675  -35.277  -46.829  35.862 0.0000000000
46684  -32.974  -46.251  35.241 0.0000000000
46686  -33.901  -46.212  35.508 0.0000000000
46688  -36.069  -46.172  35.336 0.0000000000
46689  -37.316  -45.740  35.582 0.0000000000
46697  -32.233  -45.197  34.453 0.0000000000
46698  -32.477  -45.680  34.908 0.0000000000
46699  -33.357  -45.692  35.233 0.0000000000
46703  -37.341  -44.923  35.036 0.0000000000
46712  -32.180  -45.694  33.895 0.0000000000
46714  -36.599  -44.724  34.143 0.0000000000
46743  -36.702  -45.579  31.012 0.0000000000
46799  -22.601  -44.818  28.980 0.0000000000
46806  -30.012  -44.785  28.233 0.0000000000
46808  -31.234  -45.672  28.770 0.0000000000
47790  -35.696  -44.244  45.475 0.0000000000
47802  -21.580  -44.604  44.717 0.0000000000
47855  -29.265  -44.905  42.644 0.0000000000
47856  -30.071  -44.936  42.882 0.0000000000
47861  -35.093  -43.880  43.119 0.0000000000
47876  -26.428  -44.788  41.013 0.0000000000
47877  -26.457  -45.139  41.147 0.0000000000
47878  -28.624  -44.898  41.803 0.0000000000
47879  -29.215  -44.481  42.005 0.0000000000
47889  -26.200  -44.696  40.763 0.0000000000
47902  -24.332  -44.647  39.527 0.0000000000
47913  -22.162  -44.144  38.595 0.0000000000
47918  -27.641  -44.872  38.561 0.0000000000
47920  -39.344  -44.775  38.022 0.0000000000
47922  -40.646  -44.471  38.774 0.0000000000
47937  -24.790  -44.298  38.316 0.0000000000
47940  -27.760  -44.394  38.482 0.0000000000
47967  -26.807  -44.203  36.281 0.0000000000
47968  -37.543  -43.871  35.112 0.0000000000
47969  -37.644  -44.531  35.394 0.0000000000
47970  -38.089  -44.687  35.857 0.0000000000
47978  -25.085  -43.851  35.084 0.0000000000
47979  -25.597  -44.066  34.764 0.0000000000
47982  -32.121  -44.935  34.297 0.0000000000
47986  -35.434  -45.139  33.828 0.0000000000
47998  -26.301  -43.658  34.020 0.0000000000
47999  -26.567  -43.504  33.836 0.0000000000
48003  -34.959  -44.466  33.552 0.0000000000
48027  -31.398  -43.416  31.482 0.0000000000
48044  -36.595  -44.076  30.913 0.0000000000
48058  -31.243  -44.662  29.288 0.0000000000
48059  -31.369  -44.194  29.498 0.0000000000
48078  -22.797  -44.359  28.736 0.0000000000
48084  -31.075  -44.226  28.812 0.0000000000
48085  -31.293  -43.894  29.112 0.0000000000
49091  -30.504  -44.567  43.147 0.0000000000
49092  -30.704  -44.232  43.108 0.0000000000
49093  -32.591  -44.129  43.380 0.0000000000
49121  -29.335  -44.210  41.520 0.0000000000
49143  -33.173  -42.611  40.835 0.0000000000
49163  -18.242  -43.007  38.834 0.0000000000
49168  -23.405  -43.937  38.545 0.0000000000
49171  -39.995  -43.802  38.458 0.0000000000
49186  -17.771  -42.777  37.563 0.0000000000
49187  -19.931  -42.684  37.254 0.0000000000
49193  -24.864  -44.281  37.966 0.0000000000
49197  -39.634  -43.755  37.862 0.0000000000
49198  -40.210  -43.544  38.217 0.0000000000
49201  -45.092  -43.045  36.753 0.0000000000
49202  -45.495  -43.129  37.044 0.0000000000
49203  -45.838  -43.024  37.168 0.0000000000
49231  -46.066  -43.171  36.960 0.0000000000
49237  -21.272  -42.930  35.419 0.0000000000
49250  -46.026  -43.000  36.109 0.0000000000
49258  -26.547  -43.900  35.060 0.0000000000
49271  -26.815  -43.356  33.686 0.0000000000
49274  -33.590  -43.829  33.324 0.0000000000
49278  -37.042  -42.989  33.669 0.0000000000
49292  -26.798  -43.386  33.194 0.0000000000
49295  -33.375  -43.237  32.723 0.0000000000
49297  -34.785  -43.455  32.722 0.0000000000
49311  -31.214  -42.983  31.269 0.0000000000
49322  -25.701  -42.911  31.345 0.0000000000
49331  -22.184  -43.915  29.709 0.0000000000
49336  -30.678  -43.128  29.588 0.0000000000
49337  -31.209  -43.657  29.403 0.0000000000
49353  -26.493  -43.924  27.669 0.0000000000
49356  -31.182  -43.711  29.185 0.0000000000
49373  -26.445  -43.355  27.470 0.0000000000
49374  -27.045  -43.795  27.569 0.0000000000
49375  -27.839  -43.632  27.371 0.0000000000
50360  -39.247  -42.026  45.149 0.0000000000
50398  -35.384  -42.750  42.300 0.0000000000
50437  -18.942  -42.284  38.604 0.0000000000
50449  -17.723  -42.984  38.188 0.0000000000
50475  -41.934  -42.274  37.471 0.0000000000
50477  -45.521  -42.745  37.160 0.0000000000
50479  -46.941  -42.203  37.090 0.0000000000
50480  -47.558  -41.996  37.121 0.0000000000
50494  -27.486  -42.787  36.587 0.0000000000
50495  -27.800  -42.219  36.256 0.0000000000
50496  -38.490  -43.210  35.921 0.0000000000
50503  -45.240  -42.649  36.212 0.0000000000
50523  -23.856  -42.938  35.664 0.0000000000
50525  -28.030  -42.021  35.880 0.0000000000
50551  -37.746  -42.635  34.567 0.0000000000
50567  -35.580  -42.879  32.660 0.0000000000
50581  -25.287  -42.874  32.328 0.0000000000
50582  -26.808  -42.856  32.569 0.0000000000
50589  -35.639  -42.443  32.547 0.0000000000
50605  -31.069  -42.361  31.655 0.0000000000
50606  -33.520  -42.077  31.993 0.0000000000
50607  -33.683  -42.282  32.056 0.0000000000
50627  -30.279  -42.377  29.525 0.0000000000
50636  -25.341  -42.594  27.906 0.0000000000
50640  -29.535  -42.498  28.239 0.0000000000
50655  -28.883  -42.593  27.567 0.0000000000
50656  -29.298  -42.535  27.825 0.0000000000
51607  -39.203  -41.328  45.865 0.0000000000
51710  -35.608  -40.954  39.657 0.0000000000
51721  -33.151  -41.290  38.436 0.0000000000
51722  -33.704  -41.114  38.610 0.0000000000
51732  -29.377  -41.203  37.983 0.0000000000
51734  -32.376  -40.861  37.755 0.0000000000
51741  -45.087  -42.373  37.031 0.0000000000
51745  -48.152  -41.601  37.407 0.0000000000
51756  -20.426  -42.348  35.631 0.0000000000
51761  -33.429  -40.681  36.351 0.0000000000
51762  -33.790  -40.737  36.228 0.0000000000
51763  -34.152  -40.705  36.016 0.0000000000
51786  -20.291  -42.311  35.427 0.0000000000
51787  -20.501  -42.441  35.414 0.0000000000
51790  -33.745  -40.707  35.837 0.0000000000
51792  -37.908  -42.573  34.891 0.0000000000
51797  -41.468  -40.947  35.955 0.0000000000
51813  -37.836  -42.418  34.701 0.0000000000
51823  -26.808  -42.469  32.717 0.0000000000
51836  -26.648  -42.250  32.291 0.0000000000
51840  -33.547  -41.597  31.926 0.0000000000
51856  -33.970  -42.255  31.907 0.0000000000
51870  -24.675  -41.954  29.427 0.0000000000
51888  -28.652  -41.621  28.491 0.0000000000
51889  -29.271  -41.877  28.512 0.0000000000
52875  -36.601  -40.885  41.510 0.0000000000
52877  -38.031  -39.913  41.847 0.0000000000
52890  -34.937  -40.803  40.087 0.0000000000
52891  -35.229  -40.962  40.182 0.0000000000
52908  -35.208  -40.780  39.913 0.0000000000
52909  -35.507  -40.950  40.039 0.0000000000
52911  -37.080  -39.887  38.981 0.0000000000
52927  -30.945  -40.430  38.315 0.0000000000
52951  -34.178  -40.604  37.512 0.0000000000
52953  -35.890  -39.813  37.386 0.0000000000
52957  -46.331  -40.838  37.017 0.0000000000
52973  -41.667  -40.573  36.269 0.0000000000
52978  -46.058  -40.042  36.353 0.0000000000
52997  -33.904  -40.200  35.548 0.0000000000
52999  -35.130  -40.021  35.898 0.0000000000
53019  -27.716  -41.033  34.272 0.0000000000
53024  -37.413  -40.606  33.879 0.0000000000
53038  -34.445  -40.278  32.644 0.0000000000
53039  -35.339  -40.540  32.864 0.0000000000
53040  -36.201  -40.540  33.091 0.0000000000
53041  -36.889  -40.897  33.263 0.0000000000
53054  -32.314  -40.651  32.251 0.0000000000
53056  -34.098  -40.868  32.050 0.0000000000
53065  -29.867  -40.510  30.821 0.0000000000
53067  -31.112  -40.979  31.374 0.0000000000
53078  -30.254  -40.823  30.397 0.0000000000
53091  -29.564  -40.466  29.795 0.0000000000
53092  -30.018  -40.708  29.996 0.0000000000
54053  -38.861  -40.122  42.372 0.0000000000
54108  -40.493  -38.954  41.065 0.0000000000
54109  -46.288  -39.262  40.965 0.0000000000
54130  -40.032  -38.688  39.633 0.0000000000
54209  -44.689  -39.740  36.673 0.0000000000
54224  -32.608  -39.853  35.054 0.0000000000
54239  -49.329  -39.058  36.577 0.0000000000
54259  -43.142  -39.520  34.265 0.0000000000
54277  -33.608  -39.789  33.096 0.0000000000
54279  -35.670  -39.849  33.547 0.0000000000
54292  -28.745  -39.612  32.708 0.0000000000
54317  -29.523  -40.114  30.605 0.0000000000
54327  -29.523  -40.233  30.211 0.0000000000
55229  -42.324  -38.866  44.115 0.0000000000
55271  -41.326  -39.042  43.371 0.0000000000
55297  -45.621  -38.867  41.193 0.0000000000
55318  -41.786  -38.093  40.618 0.0000000000
55343  -39.996  -38.581  39.860 0.0000000000
55344  -40.354  -38.372  39.678 0.0000000000
55346  -43.731  -37.789  39.841 0.0000000000
55367  -40.972  -38.017  39.089 0.0000000000
55370  -46.514  -38.948  38.922 0.0000000000
55381  -40.201  -38.431  37.822 0.0000000000
55385  -43.876  -38.286  37.009 0.0000000000
55387  -45.592  -38.795  37.641 0.0000000000
55402  -44.701  -39.108  36.954 0.0000000000
55419  -49.467  -38.742  36.520 0.0000000000
55429  -42.564  -38.444  34.049 0.0000000000
55471  -41.076  -38.212  32.223 0.0000000000
56468  -43.038  -37.747  40.184 0.0000000000
56493  -42.200  -37.769  39.319 0.0000000000
56526  -44.210  -37.697  37.966 0.0000000000
56571  -48.284  -37.940  36.417 0.0000000000
57824  -49.913  -35.820  34.736 0.0000000000
57856  -42.056  -36.528  32.330 0.0000000000
59111  -46.741  -36.213  35.242 0.0000000000
60488  -49.246  -34.840  34.280 0.0000000000
61839  -45.626  -32.870  31.969 0.0000000000
61851  -44.957  -32.707  30.515 0.0000000000
61878  -41.507  -32.569  27.788 0.0000000000
61880  -43.803  -33.107  27.848 0.0000000000
63164  -47.842  -31.481  30.231 0.0000000000
63174  -46.201  -31.760  29.167 0.0000000000
64482  -51.716  -31.421  32.518 0.0000000000
64484  -52.626  -31.893  33.287 0.0000000000
64509  -49.716  -31.217  31.171 0.0000000000
64522  -48.301  -31.230  30.305 0.0000000000
64528  -45.941  -31.406  28.951 0.0000000000
65692  -48.859  -31.008  30.271 0.0000000000
65733  -43.527  -30.274  27.216 0.0000000000
66833  -49.606  -29.752  31.462 0.0000000000
66879  -45.793  -30.303  29.125 0.0000000000
66901  -43.857  -30.123  26.872 0.0000000000
67937  -51.702  -28.162  33.575 0.0000000000
69189  -45.004  -27.682  30.171 0.0000000000
71647  -44.954  -25.863  29.403 0.0000000000
71652  -56.892  -25.404  29.698 0.0000000000
71671  -56.312  -25.069  29.269 0.0000000000
71682  -52.137  -25.318  27.669 0.0000000000
71683  -52.861  -25.459  27.873 0.0000000000
71684  -53.682  -25.414  27.972 0.0000000000
71687  -55.960  -24.954  28.797 0.0000000000
71706  -52.020  -25.375  27.208 0.0000000000
71709  -54.047  -25.406  27.526 0.0000000000
72813  -55.810  -25.019  30.093 0.0000000000
72829  -52.217  -25.119  28.437 0.0000000000
72850  -54.716  -25.144  27.511 0.0000000000
72911  -57.699  -24.459  25.062 0.0000000000
72933  -51.996  -24.356  25.320 0.0000000000
72935  -57.692  -24.345  24.609 0.0000000000
74085  -47.379  -23.313  30.447 0.0000000000
74160  -52.427  -24.592  28.019 0.0000000000
74179  -48.677  -24.021  26.458 0.0000000000
74185  -57.827  -24.774  25.917 0.0000000000
74203  -50.442  -24.173  25.408 0.0000000000
74232  -53.788  -23.591  24.647 0.0000000000
74236  -57.716  -24.287  24.334 0.0000000000
74256  -54.563  -23.385  23.782 0.0000000000
75449  -51.564  -21.844  28.200 0.0000000000
75522  -49.502  -23.608  26.683 0.0000000000
76687  -50.710  -21.042  29.604 0.0000000000
76710  -52.529  -21.396  29.179 0.0000000000
76731  -50.519  -21.737  28.155 0.0000000000
78004  -52.346  -20.596  29.815 0.0000000000
78018  -51.841  -20.689  29.504 0.0000000000
79329  -51.470  -20.134  31.811 0.0000000000
152046  -48.501  -26.844  32.257 0.0000000000
152056  -48.825  -24.227  32.542 0.0000000000
