#!ascii label  , from subject 3119 vox2ras=TkReg
1671
70425  -39.755  -26.669  27.548 0.0000000000
80643  -57.771  -19.237  24.708 0.0000000000
79420  -46.923  -19.900  25.572 0.0000000000
42933  -12.739  -49.235  46.798 0.0000000000
65660  -39.970  -30.547  31.183 0.0000000000
49089  -27.931  -43.254  43.662 0.0000000000
55246  -36.123  -38.956  43.742 0.0000000000
59020  -41.962  -36.186  38.861 0.0000000000
62998  -44.394  -32.821  37.116 0.0000000000
54097  -17.786  -39.991  40.299 0.0000000000
51640  -21.989  -41.737  43.744 0.0000000000
51705  -23.467  -42.010  39.780 0.0000000000
57656  -31.657  -37.452  39.844 0.0000000000
57691  -36.872  -37.778  39.422 0.0000000000
71542  -44.507  -27.135  34.713 0.0000000000
71602  -45.818  -26.023  32.034 0.0000000000
78126  -51.437  -21.210  24.248 0.0000000000
74174  -42.640  -23.365  26.712 0.0000000000
83036  -57.368  -16.363  20.438 0.0000000000
44163  -8.101  -48.333  48.211 0.0000000000
67858  -43.995  -29.342  36.556 0.0000000000
70351  -38.795  -27.659  30.697 0.0000000000
55339  -27.971  -39.249  39.314 0.0000000000
51668  -31.982  -41.074  42.698 0.0000000000
78002  -46.824  -21.943  30.229 0.0000000000
85578  -60.143  -14.378  17.370 0.0000000000
57749  -39.655  -36.037  37.549 0.0000000000
59089  -42.070  -36.179  36.311 0.0000000000
54100  -20.756  -39.909  40.174 0.0000000000
57743  -33.963  -37.957  37.524 0.0000000000
56547  -37.101  -37.425  37.485 0.0000000000
57663  -40.041  -36.441  40.108 0.0000000000
69172  -41.950  -27.408  31.243 0.0000000000
69144  -45.708  -27.603  33.472 0.0000000000
70371  -43.121  -26.529  29.976 0.0000000000
76821  -54.957  -21.627  24.526 0.0000000000
76758  -54.062  -21.788  27.320 0.0000000000
81833  -58.543  -17.267  25.564 0.0000000000
46518  -10.018  -46.851  44.503 0.0000000000
45307  -9.992  -47.564  47.297 0.0000000000
64467  -42.739  -31.719  33.362 0.0000000000
65584  -43.619  -30.395  37.176 0.0000000000
66800  -42.325  -30.081  33.845 0.0000000000
69140  -41.644  -28.036  33.583 0.0000000000
67966  -39.378  -28.675  30.870 0.0000000000
50370  -24.766  -43.274  43.627 0.0000000000
51584  -25.168  -42.496  46.221 0.0000000000
49043  -27.027  -44.376  45.394 0.0000000000
49045  -29.644  -43.737  45.628 0.0000000000
54175  -26.655  -39.642  37.194 0.0000000000
57737  -28.132  -36.476  37.285 0.0000000000
57628  -33.864  -37.852  41.772 0.0000000000
55288  -32.218  -39.222  40.865 0.0000000000
52802  -34.685  -40.384  43.697 0.0000000000
50337  -34.506  -42.195  45.252 0.0000000000
47844  -14.650  -44.701  42.385 0.0000000000
49037  -15.641  -43.832  45.354 0.0000000000
46463  -16.670  -44.946  48.687 0.0000000000
78077  -44.836  -20.813  26.668 0.0000000000
76726  -44.881  -22.102  28.639 0.0000000000
78053  -46.687  -21.058  27.084 0.0000000000
86844  -61.755  -14.215  14.210 0.0000000000
41642  -12.985  -49.819  50.570 0.0000000000
60337  -44.381  -35.128  41.681 0.0000000000
62915  -45.469  -33.256  40.834 0.0000000000
60399  -44.672  -35.243  37.947 0.0000000000
61761  -43.122  -33.627  34.732 0.0000000000
52838  -17.464  -41.428  42.134 0.0000000000
51620  -20.510  -41.516  44.440 0.0000000000
52842  -20.768  -40.643  42.183 0.0000000000
52844  -22.740  -41.610  42.004 0.0000000000
50407  -25.880  -43.033  41.388 0.0000000000
60393  -29.848  -34.868  38.068 0.0000000000
59063  -30.865  -37.232  37.416 0.0000000000
57689  -34.660  -38.145  39.484 0.0000000000
56443  -36.802  -38.177  41.564 0.0000000000
57609  -38.999  -37.813  42.373 0.0000000000
57612  -42.447  -36.588  42.484 0.0000000000
52883  -16.368  -41.179  40.509 0.0000000000
66758  -47.021  -29.222  35.754 0.0000000000
64429  -49.990  -31.570  35.297 0.0000000000
67863  -48.185  -28.131  36.972 0.0000000000
69096  -49.057  -27.492  35.507 0.0000000000
79441  -49.541  -20.621  24.535 0.0000000000
79387  -49.565  -20.359  27.526 0.0000000000
78056  -51.710  -20.394  27.191 0.0000000000
38833  -5.133  -51.202  51.650 0.0000000000
72843  -41.249  -24.503  27.122 0.0000000000
78100  -41.966  -20.854  24.919 0.0000000000
79457  -46.361  -20.332  23.124 0.0000000000
79481  -49.239  -20.316  22.202 0.0000000000
79485  -52.637  -20.502  22.664 0.0000000000
79487  -55.665  -19.929  22.317 0.0000000000
81871  -57.742  -17.817  22.416 0.0000000000
81897  -55.704  -17.566  20.663 0.0000000000
41631  -10.556  -49.402  51.434 0.0000000000
42881  -8.792  -49.235  51.110 0.0000000000
41615  -6.912  -50.540  51.944 0.0000000000
61701  -47.422  -33.937  38.369 0.0000000000
65546  -45.227  -31.444  40.114 0.0000000000
65574  -45.066  -31.110  38.455 0.0000000000
64385  -45.344  -31.588  36.901 0.0000000000
69067  -44.364  -28.137  35.797 0.0000000000
71580  -41.530  -27.002  33.098 0.0000000000
70386  -39.113  -27.348  29.306 0.0000000000
51581  -22.782  -42.199  45.782 0.0000000000
51708  -25.948  -42.018  39.323 0.0000000000
51663  -28.240  -41.589  41.960 0.0000000000
57653  -30.187  -37.640  39.787 0.0000000000
52871  -29.829  -40.433  41.402 0.0000000000
50375  -29.370  -42.490  43.043 0.0000000000
49068  -31.236  -43.919  44.785 0.0000000000
45385  -12.261  -46.946  43.770 0.0000000000
45415  -13.631  -46.484  42.434 0.0000000000
42946  -14.621  -48.673  46.055 0.0000000000
72807  -43.732  -24.592  29.284 0.0000000000
74066  -46.715  -24.052  31.474 0.0000000000
152068  -49.712  -23.823  34.380 0.0000000000
80575  -48.873  -19.853  29.479 0.0000000000
84264  -59.586  -15.427  21.792 0.0000000000
87988  -59.963  -12.882  21.921 0.0000000000
89257  -61.366  -11.554  19.872 0.0000000000
89274  -58.898  -11.669  17.343 0.0000000000
85567  -61.607  -14.398  17.405 0.0000000000
57773  -38.987  -36.313  36.341 0.0000000000
57774  -39.684  -36.393  35.785 0.0000000000
57817  -38.444  -36.205  34.876 0.0000000000
57770  -35.989  -37.742  36.505 0.0000000000
56570  -37.925  -37.309  36.883 0.0000000000
57747  -38.415  -37.043  37.288 0.0000000000
70388  -41.199  -27.243  29.204 0.0000000000
69186  -42.476  -26.934  30.375 0.0000000000
69204  -41.893  -27.319  29.534 0.0000000000
78130  -56.095  -21.112  24.515 0.0000000000
76807  -55.961  -21.407  25.585 0.0000000000
78112  -56.951  -20.523  25.922 0.0000000000
80635  -58.803  -19.087  26.521 0.0000000000
81832  -57.953  -18.043  25.239 0.0000000000
45343  -10.857  -47.520  45.237 0.0000000000
45324  -10.120  -47.587  46.530 0.0000000000
44167  -11.120  -48.585  47.478 0.0000000000
64465  -41.498  -31.047  32.644 0.0000000000
65636  -42.504  -30.858  33.654 0.0000000000
65650  -41.631  -30.396  32.623 0.0000000000
66817  -41.469  -29.316  31.977 0.0000000000
66829  -39.908  -29.695  31.342 0.0000000000
50307  -17.496  -43.381  46.341 0.0000000000
49087  -25.960  -43.882  43.710 0.0000000000
49063  -25.694  -43.577  44.788 0.0000000000
49065  -27.564  -43.971  44.570 0.0000000000
47783  -28.183  -44.917  46.304 0.0000000000
49066  -28.485  -43.641  44.327 0.0000000000
56392  -34.233  -38.255  42.609 0.0000000000
55243  -33.909  -38.571  42.874 0.0000000000
54028  -34.944  -39.435  43.674 0.0000000000
52789  -35.116  -40.426  45.299 0.0000000000
51635  -16.741  -42.112  43.232 0.0000000000
50329  -16.527  -43.154  45.350 0.0000000000
50282  -16.434  -43.390  46.659 0.0000000000
60442  -48.077  -34.660  36.567 0.0000000000
78104  -45.257  -20.660  26.019 0.0000000000
79383  -45.220  -19.997  27.445 0.0000000000
79402  -46.419  -19.819  26.590 0.0000000000
58994  -43.221  -35.970  40.301 0.0000000000
59023  -44.428  -35.261  40.194 0.0000000000
59021  -43.233  -35.629  39.029 0.0000000000
60465  -42.035  -35.339  34.677 0.0000000000
61782  -41.487  -34.322  34.262 0.0000000000
61800  -41.898  -33.119  33.566 0.0000000000
54068  -17.672  -40.583  40.992 0.0000000000
52840  -18.888  -41.226  42.348 0.0000000000
54044  -19.115  -40.488  41.655 0.0000000000
52902  -22.102  -40.869  39.840 0.0000000000
52867  -22.299  -40.993  41.211 0.0000000000
52868  -23.080  -41.478  40.950 0.0000000000
50405  -23.932  -42.701  41.042 0.0000000000
50422  -24.341  -42.615  40.778 0.0000000000
59083  -30.163  -36.330  36.411 0.0000000000
57716  -36.081  -37.768  38.344 0.0000000000
57715  -34.912  -37.923  38.504 0.0000000000
57690  -35.726  -37.902  39.451 0.0000000000
56464  -35.441  -38.013  40.810 0.0000000000
57660  -36.518  -38.013  40.521 0.0000000000
57608  -38.128  -38.237  42.059 0.0000000000
57633  -38.434  -37.744  41.262 0.0000000000
58992  -41.144  -35.952  39.594 0.0000000000
57635  -40.728  -37.022  41.375 0.0000000000
57665  -42.406  -36.404  40.734 0.0000000000
58956  -43.353  -36.061  42.198 0.0000000000
54096  -17.047  -40.471  40.255 0.0000000000
69044  -46.095  -27.949  36.287 0.0000000000
66747  -47.925  -28.358  36.141 0.0000000000
70239  -46.504  -27.714  36.483 0.0000000000
69163  -46.062  -27.239  32.744 0.0000000000
69119  -47.443  -27.451  34.808 0.0000000000
69120  -48.378  -27.385  34.559 0.0000000000
70289  -49.345  -26.995  34.937 0.0000000000
74045  -48.418  -26.696  33.694 0.0000000000
79442  -50.313  -20.959  24.403 0.0000000000
79406  -50.424  -20.009  26.368 0.0000000000
78083  -51.728  -20.895  26.432 0.0000000000
76736  -55.891  -21.998  29.116 0.0000000000
79480  -48.383  -20.028  22.386 0.0000000000
79500  -48.057  -19.748  21.159 0.0000000000
79516  -50.976  -19.194  20.794 0.0000000000
80681  -53.136  -19.473  21.084 0.0000000000
78154  -53.903  -20.771  22.073 0.0000000000
79519  -54.683  -19.281  20.783 0.0000000000
80683  -56.043  -19.084  20.864 0.0000000000
45321  -8.370  -47.415  47.038 0.0000000000
44162  -7.526  -48.411  48.446 0.0000000000
41620  -13.638  -49.861  51.859 0.0000000000
42885  -11.993  -49.745  50.724 0.0000000000
42861  -11.887  -49.621  52.285 0.0000000000
41603  -10.207  -49.871  53.131 0.0000000000
41589  -9.354  -50.752  53.486 0.0000000000
42868  -7.767  -49.639  51.647 0.0000000000
40265  -8.961  -50.975  53.001 0.0000000000
38823  -7.212  -51.454  52.420 0.0000000000
62957  -45.232  -32.813  39.574 0.0000000000
64304  -45.284  -31.857  41.238 0.0000000000
64342  -44.937  -31.981  39.505 0.0000000000
66742  -43.507  -29.807  36.721 0.0000000000
66729  -44.098  -30.032  38.515 0.0000000000
66745  -44.633  -30.353  37.969 0.0000000000
64364  -45.265  -31.559  37.846 0.0000000000
65586  -44.504  -30.004  36.729 0.0000000000
66770  -44.709  -29.070  35.613 0.0000000000
69042  -43.992  -28.775  36.094 0.0000000000
70326  -40.139  -27.845  31.472 0.0000000000
70328  -41.581  -27.419  33.330 0.0000000000
70341  -40.758  -27.620  32.066 0.0000000000
71614  -40.989  -27.411  31.531 0.0000000000
70367  -38.942  -27.558  30.089 0.0000000000
51621  -21.460  -41.574  44.382 0.0000000000
51600  -21.059  -42.055  45.086 0.0000000000
51602  -23.059  -42.189  45.363 0.0000000000
55363  -27.629  -39.247  38.503 0.0000000000
52925  -26.976  -40.589  37.877 0.0000000000
54102  -27.675  -40.441  39.363 0.0000000000
51694  -27.445  -41.495  40.369 0.0000000000
54073  -28.479  -40.441  40.766 0.0000000000
59017  -30.899  -36.744  39.239 0.0000000000
59015  -29.947  -36.207  38.154 0.0000000000
57654  -30.450  -37.217  39.659 0.0000000000
52873  -32.396  -40.172  41.859 0.0000000000
54076  -30.650  -39.667  41.483 0.0000000000
52848  -30.921  -40.574  42.199 0.0000000000
51665  -29.170  -41.281  42.057 0.0000000000
51647  -30.656  -41.822  43.275 0.0000000000
50352  -30.704  -43.049  44.167 0.0000000000
50353  -31.737  -42.978  44.051 0.0000000000
56381  -39.712  -38.013  44.522 0.0000000000
46565  -14.325  -45.889  43.047 0.0000000000
45386  -14.890  -46.881  44.715 0.0000000000
44217  -14.256  -47.818  44.463 0.0000000000
47685  -17.440  -45.439  49.979 0.0000000000
74150  -41.783  -23.825  27.168 0.0000000000
72823  -42.495  -25.148  28.018 0.0000000000
74134  -43.553  -23.753  28.072 0.0000000000
76706  -45.971  -21.912  29.304 0.0000000000
76685  -45.842  -22.950  29.427 0.0000000000
152098  -46.864  -22.985  30.921 0.0000000000
152094  -47.489  -23.668  31.453 0.0000000000
152101  -47.956  -22.735  31.203 0.0000000000
80593  -50.829  -19.940  28.598 0.0000000000
79370  -49.268  -20.405  28.425 0.0000000000
80577  -50.707  -19.282  29.559 0.0000000000
83019  -57.295  -16.970  21.087 0.0000000000
83004  -58.605  -16.830  22.716 0.0000000000
84262  -57.999  -16.278  20.982 0.0000000000
86749  -59.579  -13.385  20.443 0.0000000000
89256  -59.810  -12.063  19.890 0.0000000000
89240  -60.624  -11.839  20.818 0.0000000000
90526  -60.230  -10.966  19.494 0.0000000000
85577  -58.398  -14.272  17.074 0.0000000000
88069  -57.889  -12.859  15.747 0.0000000000
86788  -59.962  -13.257  17.630 0.0000000000
88042  -60.461  -12.404  18.197 0.0000000000
86799  -61.267  -13.774  17.152 0.0000000000
85581  -61.778  -14.755  15.894 0.0000000000
84371  -61.744  -15.724  13.538 0.0000000000
59019  -41.059  -35.845  38.722 0.0000000000
59047  -42.526  -35.782  38.119 0.0000000000
59067  -40.695  -36.004  37.105 0.0000000000
59109  -40.329  -36.129  35.237 0.0000000000
54070  -19.369  -40.154  40.776 0.0000000000
57769  -34.765  -37.304  36.473 0.0000000000
57745  -36.004  -38.057  37.547 0.0000000000
57717  -37.192  -37.415  38.375 0.0000000000
57662  -38.693  -36.989  40.354 0.0000000000
57718  -38.278  -37.263  38.352 0.0000000000
57694  -39.895  -36.591  38.830 0.0000000000
69141  -42.584  -27.351  32.711 0.0000000000
71560  -45.433  -26.878  34.883 0.0000000000
67935  -43.874  -28.229  32.656 0.0000000000
69174  -44.232  -27.503  31.289 0.0000000000
70357  -44.887  -26.754  31.289 0.0000000000
78110  -53.173  -21.583  24.895 0.0000000000
76779  -53.228  -21.630  25.789 0.0000000000
76806  -54.740  -22.009  25.201 0.0000000000
75500  -55.701  -22.360  27.133 0.0000000000
84195  -59.573  -15.783  25.501 0.0000000000
45323  -9.480  -47.386  46.871 0.0000000000
44180  -9.189  -47.595  47.388 0.0000000000
63024  -43.208  -32.105  35.878 0.0000000000
64384  -44.015  -31.586  37.842 0.0000000000
64424  -43.400  -31.245  35.548 0.0000000000
65610  -43.496  -30.361  35.487 0.0000000000
67878  -43.513  -29.299  35.863 0.0000000000
69065  -43.326  -28.860  35.585 0.0000000000
67933  -42.218  -28.677  33.400 0.0000000000
67931  -40.826  -28.363  32.347 0.0000000000
69157  -39.713  -28.194  31.366 0.0000000000
51642  -23.993  -42.599  44.165 0.0000000000
51624  -24.177  -42.401  44.996 0.0000000000
50348  -24.850  -43.025  44.810 0.0000000000
49042  -26.304  -44.126  46.105 0.0000000000
47761  -29.275  -44.888  46.820 0.0000000000
56541  -27.470  -37.790  37.266 0.0000000000
56515  -28.145  -38.272  38.276 0.0000000000
56491  -32.813  -38.513  39.969 0.0000000000
55341  -31.881  -37.909  40.414 0.0000000000
55289  -33.138  -38.985  41.237 0.0000000000
54051  -33.077  -40.024  42.055 0.0000000000
52821  -33.288  -40.872  42.753 0.0000000000
50379  -33.509  -42.452  43.475 0.0000000000
52823  -34.811  -41.111  43.635 0.0000000000
50404  -15.171  -42.731  40.829 0.0000000000
49101  -15.043  -43.448  42.434 0.0000000000
47751  -15.598  -44.923  45.813 0.0000000000
46475  -16.251  -45.720  47.584 0.0000000000
48995  -16.385  -43.806  46.754 0.0000000000
76775  -43.752  -21.711  26.652 0.0000000000
75467  -43.853  -22.737  27.945 0.0000000000
76752  -44.949  -21.826  27.482 0.0000000000
78032  -45.859  -21.500  27.946 0.0000000000
78016  -47.073  -21.042  29.251 0.0000000000
85539  -56.681  -14.780  19.764 0.0000000000
85532  -58.316  -14.927  19.995 0.0000000000
85540  -57.610  -14.276  19.473 0.0000000000
84316  -59.074  -15.178  16.726 0.0000000000
85597  -60.782  -14.477  15.720 0.0000000000
84355  -59.717  -15.280  14.758 0.0000000000
85625  -60.734  -14.191  13.715 0.0000000000
42919  -13.243  -50.016  47.622 0.0000000000
42907  -12.761  -50.098  48.857 0.0000000000
62895  -44.982  -32.793  42.589 0.0000000000
61621  -45.170  -33.805  42.232 0.0000000000
61679  -45.348  -33.943  39.529 0.0000000000
61716  -44.929  -34.394  37.108 0.0000000000
60415  -43.224  -34.993  37.109 0.0000000000
61735  -44.168  -34.809  36.415 0.0000000000
61762  -43.696  -33.559  35.552 0.0000000000
61784  -42.778  -32.970  34.418 0.0000000000
64480  -42.598  -31.978  32.486 0.0000000000
51636  -17.345  -41.818  43.457 0.0000000000
51618  -18.598  -42.203  43.949 0.0000000000
51638  -18.863  -41.688  43.213 0.0000000000
52817  -20.446  -40.918  43.167 0.0000000000
52818  -21.314  -41.300  43.205 0.0000000000
54046  -20.638  -40.265  41.375 0.0000000000
52843  -21.806  -41.073  42.138 0.0000000000
52820  -22.834  -41.855  42.757 0.0000000000
51662  -23.938  -42.564  43.152 0.0000000000
50391  -25.604  -43.585  42.640 0.0000000000
49104  -26.562  -43.702  42.731 0.0000000000
59042  -30.242  -36.424  38.159 0.0000000000
57712  -31.888  -37.188  38.901 0.0000000000
57742  -32.582  -37.510  37.392 0.0000000000
57713  -32.708  -37.685  38.601 0.0000000000
57688  -33.502  -38.384  39.542 0.0000000000
57658  -34.460  -38.080  40.462 0.0000000000
56417  -35.505  -38.522  41.649 0.0000000000
56394  -36.427  -38.833  43.140 0.0000000000
55225  -37.581  -39.268  44.207 0.0000000000
56396  -38.087  -38.579  43.470 0.0000000000
56397  -38.763  -37.967  43.464 0.0000000000
57594  -40.922  -37.187  43.643 0.0000000000
57634  -39.453  -37.055  41.382 0.0000000000
57611  -41.342  -36.932  42.539 0.0000000000
57595  -42.020  -36.804  43.633 0.0000000000
58943  -43.177  -36.143  43.578 0.0000000000
52864  -15.872  -41.831  41.313 0.0000000000
64426  -47.190  -31.914  35.149 0.0000000000
65612  -47.870  -30.703  35.178 0.0000000000
66773  -49.047  -29.666  35.538 0.0000000000
66761  -49.843  -28.803  36.735 0.0000000000
69094  -47.018  -27.275  35.674 0.0000000000
69072  -48.685  -27.638  36.751 0.0000000000
79421  -47.901  -20.057  25.633 0.0000000000
78080  -47.738  -20.577  26.524 0.0000000000
79422  -48.914  -20.232  25.859 0.0000000000
80624  -50.304  -19.829  26.964 0.0000000000
80612  -52.150  -19.179  28.299 0.0000000000
78058  -53.224  -21.087  27.421 0.0000000000
78036  -53.149  -20.399  28.251 0.0000000000
71701  -39.689  -25.783  26.116 0.0000000000
71702  -40.360  -25.935  26.784 0.0000000000
72869  -40.510  -24.809  26.175 0.0000000000
72898  -40.402  -24.148  25.617 0.0000000000
75519  -41.683  -22.814  25.438 0.0000000000
75547  -41.995  -22.078  25.486 0.0000000000
78075  -42.873  -20.721  25.707 0.0000000000
78102  -43.574  -20.578  25.255 0.0000000000
79418  -45.286  -20.340  24.936 0.0000000000
79438  -46.627  -19.979  24.439 0.0000000000
79459  -48.342  -20.202  23.501 0.0000000000
79460  -49.247  -20.615  23.237 0.0000000000
79462  -51.182  -20.394  23.469 0.0000000000
79502  -50.067  -19.632  21.239 0.0000000000
79483  -51.129  -20.021  22.536 0.0000000000
78144  -52.475  -20.696  23.482 0.0000000000
78146  -54.299  -20.809  23.058 0.0000000000
79445  -55.603  -20.627  23.375 0.0000000000
79467  -56.747  -20.011  23.266 0.0000000000
80651  -57.883  -18.752  23.605 0.0000000000
80666  -57.144  -19.089  22.773 0.0000000000
81882  -56.761  -17.634  21.265 0.0000000000
83035  -56.455  -16.724  20.552 0.0000000000
83043  -55.827  -16.071  19.849 0.0000000000
42906  -11.531  -49.484  49.010 0.0000000000
44144  -10.324  -48.830  49.427 0.0000000000
44143  -9.515  -48.709  49.565 0.0000000000
42860  -11.096  -49.574  52.590 0.0000000000
42882  -9.515  -49.013  51.195 0.0000000000
44142  -8.766  -48.635  49.807 0.0000000000
42892  -7.673  -48.972  50.007 0.0000000000
42879  -6.754  -49.160  51.107 0.0000000000
42878  -5.922  -49.552  51.036 0.0000000000
40272  -6.234  -50.885  51.963 0.0000000000
60441  -47.173  -34.592  36.617 0.0000000000
65534  -46.522  -31.226  40.837 0.0000000000
66716  -43.890  -30.603  39.135 0.0000000000
65561  -44.838  -31.092  38.966 0.0000000000
62979  -46.215  -32.323  38.715 0.0000000000
63000  -45.827  -32.574  37.518 0.0000000000
63026  -46.568  -32.786  36.179 0.0000000000
65598  -46.202  -30.449  35.379 0.0000000000
67882  -45.841  -28.799  35.660 0.0000000000
70259  -44.843  -27.374  35.762 0.0000000000
70282  -42.587  -27.960  34.425 0.0000000000
70306  -42.725  -27.316  33.960 0.0000000000
70307  -43.576  -26.737  33.998 0.0000000000
70355  -42.064  -26.488  32.273 0.0000000000
70353  -41.036  -27.388  31.101 0.0000000000
70405  -39.383  -27.256  28.497 0.0000000000
66841  -38.983  -29.539  30.011 0.0000000000
67979  -37.706  -28.725  30.072 0.0000000000
69183  -37.720  -28.121  30.318 0.0000000000
70365  -36.922  -27.263  30.097 0.0000000000
70384  -37.060  -27.319  29.525 0.0000000000
70385  -37.992  -27.479  29.361 0.0000000000
70404  -38.371  -27.467  28.270 0.0000000000
70424  -39.270  -26.876  27.122 0.0000000000
51583  -24.472  -42.102  46.245 0.0000000000
52922  -23.656  -41.726  38.123 0.0000000000
52923  -24.714  -41.437  38.048 0.0000000000
51707  -24.981  -42.131  39.415 0.0000000000
51692  -25.579  -42.291  40.008 0.0000000000
50408  -27.116  -42.591  41.126 0.0000000000
50373  -27.626  -42.519  43.114 0.0000000000
59040  -29.052  -35.908  37.508 0.0000000000
56516  -28.887  -37.472  38.403 0.0000000000
56458  -29.200  -38.567  39.509 0.0000000000
55312  -30.522  -38.084  40.396 0.0000000000
55285  -29.632  -38.918  40.238 0.0000000000
54074  -28.892  -39.898  40.447 0.0000000000
52846  -28.508  -40.874  41.309 0.0000000000
51664  -28.211  -41.439  42.427 0.0000000000
50374  -28.224  -42.167  43.468 0.0000000000
50351  -29.643  -43.014  44.459 0.0000000000
49067  -30.357  -43.495  45.015 0.0000000000
46543  -10.512  -46.715  44.071 0.0000000000
44195  -12.042  -48.043  45.366 0.0000000000
46598  -13.096  -45.602  41.616 0.0000000000
46597  -12.120  -45.894  41.248 0.0000000000
45402  -12.740  -47.038  43.022 0.0000000000
42959  -13.409  -48.235  44.573 0.0000000000
42945  -13.543  -48.941  45.947 0.0000000000
42920  -14.548  -49.549  47.848 0.0000000000
46454  -16.306  -46.069  49.339 0.0000000000
70408  -41.886  -25.829  28.943 0.0000000000
71630  -43.777  -25.650  29.888 0.0000000000
71631  -44.786  -25.748  30.565 0.0000000000
74110  -43.986  -23.639  28.851 0.0000000000
74084  -45.295  -23.785  29.965 0.0000000000
72775  -46.328  -25.410  31.481 0.0000000000
72776  -46.874  -24.993  32.302 0.0000000000
78054  -47.495  -20.619  27.278 0.0000000000
79368  -47.567  -19.892  28.208 0.0000000000
79355  -48.092  -20.185  29.441 0.0000000000
81855  -58.833  -18.024  23.320 0.0000000000
84234  -59.564  -15.975  23.939 0.0000000000
152276  -59.787  -15.062  23.592 0.0000000000
85533  -59.459  -14.621  20.644 0.0000000000
85522  -60.237  -14.648  22.138 0.0000000000
152285  -60.670  -13.811  23.012 0.0000000000
89212  -61.468  -13.031  23.082 0.0000000000
86739  -61.575  -13.188  21.422 0.0000000000
91765  -59.094  -10.086  17.726 0.0000000000
90540  -60.342  -11.275  19.078 0.0000000000
86762  -61.626  -13.387  19.253 0.0000000000
84338  -62.293  -15.198  14.905 0.0000000000
57794  -38.373  -36.359  35.396 0.0000000000
57771  -37.009  -37.277  36.143 0.0000000000
57772  -38.005  -37.061  36.259 0.0000000000
70406  -40.131  -26.766  28.326 0.0000000000
79447  -56.923  -20.013  24.266 0.0000000000
78131  -56.907  -20.570  25.037 0.0000000000
79448  -57.600  -20.228  25.080 0.0000000000
79427  -58.120  -19.820  26.118 0.0000000000
80634  -58.411  -18.536  26.207 0.0000000000
42943  -11.538  -48.319  46.259 0.0000000000
44182  -10.802  -48.178  46.658 0.0000000000
42932  -11.623  -48.842  46.757 0.0000000000
65634  -41.579  -30.630  32.648 0.0000000000
65649  -41.385  -30.445  32.105 0.0000000000
65648  -40.804  -29.994  31.396 0.0000000000
51577  -18.445  -42.729  46.118 0.0000000000
51597  -17.932  -42.787  45.641 0.0000000000
49088  -27.011  -43.741  43.465 0.0000000000
49064  -26.620  -43.806  44.686 0.0000000000
55245  -35.628  -39.062  43.381 0.0000000000
55244  -34.763  -38.936  43.260 0.0000000000
55222  -35.295  -39.321  43.716 0.0000000000
54017  -36.175  -39.478  44.783 0.0000000000
50330  -17.179  -43.017  45.485 0.0000000000
79419  -45.751  -20.130  25.640 0.0000000000
79401  -45.408  -19.823  26.862 0.0000000000
60486  -41.148  -35.126  33.703 0.0000000000
54043  -18.224  -40.658  41.735 0.0000000000
54069  -18.461  -40.350  40.886 0.0000000000
52903  -22.644  -41.019  39.460 0.0000000000
52886  -22.633  -40.957  40.358 0.0000000000
52887  -23.123  -41.539  40.037 0.0000000000
51690  -23.658  -42.284  40.437 0.0000000000
57661  -37.615  -37.552  40.438 0.0000000000
57664  -41.389  -36.485  40.509 0.0000000000
58993  -42.206  -36.144  39.836 0.0000000000
57666  -42.984  -36.287  40.909 0.0000000000
70260  -45.532  -27.082  36.135 0.0000000000
69069  -45.943  -27.551  36.301 0.0000000000
70261  -46.199  -27.242  36.225 0.0000000000
70345  -45.584  -26.803  31.972 0.0000000000
69145  -47.159  -27.455  33.622 0.0000000000
72761  -46.956  -26.353  32.253 0.0000000000
79425  -50.766  -20.920  24.973 0.0000000000
78107  -50.886  -20.711  25.305 0.0000000000
78108  -51.274  -21.216  25.034 0.0000000000
79499  -47.102  -19.381  21.239 0.0000000000
80682  -53.490  -19.451  21.017 0.0000000000
80694  -54.150  -18.966  20.509 0.0000000000
44179  -8.678  -47.622  47.316 0.0000000000
44178  -8.090  -47.767  47.330 0.0000000000
44177  -7.147  -47.991  47.596 0.0000000000
41619  -12.705  -49.858  52.003 0.0000000000
41605  -12.546  -49.957  52.523 0.0000000000
41588  -9.040  -50.916  52.775 0.0000000000
38810  -8.628  -51.581  52.648 0.0000000000
62976  -44.652  -32.796  38.577 0.0000000000
62956  -44.939  -32.497  39.200 0.0000000000
67857  -43.702  -29.419  36.475 0.0000000000
66743  -43.809  -29.837  37.515 0.0000000000
66744  -44.228  -29.811  37.317 0.0000000000
67880  -44.157  -28.953  36.023 0.0000000000
69041  -43.857  -29.062  36.152 0.0000000000
70327  -40.790  -27.604  32.337 0.0000000000
70340  -40.256  -27.683  31.493 0.0000000000
70352  -40.067  -27.284  30.981 0.0000000000
51622  -22.537  -41.794  44.562 0.0000000000
55338  -28.073  -39.620  38.954 0.0000000000
54125  -27.768  -40.241  38.618 0.0000000000
54126  -28.156  -39.978  39.230 0.0000000000
54103  -28.189  -40.085  39.928 0.0000000000
57686  -31.450  -37.138  39.326 0.0000000000
58989  -30.605  -36.784  39.242 0.0000000000
57655  -30.938  -37.281  39.765 0.0000000000
52849  -31.697  -40.507  42.196 0.0000000000
51667  -31.060  -41.326  42.772 0.0000000000
50377  -31.182  -42.169  43.431 0.0000000000
50396  -31.709  -41.810  42.704 0.0000000000
57577  -40.515  -37.506  44.625 0.0000000000
45344  -15.316  -46.648  46.817 0.0000000000
74151  -42.781  -23.854  27.495 0.0000000000
74175  -43.121  -23.354  27.053 0.0000000000
78001  -46.326  -21.977  29.763 0.0000000000
76686  -46.228  -22.717  29.979 0.0000000000
80594  -51.496  -19.252  28.704 0.0000000000
89255  -59.462  -11.775  19.510 0.0000000000
90508  -59.947  -11.443  19.752 0.0000000000
90525  -59.613  -11.206  18.814 0.0000000000
84302  -59.282  -14.542  17.293 0.0000000000
85564  -59.002  -14.082  17.445 0.0000000000
85565  -59.598  -14.047  17.583 0.0000000000
86789  -60.902  -13.448  17.433 0.0000000000
86798  -61.148  -13.846  16.950 0.0000000000
85580  -61.313  -14.356  16.604 0.0000000000
85579  -60.763  -14.195  16.858 0.0000000000
59044  -40.160  -35.880  37.728 0.0000000000
59045  -40.952  -35.752  37.921 0.0000000000
59066  -39.892  -35.968  37.179 0.0000000000
57795  -39.303  -36.494  35.225 0.0000000000
57790  -34.408  -36.873  35.362 0.0000000000
56568  -36.828  -37.670  36.842 0.0000000000
56546  -36.478  -37.819  37.375 0.0000000000
56521  -36.583  -37.529  37.900 0.0000000000
57748  -39.200  -36.217  37.397 0.0000000000
57719  -39.088  -36.738  38.184 0.0000000000
57720  -39.664  -36.136  38.052 0.0000000000
59018  -40.323  -35.909  38.440 0.0000000000
70342  -42.050  -27.486  32.186 0.0000000000
69142  -43.465  -27.768  32.872 0.0000000000
69160  -42.518  -27.679  32.169 0.0000000000
69173  -43.054  -27.376  31.400 0.0000000000
69187  -43.517  -26.975  30.757 0.0000000000
70356  -44.370  -26.996  30.980 0.0000000000
70372  -44.216  -26.571  30.557 0.0000000000
76820  -54.253  -21.484  24.426 0.0000000000
76805  -53.645  -22.095  24.882 0.0000000000
75549  -54.583  -21.931  24.710 0.0000000000
75525  -56.415  -22.202  26.773 0.0000000000
75501  -56.440  -22.320  27.611 0.0000000000
75526  -57.185  -22.078  27.197 0.0000000000
81825  -58.760  -17.020  26.437 0.0000000000
84175  -59.367  -16.029  26.246 0.0000000000
82969  -59.059  -16.365  25.672 0.0000000000
45308  -10.143  -47.714  47.199 0.0000000000
45341  -9.520  -47.152  45.624 0.0000000000
44165  -9.830  -47.597  47.898 0.0000000000
63050  -42.986  -32.363  34.955 0.0000000000
65623  -42.835  -30.399  34.270 0.0000000000
65624  -43.254  -30.521  34.553 0.0000000000
66769  -43.244  -29.877  34.782 0.0000000000
66768  -43.392  -29.691  35.218 0.0000000000
66784  -42.814  -29.646  34.540 0.0000000000
67904  -42.957  -29.100  35.178 0.0000000000
67934  -42.417  -29.368  33.892 0.0000000000
66816  -40.618  -29.202  31.608 0.0000000000
66797  -40.964  -28.699  32.129 0.0000000000
67952  -40.485  -28.630  31.703 0.0000000000
69158  -40.209  -28.381  31.517 0.0000000000
67951  -40.016  -28.681  31.280 0.0000000000
49062  -25.099  -43.468  44.308 0.0000000000
49041  -25.909  -43.388  45.519 0.0000000000
47784  -29.115  -44.298  46.112 0.0000000000
56514  -27.537  -38.565  38.144 0.0000000000
56542  -28.366  -37.376  37.727 0.0000000000
57657  -33.737  -38.295  40.736 0.0000000000
56463  -33.244  -38.784  40.630 0.0000000000
56440  -33.630  -38.384  41.485 0.0000000000
54027  -34.464  -39.623  43.477 0.0000000000
54079  -33.423  -39.271  41.758 0.0000000000
54052  -33.647  -39.719  42.367 0.0000000000
52851  -33.485  -40.453  42.571 0.0000000000
52822  -34.066  -40.698  43.111 0.0000000000
52803  -34.857  -40.635  44.444 0.0000000000
51656  -15.599  -42.231  41.354 0.0000000000
50387  -15.283  -42.872  41.706 0.0000000000
50388  -15.568  -42.810  42.517 0.0000000000
50328  -15.844  -43.385  45.091 0.0000000000
49015  -15.546  -44.223  45.433 0.0000000000
47752  -16.105  -44.554  46.410 0.0000000000
49016  -15.858  -43.960  45.879 0.0000000000
50284  -17.497  -43.270  47.352 0.0000000000
50283  -16.909  -43.402  47.082 0.0000000000
76751  -44.364  -21.955  27.007 0.0000000000
76776  -44.557  -21.652  26.865 0.0000000000
78052  -45.806  -21.220  27.345 0.0000000000
78033  -46.387  -21.432  28.252 0.0000000000
84315  -57.846  -15.626  16.744 0.0000000000
84334  -58.076  -16.315  16.041 0.0000000000
84336  -60.039  -15.167  15.893 0.0000000000
84335  -58.836  -15.927  15.576 0.0000000000
41653  -14.038  -49.935  49.430 0.0000000000
41607  -14.417  -49.940  52.378 0.0000000000
60320  -44.775  -34.594  42.888 0.0000000000
60338  -44.694  -34.661  41.780 0.0000000000
60381  -44.575  -35.163  38.978 0.0000000000
60382  -44.793  -34.826  39.878 0.0000000000
61678  -45.093  -34.548  39.209 0.0000000000
61698  -45.278  -34.146  38.592 0.0000000000
59068  -41.995  -36.011  37.213 0.0000000000
59069  -42.828  -35.672  37.556 0.0000000000
60414  -42.617  -35.648  36.465 0.0000000000
60466  -42.857  -34.795  34.972 0.0000000000
60438  -43.357  -34.782  35.994 0.0000000000
60467  -43.526  -34.250  35.270 0.0000000000
61736  -44.012  -33.821  36.312 0.0000000000
63051  -43.422  -32.864  35.416 0.0000000000
63114  -42.402  -32.409  32.631 0.0000000000
51637  -18.003  -41.554  43.366 0.0000000000
51659  -18.082  -41.331  42.849 0.0000000000
52841  -19.841  -40.754  42.343 0.0000000000
54071  -20.228  -40.093  40.774 0.0000000000
54072  -20.843  -40.233  40.821 0.0000000000
52866  -21.344  -40.582  41.256 0.0000000000
52819  -22.280  -41.642  42.882 0.0000000000
51661  -23.292  -42.168  42.568 0.0000000000
50406  -24.551  -42.975  41.590 0.0000000000
59062  -30.035  -36.420  37.382 0.0000000000
59043  -31.085  -36.812  38.633 0.0000000000
57741  -31.842  -37.192  38.246 0.0000000000
57768  -33.607  -37.396  36.286 0.0000000000
57767  -32.562  -37.181  36.015 0.0000000000
57714  -33.799  -38.297  38.563 0.0000000000
56442  -36.298  -38.188  41.184 0.0000000000
56441  -35.583  -38.187  41.134 0.0000000000
55269  -35.983  -38.460  41.466 0.0000000000
56418  -36.253  -38.566  41.864 0.0000000000
56395  -37.295  -38.671  43.425 0.0000000000
56419  -37.068  -38.376  42.338 0.0000000000
56421  -38.341  -38.160  42.833 0.0000000000
57593  -40.061  -37.659  43.722 0.0000000000
57610  -40.142  -37.342  42.600 0.0000000000
57693  -39.080  -37.074  39.197 0.0000000000
57636  -41.858  -36.733  41.496 0.0000000000
58974  -44.014  -35.488  41.687 0.0000000000
58957  -43.967  -35.267  42.764 0.0000000000
51676  -15.962  -41.414  40.691 0.0000000000
64405  -47.317  -31.238  35.098 0.0000000000
64427  -48.058  -31.525  35.010 0.0000000000
65599  -47.305  -30.399  35.458 0.0000000000
66759  -48.181  -29.330  35.864 0.0000000000
66748  -48.662  -28.653  36.733 0.0000000000
66760  -49.130  -29.329  36.347 0.0000000000
66749  -49.181  -28.607  37.084 0.0000000000
69117  -45.247  -27.726  34.043 0.0000000000
69093  -46.540  -27.193  35.283 0.0000000000
69118  -46.313  -27.577  34.649 0.0000000000
69095  -48.063  -27.539  35.659 0.0000000000
67885  -49.359  -28.043  37.240 0.0000000000
69073  -49.674  -27.552  36.382 0.0000000000
69074  -50.720  -27.077  35.652 0.0000000000
79440  -48.650  -20.010  24.566 0.0000000000
79407  -51.087  -20.220  27.092 0.0000000000
80626  -51.041  -19.977  27.536 0.0000000000
80611  -51.325  -19.905  27.979 0.0000000000
79388  -51.667  -20.242  27.730 0.0000000000
78085  -53.367  -21.640  26.665 0.0000000000
78084  -52.688  -21.286  26.568 0.0000000000
76711  -53.590  -20.759  28.729 0.0000000000
41613  -4.934  -50.815  51.676 0.0000000000
41612  -4.655  -50.676  51.826 0.0000000000
40270  -4.688  -50.900  51.981 0.0000000000
74171  -40.334  -23.113  25.365 0.0000000000
74172  -40.833  -23.563  25.751 0.0000000000
75518  -40.960  -22.881  24.959 0.0000000000
75546  -41.325  -22.083  25.235 0.0000000000
76802  -41.760  -21.406  25.431 0.0000000000
76803  -42.296  -21.561  25.780 0.0000000000
76773  -42.244  -20.943  25.729 0.0000000000
78125  -44.139  -20.555  24.490 0.0000000000
78103  -44.743  -20.693  25.420 0.0000000000
79436  -44.985  -20.558  24.301 0.0000000000
79437  -45.722  -20.220  24.322 0.0000000000
79439  -47.662  -19.907  24.532 0.0000000000
79458  -47.467  -19.967  23.377 0.0000000000
78151  -48.762  -20.262  22.400 0.0000000000
78142  -48.761  -20.435  22.772 0.0000000000
78143  -49.079  -20.512  22.664 0.0000000000
79461  -50.349  -20.758  23.370 0.0000000000
79504  -51.852  -20.131  21.565 0.0000000000
79503  -51.023  -19.775  21.565 0.0000000000
79484  -51.955  -20.343  22.511 0.0000000000
78145  -53.113  -20.756  23.126 0.0000000000
79486  -54.844  -20.275  22.151 0.0000000000
79465  -55.231  -20.461  22.956 0.0000000000
79466  -56.077  -20.465  22.901 0.0000000000
79488  -56.428  -19.721  22.404 0.0000000000
79508  -56.058  -19.559  21.900 0.0000000000
81881  -56.167  -18.298  20.876 0.0000000000
81898  -56.300  -17.561  20.802 0.0000000000
42917  -6.931  -48.436  48.376 0.0000000000
41652  -13.171  -49.990  49.845 0.0000000000
42895  -12.196  -49.922  49.861 0.0000000000
42884  -10.985  -49.583  50.955 0.0000000000
42894  -11.278  -49.195  49.989 0.0000000000
42893  -10.530  -49.172  50.315 0.0000000000
44137  -9.986  -48.981  50.166 0.0000000000
42851  -11.494  -49.691  53.171 0.0000000000
42858  -9.470  -49.709  52.393 0.0000000000
42859  -10.232  -49.637  52.492 0.0000000000
42870  -9.477  -49.313  51.854 0.0000000000
44135  -8.846  -48.905  50.475 0.0000000000
44141  -8.181  -48.563  49.980 0.0000000000
44134  -8.294  -49.085  50.430 0.0000000000
41616  -7.615  -50.171  51.787 0.0000000000
42867  -6.803  -49.706  51.546 0.0000000000
42866  -6.109  -49.988  51.535 0.0000000000
37379  -7.730  -51.938  52.237 0.0000000000
60400  -48.074  -34.423  38.083 0.0000000000
60418  -47.424  -34.674  37.391 0.0000000000
64259  -45.434  -32.270  42.740 0.0000000000
64283  -45.502  -32.381  41.934 0.0000000000
64323  -45.121  -31.651  40.513 0.0000000000
64305  -45.695  -31.641  41.433 0.0000000000
65532  -45.452  -31.542  40.899 0.0000000000
65533  -45.908  -31.304  41.117 0.0000000000
64383  -43.754  -30.927  37.454 0.0000000000
65573  -43.788  -30.912  38.802 0.0000000000
65585  -43.761  -30.576  37.986 0.0000000000
66730  -44.530  -30.307  38.482 0.0000000000
66718  -44.347  -30.390  39.040 0.0000000000
65562  -45.754  -31.389  39.279 0.0000000000
65563  -46.163  -31.443  39.501 0.0000000000
64344  -45.972  -31.388  38.984 0.0000000000
62959  -46.597  -32.407  38.999 0.0000000000
64365  -45.784  -31.694  38.684 0.0000000000
62999  -45.466  -31.986  37.617 0.0000000000
64386  -45.846  -32.054  36.321 0.0000000000
64403  -45.743  -31.285  35.940 0.0000000000
67906  -44.755  -28.753  35.622 0.0000000000
66756  -45.103  -29.376  35.603 0.0000000000
67881  -45.056  -28.487  35.695 0.0000000000
67859  -45.459  -28.271  35.969 0.0000000000
69092  -44.264  -27.625  35.253 0.0000000000
69115  -42.522  -28.489  34.399 0.0000000000
69090  -42.927  -28.392  34.821 0.0000000000
70329  -42.464  -27.125  33.266 0.0000000000
71600  -41.888  -26.826  32.782 0.0000000000
70368  -39.973  -27.142  30.177 0.0000000000
70387  -40.064  -27.095  29.285 0.0000000000
66840  -38.126  -29.349  29.945 0.0000000000
67997  -36.811  -29.021  29.629 0.0000000000
69182  -37.006  -27.669  30.149 0.0000000000
69168  -37.288  -27.477  30.266 0.0000000000
70364  -36.765  -27.612  29.617 0.0000000000
70403  -37.134  -27.473  28.526 0.0000000000
70423  -38.587  -27.058  27.191 0.0000000000
51619  -19.540  -41.716  44.137 0.0000000000
51599  -19.990  -42.461  44.941 0.0000000000
51601  -22.100  -41.736  45.306 0.0000000000
51604  -24.701  -42.500  45.626 0.0000000000
51603  -23.942  -42.015  45.568 0.0000000000
51564  -24.923  -42.453  46.742 0.0000000000
52907  -26.729  -41.101  39.014 0.0000000000
52924  -25.756  -40.876  38.136 0.0000000000
52906  -25.458  -41.725  38.689 0.0000000000
51680  -28.096  -41.873  40.892 0.0000000000
51679  -27.210  -42.014  40.563 0.0000000000
50409  -27.878  -42.213  41.509 0.0000000000
50393  -27.620  -42.542  42.159 0.0000000000
51643  -27.841  -41.821  42.675 0.0000000000
59014  -29.515  -35.514  37.967 0.0000000000
57684  -29.908  -36.918  39.081 0.0000000000
57711  -29.370  -36.763  38.387 0.0000000000
56489  -29.510  -37.864  39.166 0.0000000000
56488  -28.721  -38.532  39.053 0.0000000000
56459  -29.705  -38.325  39.773 0.0000000000
55314  -31.649  -38.290  40.467 0.0000000000
56461  -30.694  -37.556  40.242 0.0000000000
55287  -31.262  -39.039  40.746 0.0000000000
55286  -30.436  -38.637  40.547 0.0000000000
54075  -29.792  -39.624  40.872 0.0000000000
55284  -29.108  -39.190  40.033 0.0000000000
52870  -29.280  -40.408  40.987 0.0000000000
51645  -29.620  -41.744  42.555 0.0000000000
50395  -29.187  -41.951  42.480 0.0000000000
50394  -28.715  -41.996  42.541 0.0000000000
50350  -28.928  -43.124  43.786 0.0000000000
50380  -34.139  -42.571  43.747 0.0000000000
50355  -33.605  -42.759  44.382 0.0000000000
54020  -38.232  -39.303  44.525 0.0000000000
45365  -11.099  -47.238  44.543 0.0000000000
45366  -11.986  -46.976  44.423 0.0000000000
49118  -14.544  -43.787  41.107 0.0000000000
46564  -13.917  -46.218  42.517 0.0000000000
46599  -13.700  -45.622  41.819 0.0000000000
46581  -13.472  -46.058  42.127 0.0000000000
45414  -13.136  -46.606  42.426 0.0000000000
45413  -12.344  -46.561  42.492 0.0000000000
44208  -14.831  -47.832  45.379 0.0000000000
42960  -13.829  -48.367  44.812 0.0000000000
42953  -14.173  -48.500  45.235 0.0000000000
42952  -13.310  -48.523  45.209 0.0000000000
42934  -14.000  -49.350  46.821 0.0000000000
42935  -14.975  -48.599  47.091 0.0000000000
47718  -16.474  -44.721  48.032 0.0000000000
46462  -16.407  -45.680  48.556 0.0000000000
71678  -41.253  -25.504  27.368 0.0000000000
71660  -41.647  -25.643  27.952 0.0000000000
71679  -41.813  -25.382  27.808 0.0000000000
72824  -42.955  -24.799  28.403 0.0000000000
72806  -43.166  -24.926  29.065 0.0000000000
71646  -43.696  -25.269  29.418 0.0000000000
72789  -44.613  -24.910  29.698 0.0000000000
75468  -44.425  -22.444  28.217 0.0000000000
75443  -44.032  -23.010  28.458 0.0000000000
75444  -44.652  -22.770  28.921 0.0000000000
75406  -46.073  -23.537  30.602 0.0000000000
74112  -45.423  -23.629  29.489 0.0000000000
75405  -45.755  -23.785  30.308 0.0000000000
74065  -45.950  -24.468  30.666 0.0000000000
152084  -48.257  -24.495  33.141 0.0000000000
78081  -48.485  -20.420  26.747 0.0000000000
78055  -48.095  -20.455  27.180 0.0000000000
79356  -48.847  -19.741  28.958 0.0000000000
79369  -48.394  -19.790  28.308 0.0000000000
79354  -47.287  -20.242  28.796 0.0000000000
80667  -57.780  -18.436  22.776 0.0000000000
81854  -58.718  -18.825  23.455 0.0000000000
80668  -58.260  -18.106  22.770 0.0000000000
84248  -59.230  -15.878  22.897 0.0000000000
152271  -59.936  -15.407  22.567 0.0000000000
84278  -58.669  -15.590  20.694 0.0000000000
88001  -59.835  -12.777  20.958 0.0000000000
86738  -59.797  -13.628  21.422 0.0000000000
86730  -59.839  -13.653  22.116 0.0000000000
152277  -60.681  -14.009  22.581 0.0000000000
87970  -60.402  -13.410  22.664 0.0000000000
89210  -61.158  -13.082  22.975 0.0000000000
89217  -60.749  -12.868  22.766 0.0000000000
89241  -61.021  -11.715  20.766 0.0000000000
87990  -61.421  -12.403  21.657 0.0000000000
88002  -61.404  -12.429  20.648 0.0000000000
85534  -61.396  -14.113  20.760 0.0000000000
86750  -61.751  -13.305  20.275 0.0000000000
88054  -58.218  -12.306  16.414 0.0000000000
89289  -58.171  -11.654  17.112 0.0000000000
90547  -58.510  -10.756  17.574 0.0000000000
90548  -59.378  -10.761  17.675 0.0000000000
90549  -59.811  -11.063  18.224 0.0000000000
89275  -59.754  -11.554  17.843 0.0000000000
86776  -61.541  -13.494  18.225 0.0000000000
88033  -61.216  -12.376  18.886 0.0000000000
85551  -61.696  -14.327  18.593 0.0000000000
84292  -61.460  -15.282  17.916 0.0000000000
86812  -61.371  -14.226  14.835 0.0000000000
86813  -61.815  -14.281  14.771 0.0000000000
85615  -62.041  -14.561  14.540 0.0000000000
59086  -39.463  -35.985  36.936 0.0000000000
57791  -35.398  -37.076  35.385 0.0000000000
56569  -37.432  -37.421  36.796 0.0000000000
56548  -37.732  -37.378  37.250 0.0000000000
69171  -41.361  -27.498  30.577 0.0000000000
69185  -41.680  -27.513  30.066 0.0000000000
69205  -41.985  -26.995  29.876 0.0000000000
70389  -42.320  -26.591  29.363 0.0000000000
78111  -56.492  -20.930  25.263 0.0000000000
79409  -57.840  -20.110  26.762 0.0000000000
79428  -58.777  -19.351  26.889 0.0000000000
80628  -58.615  -18.479  27.253 0.0000000000
80627  -58.328  -17.725  27.203 0.0000000000
81824  -58.158  -17.633  26.509 0.0000000000
45364  -10.470  -47.288  44.719 0.0000000000
45342  -10.170  -47.377  45.321 0.0000000000
45325  -10.710  -47.616  45.963 0.0000000000
44181  -10.246  -47.937  47.050 0.0000000000
44166  -10.466  -47.922  47.651 0.0000000000
64448  -43.247  -31.220  34.367 0.0000000000
65635  -41.936  -30.475  33.010 0.0000000000
66818  -41.753  -29.917  32.591 0.0000000000
66799  -42.237  -29.631  33.159 0.0000000000
66815  -40.071  -29.007  31.163 0.0000000000
50371  -25.392  -43.689  43.457 0.0000000000
49086  -25.369  -43.625  43.963 0.0000000000
47807  -27.622  -44.631  45.478 0.0000000000
47808  -28.198  -44.339  45.121 0.0000000000
49044  -28.886  -43.888  45.346 0.0000000000
56415  -33.740  -37.998  42.300 0.0000000000
56391  -33.882  -38.045  42.638 0.0000000000
54015  -34.707  -40.029  44.085 0.0000000000
54016  -35.216  -39.745  44.441 0.0000000000
54003  -35.344  -39.980  45.261 0.0000000000
50345  -15.684  -42.953  44.140 0.0000000000
50305  -16.309  -43.607  46.010 0.0000000000
50306  -16.773  -43.494  46.179 0.0000000000
79400  -44.910  -19.913  27.188 0.0000000000
79384  -45.888  -19.979  27.279 0.0000000000
60356  -44.330  -35.050  41.306 0.0000000000
58995  -44.118  -35.431  40.702 0.0000000000
59022  -44.098  -35.460  39.830 0.0000000000
60380  -44.091  -35.579  38.436 0.0000000000
60436  -41.493  -35.590  35.299 0.0000000000
60437  -42.260  -35.621  35.623 0.0000000000
61760  -42.251  -34.439  34.411 0.0000000000
61783  -42.210  -33.399  34.077 0.0000000000
54042  -17.565  -40.990  41.626 0.0000000000
52839  -17.973  -41.158  42.401 0.0000000000
54045  -19.995  -40.239  41.591 0.0000000000
52885  -21.817  -40.766  40.454 0.0000000000
54101  -21.256  -40.331  40.474 0.0000000000
51677  -23.499  -42.359  41.535 0.0000000000
57744  -35.240  -37.871  37.492 0.0000000000
57659  -35.375  -38.067  40.348 0.0000000000
57631  -36.741  -37.910  41.220 0.0000000000
57607  -37.571  -38.289  42.113 0.0000000000
57632  -37.333  -37.966  41.442 0.0000000000
57637  -42.766  -36.414  41.491 0.0000000000
58973  -43.451  -36.024  41.198 0.0000000000
54095  -16.818  -40.969  40.646 0.0000000000
54067  -17.151  -40.976  40.991 0.0000000000
67883  -46.398  -28.962  35.699 0.0000000000
66746  -47.275  -28.349  36.084 0.0000000000
67862  -47.283  -28.239  36.847 0.0000000000
69046  -47.375  -27.914  37.156 0.0000000000
69121  -48.939  -27.248  34.788 0.0000000000
152065  -48.742  -27.141  34.547 0.0000000000
69098  -49.637  -26.056  34.510 0.0000000000
79423  -49.994  -20.037  25.448 0.0000000000
79424  -50.463  -20.684  25.292 0.0000000000
78082  -50.749  -20.807  26.004 0.0000000000
76759  -54.961  -22.235  27.525 0.0000000000
76735  -54.621  -22.018  28.634 0.0000000000
84249  -61.129  -14.610  22.369 0.0000000000
79478  -46.281  -19.800  22.245 0.0000000000
79479  -47.293  -19.866  22.242 0.0000000000
79501  -49.002  -19.945  21.317 0.0000000000
79518  -52.398  -19.638  21.179 0.0000000000
79505  -52.981  -19.952  21.584 0.0000000000
78153  -53.242  -20.453  22.157 0.0000000000
78164  -53.538  -20.333  21.727 0.0000000000
79506  -54.248  -19.861  21.264 0.0000000000
79507  -55.500  -19.548  21.399 0.0000000000
79520  -54.977  -19.437  20.921 0.0000000000
80695  -55.293  -18.783  20.664 0.0000000000
44151  -7.510  -48.637  48.897 0.0000000000
41632  -12.837  -49.752  51.328 0.0000000000
42873  -11.897  -49.672  51.535 0.0000000000
42872  -10.970  -49.634  51.785 0.0000000000
41591  -11.138  -50.097  53.476 0.0000000000
41602  -9.521  -50.265  52.839 0.0000000000
42869  -8.654  -49.483  51.753 0.0000000000
41601  -8.885  -50.491  52.580 0.0000000000
42856  -8.233  -50.163  52.104 0.0000000000
41600  -8.058  -50.588  52.612 0.0000000000
40263  -7.382  -50.907  52.569 0.0000000000
38824  -8.015  -51.419  52.607 0.0000000000
37368  -8.336  -52.140  52.366 0.0000000000
62934  -45.465  -33.217  40.303 0.0000000000
64303  -45.224  -32.295  41.155 0.0000000000
64343  -45.055  -32.178  39.787 0.0000000000
64322  -44.912  -31.996  40.296 0.0000000000
65544  -44.685  -31.663  40.122 0.0000000000
66728  -43.869  -30.281  38.648 0.0000000000
65587  -44.672  -30.740  37.159 0.0000000000
65597  -45.309  -30.504  35.992 0.0000000000
65596  -44.815  -30.124  36.240 0.0000000000
69139  -40.988  -28.046  32.934 0.0000000000
71578  -40.936  -27.400  32.377 0.0000000000
71579  -40.977  -27.071  32.835 0.0000000000
71599  -41.411  -27.072  32.663 0.0000000000
71597  -40.607  -27.517  31.478 0.0000000000
52799  -20.177  -41.035  43.898 0.0000000000
50333  -26.128  -43.413  46.870 0.0000000000
50313  -25.560  -42.908  46.819 0.0000000000
54150  -27.382  -39.913  37.721 0.0000000000
52945  -26.725  -40.156  37.482 0.0000000000
51693  -26.646  -41.842  40.012 0.0000000000
52888  -27.355  -40.905  39.933 0.0000000000
52889  -28.079  -40.981  40.512 0.0000000000
52869  -28.339  -40.963  41.236 0.0000000000
60394  -30.028  -35.466  38.253 0.0000000000
60374  -29.822  -35.263  38.365 0.0000000000
59016  -30.432  -36.397  38.616 0.0000000000
57685  -30.346  -36.797  39.197 0.0000000000
57626  -30.049  -37.198  40.685 0.0000000000
54077  -31.739  -39.782  41.510 0.0000000000
54049  -30.811  -40.142  41.928 0.0000000000
52872  -30.445  -40.550  41.768 0.0000000000
51681  -29.508  -40.885  41.637 0.0000000000
51666  -30.250  -41.293  42.187 0.0000000000
51646  -30.184  -41.736  43.019 0.0000000000
50376  -30.268  -42.320  43.623 0.0000000000
47824  -14.672  -44.815  43.630 0.0000000000
46544  -14.584  -45.811  44.182 0.0000000000
45404  -14.572  -46.926  43.669 0.0000000000
44226  -14.007  -47.552  43.585 0.0000000000
47706  -16.890  -44.657  49.012 0.0000000000
46455  -16.790  -45.378  49.145 0.0000000000
72844  -42.142  -24.794  27.701 0.0000000000
72845  -42.747  -24.455  27.838 0.0000000000
74133  -43.053  -24.258  27.890 0.0000000000
72825  -43.545  -24.184  28.689 0.0000000000
76705  -45.374  -22.351  29.164 0.0000000000
76668  -46.390  -23.235  30.314 0.0000000000
76669  -46.466  -23.284  30.689 0.0000000000
79327  -49.403  -22.812  32.516 0.0000000000
79386  -48.717  -20.430  27.608 0.0000000000
80592  -50.133  -20.333  28.136 0.0000000000
80576  -49.645  -19.691  29.223 0.0000000000
81883  -57.479  -17.517  21.815 0.0000000000
81872  -58.212  -17.529  22.534 0.0000000000
83020  -58.178  -17.100  21.726 0.0000000000
84263  -58.759  -16.076  21.707 0.0000000000
88017  -59.600  -12.553  19.916 0.0000000000
89226  -60.015  -12.445  21.396 0.0000000000
89227  -60.411  -12.449  21.987 0.0000000000
89239  -60.044  -11.984  20.431 0.0000000000
90509  -60.154  -11.032  20.308 0.0000000000
91748  -60.500  -10.270  19.906 0.0000000000
86796  -57.751  -13.620  16.593 0.0000000000
86797  -58.320  -13.307  16.180 0.0000000000
86787  -58.998  -13.278  17.106 0.0000000000
88041  -59.524  -12.389  17.485 0.0000000000
88043  -61.165  -13.047  18.008 0.0000000000
85568  -61.700  -14.757  16.527 0.0000000000
85627  -61.730  -14.447  13.816 0.0000000000
84372  -61.953  -15.263  13.378 0.0000000000
59046  -41.684  -35.802  38.185 0.0000000000
59088  -41.189  -35.876  36.110 0.0000000000
59087  -40.019  -36.082  36.388 0.0000000000
59110  -40.964  -35.569  35.427 0.0000000000
54098  -18.682  -39.812  39.930 0.0000000000
54123  -21.542  -40.322  39.604 0.0000000000
54124  -22.125  -40.693  39.412 0.0000000000
57789  -33.339  -36.924  35.179 0.0000000000
57692  -37.992  -37.452  39.370 0.0000000000
58991  -40.454  -36.006  39.181 0.0000000000
71558  -44.064  -26.276  34.198 0.0000000000
71543  -45.260  -26.729  35.056 0.0000000000
71582  -44.616  -26.327  33.926 0.0000000000
69143  -44.583  -27.859  33.472 0.0000000000
67956  -44.434  -28.109  32.815 0.0000000000
69161  -43.744  -28.029  32.144 0.0000000000
69162  -44.947  -27.833  32.316 0.0000000000
69175  -44.929  -27.569  31.517 0.0000000000
70344  -45.212  -27.389  31.706 0.0000000000
70358  -45.401  -26.446  31.583 0.0000000000
78127  -52.171  -21.319  23.952 0.0000000000
78109  -52.578  -21.433  25.296 0.0000000000
76804  -53.156  -21.637  25.226 0.0000000000
76780  -54.009  -21.809  26.074 0.0000000000
76781  -55.130  -21.938  26.471 0.0000000000
75476  -55.639  -22.399  28.104 0.0000000000
75477  -56.501  -22.324  28.514 0.0000000000
80629  -59.015  -18.289  27.348 0.0000000000
84177  -60.037  -15.508  26.012 0.0000000000
152272  -60.085  -14.553  25.144 0.0000000000
46490  -9.577  -46.851  45.002 0.0000000000
45340  -8.817  -47.056  46.122 0.0000000000
45322  -8.763  -47.324  46.902 0.0000000000
44164  -8.969  -47.990  47.965 0.0000000000
63025  -43.800  -32.624  36.262 0.0000000000
64402  -44.072  -32.041  36.948 0.0000000000
64401  -43.745  -31.370  36.667 0.0000000000
64425  -43.562  -30.736  34.956 0.0000000000
65595  -43.509  -30.467  36.302 0.0000000000
67856  -43.568  -29.553  36.315 0.0000000000
67879  -43.646  -29.028  35.992 0.0000000000
67922  -42.514  -28.873  34.410 0.0000000000
67921  -42.386  -28.539  34.159 0.0000000000
67953  -41.851  -28.682  32.414 0.0000000000
67932  -41.302  -28.368  32.792 0.0000000000
69138  -40.484  -28.139  31.832 0.0000000000
70325  -39.765  -27.949  31.440 0.0000000000
70339  -39.454  -27.874  31.393 0.0000000000
51641  -23.101  -41.915  43.585 0.0000000000
51623  -23.458  -42.145  44.725 0.0000000000
50331  -25.224  -42.856  45.521 0.0000000000
50332  -25.787  -42.975  46.000 0.0000000000
55380  -27.263  -38.949  37.557 0.0000000000
55364  -27.805  -38.837  38.673 0.0000000000
56487  -28.150  -38.853  38.964 0.0000000000
56490  -32.086  -37.794  40.164 0.0000000000
55342  -32.201  -38.280  40.275 0.0000000000
55315  -32.559  -38.956  40.313 0.0000000000
55268  -33.612  -38.737  42.022 0.0000000000
54078  -32.857  -39.692  41.627 0.0000000000
52874  -32.793  -40.097  41.964 0.0000000000
52850  -32.787  -40.481  42.369 0.0000000000
51648  -32.661  -41.268  42.766 0.0000000000
50397  -32.184  -41.662  42.639 0.0000000000
51649  -33.450  -41.631  42.926 0.0000000000
51650  -34.472  -41.965  43.370 0.0000000000
51625  -34.678  -41.604  44.401 0.0000000000
49084  -15.049  -43.837  43.273 0.0000000000
46492  -15.166  -45.861  46.148 0.0000000000
46493  -15.877  -45.539  46.672 0.0000000000
47731  -16.359  -44.745  47.128 0.0000000000
48978  -16.753  -44.246  47.352 0.0000000000
47719  -16.923  -44.497  48.518 0.0000000000
75521  -43.306  -22.757  26.828 0.0000000000
75492  -43.933  -22.288  27.346 0.0000000000
75493  -44.294  -22.345  27.733 0.0000000000
78051  -45.218  -20.731  27.146 0.0000000000
76727  -45.565  -21.661  28.490 0.0000000000
76728  -46.072  -21.614  28.869 0.0000000000
78015  -46.423  -21.622  29.318 0.0000000000
84276  -56.959  -15.642  20.051 0.0000000000
84277  -57.837  -15.712  20.235 0.0000000000
85531  -57.417  -15.086  19.891 0.0000000000
85576  -57.394  -14.311  17.047 0.0000000000
84317  -60.043  -14.774  16.850 0.0000000000
84318  -60.560  -14.564  16.410 0.0000000000
85613  -60.341  -14.736  15.106 0.0000000000
85614  -60.783  -14.289  14.618 0.0000000000
84354  -59.242  -16.089  14.168 0.0000000000
85624  -60.079  -14.523  14.125 0.0000000000
42918  -11.843  -49.498  47.781 0.0000000000
61634  -45.379  -33.928  41.063 0.0000000000
60357  -44.694  -34.716  40.754 0.0000000000
61655  -45.217  -34.173  40.247 0.0000000000
61656  -45.393  -33.689  40.346 0.0000000000
61699  -45.108  -33.548  39.177 0.0000000000
62977  -44.882  -33.353  39.033 0.0000000000
60398  -43.619  -35.662  37.835 0.0000000000
61715  -44.380  -35.243  36.663 0.0000000000
63079  -42.316  -32.854  33.522 0.0000000000
63080  -42.759  -32.448  33.943 0.0000000000
64479  -41.921  -31.729  32.217 0.0000000000
64478  -41.250  -31.390  31.954 0.0000000000
51617  -17.571  -42.389  44.470 0.0000000000
52816  -19.663  -41.218  43.175 0.0000000000
52800  -20.811  -41.242  43.872 0.0000000000
51639  -21.455  -41.559  43.812 0.0000000000
51678  -23.862  -42.753  42.307 0.0000000000
50390  -24.578  -42.951  42.659 0.0000000000
49103  -26.259  -43.885  43.108 0.0000000000
50372  -27.165  -43.217  42.698 0.0000000000
57766  -29.999  -36.417  36.698 0.0000000000
60411  -30.089  -35.420  37.894 0.0000000000
59064  -31.760  -37.136  36.532 0.0000000000
56545  -33.551  -38.148  38.040 0.0000000000
56518  -32.787  -37.985  38.013 0.0000000000
57687  -32.312  -37.625  39.529 0.0000000000
57629  -34.296  -37.961  41.320 0.0000000000
57630  -34.994  -37.877  40.970 0.0000000000
57605  -34.164  -37.830  42.098 0.0000000000
57590  -34.578  -38.367  42.157 0.0000000000
56393  -35.266  -38.735  42.502 0.0000000000
55224  -36.703  -39.223  44.159 0.0000000000
56377  -36.889  -38.877  43.635 0.0000000000
55247  -37.673  -38.877  43.697 0.0000000000
56379  -38.563  -38.469  43.820 0.0000000000
56420  -37.750  -38.387  42.713 0.0000000000
56380  -38.980  -38.442  44.268 0.0000000000
56398  -39.398  -37.910  43.843 0.0000000000
57579  -42.446  -36.419  44.790 0.0000000000
58944  -43.713  -35.174  43.940 0.0000000000
50421  -14.773  -42.335  39.998 0.0000000000
52835  -15.900  -42.055  41.519 0.0000000000
52865  -16.166  -41.455  41.106 0.0000000000
52836  -16.280  -41.946  41.609 0.0000000000
51616  -17.038  -42.251  43.881 0.0000000000
65600  -48.117  -30.121  35.565 0.0000000000
65613  -48.639  -30.371  35.207 0.0000000000
65614  -49.645  -30.080  35.532 0.0000000000
70287  -46.118  -26.903  35.560 0.0000000000
70262  -46.818  -27.396  36.311 0.0000000000
69071  -47.526  -27.602  36.585 0.0000000000
67884  -48.679  -27.953  37.280 0.0000000000
69097  -49.729  -26.966  35.512 0.0000000000
79403  -47.201  -20.002  26.223 0.0000000000
78105  -48.223  -20.410  26.057 0.0000000000
79404  -49.120  -20.291  26.877 0.0000000000
79405  -49.776  -19.870  26.587 0.0000000000
80609  -49.994  -20.022  27.209 0.0000000000
80610  -50.669  -20.173  27.553 0.0000000000
80613  -52.484  -19.016  28.340 0.0000000000
78057  -52.373  -20.497  27.524 0.0000000000
76734  -53.631  -21.300  28.339 0.0000000000
78035  -52.596  -20.241  28.174 0.0000000000
79371  -52.849  -20.035  28.349 0.0000000000
42877  -5.377  -49.776  50.788 0.0000000000
70442  -39.698  -26.359  26.843 0.0000000000
70426  -40.538  -26.315  27.534 0.0000000000
74149  -40.975  -23.804  26.748 0.0000000000
74173  -41.785  -23.359  26.256 0.0000000000
75520  -42.527  -22.345  26.186 0.0000000000
76774  -42.802  -21.217  26.195 0.0000000000
78076  -43.716  -20.824  26.093 0.0000000000
78101  -42.771  -20.560  25.051 0.0000000000
79443  -50.957  -21.092  24.222 0.0000000000
79482  -50.243  -20.507  22.221 0.0000000000
79444  -51.568  -21.134  23.922 0.0000000000
78128  -53.538  -21.185  24.235 0.0000000000
78129  -54.987  -20.913  23.857 0.0000000000
79446  -55.950  -20.296  23.785 0.0000000000
80642  -57.289  -19.536  24.225 0.0000000000
80650  -57.169  -19.332  23.845 0.0000000000
81870  -57.180  -18.177  22.165 0.0000000000
80684  -56.526  -18.961  21.607 0.0000000000
83018  -56.844  -17.127  20.933 0.0000000000
83044  -56.344  -15.912  19.820 0.0000000000
84287  -56.512  -15.430  19.844 0.0000000000
44156  -11.081  -48.581  48.362 0.0000000000
44145  -10.924  -48.754  49.127 0.0000000000
44155  -10.502  -48.012  48.676 0.0000000000
44154  -9.751  -48.074  48.812 0.0000000000
44153  -8.875  -48.411  48.932 0.0000000000
41592  -12.245  -50.050  53.065 0.0000000000
42852  -11.907  -49.652  52.856 0.0000000000
41618  -10.515  -49.372  51.738 0.0000000000
41604  -10.847  -49.641  53.131 0.0000000000
42871  -10.254  -49.303  51.851 0.0000000000
42883  -10.201  -49.102  51.041 0.0000000000
44136  -9.456  -48.892  50.412 0.0000000000
44152  -8.061  -48.414  49.206 0.0000000000
42905  -7.750  -48.676  49.483 0.0000000000
42880  -7.811  -49.355  50.904 0.0000000000
41629  -5.557  -49.898  51.342 0.0000000000
41614  -5.638  -50.444  51.682 0.0000000000
40271  -5.195  -50.837  52.041 0.0000000000
40262  -6.766  -51.076  52.426 0.0000000000
38822  -6.596  -51.418  52.043 0.0000000000
60419  -48.367  -34.963  37.539 0.0000000000
64260  -45.883  -31.849  43.125 0.0000000000
64284  -45.901  -31.918  42.198 0.0000000000
64363  -44.230  -31.627  38.869 0.0000000000
65559  -44.200  -31.143  39.503 0.0000000000
66717  -44.065  -30.419  39.187 0.0000000000
65560  -44.454  -31.003  39.425 0.0000000000
65547  -45.778  -31.317  40.082 0.0000000000
65548  -46.256  -31.428  39.918 0.0000000000
61681  -46.362  -32.780  39.164 0.0000000000
61700  -46.227  -33.287  38.609 0.0000000000
62978  -45.506  -32.158  38.158 0.0000000000
61717  -46.684  -33.607  37.414 0.0000000000
60440  -46.820  -34.250  36.940 0.0000000000
61737  -46.972  -33.683  36.497 0.0000000000
63052  -46.848  -32.322  35.385 0.0000000000
64404  -46.412  -31.649  35.307 0.0000000000
66757  -45.975  -29.541  35.456 0.0000000000
67860  -45.783  -28.290  35.965 0.0000000000
69068  -45.291  -27.741  36.226 0.0000000000
70285  -44.438  -27.219  35.031 0.0000000000
69066  -43.709  -28.590  35.726 0.0000000000
69091  -43.661  -27.943  35.167 0.0000000000
70305  -42.237  -27.730  34.069 0.0000000000
70283  -42.945  -27.728  34.543 0.0000000000
70284  -43.720  -27.301  34.576 0.0000000000
71541  -43.966  -26.562  34.577 0.0000000000
70343  -42.010  -26.793  32.480 0.0000000000
70354  -41.890  -27.514  31.928 0.0000000000
71615  -41.389  -27.498  32.063 0.0000000000
70369  -40.819  -27.716  30.009 0.0000000000
69220  -39.538  -27.115  27.972 0.0000000000
66828  -39.488  -29.243  30.678 0.0000000000
67980  -38.678  -28.770  30.352 0.0000000000
69184  -38.189  -28.350  30.360 0.0000000000
69170  -38.692  -28.122  30.782 0.0000000000
69169  -37.839  -27.712  30.331 0.0000000000
70350  -37.501  -27.563  30.225 0.0000000000
70383  -36.768  -27.500  29.457 0.0000000000
70366  -37.747  -27.458  30.057 0.0000000000
70422  -37.451  -26.896  27.343 0.0000000000
69219  -39.103  -27.470  27.760 0.0000000000
69237  -39.103  -27.257  27.364 0.0000000000
51598  -18.769  -42.411  45.104 0.0000000000
52921  -22.771  -41.236  38.417 0.0000000000
52904  -23.331  -41.788  39.143 0.0000000000
51706  -24.016  -42.192  39.584 0.0000000000
51691  -24.599  -42.304  40.177 0.0000000000
50423  -25.164  -42.648  40.733 0.0000000000
50424  -26.204  -42.566  40.542 0.0000000000
50392  -26.759  -43.407  41.981 0.0000000000
57709  -28.685  -36.174  37.339 0.0000000000
59041  -29.386  -36.264  37.826 0.0000000000
57710  -28.791  -36.595  37.842 0.0000000000
56543  -28.640  -37.073  37.929 0.0000000000
55340  -28.168  -38.920  39.548 0.0000000000
56462  -31.490  -37.641  40.243 0.0000000000
56439  -30.321  -37.045  40.936 0.0000000000
57625  -30.360  -37.279  40.282 0.0000000000
55311  -29.278  -38.845  39.825 0.0000000000
55310  -28.631  -39.007  39.875 0.0000000000
54104  -28.361  -39.479  40.070 0.0000000000
52845  -28.294  -40.850  41.629 0.0000000000
51644  -27.866  -41.777  43.081 0.0000000000
49090  -28.440  -43.131  43.675 0.0000000000
50334  -28.942  -43.135  44.778 0.0000000000
50335  -29.210  -43.232  45.194 0.0000000000
50378  -32.397  -42.293  43.034 0.0000000000
50354  -32.738  -42.759  44.205 0.0000000000
49069  -32.276  -43.508  44.938 0.0000000000
46519  -10.488  -47.035  44.369 0.0000000000
44206  -11.322  -47.602  45.112 0.0000000000
42944  -12.327  -48.545  45.858 0.0000000000
47867  -13.876  -45.049  41.444 0.0000000000
44224  -12.702  -47.323  43.573 0.0000000000
44216  -13.432  -47.814  44.093 0.0000000000
44215  -12.596  -47.619  44.146 0.0000000000
42951  -12.581  -48.220  44.864 0.0000000000
70407  -41.354  -26.155  28.398 0.0000000000
70390  -42.931  -26.276  29.379 0.0000000000
71661  -42.134  -25.448  28.338 0.0000000000
71644  -42.326  -25.682  29.009 0.0000000000
71629  -43.271  -26.075  29.437 0.0000000000
71619  -45.433  -25.896  31.366 0.0000000000
74152  -43.364  -23.062  27.504 0.0000000000
75445  -45.380  -23.172  29.275 0.0000000000
74111  -44.767  -23.823  29.289 0.0000000000
72808  -44.441  -24.366  29.508 0.0000000000
72790  -45.471  -25.098  30.222 0.0000000000
72774  -45.884  -25.401  30.736 0.0000000000
71620  -45.946  -25.761  31.766 0.0000000000
78079  -47.026  -20.690  26.491 0.0000000000
76754  -47.245  -21.118  26.771 0.0000000000
79385  -48.000  -19.860  27.578 0.0000000000
78034  -47.102  -20.764  28.119 0.0000000000
78017  -47.564  -21.239  30.391 0.0000000000
81839  -58.699  -18.761  24.181 0.0000000000
81840  -58.732  -17.667  24.483 0.0000000000
82992  -59.237  -16.887  23.772 0.0000000000
82977  -59.081  -16.841  24.831 0.0000000000
84214  -59.570  -15.887  24.735 0.0000000000
152278  -59.745  -15.076  24.681 0.0000000000
152279  -59.924  -14.343  24.235 0.0000000000
152284  -60.640  -14.332  23.282 0.0000000000
152281  -60.484  -13.682  24.375 0.0000000000
87972  -61.021  -14.070  23.578 0.0000000000
86721  -61.359  -13.484  22.666 0.0000000000
89228  -61.124  -12.175  21.956 0.0000000000
86732  -62.044  -13.098  22.570 0.0000000000
85523  -61.448  -14.139  21.605 0.0000000000
84266  -61.174  -15.141  21.373 0.0000000000
90538  -58.902  -10.098  18.485 0.0000000000
90539  -59.448  -10.574  18.347 0.0000000000
90528  -61.165  -10.727  19.586 0.0000000000
89268  -60.741  -11.808  18.742 0.0000000000
88018  -61.559  -12.577  19.795 0.0000000000
85543  -61.747  -14.250  19.706 0.0000000000
85598  -61.564  -14.432  15.449 0.0000000000
85599  -62.063  -14.606  15.134 0.0000000000
84356  -61.655  -15.660  14.023 0.0000000000
38825  -8.636  -51.159  52.739 0.0000000000
40250  -8.768  -50.956  52.860 0.0000000000
40251  -9.160  -51.083  53.619 0.0000000000
40264  -8.274  -50.961  52.778 0.0000000000
40273  -6.793  -50.877  52.289 0.0000000000
41587  -8.638  -50.809  52.686 0.0000000000
41599  -7.470  -50.703  52.401 0.0000000000
41617  -10.336  -49.248  51.722 0.0000000000
41630  -10.336  -49.246  51.617 0.0000000000
42857  -8.745  -49.902  52.207 0.0000000000
42908  -13.842  -50.088  48.480 0.0000000000
42958  -12.977  -48.052  44.366 0.0000000000
44194  -11.465  -47.840  45.739 0.0000000000
44207  -11.864  -47.632  44.897 0.0000000000
44225  -13.235  -47.507  43.454 0.0000000000
45403  -13.867  -46.944  42.827 0.0000000000
46491  -9.737  -46.995  44.932 0.0000000000
46580  -12.626  -46.252  41.910 0.0000000000
46582  -14.082  -45.635  42.191 0.0000000000
47866  -12.671  -44.961  41.102 0.0000000000
48996  -16.979  -43.881  47.136 0.0000000000
49085  -15.292  -43.360  43.057 0.0000000000
50336  -33.924  -42.695  45.083 0.0000000000
50349  -25.488  -43.178  45.335 0.0000000000
50356  -34.320  -42.363  44.335 0.0000000000
50425  -26.781  -42.263  40.537 0.0000000000
51576  -17.989  -43.027  46.145 0.0000000000
51605  -25.249  -42.667  45.845 0.0000000000
51660  -18.338  -41.426  42.789 0.0000000000
51682  -29.875  -41.005  41.671 0.0000000000
52801  -21.202  -41.447  43.849 0.0000000000
52815  -17.852  -41.333  42.850 0.0000000000
52847  -29.236  -40.773  41.477 0.0000000000
52926  -27.081  -40.199  37.639 0.0000000000
52946  -26.940  -40.046  37.527 0.0000000000
54007  -38.090  -39.486  44.705 0.0000000000
54019  -37.982  -39.363  44.412 0.0000000000
54047  -27.943  -40.147  41.688 0.0000000000
54048  -28.034  -40.223  41.543 0.0000000000
54050  -31.129  -40.042  41.976 0.0000000000
54151  -27.161  -39.973  37.596 0.0000000000
54176  -26.990  -39.814  37.493 0.0000000000
55223  -35.810  -39.145  44.101 0.0000000000
55226  -38.332  -39.014  44.147 0.0000000000
55248  -37.896  -38.992  43.821 0.0000000000
55270  -36.207  -38.360  41.411 0.0000000000
55290  -35.778  -38.367  41.336 0.0000000000
55291  -36.011  -38.325  41.234 0.0000000000
55309  -28.079  -39.228  39.881 0.0000000000
55313  -30.847  -38.172  40.510 0.0000000000
56378  -37.095  -39.060  43.761 0.0000000000
56416  -33.921  -37.889  42.437 0.0000000000
56437  -30.242  -38.064  40.123 0.0000000000
56438  -30.449  -37.356  40.388 0.0000000000
56460  -30.545  -37.741  40.311 0.0000000000
56465  -35.848  -38.157  40.763 0.0000000000
56517  -29.454  -37.266  38.761 0.0000000000
56519  -33.162  -38.159  38.243 0.0000000000
56520  -36.269  -37.754  37.826 0.0000000000
56544  -33.164  -38.104  37.787 0.0000000000
57591  -34.970  -38.575  41.942 0.0000000000
57592  -39.446  -37.639  43.224 0.0000000000
57604  -33.881  -37.793  42.208 0.0000000000
57606  -34.781  -38.255  41.558 0.0000000000
57627  -30.348  -37.189  40.396 0.0000000000
57738  -28.524  -36.890  37.659 0.0000000000
57739  -29.869  -36.456  36.935 0.0000000000
57740  -30.065  -36.516  37.046 0.0000000000
57746  -37.733  -37.322  37.751 0.0000000000
57765  -29.770  -36.353  36.769 0.0000000000
57818  -38.816  -36.427  34.750 0.0000000000
58958  -44.484  -34.950  42.367 0.0000000000
58975  -44.392  -35.194  42.052 0.0000000000
58990  -30.747  -37.033  39.418 0.0000000000
58996  -44.507  -35.064  40.377 0.0000000000
59065  -39.515  -36.020  37.288 0.0000000000
59070  -46.858  -34.482  37.128 0.0000000000
59071  -46.996  -34.660  37.230 0.0000000000
59082  -29.677  -36.141  36.505 0.0000000000
59090  -46.865  -34.718  36.943 0.0000000000
59091  -47.098  -34.988  37.051 0.0000000000
60373  -29.491  -34.980  38.213 0.0000000000
60375  -30.128  -35.770  38.298 0.0000000000
60416  -44.386  -35.478  37.122 0.0000000000
60417  -46.959  -34.273  37.313 0.0000000000
60439  -43.766  -34.127  35.736 0.0000000000
61635  -45.424  -33.516  40.628 0.0000000000
61680  -45.356  -33.824  39.992 0.0000000000
61718  -47.149  -34.067  37.649 0.0000000000
61759  -41.714  -34.958  34.249 0.0000000000
62914  -45.405  -32.996  41.527 0.0000000000
62933  -45.346  -32.680  40.623 0.0000000000
62958  -45.411  -33.488  39.925 0.0000000000
62980  -46.637  -31.907  38.910 0.0000000000
63097  -42.027  -32.852  32.993 0.0000000000
63098  -42.631  -32.414  33.039 0.0000000000
64235  -45.982  -32.034  43.585 0.0000000000
64261  -46.201  -31.592  43.159 0.0000000000
64321  -44.841  -31.812  39.991 0.0000000000
64366  -46.356  -31.821  38.837 0.0000000000
64449  -43.418  -30.678  34.691 0.0000000000
64466  -42.199  -31.290  32.875 0.0000000000
65545  -44.857  -31.557  39.826 0.0000000000
65575  -45.611  -31.495  38.930 0.0000000000
65611  -43.417  -30.256  34.884 0.0000000000
66754  -43.515  -29.849  35.990 0.0000000000
66755  -44.452  -29.472  36.087 0.0000000000
66771  -44.915  -28.909  35.546 0.0000000000
66772  -48.618  -29.684  35.655 0.0000000000
66785  -43.130  -30.111  34.597 0.0000000000
66798  -41.358  -28.654  32.249 0.0000000000
67861  -46.622  -28.347  36.059 0.0000000000
67864  -48.847  -28.274  37.304 0.0000000000
67905  -44.531  -28.884  35.686 0.0000000000
67936  -44.100  -28.333  32.925 0.0000000000
67954  -42.158  -29.234  32.522 0.0000000000
67955  -44.218  -28.207  32.568 0.0000000000
69043  -45.533  -28.128  36.155 0.0000000000
69045  -46.713  -28.035  36.952 0.0000000000
69047  -48.137  -27.877  36.978 0.0000000000
69070  -47.152  -27.402  36.217 0.0000000000
69089  -42.617  -28.198  34.498 0.0000000000
69114  -42.349  -28.221  34.209 0.0000000000
69116  -44.768  -27.537  33.907 0.0000000000
69137  -40.031  -28.041  31.476 0.0000000000
69159  -42.023  -27.664  31.955 0.0000000000
69181  -36.822  -27.613  29.859 0.0000000000
69188  -44.069  -27.124  30.744 0.0000000000
69221  -39.702  -26.852  27.928 0.0000000000
69238  -39.389  -27.117  27.574 0.0000000000
69239  -39.567  -26.959  27.756 0.0000000000
70240  -46.904  -27.676  37.040 0.0000000000
70241  -47.220  -27.654  37.083 0.0000000000
70263  -47.111  -27.541  36.876 0.0000000000
70286  -45.090  -26.901  35.474 0.0000000000
70288  -46.680  -27.130  35.870 0.0000000000
70308  -44.900  -27.621  34.083 0.0000000000
70309  -45.367  -27.514  34.523 0.0000000000
70310  -45.772  -26.929  34.954 0.0000000000
70330  -43.819  -26.602  33.634 0.0000000000
70331  -44.464  -26.828  33.898 0.0000000000
70349  -37.075  -27.368  30.293 0.0000000000
70370  -42.629  -26.717  29.900 0.0000000000
70373  -44.670  -26.259  30.924 0.0000000000
70443  -40.088  -26.355  27.151 0.0000000000
71544  -45.705  -26.641  35.151 0.0000000000
71559  -44.636  -27.054  34.413 0.0000000000
71561  -45.630  -26.721  34.941 0.0000000000
71581  -44.357  -26.124  33.867 0.0000000000
71598  -40.944  -27.452  31.984 0.0000000000
71601  -45.588  -26.272  31.751 0.0000000000
71616  -41.994  -26.887  32.450 0.0000000000
71617  -42.090  -26.326  32.495 0.0000000000
71618  -44.849  -26.082  31.131 0.0000000000
71632  -45.459  -25.588  30.649 0.0000000000
71645  -43.139  -25.581  29.150 0.0000000000
71662  -42.617  -25.377  28.729 0.0000000000
72760  -46.194  -25.715  32.046 0.0000000000
72788  -43.940  -25.096  29.585 0.0000000000
74083  -44.879  -24.323  29.477 0.0000000000
75422  -45.826  -23.376  29.863 0.0000000000
75423  -46.220  -23.238  30.134 0.0000000000
75524  -55.810  -22.097  26.605 0.0000000000
75548  -54.251  -22.106  24.698 0.0000000000
75565  -54.065  -21.914  24.587 0.0000000000
75566  -54.408  -21.783  24.568 0.0000000000
76704  -44.882  -22.298  29.001 0.0000000000
76753  -45.558  -21.538  27.796 0.0000000000
76755  -47.571  -20.947  26.846 0.0000000000
76777  -47.303  -20.886  26.473 0.0000000000
76778  -47.483  -20.928  26.629 0.0000000000
78074  -42.442  -20.756  25.407 0.0000000000
78078  -45.333  -20.368  26.322 0.0000000000
78106  -48.335  -20.420  26.313 0.0000000000
78113  -57.451  -20.217  25.641 0.0000000000
78132  -57.239  -20.398  25.409 0.0000000000
78152  -48.967  -20.402  22.467 0.0000000000
78163  -53.239  -20.266  21.818 0.0000000000
79382  -44.887  -20.202  27.263 0.0000000000
79389  -52.282  -19.777  28.271 0.0000000000
79463  -51.995  -20.522  23.527 0.0000000000
79464  -52.563  -20.602  23.222 0.0000000000
79517  -51.819  -19.415  20.998 0.0000000000
80625  -50.724  -20.097  27.239 0.0000000000
80652  -58.377  -18.511  23.134 0.0000000000
81884  -57.876  -17.485  22.136 0.0000000000
82962  -59.269  -16.332  26.326 0.0000000000
82964  -60.269  -15.842  26.058 0.0000000000
82970  -59.428  -16.094  25.260 0.0000000000
82978  -59.383  -16.352  25.011 0.0000000000
82993  -59.456  -16.430  24.453 0.0000000000
83114  -61.843  -15.786  13.210 0.0000000000
83127  -61.931  -15.619  12.901 0.0000000000
84176  -59.568  -15.835  26.121 0.0000000000
84194  -59.248  -15.927  26.063 0.0000000000
84279  -59.209  -15.494  21.140 0.0000000000
84303  -59.761  -14.509  17.363 0.0000000000
84337  -60.360  -14.737  16.231 0.0000000000
84357  -62.028  -15.081  14.212 0.0000000000
85444  -59.894  -15.240  25.600 0.0000000000
85445  -60.115  -15.055  25.622 0.0000000000
85530  -57.031  -15.168  19.896 0.0000000000
85566  -60.313  -13.880  17.499 0.0000000000
85596  -60.385  -14.747  15.574 0.0000000000
86731  -61.684  -13.619  22.003 0.0000000000
86740  -61.846  -13.128  21.994 0.0000000000
86790  -61.346  -13.704  17.426 0.0000000000
86811  -57.895  -13.287  15.841 0.0000000000
86814  -62.008  -14.354  14.676 0.0000000000
86828  -61.289  -14.149  14.254 0.0000000000
86829  -61.626  -14.115  14.400 0.0000000000
86830  -61.854  -14.253  14.427 0.0000000000
86842  -61.250  -14.136  13.920 0.0000000000
86843  -61.556  -14.151  14.070 0.0000000000
87971  -60.913  -13.614  22.866 0.0000000000
87973  -61.829  -13.055  23.100 0.0000000000
87980  -60.016  -13.026  22.509 0.0000000000
87981  -60.322  -12.924  22.628 0.0000000000
87982  -62.037  -12.684  22.701 0.0000000000
87989  -60.135  -12.779  22.353 0.0000000000
87991  -61.895  -12.789  22.099 0.0000000000
88032  -60.827  -12.167  18.630 0.0000000000
88040  -58.885  -12.403  17.088 0.0000000000
89211  -61.177  -13.257  22.893 0.0000000000
89218  -60.986  -12.580  22.738 0.0000000000
89219  -61.656  -12.495  22.746 0.0000000000
89229  -61.753  -12.381  22.319 0.0000000000
89238  -59.855  -11.763  19.850 0.0000000000
89269  -61.114  -11.293  19.156 0.0000000000
89276  -60.202  -11.585  18.423 0.0000000000
90494  -59.860  -10.244  21.136 0.0000000000
90495  -60.939  -10.214  20.997 0.0000000000
90496  -61.202  -10.146  20.614 0.0000000000
90510  -60.630  -10.865  20.563 0.0000000000
90511  -61.102  -10.552  20.335 0.0000000000
90527  -60.766  -10.650  19.501 0.0000000000
90541  -60.988  -10.893  19.099 0.0000000000
91724  -59.940  -9.939  20.874 0.0000000000
91725  -60.197  -9.916  20.742 0.0000000000
91726  -60.623  -9.977  20.509 0.0000000000
91735  -59.910  -10.069  20.587 0.0000000000
91736  -60.253  -9.925  20.280 0.0000000000
91737  -61.083  -10.073  19.964 0.0000000000
91747  -59.805  -10.468  19.930 0.0000000000
91749  -60.973  -10.274  19.853 0.0000000000
91759  -58.965  -9.824  18.059 0.0000000000
152058  -48.659  -27.055  34.308 0.0000000000
152075  -48.937  -26.841  34.505 0.0000000000
152273  -60.288  -13.997  24.542 0.0000000000
152275  -59.602  -15.478  24.242 0.0000000000
152280  -60.320  -13.682  24.049 0.0000000000
152282  -60.780  -13.560  24.117 0.0000000000
152283  -59.729  -14.757  24.179 0.0000000000
152286  -60.591  -13.677  23.511 0.0000000000
