#!ascii label  , from subject 3119 vox2ras=TkReg
816
42897  29.710  -40.820  48.429 0.0000000000
69486  43.552  -18.847  40.580 0.0000000000
78017  51.004  -11.934  39.619 0.0000000000
61930  45.215  -24.369  47.563 0.0000000000
48970  33.655  -35.081  44.024 0.0000000000
44100  33.209  -38.781  47.567 0.0000000000
74305  47.509  -14.949  40.372 0.0000000000
72990  48.032  -15.707  44.657 0.0000000000
58374  42.355  -27.666  47.282 0.0000000000
50258  38.547  -34.352  45.081 0.0000000000
74495  51.639  -14.638  30.968 0.0000000000
78118  49.074  -12.364  34.814 0.0000000000
65638  43.772  -21.551  44.864 0.0000000000
70484  43.504  -18.070  47.375 0.0000000000
46497  32.420  -37.278  47.484 0.0000000000
44102  31.585  -39.563  47.651 0.0000000000
71836  46.341  -16.395  40.443 0.0000000000
74272  48.010  -15.025  42.897 0.0000000000
73026  45.761  -16.348  42.814 0.0000000000
53839  43.647  -31.641  44.323 0.0000000000
47735  35.781  -36.628  44.537 0.0000000000
50276  36.010  -34.367  44.429 0.0000000000
46569  37.481  -36.847  43.768 0.0000000000
75669  51.293  -13.660  31.177 0.0000000000
73165  49.507  -15.294  31.643 0.0000000000
75639  49.193  -14.466  32.328 0.0000000000
78055  48.161  -12.533  37.589 0.0000000000
78130  46.856  -12.859  34.625 0.0000000000
78076  49.440  -12.086  37.143 0.0000000000
75532  48.944  -13.794  37.353 0.0000000000
73071  50.240  -14.826  39.271 0.0000000000
59548  44.030  -26.176  48.178 0.0000000000
61965  43.809  -24.446  45.908 0.0000000000
64285  43.619  -22.631  48.326 0.0000000000
68233  43.062  -19.654  46.777 0.0000000000
66892  44.081  -20.442  48.783 0.0000000000
69395  44.931  -18.704  47.695 0.0000000000
63080  46.124  -23.001  46.771 0.0000000000
48930  34.074  -35.966  46.549 0.0000000000
74352  46.653  -14.267  37.404 0.0000000000
76729  49.837  -12.434  40.168 0.0000000000
75459  49.807  -14.177  42.013 0.0000000000
73009  49.316  -15.789  43.601 0.0000000000
53770  40.063  -31.801  47.186 0.0000000000
54895  42.247  -30.728  47.710 0.0000000000
57197  44.155  -28.808  46.919 0.0000000000
58390  45.739  -27.823  45.361 0.0000000000
59590  46.531  -26.274  45.302 0.0000000000
53791  38.958  -32.751  45.908 0.0000000000
50241  39.786  -34.096  45.988 0.0000000000
73226  51.913  -15.682  29.712 0.0000000000
75640  48.755  -13.767  32.506 0.0000000000
74372  48.983  -13.993  35.037 0.0000000000
73115  47.892  -15.619  36.263 0.0000000000
71766  43.276  -17.380  43.677 0.0000000000
72944  45.454  -16.325  46.664 0.0000000000
70512  46.492  -17.168  45.650 0.0000000000
42882  30.198  -41.337  48.858 0.0000000000
42896  30.363  -40.805  48.338 0.0000000000
41566  30.736  -40.874  47.863 0.0000000000
70592  44.794  -17.749  40.935 0.0000000000
73041  46.003  -16.436  41.792 0.0000000000
71818  44.730  -17.318  41.944 0.0000000000
47752  36.825  -36.372  43.775 0.0000000000
75695  50.373  -13.668  30.504 0.0000000000
75670  49.964  -14.522  31.041 0.0000000000
75671  49.058  -14.364  31.597 0.0000000000
78035  49.626  -11.769  38.461 0.0000000000
78053  49.016  -12.035  37.681 0.0000000000
78034  50.295  -11.862  38.739 0.0000000000
75515  50.082  -13.268  38.611 0.0000000000
59524  44.540  -25.323  47.861 0.0000000000
61917  43.685  -24.495  48.208 0.0000000000
63041  43.990  -23.400  48.706 0.0000000000
65586  43.842  -21.892  48.530 0.0000000000
63055  44.849  -22.496  48.511 0.0000000000
65585  45.237  -21.624  48.174 0.0000000000
61928  46.070  -23.585  47.272 0.0000000000
48915  33.135  -36.296  47.263 0.0000000000
46494  34.256  -37.694  47.761 0.0000000000
46505  34.863  -37.752  46.427 0.0000000000
73096  46.723  -15.565  38.606 0.0000000000
74341  46.496  -15.199  37.897 0.0000000000
73095  47.319  -14.972  38.557 0.0000000000
75517  47.997  -13.318  38.440 0.0000000000
75487  48.212  -13.882  40.225 0.0000000000
76716  49.842  -12.849  40.863 0.0000000000
74303  48.583  -14.304  41.384 0.0000000000
74257  47.830  -15.131  43.586 0.0000000000
75451  48.424  -15.211  43.210 0.0000000000
72989  48.650  -15.838  44.488 0.0000000000
71781  49.311  -16.957  43.441 0.0000000000
71744  48.393  -16.255  44.791 0.0000000000
52655  41.277  -32.841  47.021 0.0000000000
53751  41.548  -31.129  47.799 0.0000000000
52654  42.005  -31.934  47.095 0.0000000000
54949  44.078  -30.386  45.450 0.0000000000
56055  44.788  -28.876  45.829 0.0000000000
50275  37.058  -34.148  44.245 0.0000000000
50244  37.699  -34.040  45.510 0.0000000000
51469  38.694  -33.367  45.783 0.0000000000
50223  39.306  -33.517  46.520 0.0000000000
50257  39.389  -34.489  45.050 0.0000000000
75668  52.688  -13.181  31.451 0.0000000000
73198  52.255  -15.293  30.468 0.0000000000
73153  48.393  -15.099  33.123 0.0000000000
78119  48.023  -12.577  34.500 0.0000000000
76864  47.117  -13.444  33.800 0.0000000000
76863  47.924  -13.182  33.634 0.0000000000
75641  47.874  -14.238  33.000 0.0000000000
76862  48.784  -13.075  33.650 0.0000000000
75610  49.254  -13.586  33.696 0.0000000000
75589  49.489  -13.378  34.680 0.0000000000
73104  48.854  -14.884  37.923 0.0000000000
74360  48.603  -14.768  36.488 0.0000000000
57200  42.205  -28.521  46.898 0.0000000000
58391  42.507  -27.334  46.265 0.0000000000
63081  43.957  -23.400  46.226 0.0000000000
61980  43.791  -24.651  44.922 0.0000000000
70502  42.510  -18.688  46.962 0.0000000000
69423  42.742  -18.573  45.159 0.0000000000
71732  42.573  -17.690  45.673 0.0000000000
71768  41.896  -17.288  43.639 0.0000000000
71747  43.285  -17.068  45.211 0.0000000000
72972  44.804  -16.019  45.385 0.0000000000
71715  44.155  -16.943  47.062 0.0000000000
68231  45.434  -19.505  46.520 0.0000000000
69411  45.178  -18.321  46.777 0.0000000000
69436  45.380  -18.454  44.936 0.0000000000
69452  46.357  -18.393  43.907 0.0000000000
45299  32.191  -38.618  47.887 0.0000000000
44101  32.389  -39.221  47.685 0.0000000000
42935  32.182  -39.976  46.971 0.0000000000
42914  31.586  -40.511  47.303 0.0000000000
73055  47.045  -15.689  40.529 0.0000000000
74288  48.207  -14.883  41.804 0.0000000000
74289  47.388  -15.451  41.998 0.0000000000
74273  47.363  -15.367  42.756 0.0000000000
72992  46.727  -15.770  44.514 0.0000000000
48953  35.018  -35.441  44.526 0.0000000000
50291  34.583  -34.924  43.793 0.0000000000
47753  35.834  -35.985  43.798 0.0000000000
48966  36.639  -35.336  43.507 0.0000000000
48952  38.611  -34.826  43.861 0.0000000000
48951  39.401  -35.036  44.155 0.0000000000
47750  39.135  -35.925  43.733 0.0000000000
74464  51.011  -14.312  31.243 0.0000000000
73177  50.261  -14.985  30.579 0.0000000000
74466  49.746  -15.009  31.308 0.0000000000
74438  49.423  -14.802  32.154 0.0000000000
74439  49.000  -14.998  32.921 0.0000000000
76806  46.836  -13.243  36.314 0.0000000000
76829  47.405  -12.635  35.806 0.0000000000
78098  48.635  -12.159  35.595 0.0000000000
78097  49.229  -12.421  35.611 0.0000000000
76828  49.527  -12.779  35.274 0.0000000000
76778  49.559  -12.800  37.420 0.0000000000
74338  49.708  -13.976  38.573 0.0000000000
58341  43.265  -26.794  48.110 0.0000000000
60779  42.915  -26.322  46.908 0.0000000000
60749  43.533  -25.689  47.671 0.0000000000
63068  43.688  -23.788  47.510 0.0000000000
64310  43.703  -22.360  46.786 0.0000000000
66983  43.393  -20.353  45.243 0.0000000000
66964  43.220  -20.620  47.101 0.0000000000
68197  42.714  -20.008  48.106 0.0000000000
69379  43.724  -19.079  48.537 0.0000000000
70464  44.733  -18.416  47.994 0.0000000000
68176  44.991  -19.333  48.690 0.0000000000
65583  45.650  -20.962  47.407 0.0000000000
65605  45.997  -21.388  46.129 0.0000000000
48933  32.049  -35.583  46.567 0.0000000000
48932  32.719  -35.388  46.362 0.0000000000
48941  34.231  -35.714  45.649 0.0000000000
47720  35.150  -36.308  45.515 0.0000000000
46523  35.172  -37.847  45.793 0.0000000000
75533  47.597  -13.271  37.796 0.0000000000
78020  48.708  -11.992  38.793 0.0000000000
78002  50.684  -11.853  39.942 0.0000000000
76728  50.826  -12.296  40.461 0.0000000000
75472  50.494  -13.393  41.508 0.0000000000
74286  50.509  -14.539  41.689 0.0000000000
75460  49.117  -14.415  42.251 0.0000000000
74270  49.293  -15.108  42.686 0.0000000000
54915  40.472  -31.292  46.616 0.0000000000
54914  40.835  -30.855  46.883 0.0000000000
56014  41.781  -29.855  47.300 0.0000000000
56013  42.427  -29.788  47.453 0.0000000000
53807  43.412  -30.915  46.772 0.0000000000
54911  43.808  -30.751  47.053 0.0000000000
57181  43.315  -28.590  47.406 0.0000000000
57180  44.282  -27.817  47.792 0.0000000000
57195  44.933  -27.086  46.872 0.0000000000
58371  45.464  -26.543  46.550 0.0000000000
60761  46.274  -25.356  46.334 0.0000000000
59578  46.263  -26.795  45.396 0.0000000000
53771  39.466  -32.060  47.049 0.0000000000
51454  40.237  -32.987  47.244 0.0000000000
50239  41.414  -33.305  46.271 0.0000000000
48938  40.122  -34.833  44.719 0.0000000000
50271  40.655  -34.531  44.515 0.0000000000
73253  53.687  -15.506  29.489 0.0000000000
75697  48.776  -14.445  30.956 0.0000000000
74418  49.165  -14.262  33.094 0.0000000000
74396  48.692  -14.679  34.553 0.0000000000
75566  48.736  -14.105  35.840 0.0000000000
74373  48.608  -14.854  35.507 0.0000000000
73126  48.191  -15.501  35.023 0.0000000000
61981  43.568  -25.421  45.599 0.0000000000
71803  41.924  -17.967  41.704 0.0000000000
70557  43.486  -17.612  42.339 0.0000000000
73012  44.420  -16.638  43.744 0.0000000000
72993  45.564  -15.953  44.522 0.0000000000
72970  46.669  -15.871  45.503 0.0000000000
70482  45.119  -17.566  47.135 0.0000000000
71712  46.243  -16.409  46.412 0.0000000000
71746  47.303  -16.492  45.540 0.0000000000
70526  47.574  -17.297  44.591 0.0000000000
61962  46.639  -24.549  46.041 0.0000000000
63094  46.554  -23.819  45.772 0.0000000000
42883  29.807  -41.262  49.033 0.0000000000
41549  29.778  -41.814  48.987 0.0000000000
70573  44.912  -17.503  41.444 0.0000000000
70574  43.987  -17.881  41.670 0.0000000000
75696  49.542  -14.317  30.452 0.0000000000
76744  50.810  -12.458  39.312 0.0000000000
60729  44.686  -24.824  47.776 0.0000000000
61915  44.342  -24.103  48.276 0.0000000000
61914  44.844  -23.884  47.965 0.0000000000
63040  44.626  -23.069  48.553 0.0000000000
61913  45.315  -23.696  47.751 0.0000000000
63053  45.642  -23.281  47.668 0.0000000000
61929  45.637  -23.935  47.380 0.0000000000
45298  33.068  -38.519  48.131 0.0000000000
46495  33.497  -37.736  48.207 0.0000000000
45297  33.771  -38.371  47.849 0.0000000000
45308  33.904  -38.628  47.186 0.0000000000
74319  47.268  -15.136  39.903 0.0000000000
73073  47.429  -15.122  39.165 0.0000000000
74318  47.758  -14.435  39.831 0.0000000000
75486  48.894  -13.419  40.635 0.0000000000
74304  48.121  -14.570  40.780 0.0000000000
74242  47.902  -15.291  44.124 0.0000000000
74241  48.370  -15.311  43.990 0.0000000000
72968  48.206  -16.059  45.009 0.0000000000
50219  41.564  -32.939  46.584 0.0000000000
52639  41.769  -32.137  47.235 0.0000000000
51463  41.674  -32.535  46.640 0.0000000000
50259  37.828  -34.382  45.225 0.0000000000
51481  38.033  -33.580  45.495 0.0000000000
51479  38.474  -34.125  45.422 0.0000000000
50242  38.932  -34.001  45.568 0.0000000000
51492  38.603  -34.168  45.283 0.0000000000
74463  52.047  -13.991  31.443 0.0000000000
74494  52.710  -14.555  30.937 0.0000000000
76849  48.462  -12.830  33.954 0.0000000000
76848  48.972  -12.657  34.110 0.0000000000
76861  49.247  -13.038  33.778 0.0000000000
76847  49.445  -12.815  34.427 0.0000000000
71881  49.081  -16.527  38.428 0.0000000000
73094  48.760  -15.981  38.224 0.0000000000
58375  41.989  -27.782  47.102 0.0000000000
58392  42.179  -27.778  46.571 0.0000000000
59580  41.989  -27.291  47.046 0.0000000000
64323  43.989  -22.463  45.588 0.0000000000
65659  43.649  -21.687  43.605 0.0000000000
70485  42.805  -18.575  47.248 0.0000000000
70501  42.748  -18.218  46.392 0.0000000000
70500  43.131  -17.825  46.663 0.0000000000
71748  42.550  -17.384  44.736 0.0000000000
71731  43.333  -17.331  46.089 0.0000000000
72958  44.334  -16.515  46.192 0.0000000000
66962  45.460  -19.881  45.990 0.0000000000
68245  45.289  -19.306  45.571 0.0000000000
66982  45.531  -20.060  45.484 0.0000000000
68256  45.361  -19.343  44.682 0.0000000000
45300  31.199  -39.363  47.617 0.0000000000
42894  31.760  -39.769  47.568 0.0000000000
42913  32.002  -39.889  47.362 0.0000000000
71857  45.910  -16.943  39.880 0.0000000000
71858  45.259  -17.252  39.262 0.0000000000
71856  46.484  -16.167  39.952 0.0000000000
73040  46.933  -15.902  41.527 0.0000000000
73056  46.454  -16.286  41.031 0.0000000000
73025  46.634  -15.854  42.414 0.0000000000
73010  46.441  -15.943  43.509 0.0000000000
74258  47.349  -15.348  43.603 0.0000000000
47736  35.264  -35.942  44.656 0.0000000000
47754  35.348  -35.625  44.039 0.0000000000
48965  37.787  -35.204  43.432 0.0000000000
47751  37.978  -35.983  43.584 0.0000000000
48964  38.655  -35.369  43.652 0.0000000000
75638  49.629  -14.575  31.705 0.0000000000
74437  49.731  -14.701  31.538 0.0000000000
76780  47.452  -12.899  37.168 0.0000000000
76830  47.077  -12.796  35.709 0.0000000000
76779  48.006  -12.453  36.928 0.0000000000
78052  49.587  -12.147  37.775 0.0000000000
78078  48.403  -12.305  36.570 0.0000000000
78077  49.199  -12.267  36.744 0.0000000000
76802  49.453  -12.245  36.955 0.0000000000
76803  49.357  -12.614  36.495 0.0000000000
76777  49.599  -12.285  37.317 0.0000000000
74337  50.292  -13.749  38.868 0.0000000000
74317  50.175  -14.244  39.002 0.0000000000
73072  49.816  -14.587  39.019 0.0000000000
58340  43.468  -26.591  48.148 0.0000000000
59527  43.464  -26.250  47.899 0.0000000000
59526  43.679  -26.152  48.044 0.0000000000
63056  43.494  -23.639  48.110 0.0000000000
61931  43.605  -24.671  47.873 0.0000000000
64298  43.622  -23.028  47.242 0.0000000000
64311  43.602  -22.193  47.281 0.0000000000
65607  43.508  -21.623  47.354 0.0000000000
65596  43.495  -21.684  47.924 0.0000000000
65573  43.718  -21.242  48.397 0.0000000000
65574  43.387  -21.078  48.311 0.0000000000
66907  43.730  -20.315  48.817 0.0000000000
68179  43.084  -20.005  48.640 0.0000000000
66906  43.942  -19.901  49.134 0.0000000000
68164  44.735  -19.384  48.889 0.0000000000
65560  44.707  -20.439  48.566 0.0000000000
64297  45.493  -22.060  47.486 0.0000000000
65584  45.451  -21.425  47.797 0.0000000000
65595  45.569  -21.703  47.289 0.0000000000
65594  45.771  -21.462  46.785 0.0000000000
64309  46.187  -22.449  46.307 0.0000000000
46507  31.942  -37.419  46.518 0.0000000000
47707  31.842  -36.404  46.208 0.0000000000
47691  32.039  -36.088  47.269 0.0000000000
50226  33.512  -35.656  47.011 0.0000000000
50227  33.059  -35.522  47.065 0.0000000000
50245  33.450  -35.500  46.843 0.0000000000
48931  33.462  -35.527  46.319 0.0000000000
48940  34.783  -35.887  45.959 0.0000000000
48929  34.793  -36.172  46.146 0.0000000000
74353  46.225  -14.786  37.273 0.0000000000
75535  46.477  -14.017  37.109 0.0000000000
75534  46.987  -13.693  37.412 0.0000000000
76746  48.997  -12.345  39.447 0.0000000000
76747  48.268  -12.477  38.800 0.0000000000
76745  49.622  -11.951  39.394 0.0000000000
75473  49.627  -13.481  41.366 0.0000000000
75475  48.536  -14.658  42.173 0.0000000000
75462  48.403  -14.900  42.377 0.0000000000
74255  49.011  -15.336  43.261 0.0000000000
75450  48.733  -15.194  42.945 0.0000000000
73024  49.516  -15.574  43.000 0.0000000000
73023  49.896  -15.542  42.548 0.0000000000
73008  49.665  -15.777  43.129 0.0000000000
53789  40.030  -31.555  46.866 0.0000000000
53788  40.615  -31.261  47.072 0.0000000000
54896  41.887  -31.001  48.008 0.0000000000
55996  41.314  -30.279  47.337 0.0000000000
55994  42.064  -30.514  47.805 0.0000000000
53808  42.527  -31.140  46.083 0.0000000000
54933  42.927  -31.037  45.559 0.0000000000
56056  44.432  -29.539  46.011 0.0000000000
54931  43.710  -30.406  46.436 0.0000000000
56032  43.648  -29.882  46.740 0.0000000000
56033  43.335  -29.395  47.088 0.0000000000
57198  43.594  -28.921  47.121 0.0000000000
57218  45.105  -28.224  46.011 0.0000000000
57196  44.728  -27.757  46.968 0.0000000000
57217  45.055  -27.279  46.366 0.0000000000
58355  45.101  -26.518  47.188 0.0000000000
58389  45.718  -27.034  45.756 0.0000000000
58388  45.977  -26.365  46.156 0.0000000000
50290  35.441  -34.859  43.867 0.0000000000
50262  34.907  -34.287  44.807 0.0000000000
50261  35.603  -34.176  44.973 0.0000000000
52670  38.518  -32.978  45.650 0.0000000000
53830  38.948  -32.559  45.009 0.0000000000
53811  39.307  -32.508  45.752 0.0000000000
53790  39.360  -32.273  46.498 0.0000000000
50204  39.753  -33.296  47.018 0.0000000000
50222  40.052  -33.526  46.603 0.0000000000
50221  40.540  -33.374  46.782 0.0000000000
50240  40.781  -33.727  46.309 0.0000000000
48939  39.873  -34.859  44.732 0.0000000000
51491  41.222  -33.803  44.878 0.0000000000
73225  52.997  -15.753  29.980 0.0000000000
73227  50.691  -15.555  29.303 0.0000000000
78101  46.495  -12.887  35.055 0.0000000000
75614  46.699  -13.981  33.944 0.0000000000
76865  46.860  -13.133  34.454 0.0000000000
75612  48.538  -13.584  33.263 0.0000000000
75672  48.485  -14.521  31.962 0.0000000000
74395  49.258  -14.062  34.097 0.0000000000
75545  49.285  -13.235  36.883 0.0000000000
75565  49.282  -13.367  35.775 0.0000000000
75546  48.789  -13.875  36.589 0.0000000000
61966  43.516  -25.408  46.628 0.0000000000
60789  43.245  -26.294  46.206 0.0000000000
68232  43.520  -19.416  46.015 0.0000000000
69425  41.739  -18.098  44.213 0.0000000000
72996  43.045  -17.107  44.236 0.0000000000
71785  41.956  -17.592  42.792 0.0000000000
71784  42.796  -17.731  42.686 0.0000000000
70544  43.143  -17.708  42.412 0.0000000000
71783  43.565  -17.417  42.941 0.0000000000
71782  44.196  -16.994  43.038 0.0000000000
73013  43.854  -17.074  43.594 0.0000000000
72957  45.040  -16.046  46.022 0.0000000000
72971  45.828  -15.922  45.447 0.0000000000
72956  45.939  -16.011  46.177 0.0000000000
70483  44.473  -17.710  47.508 0.0000000000
70513  45.645  -17.504  46.083 0.0000000000
70499  45.558  -17.359  46.627 0.0000000000
70498  46.234  -17.035  46.257 0.0000000000
71711  46.638  -16.255  46.269 0.0000000000
70497  46.949  -16.829  45.830 0.0000000000
70496  47.388  -16.772  45.395 0.0000000000
70511  47.209  -17.001  45.267 0.0000000000
70542  46.975  -17.610  44.087 0.0000000000
60777  46.614  -25.270  46.074 0.0000000000
59589  46.764  -25.633  45.664 0.0000000000
45301  30.772  -39.782  47.827 0.0000000000
44103  30.938  -40.021  47.990 0.0000000000
42895  31.169  -40.426  47.818 0.0000000000
41567  30.489  -41.191  48.217 0.0000000000
70620  44.843  -17.571  40.058 0.0000000000
70619  45.392  -17.391  40.573 0.0000000000
71837  45.766  -16.797  40.898 0.0000000000
71817  45.369  -17.170  41.585 0.0000000000
71799  45.274  -16.914  42.324 0.0000000000
46546  36.015  -37.145  44.840 0.0000000000
47734  36.370  -36.900  44.414 0.0000000000
46545  36.716  -37.234  44.438 0.0000000000
78036  49.000  -12.032  38.348 0.0000000000
78054  48.600  -12.327  37.586 0.0000000000
76759  49.939  -12.490  38.324 0.0000000000
75499  50.553  -13.179  39.051 0.0000000000
59547  44.398  -25.920  47.927 0.0000000000
60731  43.896  -25.341  48.202 0.0000000000
60730  44.303  -25.095  48.139 0.0000000000
61916  43.945  -24.340  48.401 0.0000000000
63042  43.729  -23.560  48.473 0.0000000000
64270  43.719  -22.857  48.741 0.0000000000
64269  43.969  -22.290  48.816 0.0000000000
64268  44.445  -21.885  48.567 0.0000000000
65572  44.819  -21.295  48.385 0.0000000000
64283  45.068  -22.105  48.386 0.0000000000
64282  45.502  -22.399  47.829 0.0000000000
64295  46.200  -23.339  47.605 0.0000000000
149152  32.238  -36.142  47.384 0.0000000000
149154  33.173  -37.057  47.502 0.0000000000
47690  33.386  -37.171  47.552 0.0000000000
46506  34.307  -37.203  47.062 0.0000000000
46493  34.675  -38.077  47.411 0.0000000000
73097  46.034  -15.773  37.867 0.0000000000
74340  47.034  -14.632  37.910 0.0000000000
75518  47.440  -13.805  38.066 0.0000000000
74339  47.708  -14.274  38.744 0.0000000000
75501  48.332  -13.348  39.503 0.0000000000
75500  48.840  -12.913  39.914 0.0000000000
75485  49.572  -12.986  40.784 0.0000000000
74271  48.017  -14.985  43.017 0.0000000000
74256  48.019  -15.140  43.668 0.0000000000
75440  48.579  -15.259  43.465 0.0000000000
71764  48.862  -16.611  44.282 0.0000000000
71765  48.261  -16.704  44.703 0.0000000000
52641  40.981  -32.085  47.497 0.0000000000
53769  41.056  -31.365  47.448 0.0000000000
52640  41.512  -32.257  47.299 0.0000000000
53767  42.081  -31.777  47.634 0.0000000000
53787  42.667  -31.291  47.187 0.0000000000
54950  43.450  -30.986  44.978 0.0000000000
57219  44.574  -28.844  46.197 0.0000000000
56072  45.154  -28.953  45.067 0.0000000000
50260  36.729  -34.147  45.214 0.0000000000
52672  37.070  -33.437  44.674 0.0000000000
52671  37.716  -33.254  45.305 0.0000000000
52660  38.428  -33.210  45.628 0.0000000000
52659  38.905  -32.916  46.154 0.0000000000
51468  38.999  -33.161  46.447 0.0000000000
74493  53.721  -14.668  31.044 0.0000000000
73166  48.885  -15.266  32.213 0.0000000000
78129  47.201  -12.902  34.315 0.0000000000
78128  47.504  -12.961  34.033 0.0000000000
76881  47.317  -13.683  33.443 0.0000000000
75611  49.026  -13.612  33.294 0.0000000000
74351  48.740  -14.512  37.318 0.0000000000
73105  48.514  -15.471  37.535 0.0000000000
57221  42.476  -28.873  46.449 0.0000000000
63096  43.946  -23.578  45.192 0.0000000000
63112  43.940  -23.926  44.028 0.0000000000
69414  42.438  -19.058  46.888 0.0000000000
69413  43.209  -18.788  46.306 0.0000000000
70514  42.200  -17.960  45.252 0.0000000000
70515  41.871  -17.843  44.524 0.0000000000
72974  43.319  -16.989  44.749 0.0000000000
72995  43.701  -16.733  44.281 0.0000000000
72973  43.751  -16.435  45.239 0.0000000000
72945  44.809  -16.433  46.795 0.0000000000
68214  45.259  -19.361  47.367 0.0000000000
69421  45.264  -18.405  45.848 0.0000000000
70528  45.784  -17.610  45.239 0.0000000000
70527  46.720  -17.342  44.894 0.0000000000
69453  45.777  -18.612  44.368 0.0000000000
46498  31.892  -38.100  46.830 0.0000000000
45310  31.445  -38.609  47.334 0.0000000000
45309  32.161  -38.083  47.794 0.0000000000
46487  32.508  -37.913  48.116 0.0000000000
44116  32.791  -39.305  47.117 0.0000000000
41585  31.118  -41.187  47.530 0.0000000000
71882  46.379  -16.200  39.344 0.0000000000
73074  46.858  -15.632  39.582 0.0000000000
73039  47.564  -15.243  41.257 0.0000000000
74243  47.490  -15.387  44.104 0.0000000000
72991  47.403  -15.723  44.708 0.0000000000
51476  41.806  -32.650  45.984 0.0000000000
48954  34.286  -35.422  44.726 0.0000000000
48968  34.921  -35.228  43.950 0.0000000000
48967  35.758  -35.295  43.753 0.0000000000
50289  36.363  -34.681  43.767 0.0000000000
50288  37.215  -34.642  43.641 0.0000000000
50274  38.006  -34.577  44.295 0.0000000000
50273  38.825  -34.581  44.464 0.0000000000
46567  38.993  -36.601  43.451 0.0000000000
74496  50.952  -14.658  30.917 0.0000000000
74465  50.218  -14.664  30.831 0.0000000000
74419  48.756  -14.586  33.618 0.0000000000
76831  46.529  -13.193  35.391 0.0000000000
78100  46.787  -12.779  35.171 0.0000000000
76804  47.967  -12.416  36.444 0.0000000000
78099  47.602  -12.467  35.591 0.0000000000
78117  49.397  -12.545  34.990 0.0000000000
76760  49.592  -12.901  38.106 0.0000000000
75531  49.350  -13.367  37.862 0.0000000000
74350  49.018  -14.262  38.038 0.0000000000
73093  49.376  -15.276  38.607 0.0000000000
58359  42.926  -27.417  47.781 0.0000000000
59567  42.504  -26.925  47.335 0.0000000000
59549  43.107  -26.536  47.774 0.0000000000
60764  43.205  -26.017  47.321 0.0000000000
61948  43.702  -24.998  47.368 0.0000000000
60732  43.698  -25.438  47.919 0.0000000000
61947  43.928  -24.251  46.814 0.0000000000
66999  43.520  -20.884  44.348 0.0000000000
65620  43.734  -21.377  45.935 0.0000000000
66963  43.523  -20.414  46.341 0.0000000000
66943  42.948  -20.856  47.754 0.0000000000
68234  42.784  -19.526  46.997 0.0000000000
69398  42.554  -19.183  47.431 0.0000000000
70467  42.804  -18.941  47.684 0.0000000000
70466  43.670  -18.494  48.180 0.0000000000
70465  44.239  -18.471  48.315 0.0000000000
70445  44.868  -18.855  48.647 0.0000000000
68194  45.223  -19.510  48.145 0.0000000000
65571  45.170  -20.864  48.259 0.0000000000
66925  45.520  -20.422  47.973 0.0000000000
68193  45.599  -19.898  47.690 0.0000000000
66942  45.805  -20.532  47.038 0.0000000000
66961  45.720  -20.496  46.321 0.0000000000
48955  33.582  -35.142  44.638 0.0000000000
50207  32.175  -35.443  47.116 0.0000000000
50263  32.911  -34.935  45.260 0.0000000000
48942  33.347  -35.369  45.554 0.0000000000
47737  34.804  -35.598  45.032 0.0000000000
47719  35.426  -37.024  45.397 0.0000000000
47705  34.712  -36.825  46.239 0.0000000000
47704  35.086  -37.434  45.804 0.0000000000
76781  46.963  -13.348  36.929 0.0000000000
76761  48.150  -12.803  37.961 0.0000000000
78037  48.455  -12.272  38.273 0.0000000000
78019  49.339  -11.754  38.956 0.0000000000
78018  50.115  -11.711  39.306 0.0000000000
76743  51.866  -12.669  39.819 0.0000000000
78001  51.248  -11.991  40.121 0.0000000000
76727  51.623  -12.511  40.370 0.0000000000
75484  52.187  -13.213  40.464 0.0000000000
76715  50.304  -12.765  40.987 0.0000000000
76714  51.024  -12.707  41.074 0.0000000000
75474  48.789  -14.253  41.785 0.0000000000
74269  49.847  -14.793  42.233 0.0000000000
54934  41.006  -31.010  46.219 0.0000000000
56036  41.361  -30.148  46.688 0.0000000000
54897  41.052  -30.766  47.167 0.0000000000
56015  41.173  -30.035  46.999 0.0000000000
56035  41.989  -29.580  46.864 0.0000000000
56034  42.342  -29.157  47.238 0.0000000000
57182  42.666  -28.477  47.242 0.0000000000
52669  42.039  -31.911  46.437 0.0000000000
54932  43.199  -30.652  45.896 0.0000000000
53786  43.623  -31.030  47.125 0.0000000000
54912  43.039  -30.450  47.314 0.0000000000
56012  42.865  -29.896  47.571 0.0000000000
58358  43.653  -27.091  48.183 0.0000000000
58357  44.391  -26.754  48.058 0.0000000000
57179  44.680  -27.167  47.409 0.0000000000
58372  44.575  -26.432  47.934 0.0000000000
58356  44.758  -26.574  47.600 0.0000000000
59545  45.347  -25.951  47.090 0.0000000000
60745  45.541  -25.504  46.947 0.0000000000
60762  45.887  -25.145  46.666 0.0000000000
59564  45.706  -25.885  46.621 0.0000000000
59577  46.455  -26.196  45.767 0.0000000000
59591  46.439  -26.555  45.177 0.0000000000
58406  46.298  -27.409  44.844 0.0000000000
50278  34.345  -34.446  44.241 0.0000000000
53810  40.084  -31.622  46.081 0.0000000000
51467  39.183  -32.994  47.022 0.0000000000
52643  39.517  -32.414  47.168 0.0000000000
52642  40.255  -32.301  47.353 0.0000000000
51466  40.711  -32.974  47.182 0.0000000000
51477  41.613  -32.954  46.428 0.0000000000
50254  41.606  -33.223  45.895 0.0000000000
50256  40.289  -34.569  45.173 0.0000000000
50272  40.290  -34.738  44.676 0.0000000000
50255  41.202  -33.846  45.521 0.0000000000
42884  29.327  -41.440  48.794 0.0000000000
73254  52.791  -15.649  29.136 0.0000000000
73140  48.163  -15.168  34.052 0.0000000000
73127  47.250  -15.959  35.414 0.0000000000
69475  43.375  -19.240  40.862 0.0000000000
59579  42.451  -26.959  46.672 0.0000000000
70559  42.512  -18.397  41.525 0.0000000000
70558  43.041  -17.906  41.930 0.0000000000
71819  44.303  -17.383  42.135 0.0000000000
73027  44.881  -16.626  43.018 0.0000000000
73011  45.185  -16.087  43.660 0.0000000000
72994  44.434  -16.004  44.451 0.0000000000
72969  47.329  -16.106  45.464 0.0000000000
71714  44.958  -16.803  47.108 0.0000000000
71713  45.626  -16.637  46.679 0.0000000000
72943  46.115  -16.241  46.447 0.0000000000
72942  46.482  -16.068  46.374 0.0000000000
72954  46.771  -16.154  46.104 0.0000000000
71745  47.694  -16.491  45.141 0.0000000000
70510  47.746  -16.873  44.864 0.0000000000
70525  48.425  -17.336  44.206 0.0000000000
70541  47.910  -17.536  43.808 0.0000000000
61964  46.086  -24.560  46.619 0.0000000000
61944  46.177  -24.004  46.787 0.0000000000
63079  46.377  -23.583  46.430 0.0000000000
60796  46.787  -25.363  45.649 0.0000000000
63093  46.640  -24.319  45.908 0.0000000000
64321  46.625  -23.272  45.982 0.0000000000
64322  46.349  -22.762  45.540 0.0000000000
41548  30.072  -41.681  48.743 0.0000000000
46485  33.734  -38.084  48.335 0.0000000000
46504  35.120  -37.695  45.816 0.0000000000
47662  31.913  -35.877  47.847 0.0000000000
47706  33.957  -36.668  46.967 0.0000000000
47721  34.921  -35.846  45.405 0.0000000000
48882  32.096  -35.877  47.687 0.0000000000
48900  31.928  -35.624  47.556 0.0000000000
48916  32.029  -35.499  47.155 0.0000000000
48950  40.115  -35.234  44.387 0.0000000000
48969  34.111  -35.205  43.956 0.0000000000
50203  40.221  -33.315  46.989 0.0000000000
50205  39.394  -33.209  47.019 0.0000000000
50206  32.401  -35.760  47.268 0.0000000000
50220  41.508  -33.093  46.467 0.0000000000
50224  38.843  -33.633  45.847 0.0000000000
50225  38.359  -33.749  45.573 0.0000000000
50228  32.089  -35.184  47.093 0.0000000000
50238  41.643  -32.985  46.311 0.0000000000
50243  38.320  -34.037  45.505 0.0000000000
50246  32.961  -35.369  46.817 0.0000000000
50248  32.153  -35.377  46.982 0.0000000000
50277  35.112  -34.553  44.488 0.0000000000
50292  33.897  -34.942  43.802 0.0000000000
50293  33.640  -34.824  43.993 0.0000000000
51451  41.706  -32.266  46.908 0.0000000000
51452  41.632  -32.330  47.050 0.0000000000
51453  40.559  -33.194  47.064 0.0000000000
51455  39.647  -32.880  47.199 0.0000000000
51464  41.480  -32.757  46.773 0.0000000000
51465  40.962  -33.138  46.957 0.0000000000
51478  41.299  -33.180  46.557 0.0000000000
51480  38.163  -34.213  45.413 0.0000000000
51493  38.352  -34.288  45.276 0.0000000000
51509  34.610  -34.141  44.648 0.0000000000
52656  40.995  -32.710  47.232 0.0000000000
52657  40.645  -32.632  47.303 0.0000000000
52658  39.157  -32.612  46.843 0.0000000000
53752  41.540  -30.926  47.719 0.0000000000
53768  41.674  -31.416  47.806 0.0000000000
53785  43.991  -31.062  47.139 0.0000000000
53806  44.017  -31.078  46.883 0.0000000000
53827  42.757  -31.429  45.484 0.0000000000
54877  42.026  -30.731  47.902 0.0000000000
54878  41.776  -30.826  47.859 0.0000000000
54879  41.462  -30.774  47.591 0.0000000000
54894  42.675  -30.326  47.593 0.0000000000
54913  42.638  -30.828  47.487 0.0000000000
54935  40.493  -31.319  46.371 0.0000000000
54951  43.101  -31.318  45.313 0.0000000000
55995  41.789  -30.367  47.637 0.0000000000
57178  44.954  -26.920  47.115 0.0000000000
57199  42.218  -28.287  47.110 0.0000000000
58370  45.850  -26.172  46.373 0.0000000000
58373  44.317  -26.267  48.164 0.0000000000
59525  44.545  -25.574  47.885 0.0000000000
59546  44.829  -25.821  47.664 0.0000000000
59563  46.175  -25.818  46.294 0.0000000000
59565  44.653  -26.210  47.848 0.0000000000
59566  44.456  -26.103  48.053 0.0000000000
59568  42.157  -27.398  47.181 0.0000000000
59576  47.132  -25.476  45.664 0.0000000000
59604  46.710  -25.596  45.348 0.0000000000
60746  45.282  -25.220  47.369 0.0000000000
60747  44.407  -25.537  48.023 0.0000000000
60748  44.216  -25.633  48.140 0.0000000000
60763  45.563  -25.156  47.033 0.0000000000
60776  47.142  -25.100  45.863 0.0000000000
60778  46.280  -24.994  46.410 0.0000000000
60788  47.240  -25.302  45.728 0.0000000000
60797  46.648  -25.344  45.026 0.0000000000
61945  45.894  -24.237  46.936 0.0000000000
61946  45.577  -24.669  47.154 0.0000000000
61963  46.377  -24.494  46.374 0.0000000000
61977  46.726  -24.808  45.795 0.0000000000
61987  47.013  -25.104  45.893 0.0000000000
63038  45.385  -23.445  47.855 0.0000000000
63039  45.221  -23.386  48.102 0.0000000000
63052  46.398  -23.339  47.665 0.0000000000
63054  45.240  -22.823  48.317 0.0000000000
63065  46.114  -23.488  47.402 0.0000000000
63066  45.999  -23.289  47.126 0.0000000000
63067  43.778  -23.354  46.951 0.0000000000
63078  46.560  -23.989  46.056 0.0000000000
64258  44.118  -21.278  48.458 0.0000000000
64259  44.028  -21.547  48.530 0.0000000000
64280  46.555  -23.227  47.726 0.0000000000
64281  45.999  -23.020  47.580 0.0000000000
64284  43.779  -22.297  48.595 0.0000000000
64296  45.826  -22.583  47.179 0.0000000000
64299  43.575  -22.620  47.616 0.0000000000
64308  46.576  -23.010  46.086 0.0000000000
65561  44.283  -20.839  48.479 0.0000000000
65562  43.989  -20.873  48.452 0.0000000000
65587  43.663  -21.662  48.277 0.0000000000
65606  43.564  -21.263  46.723 0.0000000000
66890  44.936  -19.928  48.813 0.0000000000
66891  44.282  -20.069  49.006 0.0000000000
66905  45.092  -20.040  48.495 0.0000000000
66908  43.191  -20.591  48.487 0.0000000000
66924  45.736  -20.339  47.494 0.0000000000
66926  42.993  -20.994  48.228 0.0000000000
68163  44.747  -19.191  49.235 0.0000000000
68177  44.082  -19.543  48.885 0.0000000000
68178  43.690  -19.675  48.814 0.0000000000
68195  43.839  -18.920  48.646 0.0000000000
68196  43.918  -19.380  48.735 0.0000000000
68198  42.716  -19.445  47.747 0.0000000000
68213  45.786  -19.921  47.203 0.0000000000
68215  42.823  -20.010  47.407 0.0000000000
68216  42.665  -19.494  47.432 0.0000000000
68230  45.818  -20.098  46.816 0.0000000000
68303  43.684  -18.998  41.087 0.0000000000
68304  43.567  -19.162  41.019 0.0000000000
68318  43.681  -19.006  40.869 0.0000000000
68319  43.549  -19.093  40.677 0.0000000000
69347  44.756  -19.030  49.472 0.0000000000
69348  44.655  -19.151  49.514 0.0000000000
69361  44.828  -18.965  49.240 0.0000000000
69362  44.840  -19.135  49.028 0.0000000000
69363  43.614  -19.459  48.640 0.0000000000
69364  43.385  -19.532  48.574 0.0000000000
69377  45.017  -18.943  48.478 0.0000000000
69378  44.247  -18.973  48.644 0.0000000000
69380  43.096  -19.266  48.203 0.0000000000
69381  42.896  -19.266  47.949 0.0000000000
69396  43.411  -18.671  48.074 0.0000000000
69397  43.141  -18.704  47.724 0.0000000000
69412  43.457  -18.971  46.073 0.0000000000
69422  43.420  -18.908  45.788 0.0000000000
69424  41.968  -18.212  44.521 0.0000000000
69435  46.131  -17.925  44.514 0.0000000000
69474  43.490  -18.890  41.202 0.0000000000
69487  43.377  -19.073  40.516 0.0000000000
70446  44.628  -18.918  48.655 0.0000000000
70468  42.616  -19.026  47.621 0.0000000000
70480  46.555  -16.931  46.415 0.0000000000
70481  46.014  -17.146  46.721 0.0000000000
70486  42.497  -18.885  47.302 0.0000000000
70543  43.257  -17.646  42.625 0.0000000000
70572  45.202  -17.375  41.388 0.0000000000
70575  43.033  -19.140  41.436 0.0000000000
70591  45.291  -17.391  41.141 0.0000000000
70593  44.014  -18.233  40.659 0.0000000000
70594  43.180  -18.734  40.403 0.0000000000
71729  47.257  -16.711  45.585 0.0000000000
71730  46.955  -16.451  45.889 0.0000000000
71749  41.806  -17.560  44.097 0.0000000000
71767  42.527  -17.386  43.663 0.0000000000
71800  44.563  -17.111  42.503 0.0000000000
71801  43.993  -17.344  42.430 0.0000000000
71802  42.550  -17.893  41.926 0.0000000000
72941  46.702  -16.035  46.289 0.0000000000
72955  46.648  -15.747  46.120 0.0000000000
72967  48.471  -16.005  44.825 0.0000000000
73054  47.534  -15.070  40.755 0.0000000000
74240  49.024  -15.451  44.070 0.0000000000
74287  48.547  -14.432  41.722 0.0000000000
75441  48.328  -15.215  43.542 0.0000000000
75461  48.569  -14.927  42.577 0.0000000000
75516  49.727  -13.140  38.311 0.0000000000
76730  49.162  -12.750  40.022 0.0000000000
76805  47.534  -12.647  36.236 0.0000000000
76850  46.618  -13.170  34.770 0.0000000000
76882  47.077  -13.746  33.533 0.0000000000
78000  51.407  -12.177  40.256 0.0000000000
78016  51.487  -12.116  40.029 0.0000000000
78079  47.882  -12.414  36.176 0.0000000000
78120  47.074  -12.705  34.822 0.0000000000
78121  46.670  -12.852  34.827 0.0000000000
149153  31.981  -36.127  47.735 0.0000000000
149155  32.993  -36.897  47.446 0.0000000000
149156  32.931  -37.098  47.545 0.0000000000
149157  32.023  -36.225  47.960 0.0000000000
149158  31.842  -36.074  47.952 0.0000000000
149159  32.633  -35.397  47.051 0.0000000000
