#!ascii label  , from subject 3119 vox2ras=TkReg
320
35805  41.437  -46.272  -8.205 0.0000000000
32120  47.839  -49.599  -16.843 0.0000000000
30758  38.436  -50.548  -11.884 0.0000000000
33434  40.637  -48.510  -14.101 0.0000000000
28492  45.861  -52.783  -15.459 0.0000000000
29574  41.594  -51.043  -14.020 0.0000000000
28513  42.842  -52.319  -17.673 0.0000000000
32124  44.137  -49.404  -16.037 0.0000000000
37065  41.175  -45.121  -15.872 0.0000000000
33347  38.125  -48.390  -8.593 0.0000000000
30756  40.543  -49.705  -11.766 0.0000000000
30778  43.300  -50.566  -13.156 0.0000000000
29570  46.799  -52.186  -14.637 0.0000000000
26111  48.678  -54.366  -16.554 0.0000000000
34641  45.495  -47.823  -9.132 0.0000000000
33295  40.762  -48.611  -6.370 0.0000000000
28407  38.155  -51.786  -8.589 0.0000000000
38340  39.446  -44.500  -12.856 0.0000000000
28480  40.458  -51.804  -16.196 0.0000000000
32122  45.908  -49.735  -16.757 0.0000000000
34763  44.006  -47.753  -16.999 0.0000000000
32043  37.885  -49.715  -10.787 0.0000000000
30757  39.478  -49.864  -11.890 0.0000000000
29592  43.645  -51.834  -15.391 0.0000000000
29555  42.519  -51.322  -13.043 0.0000000000
28445  44.573  -52.111  -13.641 0.0000000000
29552  45.305  -51.876  -13.815 0.0000000000
28476  46.639  -53.211  -14.601 0.0000000000
26089  49.854  -53.750  -15.371 0.0000000000
31940  40.818  -50.092  -5.485 0.0000000000
30711  38.569  -50.403  -7.114 0.0000000000
29468  39.610  -51.518  -6.257 0.0000000000
34703  38.910  -47.145  -12.297 0.0000000000
35885  39.091  -46.470  -13.300 0.0000000000
39768  41.380  -43.352  -15.580 0.0000000000
41144  40.644  -42.788  -14.927 0.0000000000
29543  38.827  -51.254  -12.975 0.0000000000
30781  39.868  -50.658  -13.374 0.0000000000
29575  40.505  -51.139  -14.500 0.0000000000
29609  42.510  -51.615  -16.087 0.0000000000
28511  44.864  -52.302  -16.823 0.0000000000
33455  42.320  -49.216  -14.993 0.0000000000
35917  40.238  -46.869  -15.110 0.0000000000
34765  42.124  -47.520  -16.441 0.0000000000
37080  42.826  -45.455  -16.671 0.0000000000
33454  49.755  -49.324  -16.644 0.0000000000
34621  39.007  -47.026  -8.150 0.0000000000
33396  39.424  -47.968  -11.547 0.0000000000
33408  41.018  -49.119  -12.603 0.0000000000
29542  41.739  -50.559  -12.659 0.0000000000
30763  42.445  -50.315  -12.747 0.0000000000
32074  42.076  -49.534  -13.820 0.0000000000
32101  43.740  -50.141  -15.062 0.0000000000
30809  45.904  -51.079  -15.209 0.0000000000
30807  47.788  -51.063  -16.019 0.0000000000
27320  46.822  -53.309  -16.041 0.0000000000
27300  48.055  -53.445  -14.789 0.0000000000
29568  48.728  -52.412  -15.232 0.0000000000
30805  49.800  -50.939  -16.274 0.0000000000
35845  45.037  -46.524  -10.068 0.0000000000
35803  43.473  -46.890  -8.564 0.0000000000
34593  43.168  -48.160  -7.462 0.0000000000
34596  40.747  -47.510  -7.400 0.0000000000
33297  38.778  -48.819  -6.938 0.0000000000
30725  37.606  -50.452  -8.397 0.0000000000
29534  37.561  -51.391  -10.558 0.0000000000
27266  37.831  -52.780  -9.568 0.0000000000
28432  37.630  -52.161  -10.813 0.0000000000
38365  39.572  -44.407  -14.002 0.0000000000
36949  42.334  -45.829  -8.724 0.0000000000
36963  42.154  -45.272  -9.545 0.0000000000
36950  41.302  -45.459  -8.725 0.0000000000
32121  46.876  -49.765  -16.929 0.0000000000
33471  45.569  -48.802  -17.032 0.0000000000
32054  37.975  -49.988  -11.434 0.0000000000
32053  38.553  -49.554  -11.366 0.0000000000
28479  44.237  -52.213  -14.981 0.0000000000
28464  44.337  -52.323  -14.032 0.0000000000
28478  45.065  -52.544  -14.652 0.0000000000
28463  45.145  -52.530  -13.898 0.0000000000
28477  45.868  -52.882  -14.487 0.0000000000
24815  51.106  -55.382  -16.980 0.0000000000
30667  39.913  -50.780  -5.623 0.0000000000
33420  39.820  -48.332  -13.114 0.0000000000
34718  39.383  -47.445  -13.184 0.0000000000
34734  39.619  -47.797  -13.796 0.0000000000
41143  41.184  -42.284  -15.220 0.0000000000
29557  39.967  -51.176  -14.043 0.0000000000
29576  39.739  -51.608  -14.725 0.0000000000
28496  42.067  -51.719  -17.097 0.0000000000
29610  41.616  -51.531  -16.251 0.0000000000
28495  43.091  -51.837  -16.768 0.0000000000
28512  43.889  -52.236  -17.332 0.0000000000
32125  43.340  -49.351  -15.792 0.0000000000
33475  41.712  -48.061  -16.050 0.0000000000
33473  43.583  -48.578  -16.527 0.0000000000
35926  43.183  -46.247  -16.905 0.0000000000
37079  43.761  -45.516  -16.856 0.0000000000
38408  42.318  -44.458  -16.333 0.0000000000
34598  38.641  -47.703  -8.093 0.0000000000
34622  38.470  -47.259  -8.797 0.0000000000
33365  38.221  -48.154  -9.614 0.0000000000
33395  40.059  -48.601  -11.760 0.0000000000
32051  40.666  -49.246  -11.779 0.0000000000
30792  40.898  -50.742  -13.929 0.0000000000
30780  41.056  -50.504  -13.166 0.0000000000
29556  41.864  -50.908  -12.962 0.0000000000
29554  43.673  -51.548  -13.459 0.0000000000
29540  42.915  -50.937  -12.702 0.0000000000
30762  42.935  -50.603  -12.732 0.0000000000
32057  42.197  -49.748  -12.807 0.0000000000
32063  42.966  -49.963  -13.427 0.0000000000
32072  43.383  -49.905  -13.986 0.0000000000
30791  44.064  -50.438  -13.916 0.0000000000
29571  45.969  -51.776  -14.439 0.0000000000
30789  45.338  -51.223  -14.214 0.0000000000
30808  46.870  -51.031  -15.684 0.0000000000
29590  47.330  -51.649  -15.263 0.0000000000
22297  47.942  -56.639  -19.053 0.0000000000
24817  48.971  -55.257  -17.668 0.0000000000
24818  48.107  -55.039  -17.692 0.0000000000
26128  48.267  -54.406  -17.359 0.0000000000
27319  47.798  -53.730  -15.833 0.0000000000
27311  47.072  -53.694  -15.096 0.0000000000
27318  48.413  -54.007  -15.652 0.0000000000
28458  50.206  -52.880  -15.103 0.0000000000
28459  49.287  -52.902  -14.912 0.0000000000
29567  49.700  -52.377  -15.395 0.0000000000
29588  49.230  -51.708  -15.769 0.0000000000
29587  50.204  -51.654  -15.800 0.0000000000
34663  45.572  -47.241  -9.815 0.0000000000
35827  45.066  -47.123  -9.449 0.0000000000
35828  44.351  -46.733  -9.283 0.0000000000
35802  44.148  -47.363  -8.696 0.0000000000
33294  41.952  -48.694  -5.957 0.0000000000
33319  42.722  -48.326  -6.902 0.0000000000
33320  41.775  -48.111  -6.816 0.0000000000
34594  42.567  -47.813  -7.489 0.0000000000
33321  41.017  -48.027  -7.055 0.0000000000
34577  39.590  -48.054  -6.926 0.0000000000
33296  39.561  -48.668  -6.562 0.0000000000
29491  38.371  -51.049  -7.512 0.0000000000
30712  37.939  -50.428  -7.662 0.0000000000
29520  37.761  -51.287  -8.839 0.0000000000
30740  37.608  -50.392  -9.271 0.0000000000
26054  38.568  -53.858  -9.972 0.0000000000
27269  38.119  -53.420  -10.420 0.0000000000
28428  37.736  -52.767  -10.526 0.0000000000
37066  40.363  -45.602  -15.377 0.0000000000
37067  39.657  -46.156  -14.881 0.0000000000
38364  39.954  -44.255  -14.760 0.0000000000
41128  39.649  -42.568  -13.977 0.0000000000
32123  45.000  -49.559  -16.419 0.0000000000
32026  37.821  -49.384  -9.771 0.0000000000
32025  38.116  -48.806  -9.843 0.0000000000
32042  38.474  -48.891  -10.396 0.0000000000
29573  42.755  -51.499  -14.082 0.0000000000
29572  43.603  -51.914  -14.418 0.0000000000
29553  44.646  -51.688  -13.572 0.0000000000
30777  44.304  -51.008  -13.485 0.0000000000
28444  44.994  -52.148  -13.643 0.0000000000
28462  45.982  -52.547  -14.210 0.0000000000
26100  49.009  -54.327  -15.828 0.0000000000
24804  50.351  -55.055  -16.599 0.0000000000
26098  50.965  -54.393  -15.918 0.0000000000
31959  41.122  -49.270  -5.712 0.0000000000
31961  38.943  -49.570  -6.623 0.0000000000
31960  39.851  -49.763  -5.792 0.0000000000
29469  39.320  -51.174  -6.565 0.0000000000
28391  38.892  -51.932  -7.582 0.0000000000
35876  38.924  -46.127  -12.579 0.0000000000
37028  39.207  -45.426  -13.203 0.0000000000
38382  41.562  -44.207  -16.034 0.0000000000
38383  40.598  -44.255  -15.335 0.0000000000
39769  40.779  -43.206  -15.157 0.0000000000
41126  40.858  -41.979  -14.928 0.0000000000
30767  38.695  -50.986  -12.463 0.0000000000
30766  39.242  -50.579  -12.611 0.0000000000
30782  39.268  -50.986  -13.218 0.0000000000
30793  40.458  -50.819  -13.816 0.0000000000
29594  42.072  -51.219  -15.243 0.0000000000
29608  43.289  -51.783  -15.906 0.0000000000
28494  43.943  -52.014  -16.092 0.0000000000
33457  40.960  -48.482  -14.914 0.0000000000
34753  40.459  -47.898  -14.947 0.0000000000
34752  41.070  -47.612  -15.679 0.0000000000
34766  41.610  -47.514  -16.164 0.0000000000
35928  41.623  -46.836  -16.297 0.0000000000
34764  43.183  -47.367  -16.744 0.0000000000
35927  42.441  -46.492  -16.621 0.0000000000
37081  41.805  -45.618  -16.406 0.0000000000
39767  42.083  -43.531  -16.130 0.0000000000
32119  48.764  -49.408  -16.706 0.0000000000
35783  39.730  -46.728  -8.071 0.0000000000
35806  40.389  -46.008  -8.203 0.0000000000
35807  39.200  -46.142  -8.634 0.0000000000
33410  39.640  -48.090  -12.335 0.0000000000
33419  40.558  -48.707  -13.168 0.0000000000
30764  41.479  -50.172  -12.155 0.0000000000
29541  42.209  -50.712  -12.687 0.0000000000
32050  41.235  -49.613  -11.960 0.0000000000
32058  41.645  -49.608  -12.488 0.0000000000
32065  41.909  -49.468  -13.197 0.0000000000
33433  41.399  -49.211  -14.183 0.0000000000
33432  41.997  -49.334  -14.482 0.0000000000
32102  42.895  -49.651  -15.055 0.0000000000
30790  44.827  -50.704  -13.921 0.0000000000
30810  45.034  -50.784  -14.897 0.0000000000
32100  44.600  -50.198  -15.506 0.0000000000
32099  45.448  -50.335  -15.860 0.0000000000
32098  46.345  -50.499  -16.262 0.0000000000
32097  47.324  -50.428  -16.458 0.0000000000
27334  46.378  -53.327  -16.852 0.0000000000
28491  46.423  -53.325  -15.009 0.0000000000
27301  47.339  -53.485  -14.767 0.0000000000
28461  47.261  -52.943  -14.544 0.0000000000
27299  48.917  -53.364  -14.924 0.0000000000
28460  48.341  -52.936  -14.680 0.0000000000
29569  47.769  -52.349  -14.909 0.0000000000
29589  48.255  -51.710  -15.555 0.0000000000
30806  48.777  -51.017  -16.253 0.0000000000
32096  48.309  -50.250  -16.488 0.0000000000
32095  49.402  -49.976  -16.509 0.0000000000
35859  45.522  -46.207  -10.679 0.0000000000
35844  45.873  -46.903  -10.435 0.0000000000
36961  44.071  -46.087  -9.551 0.0000000000
36948  43.077  -46.226  -8.770 0.0000000000
35804  42.445  -46.649  -8.211 0.0000000000
31986  44.604  -48.890  -7.205 0.0000000000
33346  44.196  -48.261  -8.005 0.0000000000
34619  43.595  -47.810  -8.029 0.0000000000
35780  42.241  -47.215  -7.671 0.0000000000
35781  41.532  -46.971  -7.705 0.0000000000
34597  39.524  -47.543  -7.477 0.0000000000
33323  38.565  -48.431  -7.630 0.0000000000
31987  38.282  -49.476  -7.392 0.0000000000
32011  37.695  -49.441  -8.744 0.0000000000
30753  37.636  -50.453  -10.207 0.0000000000
30759  37.725  -50.558  -11.128 0.0000000000
28429  37.564  -52.295  -9.996 0.0000000000
29533  37.868  -51.512  -11.402 0.0000000000
35918  39.766  -46.738  -14.744 0.0000000000
37047  39.411  -45.733  -14.109 0.0000000000
39754  40.135  -43.397  -14.634 0.0000000000
39755  39.695  -43.474  -14.004 0.0000000000
24793  50.927  -54.630  -16.228 0.0000000000
24794  50.658  -54.625  -16.235 0.0000000000
24803  50.941  -54.849  -16.445 0.0000000000
24834  48.346  -55.469  -18.053 0.0000000000
26087  50.873  -53.909  -15.372 0.0000000000
26088  50.370  -53.810  -15.429 0.0000000000
26097  51.391  -53.931  -15.685 0.0000000000
26099  49.879  -54.251  -15.779 0.0000000000
27270  37.735  -53.032  -9.921 0.0000000000
27297  50.647  -53.347  -15.201 0.0000000000
27298  49.804  -53.347  -15.141 0.0000000000
27308  49.413  -53.699  -15.254 0.0000000000
27309  48.760  -53.885  -15.249 0.0000000000
27310  47.864  -53.797  -15.115 0.0000000000
28370  39.649  -52.024  -6.591 0.0000000000
28443  45.296  -52.301  -13.853 0.0000000000
29449  39.734  -51.202  -5.885 0.0000000000
29467  39.805  -51.960  -6.223 0.0000000000
29489  39.432  -51.667  -6.813 0.0000000000
29490  38.976  -51.339  -7.152 0.0000000000
29504  38.557  -51.621  -7.692 0.0000000000
29505  38.046  -51.329  -8.079 0.0000000000
29531  37.608  -51.355  -9.657 0.0000000000
29591  46.565  -51.546  -15.010 0.0000000000
29593  43.026  -51.515  -15.186 0.0000000000
29596  40.196  -51.491  -15.217 0.0000000000
29607  43.604  -51.877  -15.815 0.0000000000
30666  40.509  -50.880  -5.383 0.0000000000
30687  39.527  -50.823  -6.056 0.0000000000
30688  39.142  -50.505  -6.507 0.0000000000
30755  41.052  -49.710  -11.794 0.0000000000
30776  44.927  -51.259  -13.672 0.0000000000
30779  42.784  -50.190  -13.107 0.0000000000
30811  44.454  -50.502  -14.613 0.0000000000
31941  40.246  -50.370  -5.535 0.0000000000
31988  37.650  -49.743  -7.956 0.0000000000
32010  37.955  -49.058  -8.039 0.0000000000
32059  41.077  -49.267  -12.146 0.0000000000
32064  42.501  -49.755  -13.217 0.0000000000
32073  42.621  -49.600  -14.098 0.0000000000
32118  49.335  -49.332  -16.664 0.0000000000
33317  44.611  -48.802  -7.622 0.0000000000
33322  39.169  -48.278  -7.080 0.0000000000
33348  37.881  -48.809  -9.266 0.0000000000
33366  37.988  -48.790  -9.612 0.0000000000
33409  40.504  -48.726  -12.328 0.0000000000
33418  41.190  -49.160  -13.246 0.0000000000
33435  40.080  -48.263  -13.760 0.0000000000
33456  41.724  -48.630  -15.188 0.0000000000
33467  49.436  -48.754  -17.009 0.0000000000
33468  48.321  -48.765  -17.161 0.0000000000
33469  47.414  -48.939  -17.181 0.0000000000
33470  46.513  -48.915  -17.132 0.0000000000
33474  42.511  -48.677  -16.028 0.0000000000
34576  40.175  -47.939  -6.821 0.0000000000
34595  41.647  -47.598  -7.343 0.0000000000
34618  44.596  -47.931  -8.501 0.0000000000
34620  42.878  -47.273  -7.984 0.0000000000
34642  44.723  -47.414  -9.039 0.0000000000
34733  39.981  -47.643  -14.428 0.0000000000
34788  43.813  -47.188  -17.122 0.0000000000
35782  40.563  -46.845  -7.827 0.0000000000
35829  43.654  -46.328  -9.140 0.0000000000
35846  44.474  -46.246  -9.799 0.0000000000
35858  46.215  -46.260  -10.980 0.0000000000
35896  39.811  -47.045  -14.675 0.0000000000
35897  39.423  -46.914  -14.234 0.0000000000
35916  41.026  -46.258  -15.825 0.0000000000
37014  39.256  -45.386  -12.291 0.0000000000
37046  39.768  -45.039  -14.869 0.0000000000
38381  41.986  -44.058  -16.188 0.0000000000
38409  41.702  -44.844  -16.197 0.0000000000
41127  40.461  -42.277  -14.706 0.0000000000
42487  40.870  -41.380  -14.907 0.0000000000
42489  39.638  -41.798  -13.895 0.0000000000
