#!ascii label  , from subject 3838 vox2ras=TkReg
1755
76445  -41.352  -21.875  62.227 0.0000000000
90426  -56.443  -10.551  53.546 0.0000000000
86520  -46.140  -13.681  58.714 0.0000000000
53581  -13.538  -39.383  85.908 0.0000000000
75056  -37.295  -23.003  69.825 0.0000000000
48619  -30.404  -42.193  81.977 0.0000000000
58882  -38.777  -35.557  79.936 0.0000000000
61621  -43.565  -32.548  73.605 0.0000000000
69836  -42.813  -26.341  73.789 0.0000000000
55083  -21.199  -38.123  78.589 0.0000000000
49812  -25.929  -42.132  84.012 0.0000000000
52415  -25.720  -39.850  78.011 0.0000000000
58935  -33.206  -34.806  76.333 0.0000000000
57673  -39.550  -35.955  74.500 0.0000000000
77602  -44.449  -22.012  69.549 0.0000000000
77667  -48.789  -20.990  66.166 0.0000000000
87794  -51.454  -12.326  56.979 0.0000000000
80240  -43.851  -18.736  59.012 0.0000000000
91828  -53.529  -10.180  48.041 0.0000000000
53577  -9.293  -39.153  86.749 0.0000000000
77472  -40.663  -21.379  74.286 0.0000000000
76351  -38.362  -22.647  66.473 0.0000000000
56374  -30.259  -37.339  76.570 0.0000000000
56293  -33.023  -37.299  80.544 0.0000000000
82812  -51.333  -15.933  63.698 0.0000000000
96517  -59.856  -5.227  44.517 0.0000000000
61644  -41.508  -32.315  71.942 0.0000000000
65859  -42.163  -29.714  72.404 0.0000000000
53727  -23.249  -39.109  78.612 0.0000000000
57702  -36.236  -35.975  73.627 0.0000000000
59025  -39.818  -34.778  72.515 0.0000000000
58973  -42.434  -34.977  73.979 0.0000000000
76374  -43.251  -21.936  65.750 0.0000000000
77625  -46.410  -21.385  68.534 0.0000000000
77705  -44.611  -21.794  64.012 0.0000000000
89129  -53.882  -11.263  55.350 0.0000000000
87752  -56.152  -12.485  58.428 0.0000000000
91789  -57.979  -9.606  51.596 0.0000000000
53626  -11.138  -38.632  83.491 0.0000000000
53579  -11.589  -39.440  86.436 0.0000000000
72522  -40.374  -24.353  71.648 0.0000000000
73789  -41.690  -23.728  73.911 0.0000000000
75030  -38.942  -22.227  72.183 0.0000000000
77598  -40.154  -22.597  69.918 0.0000000000
77618  -37.380  -22.051  68.119 0.0000000000
47412  -28.060  -43.346  82.984 0.0000000000
47364  -27.773  -43.538  86.483 0.0000000000
47389  -30.394  -44.193  84.975 0.0000000000
49797  -31.918  -41.879  84.043 0.0000000000
56423  -28.808  -36.680  74.311 0.0000000000
58966  -30.054  -34.556  74.021 0.0000000000
57576  -35.429  -35.282  78.543 0.0000000000
57575  -33.630  -35.312  78.862 0.0000000000
58856  -35.551  -35.313  80.484 0.0000000000
56253  -35.057  -36.508  83.767 0.0000000000
53659  -17.517  -37.860  81.985 0.0000000000
54968  -19.518  -37.779  84.298 0.0000000000
54913  -20.313  -37.720  88.738 0.0000000000
84140  -45.060  -16.243  58.678 0.0000000000
81531  -47.926  -17.421  61.506 0.0000000000
85285  -48.272  -14.592  60.853 0.0000000000
97650  -61.165  -4.485  43.404 0.0000000000
53536  -13.712  -38.524  89.372 0.0000000000
62992  -45.598  -31.711  75.579 0.0000000000
65777  -44.400  -29.285  76.663 0.0000000000
65822  -43.574  -29.486  74.593 0.0000000000
68525  -42.104  -27.292  71.542 0.0000000000
53661  -20.877  -38.268  81.790 0.0000000000
51035  -23.700  -40.407  84.148 0.0000000000
52356  -23.306  -39.744  81.521 0.0000000000
51095  -25.672  -41.180  81.097 0.0000000000
49872  -28.126  -41.445  79.661 0.0000000000
60299  -31.376  -33.190  75.444 0.0000000000
58969  -33.293  -34.782  74.136 0.0000000000
57644  -36.401  -36.393  75.906 0.0000000000
58917  -39.103  -36.473  77.403 0.0000000000
57648  -41.324  -36.418  75.521 0.0000000000
58959  -44.908  -34.617  75.001 0.0000000000
56329  -18.963  -36.840  78.415 0.0000000000
77496  -44.781  -20.704  74.426 0.0000000000
79960  -47.765  -18.164  75.835 0.0000000000
77557  -47.312  -20.841  71.600 0.0000000000
77585  -49.793  -20.787  70.113 0.0000000000
86522  -48.694  -13.386  58.048 0.0000000000
89027  -49.521  -11.996  60.670 0.0000000000
87709  -52.758  -12.440  60.181 0.0000000000
52247  -6.464  -39.523  91.189 0.0000000000
77773  -42.621  -20.600  59.917 0.0000000000
82920  -41.579  -16.303  56.618 0.0000000000
87788  -44.577  -13.954  56.140 0.0000000000
87834  -47.919  -12.724  54.567 0.0000000000
89157  -50.631  -11.390  53.463 0.0000000000
90444  -52.583  -11.112  52.104 0.0000000000
90473  -54.425  -10.517  50.453 0.0000000000
90481  -51.223  -10.350  49.528 0.0000000000
54878  -12.271  -38.489  90.275 0.0000000000
54859  -9.925  -38.637  91.368 0.0000000000
54857  -7.934  -38.413  91.561 0.0000000000
73699  -44.300  -22.675  79.228 0.0000000000
69793  -44.454  -26.409  77.385 0.0000000000
74956  -43.205  -22.825  76.728 0.0000000000
77449  -43.160  -20.844  76.186 0.0000000000
77534  -42.525  -21.568  72.612 0.0000000000
76332  -41.498  -22.282  67.735 0.0000000000
76384  -40.189  -22.706  64.644 0.0000000000
49768  -26.019  -42.259  87.136 0.0000000000
53729  -27.810  -38.929  77.553 0.0000000000
52399  -29.696  -39.575  79.573 0.0000000000
58912  -32.231  -35.190  76.186 0.0000000000
56332  -31.574  -36.991  78.807 0.0000000000
52360  -31.241  -38.986  81.991 0.0000000000
53636  -32.730  -38.753  83.570 0.0000000000
53628  -13.280  -38.685  83.001 0.0000000000
55009  -15.890  -38.256  82.455 0.0000000000
53597  -16.139  -38.528  85.701 0.0000000000
77719  -46.781  -20.034  62.329 0.0000000000
78895  -50.194  -19.246  64.865 0.0000000000
81450  -53.145  -17.048  66.742 0.0000000000
87650  -51.419  -12.114  63.133 0.0000000000
91812  -56.834  -10.180  49.490 0.0000000000
91854  -59.476  -10.118  47.863 0.0000000000
91891  -61.521  -9.364  46.060 0.0000000000
94293  -58.645  -7.383  43.987 0.0000000000
94296  -61.837  -7.038  44.487 0.0000000000
61667  -40.536  -32.391  71.317 0.0000000000
63067  -40.986  -31.316  71.458 0.0000000000
63081  -40.265  -31.542  70.144 0.0000000000
59049  -38.706  -34.691  71.737 0.0000000000
60349  -39.942  -34.045  71.582 0.0000000000
60350  -40.544  -33.599  71.913 0.0000000000
76402  -41.648  -21.900  63.860 0.0000000000
76388  -43.663  -21.782  65.016 0.0000000000
77715  -42.766  -21.700  62.663 0.0000000000
90387  -55.334  -11.001  54.968 0.0000000000
90367  -55.538  -10.852  55.705 0.0000000000
90389  -56.940  -10.505  55.273 0.0000000000
90428  -58.275  -10.320  53.721 0.0000000000
91775  -57.131  -9.955  52.099 0.0000000000
53594  -12.835  -39.284  85.134 0.0000000000
53593  -11.758  -39.372  85.286 0.0000000000
53580  -12.725  -39.459  86.251 0.0000000000
72520  -39.137  -24.004  70.592 0.0000000000
73803  -39.950  -23.147  72.382 0.0000000000
75044  -38.418  -22.730  71.047 0.0000000000
76270  -38.448  -22.348  70.537 0.0000000000
76289  -36.627  -21.999  69.085 0.0000000000
53570  -22.290  -38.997  87.182 0.0000000000
48605  -29.159  -43.299  82.873 0.0000000000
47401  -29.385  -43.784  83.686 0.0000000000
48606  -30.336  -42.843  82.999 0.0000000000
48607  -31.321  -43.056  83.851 0.0000000000
49814  -31.302  -41.742  83.151 0.0000000000
57560  -36.525  -35.533  78.940 0.0000000000
60240  -35.379  -34.767  79.053 0.0000000000
58858  -36.996  -35.308  80.366 0.0000000000
58836  -36.735  -35.290  81.302 0.0000000000
54992  -20.227  -38.050  82.853 0.0000000000
54955  -20.933  -38.125  84.808 0.0000000000
54930  -20.923  -37.874  86.584 0.0000000000
78688  -44.856  -19.877  79.888 0.0000000000
85345  -45.384  -14.174  58.506 0.0000000000
84142  -46.565  -15.557  59.524 0.0000000000
86490  -47.163  -13.933  59.725 0.0000000000
63012  -44.799  -31.782  74.570 0.0000000000
62990  -44.303  -30.423  75.598 0.0000000000
64453  -43.650  -30.389  74.133 0.0000000000
67206  -42.475  -28.258  71.993 0.0000000000
68561  -41.094  -27.780  70.555 0.0000000000
69875  -40.820  -26.041  70.826 0.0000000000
55058  -20.875  -38.304  80.502 0.0000000000
52354  -22.338  -39.302  82.039 0.0000000000
53682  -22.422  -39.333  80.710 0.0000000000
52413  -24.587  -39.608  78.575 0.0000000000
52358  -24.730  -40.331  80.491 0.0000000000
51129  -25.468  -40.428  79.206 0.0000000000
49855  -26.620  -41.490  80.232 0.0000000000
51130  -26.413  -40.921  79.402 0.0000000000
58990  -32.870  -34.195  73.615 0.0000000000
56448  -38.311  -36.273  74.135 0.0000000000
57670  -36.578  -36.402  74.889 0.0000000000
56403  -38.397  -36.488  75.450 0.0000000000
56377  -37.399  -36.627  76.511 0.0000000000
57622  -39.422  -36.654  76.449 0.0000000000
58939  -40.259  -36.512  76.960 0.0000000000
57647  -40.436  -36.643  75.614 0.0000000000
60334  -43.119  -33.236  73.527 0.0000000000
58974  -43.739  -34.529  74.306 0.0000000000
60318  -44.483  -33.464  74.267 0.0000000000
60302  -45.625  -33.624  74.984 0.0000000000
55069  -20.431  -37.654  79.213 0.0000000000
77536  -44.657  -21.474  72.132 0.0000000000
77517  -46.484  -20.275  73.856 0.0000000000
77556  -46.206  -20.905  71.491 0.0000000000
77645  -47.529  -21.425  67.371 0.0000000000
77606  -48.167  -21.228  69.482 0.0000000000
77628  -49.681  -21.171  68.236 0.0000000000
78853  -51.044  -20.226  69.085 0.0000000000
78872  -50.391  -20.572  67.126 0.0000000000
87792  -49.473  -13.001  56.929 0.0000000000
87747  -51.252  -12.761  58.698 0.0000000000
87748  -52.329  -12.691  58.424 0.0000000000
89058  -58.399  -11.817  59.188 0.0000000000
87809  -46.210  -13.463  55.255 0.0000000000
87852  -45.542  -12.283  53.212 0.0000000000
89173  -48.613  -11.908  52.468 0.0000000000
89174  -49.720  -11.753  52.624 0.0000000000
90420  -51.214  -11.007  52.930 0.0000000000
89176  -51.231  -11.437  52.123 0.0000000000
90460  -51.984  -11.162  50.802 0.0000000000
53591  -9.479  -39.120  85.641 0.0000000000
53560  -8.085  -38.918  88.045 0.0000000000
56190  -13.883  -37.690  91.839 0.0000000000
53522  -13.072  -38.384  89.914 0.0000000000
54842  -12.716  -38.512  91.658 0.0000000000
53485  -10.832  -38.930  92.202 0.0000000000
52227  -9.791  -38.900  92.777 0.0000000000
54858  -8.809  -38.698  91.629 0.0000000000
53467  -8.844  -39.477  92.995 0.0000000000
50919  -7.839  -39.801  92.227 0.0000000000
67158  -43.757  -27.952  75.134 0.0000000000
68467  -44.366  -27.798  76.489 0.0000000000
69824  -43.527  -26.689  75.343 0.0000000000
74995  -40.791  -22.529  74.805 0.0000000000
73762  -43.154  -23.733  75.545 0.0000000000
74973  -41.902  -22.257  75.435 0.0000000000
74955  -42.447  -22.010  76.454 0.0000000000
77474  -42.086  -21.347  74.792 0.0000000000
76207  -42.888  -21.543  73.977 0.0000000000
77512  -41.709  -21.164  73.219 0.0000000000
76330  -39.244  -22.441  68.002 0.0000000000
77621  -41.064  -22.444  69.381 0.0000000000
76352  -39.432  -22.455  66.841 0.0000000000
76371  -40.188  -22.451  65.717 0.0000000000
76370  -39.023  -22.493  65.500 0.0000000000
51037  -24.815  -41.201  84.740 0.0000000000
51007  -25.049  -41.071  86.337 0.0000000000
49780  -25.971  -42.162  86.191 0.0000000000
55145  -29.149  -37.627  75.459 0.0000000000
55125  -27.652  -37.860  75.854 0.0000000000
55106  -28.889  -38.213  76.964 0.0000000000
52417  -28.993  -39.628  78.711 0.0000000000
55086  -29.665  -38.262  77.900 0.0000000000
58934  -32.444  -34.217  75.590 0.0000000000
60280  -31.557  -34.257  75.735 0.0000000000
58913  -32.640  -34.754  76.751 0.0000000000
56313  -33.316  -36.788  79.785 0.0000000000
56333  -32.500  -36.548  78.791 0.0000000000
56312  -32.487  -37.210  79.551 0.0000000000
55059  -30.965  -38.213  80.287 0.0000000000
55039  -31.641  -37.913  81.208 0.0000000000
53635  -31.868  -38.883  82.994 0.0000000000
55015  -33.145  -37.861  83.068 0.0000000000
56359  -42.997  -37.341  77.856 0.0000000000
55031  -16.238  -37.867  81.510 0.0000000000
54988  -16.574  -38.579  83.279 0.0000000000
53630  -15.315  -38.814  83.758 0.0000000000
54899  -20.312  -37.888  90.073 0.0000000000
78975  -43.622  -19.889  59.564 0.0000000000
77735  -44.901  -20.589  61.387 0.0000000000
78959  -45.488  -19.266  60.344 0.0000000000
81515  -49.753  -17.191  62.710 0.0000000000
80177  -49.134  -18.405  63.066 0.0000000000
81480  -50.782  -17.548  64.445 0.0000000000
81448  -51.543  -18.012  65.983 0.0000000000
82775  -51.963  -16.803  65.224 0.0000000000
90297  -51.667  -11.361  62.007 0.0000000000
88990  -50.199  -11.621  62.183 0.0000000000
91622  -51.784  -10.784  63.133 0.0000000000
90484  -54.213  -10.437  49.430 0.0000000000
90475  -56.311  -10.294  50.061 0.0000000000
90496  -55.614  -10.202  48.972 0.0000000000
91872  -57.108  -9.610  46.520 0.0000000000
91873  -58.147  -10.054  46.586 0.0000000000
91875  -60.910  -9.669  46.523 0.0000000000
91899  -59.389  -9.298  44.738 0.0000000000
97634  -57.475  -4.026  44.887 0.0000000000
95400  -57.216  -5.430  43.874 0.0000000000
95402  -59.236  -6.163  44.170 0.0000000000
94295  -60.964  -7.217  44.369 0.0000000000
95404  -61.323  -6.244  44.339 0.0000000000
96519  -61.655  -5.448  43.971 0.0000000000
95419  -61.920  -5.919  42.621 0.0000000000
61620  -42.954  -32.362  73.190 0.0000000000
63030  -42.789  -31.368  72.838 0.0000000000
63054  -41.944  -31.324  72.326 0.0000000000
64487  -41.024  -30.463  71.434 0.0000000000
53726  -22.274  -38.639  78.454 0.0000000000
57753  -37.293  -35.062  71.870 0.0000000000
57734  -38.259  -35.454  72.693 0.0000000000
57705  -39.487  -35.605  73.571 0.0000000000
58971  -40.799  -35.546  74.172 0.0000000000
59026  -40.932  -34.224  72.629 0.0000000000
60332  -41.749  -33.588  72.719 0.0000000000
76334  -43.623  -22.243  67.546 0.0000000000
77624  -45.592  -21.515  68.568 0.0000000000
76357  -44.539  -21.809  66.686 0.0000000000
77678  -45.544  -21.585  66.141 0.0000000000
77680  -46.905  -21.132  65.521 0.0000000000
89108  -52.725  -11.516  56.344 0.0000000000
87771  -53.842  -12.242  57.794 0.0000000000
89090  -54.473  -11.666  56.749 0.0000000000
89092  -56.523  -11.810  57.322 0.0000000000
91802  -59.717  -8.845  51.218 0.0000000000
53592  -10.594  -39.315  85.432 0.0000000000
53578  -10.435  -39.254  86.589 0.0000000000
71146  -42.002  -25.365  72.829 0.0000000000
71138  -42.903  -25.431  74.106 0.0000000000
72496  -41.168  -24.169  72.929 0.0000000000
73787  -40.304  -22.857  73.038 0.0000000000
76227  -39.961  -21.560  73.433 0.0000000000
77532  -40.553  -21.577  72.366 0.0000000000
77549  -39.179  -22.242  71.432 0.0000000000
75083  -38.599  -22.356  69.208 0.0000000000
77660  -37.634  -22.821  67.055 0.0000000000
48602  -26.741  -42.421  83.617 0.0000000000
48577  -27.150  -43.003  84.966 0.0000000000
47386  -27.751  -43.333  84.257 0.0000000000
47375  -29.538  -44.302  85.864 0.0000000000
47391  -32.066  -43.581  84.912 0.0000000000
57665  -29.586  -35.586  73.999 0.0000000000
56399  -29.857  -36.676  75.361 0.0000000000
57599  -34.689  -35.162  77.547 0.0000000000
58914  -33.562  -34.716  77.432 0.0000000000
58915  -34.539  -34.852  78.189 0.0000000000
58876  -33.976  -35.001  79.247 0.0000000000
57543  -34.401  -35.842  80.370 0.0000000000
56277  -34.213  -36.957  81.760 0.0000000000
57528  -35.346  -35.951  82.428 0.0000000000
56289  -18.045  -37.167  79.939 0.0000000000
55033  -18.126  -37.472  81.733 0.0000000000
54967  -18.721  -37.768  84.611 0.0000000000
54941  -18.652  -37.584  86.588 0.0000000000
54929  -20.334  -37.765  87.231 0.0000000000
81567  -45.028  -17.301  58.867 0.0000000000
80228  -45.867  -18.339  60.110 0.0000000000
82851  -46.762  -16.795  60.192 0.0000000000
82836  -48.489  -16.387  61.439 0.0000000000
84090  -49.608  -15.291  62.420 0.0000000000
91847  -52.245  -9.505  47.308 0.0000000000
91849  -54.246  -9.686  47.332 0.0000000000
91868  -52.872  -9.191  46.643 0.0000000000
98793  -58.116  -3.710  44.394 0.0000000000
98796  -60.619  -3.891  44.217 0.0000000000
98809  -59.393  -3.576  43.596 0.0000000000
98819  -59.572  -3.610  42.524 0.0000000000
53567  -15.380  -39.244  87.232 0.0000000000
52291  -14.022  -39.549  87.253 0.0000000000
64375  -45.811  -30.414  77.557 0.0000000000
64393  -45.049  -30.055  76.480 0.0000000000
65805  -43.928  -29.474  75.352 0.0000000000
67175  -43.530  -28.373  74.615 0.0000000000
65840  -43.006  -29.299  72.944 0.0000000000
67191  -42.687  -28.172  72.793 0.0000000000
68510  -42.669  -27.245  73.337 0.0000000000
69859  -41.627  -26.196  71.850 0.0000000000
71169  -39.429  -25.016  70.931 0.0000000000
53634  -21.327  -38.740  83.623 0.0000000000
52317  -22.763  -39.471  85.241 0.0000000000
52333  -22.335  -39.575  83.371 0.0000000000
51056  -23.919  -40.511  83.858 0.0000000000
51058  -24.880  -40.940  82.640 0.0000000000
52394  -23.145  -39.501  79.841 0.0000000000
51093  -24.388  -40.410  81.599 0.0000000000
49824  -25.378  -41.392  82.071 0.0000000000
49826  -27.152  -42.515  82.126 0.0000000000
48628  -27.795  -42.764  81.687 0.0000000000
49841  -29.337  -41.889  81.048 0.0000000000
58953  -32.519  -33.859  75.083 0.0000000000
57641  -33.766  -35.264  75.268 0.0000000000
57701  -35.092  -35.795  73.458 0.0000000000
57669  -35.342  -36.056  74.681 0.0000000000
57642  -34.562  -35.661  75.906 0.0000000000
57618  -35.472  -35.776  76.793 0.0000000000
57602  -37.359  -36.446  77.507 0.0000000000
58895  -38.637  -35.967  78.301 0.0000000000
60243  -39.501  -35.884  79.150 0.0000000000
58919  -40.068  -35.777  77.872 0.0000000000
57624  -41.423  -36.744  76.771 0.0000000000
57625  -42.903  -36.467  76.314 0.0000000000
57676  -41.925  -35.930  74.543 0.0000000000
57650  -43.551  -35.693  75.329 0.0000000000
57651  -44.562  -35.513  75.660 0.0000000000
58960  -45.861  -34.415  75.743 0.0000000000
55056  -19.352  -37.345  80.606 0.0000000000
77451  -44.843  -20.004  76.258 0.0000000000
78781  -45.917  -19.627  75.046 0.0000000000
78793  -47.947  -19.655  74.125 0.0000000000
78812  -48.570  -19.770  72.780 0.0000000000
77582  -46.692  -21.192  70.605 0.0000000000
77558  -48.575  -20.562  71.611 0.0000000000
89067  -46.917  -13.335  58.309 0.0000000000
89025  -48.033  -12.483  60.035 0.0000000000
89070  -49.063  -12.553  59.328 0.0000000000
87707  -51.001  -12.209  60.441 0.0000000000
89008  -53.008  -11.424  61.487 0.0000000000
87730  -54.033  -12.485  59.307 0.0000000000
89032  -54.379  -12.078  60.902 0.0000000000
77752  -40.592  -21.473  60.651 0.0000000000
77753  -41.860  -20.959  60.822 0.0000000000
77772  -41.452  -20.691  59.711 0.0000000000
78974  -42.258  -20.045  58.867 0.0000000000
80254  -42.526  -18.274  58.070 0.0000000000
81610  -42.685  -17.496  57.152 0.0000000000
84159  -43.715  -15.800  57.626 0.0000000000
85343  -43.791  -14.855  57.777 0.0000000000
86537  -44.110  -13.818  57.904 0.0000000000
87764  -45.378  -13.524  57.272 0.0000000000
87790  -46.684  -13.576  56.183 0.0000000000
86577  -48.319  -13.154  56.167 0.0000000000
87813  -49.968  -12.698  55.829 0.0000000000
87875  -47.011  -12.444  52.997 0.0000000000
87856  -49.006  -12.339  54.407 0.0000000000
89141  -50.495  -11.826  54.786 0.0000000000
90384  -52.502  -11.258  54.543 0.0000000000
90404  -53.190  -11.318  53.859 0.0000000000
90424  -54.960  -10.629  53.192 0.0000000000
90447  -55.666  -10.228  52.411 0.0000000000
90462  -53.580  -10.759  51.272 0.0000000000
90472  -53.453  -10.664  50.320 0.0000000000
91808  -51.866  -10.125  48.765 0.0000000000
91826  -51.549  -9.627  48.050 0.0000000000
53549  -13.257  -39.027  88.630 0.0000000000
53548  -12.268  -39.239  88.633 0.0000000000
53547  -11.164  -39.307  88.687 0.0000000000
54841  -11.485  -38.648  91.689 0.0000000000
53520  -10.664  -38.540  90.599 0.0000000000
53532  -9.885  -39.004  89.763 0.0000000000
53531  -8.939  -38.818  89.757 0.0000000000
53517  -7.928  -38.539  90.366 0.0000000000
53501  -7.191  -38.486  90.631 0.0000000000
53481  -7.008  -38.758  91.995 0.0000000000
77419  -44.147  -20.490  78.728 0.0000000000
69771  -44.525  -25.818  78.545 0.0000000000
72484  -43.046  -24.645  75.179 0.0000000000
72471  -43.801  -24.554  76.637 0.0000000000
73713  -43.668  -23.025  78.527 0.0000000000
76143  -43.433  -21.321  77.610 0.0000000000
77433  -43.411  -20.728  76.858 0.0000000000
77476  -43.880  -20.667  75.336 0.0000000000
76231  -43.857  -21.595  73.137 0.0000000000
77579  -43.844  -21.828  70.578 0.0000000000
77551  -41.154  -22.312  71.879 0.0000000000
76273  -42.551  -22.430  70.244 0.0000000000
76316  -43.259  -22.554  68.478 0.0000000000
76354  -41.857  -21.966  66.660 0.0000000000
76385  -41.039  -22.447  64.591 0.0000000000
76421  -40.588  -22.029  62.821 0.0000000000
75081  -35.702  -22.576  68.107 0.0000000000
77636  -36.487  -21.667  67.403 0.0000000000
77658  -36.749  -21.756  66.946 0.0000000000
76368  -36.696  -22.629  65.757 0.0000000000
75137  -37.649  -23.163  64.350 0.0000000000
75156  -38.238  -23.278  63.385 0.0000000000
76419  -38.728  -22.784  62.336 0.0000000000
76443  -39.473  -22.051  61.710 0.0000000000
48561  -27.091  -43.144  86.897 0.0000000000
53769  -25.799  -38.619  76.266 0.0000000000
53770  -26.893  -38.344  76.144 0.0000000000
52435  -27.057  -39.573  77.467 0.0000000000
51154  -28.162  -40.352  78.523 0.0000000000
51111  -29.059  -40.911  79.777 0.0000000000
51096  -29.869  -40.725  80.711 0.0000000000
60298  -30.851  -33.795  75.027 0.0000000000
58933  -31.140  -34.786  75.367 0.0000000000
56375  -30.778  -36.469  76.176 0.0000000000
57598  -32.604  -35.115  77.688 0.0000000000
56355  -31.810  -36.589  77.950 0.0000000000
55108  -30.284  -37.892  77.621 0.0000000000
55071  -30.862  -38.380  79.445 0.0000000000
52378  -30.273  -39.468  80.529 0.0000000000
51076  -30.596  -40.171  82.116 0.0000000000
51077  -31.183  -40.470  82.760 0.0000000000
52325  -32.482  -40.274  84.331 0.0000000000
53627  -12.179  -38.495  83.405 0.0000000000
53610  -13.932  -39.178  83.887 0.0000000000
55052  -15.488  -37.486  80.455 0.0000000000
55030  -14.828  -38.138  81.569 0.0000000000
53643  -14.189  -38.539  82.398 0.0000000000
53611  -14.807  -39.126  84.311 0.0000000000
53596  -15.175  -39.068  85.440 0.0000000000
54924  -16.094  -38.874  87.558 0.0000000000
54912  -19.020  -37.767  88.330 0.0000000000
77734  -43.817  -21.226  61.647 0.0000000000
77706  -45.886  -21.161  63.521 0.0000000000
77693  -48.008  -20.681  64.225 0.0000000000
78946  -47.364  -18.910  61.476 0.0000000000
77708  -48.124  -20.042  63.411 0.0000000000
77683  -49.735  -20.143  64.913 0.0000000000
78884  -50.867  -19.286  66.243 0.0000000000
87687  -48.462  -12.576  61.205 0.0000000000
86445  -49.837  -13.467  62.090 0.0000000000
86430  -51.784  -13.983  63.308 0.0000000000
91788  -57.046  -9.877  51.459 0.0000000000
91800  -57.908  -9.828  50.706 0.0000000000
91814  -58.847  -9.544  49.822 0.0000000000
91851  -56.282  -9.737  47.471 0.0000000000
91833  -58.585  -9.685  48.747 0.0000000000
91834  -59.779  -9.452  48.858 0.0000000000
91836  -61.759  -8.460  48.370 0.0000000000
93094  -62.202  -8.134  47.920 0.0000000000
94292  -57.562  -7.677  43.952 0.0000000000
93138  -60.659  -8.578  44.668 0.0000000000
93126  -62.594  -7.532  45.876 0.0000000000
96535  -61.995  -6.112  43.449 0.0000000000
61666  -39.852  -32.923  71.084 0.0000000000
61683  -40.212  -31.939  70.755 0.0000000000
60374  -39.295  -33.558  71.200 0.0000000000
60375  -40.098  -33.352  71.312 0.0000000000
76422  -41.444  -22.023  63.021 0.0000000000
76423  -42.419  -21.937  63.050 0.0000000000
76446  -41.920  -21.895  62.548 0.0000000000
90407  -55.829  -10.656  54.310 0.0000000000
90388  -56.036  -10.418  55.175 0.0000000000
90408  -56.635  -10.586  54.480 0.0000000000
90409  -57.604  -10.567  54.553 0.0000000000
90427  -57.319  -10.564  53.669 0.0000000000
90450  -57.953  -10.310  52.967 0.0000000000
90448  -56.370  -10.245  52.679 0.0000000000
73819  -38.268  -23.424  70.642 0.0000000000
73820  -38.887  -23.350  71.372 0.0000000000
75057  -37.755  -22.801  70.326 0.0000000000
76290  -37.630  -22.304  69.673 0.0000000000
75071  -36.947  -22.608  69.512 0.0000000000
52298  -22.971  -39.441  87.031 0.0000000000
53601  -22.305  -38.970  85.593 0.0000000000
48618  -29.563  -42.770  82.130 0.0000000000
49813  -30.778  -41.839  82.545 0.0000000000
58881  -37.925  -35.495  79.375 0.0000000000
58880  -36.763  -35.525  79.538 0.0000000000
58859  -38.164  -35.372  80.598 0.0000000000
53600  -21.635  -38.503  85.443 0.0000000000
86508  -46.066  -14.065  58.847 0.0000000000
86509  -46.716  -13.604  59.164 0.0000000000
61600  -44.268  -32.313  74.027 0.0000000000
63011  -44.223  -31.071  74.598 0.0000000000
63031  -43.623  -31.476  73.563 0.0000000000
67233  -40.793  -28.439  70.366 0.0000000000
67234  -41.513  -28.434  70.668 0.0000000000
53681  -21.499  -38.815  80.292 0.0000000000
53701  -21.701  -38.561  79.200 0.0000000000
52414  -25.244  -39.862  78.368 0.0000000000
52397  -24.984  -39.963  78.994 0.0000000000
51151  -25.403  -40.162  78.730 0.0000000000
51152  -25.977  -40.285  78.410 0.0000000000
57672  -38.998  -35.939  74.288 0.0000000000
56426  -37.893  -36.412  74.756 0.0000000000
57645  -39.015  -36.298  75.132 0.0000000000
57646  -39.621  -36.549  75.627 0.0000000000
57674  -40.262  -35.938  74.526 0.0000000000
60317  -43.777  -33.332  73.878 0.0000000000
61601  -44.962  -32.617  74.390 0.0000000000
77580  -44.823  -21.421  70.426 0.0000000000
77555  -45.257  -21.261  71.345 0.0000000000
77666  -47.727  -21.099  66.377 0.0000000000
76337  -48.322  -21.513  67.942 0.0000000000
77646  -48.563  -21.306  67.395 0.0000000000
77647  -49.759  -20.927  67.017 0.0000000000
87793  -50.758  -12.453  56.698 0.0000000000
87769  -51.474  -12.538  57.649 0.0000000000
87770  -52.209  -12.365  57.660 0.0000000000
89035  -58.117  -11.499  60.228 0.0000000000
87831  -44.964  -12.815  53.874 0.0000000000
89175  -50.630  -11.447  52.459 0.0000000000
89189  -50.603  -11.384  51.533 0.0000000000
90459  -50.484  -10.996  51.044 0.0000000000
53576  -7.996  -39.081  86.920 0.0000000000
53561  -9.108  -39.209  87.833 0.0000000000
54862  -13.527  -38.201  91.323 0.0000000000
53487  -13.190  -38.743  91.746 0.0000000000
52221  -9.474  -39.453  92.569 0.0000000000
49691  -8.964  -40.946  92.629 0.0000000000
68485  -43.412  -27.365  74.951 0.0000000000
68486  -44.008  -27.481  75.500 0.0000000000
69823  -43.056  -26.331  74.735 0.0000000000
76206  -40.625  -21.821  74.219 0.0000000000
74972  -41.114  -22.436  75.198 0.0000000000
76182  -40.888  -21.742  74.937 0.0000000000
76183  -41.691  -21.572  75.226 0.0000000000
77473  -41.322  -21.305  74.571 0.0000000000
77493  -41.857  -21.184  74.046 0.0000000000
77492  -41.112  -20.997  73.884 0.0000000000
77662  -38.941  -22.540  67.410 0.0000000000
49795  -25.337  -41.499  84.690 0.0000000000
49796  -25.939  -42.090  85.144 0.0000000000
55127  -29.536  -37.881  76.155 0.0000000000
55107  -29.770  -37.996  77.111 0.0000000000
55085  -29.241  -38.240  77.498 0.0000000000
60261  -32.257  -34.317  75.785 0.0000000000
55061  -32.177  -37.641  80.548 0.0000000000
55040  -32.700  -37.910  81.616 0.0000000000
56276  -33.476  -37.283  81.325 0.0000000000
56380  -43.513  -36.761  77.109 0.0000000000
54951  -18.116  -37.879  85.961 0.0000000000
78976  -44.357  -19.059  59.564 0.0000000000
78958  -44.596  -19.734  60.130 0.0000000000
82810  -50.098  -16.820  62.949 0.0000000000
81497  -49.919  -17.615  63.506 0.0000000000
82795  -50.851  -16.979  64.037 0.0000000000
81481  -51.432  -17.128  64.781 0.0000000000
82796  -51.407  -16.570  64.310 0.0000000000
90276  -52.294  -10.725  62.689 0.0000000000
90275  -51.555  -11.099  62.611 0.0000000000
91810  -53.758  -10.270  48.849 0.0000000000
90494  -54.512  -10.268  48.891 0.0000000000
91829  -54.526  -10.122  48.306 0.0000000000
91888  -58.101  -9.368  45.349 0.0000000000
91889  -59.460  -9.959  45.758 0.0000000000
96516  -58.924  -5.051  44.222 0.0000000000
95403  -60.341  -6.221  44.481 0.0000000000
96518  -60.757  -5.306  44.314 0.0000000000
61645  -42.259  -32.272  72.608 0.0000000000
63053  -41.360  -31.298  71.857 0.0000000000
63066  -40.610  -31.322  70.931 0.0000000000
64504  -40.531  -30.351  70.210 0.0000000000
59023  -36.943  -34.809  71.839 0.0000000000
59024  -38.998  -35.193  72.388 0.0000000000
57735  -39.100  -35.547  72.870 0.0000000000
58993  -40.009  -35.282  73.383 0.0000000000
61643  -40.985  -32.926  71.849 0.0000000000
60351  -41.276  -33.352  72.337 0.0000000000
60352  -41.820  -32.953  72.552 0.0000000000
60333  -42.348  -33.267  73.047 0.0000000000
76355  -42.895  -22.219  66.601 0.0000000000
76335  -44.252  -21.914  67.274 0.0000000000
76356  -43.770  -22.000  66.605 0.0000000000
76405  -44.053  -21.943  64.545 0.0000000000
76389  -44.406  -21.736  65.104 0.0000000000
77690  -45.240  -21.587  65.286 0.0000000000
77679  -46.104  -21.400  65.839 0.0000000000
77691  -45.941  -21.322  64.746 0.0000000000
89128  -53.028  -11.324  55.431 0.0000000000
89109  -53.885  -11.377  56.114 0.0000000000
89112  -57.000  -11.155  56.494 0.0000000000
89093  -57.797  -11.512  57.194 0.0000000000
89094  -58.741  -10.904  57.158 0.0000000000
91790  -58.930  -8.980  51.968 0.0000000000
91791  -59.668  -8.805  51.765 0.0000000000
91801  -58.951  -9.377  50.913 0.0000000000
53563  -11.391  -39.431  87.586 0.0000000000
71158  -41.499  -25.352  72.304 0.0000000000
72509  -41.517  -24.741  72.710 0.0000000000
72508  -40.934  -24.458  72.301 0.0000000000
73802  -39.167  -22.881  72.097 0.0000000000
75031  -39.576  -22.461  72.589 0.0000000000
75015  -39.914  -22.176  73.278 0.0000000000
76243  -39.469  -21.787  72.522 0.0000000000
77531  -39.646  -21.586  72.129 0.0000000000
77530  -38.977  -21.621  71.881 0.0000000000
76310  -37.587  -21.840  68.887 0.0000000000
76291  -38.348  -22.153  69.684 0.0000000000
76311  -38.135  -22.134  68.820 0.0000000000
77619  -37.686  -22.536  68.119 0.0000000000
77638  -37.347  -22.315  67.534 0.0000000000
48603  -27.189  -42.723  83.348 0.0000000000
48590  -27.245  -42.754  84.028 0.0000000000
47388  -29.453  -44.055  84.848 0.0000000000
48591  -32.099  -42.881  84.385 0.0000000000
57666  -30.226  -35.216  74.442 0.0000000000
57639  -29.931  -35.787  74.748 0.0000000000
57600  -35.230  -35.455  77.904 0.0000000000
58916  -35.137  -34.931  78.574 0.0000000000
60221  -35.452  -35.200  79.733 0.0000000000
60239  -34.977  -34.691  79.279 0.0000000000
58877  -34.636  -34.981  79.530 0.0000000000
58854  -34.361  -35.399  79.714 0.0000000000
58855  -34.845  -35.378  80.194 0.0000000000
56295  -34.469  -36.277  81.162 0.0000000000
57544  -35.128  -35.690  81.190 0.0000000000
57529  -36.139  -35.646  81.821 0.0000000000
55055  -18.525  -37.299  80.748 0.0000000000
55034  -19.053  -37.411  81.540 0.0000000000
54953  -19.489  -37.550  85.325 0.0000000000
54943  -20.232  -37.688  86.043 0.0000000000
53569  -21.305  -38.250  87.506 0.0000000000
82873  -45.107  -16.809  58.653 0.0000000000
82874  -45.501  -16.789  59.043 0.0000000000
85284  -48.012  -14.925  60.471 0.0000000000
84101  -48.027  -15.596  60.658 0.0000000000
84102  -48.684  -15.370  61.416 0.0000000000
84089  -48.972  -15.916  62.021 0.0000000000
84103  -49.031  -15.246  61.956 0.0000000000
98792  -57.372  -3.245  44.744 0.0000000000
98807  -57.767  -3.203  43.904 0.0000000000
98808  -58.538  -3.481  43.707 0.0000000000
54923  -15.471  -39.204  88.008 0.0000000000
54844  -15.051  -38.532  91.452 0.0000000000
61553  -46.064  -31.868  76.859 0.0000000000
62968  -45.527  -31.015  76.454 0.0000000000
64434  -43.723  -30.211  75.117 0.0000000000
64414  -44.114  -29.894  75.673 0.0000000000
67176  -43.946  -29.009  74.959 0.0000000000
65821  -43.240  -29.024  73.955 0.0000000000
64475  -42.391  -30.402  72.629 0.0000000000
64452  -43.213  -30.419  73.243 0.0000000000
68509  -42.269  -27.070  72.444 0.0000000000
69846  -42.077  -26.024  72.385 0.0000000000
71182  -40.218  -25.490  70.531 0.0000000000
52332  -21.724  -39.165  83.275 0.0000000000
52341  -21.927  -39.338  82.591 0.0000000000
53664  -22.941  -39.416  81.587 0.0000000000
52342  -22.705  -39.643  82.596 0.0000000000
52343  -23.371  -39.870  82.338 0.0000000000
51057  -24.385  -40.600  83.335 0.0000000000
52344  -23.931  -40.150  81.906 0.0000000000
53702  -22.538  -39.166  79.544 0.0000000000
53703  -23.407  -39.380  79.289 0.0000000000
51094  -25.048  -40.777  81.253 0.0000000000
51075  -24.829  -41.029  82.023 0.0000000000
49838  -25.561  -41.250  81.396 0.0000000000
49825  -26.427  -42.137  82.640 0.0000000000
49839  -26.207  -41.674  81.222 0.0000000000
49856  -27.429  -42.088  80.437 0.0000000000
48641  -27.563  -42.606  81.046 0.0000000000
48642  -28.166  -42.509  80.857 0.0000000000
48629  -28.907  -42.504  81.357 0.0000000000
49857  -28.931  -41.647  80.377 0.0000000000
58968  -32.626  -34.117  74.351 0.0000000000
58954  -33.052  -34.717  75.198 0.0000000000
57667  -33.520  -35.127  74.752 0.0000000000
57732  -35.825  -35.437  72.590 0.0000000000
57643  -35.723  -36.121  75.807 0.0000000000
57619  -36.144  -36.209  76.576 0.0000000000
57620  -38.060  -36.685  76.867 0.0000000000
57603  -38.346  -36.461  77.537 0.0000000000
57579  -37.746  -36.018  78.368 0.0000000000
58918  -39.504  -35.884  77.950 0.0000000000
57623  -40.825  -36.765  76.198 0.0000000000
56379  -42.514  -37.158  77.103 0.0000000000
58972  -41.393  -35.269  74.022 0.0000000000
57677  -42.841  -35.533  74.642 0.0000000000
58958  -44.217  -35.137  75.004 0.0000000000
57652  -45.344  -35.186  75.902 0.0000000000
61585  -45.839  -32.574  75.301 0.0000000000
60283  -46.214  -33.270  75.996 0.0000000000
61566  -46.091  -32.086  76.095 0.0000000000
56309  -19.130  -36.978  79.296 0.0000000000
77477  -45.119  -20.294  75.595 0.0000000000
77478  -45.651  -19.918  75.217 0.0000000000
77497  -45.863  -20.130  74.610 0.0000000000
77538  -46.699  -20.617  72.788 0.0000000000
78810  -46.903  -20.237  73.543 0.0000000000
78811  -47.515  -20.203  73.356 0.0000000000
77539  -47.943  -20.539  72.481 0.0000000000
77604  -46.083  -21.269  69.537 0.0000000000
77607  -49.207  -21.008  69.346 0.0000000000
77584  -49.037  -21.133  70.574 0.0000000000
77559  -49.257  -20.466  71.241 0.0000000000
78843  -49.695  -20.482  70.850 0.0000000000
78844  -50.630  -20.169  70.388 0.0000000000
78854  -51.683  -19.699  69.670 0.0000000000
87743  -47.806  -13.327  58.176 0.0000000000
89069  -48.284  -12.628  58.895 0.0000000000
87745  -49.006  -13.105  58.642 0.0000000000
87728  -52.069  -12.891  59.471 0.0000000000
87727  -51.109  -12.579  59.698 0.0000000000
87708  -51.803  -12.473  60.325 0.0000000000
89030  -52.425  -12.015  60.918 0.0000000000
89031  -53.375  -11.935  60.849 0.0000000000
87772  -54.645  -12.157  57.543 0.0000000000
87750  -54.372  -12.421  58.473 0.0000000000
87751  -55.269  -12.445  58.450 0.0000000000
89033  -55.546  -12.138  60.604 0.0000000000
53499  -6.183  -38.914  90.913 0.0000000000
54854  -5.997  -38.518  90.443 0.0000000000
52246  -5.848  -39.407  90.761 0.0000000000
78990  -41.494  -19.777  57.961 0.0000000000
78991  -42.162  -19.144  58.344 0.0000000000
80253  -41.707  -18.726  57.846 0.0000000000
81609  -41.780  -17.603  57.015 0.0000000000
82921  -42.392  -16.716  56.693 0.0000000000
82910  -43.420  -16.660  57.092 0.0000000000
84183  -42.860  -16.188  56.674 0.0000000000
85360  -42.355  -14.471  57.198 0.0000000000
86535  -42.724  -14.057  57.068 0.0000000000
86517  -44.069  -14.098  58.178 0.0000000000
86536  -43.576  -14.031  57.563 0.0000000000
87765  -46.595  -13.498  57.408 0.0000000000
87789  -45.738  -13.766  56.191 0.0000000000
87833  -47.066  -13.071  54.627 0.0000000000
87810  -46.954  -13.485  55.428 0.0000000000
86588  -47.653  -13.013  55.049 0.0000000000
87812  -48.799  -12.759  55.903 0.0000000000
87811  -48.159  -12.762  55.231 0.0000000000
89156  -49.414  -12.075  53.814 0.0000000000
89155  -48.213  -12.202  53.261 0.0000000000
89140  -49.800  -12.025  54.510 0.0000000000
89127  -51.818  -11.515  55.383 0.0000000000
89142  -51.493  -11.218  54.205 0.0000000000
90421  -51.962  -10.974  52.999 0.0000000000
90403  -52.193  -10.978  53.658 0.0000000000
90422  -52.906  -10.974  53.015 0.0000000000
90423  -54.123  -11.136  53.215 0.0000000000
90445  -53.754  -10.937  52.221 0.0000000000
90470  -51.646  -10.797  50.181 0.0000000000
90461  -52.729  -10.952  51.041 0.0000000000
90471  -52.560  -10.836  50.185 0.0000000000
90482  -52.226  -10.457  49.491 0.0000000000
54922  -7.668  -38.792  87.349 0.0000000000
53550  -14.162  -38.861  88.608 0.0000000000
53565  -13.709  -39.382  87.883 0.0000000000
54893  -12.643  -38.494  89.931 0.0000000000
53534  -12.005  -38.906  89.640 0.0000000000
52237  -12.565  -39.397  91.626 0.0000000000
54840  -10.459  -38.685  91.918 0.0000000000
54860  -10.970  -38.249  91.378 0.0000000000
54877  -10.595  -38.357  91.103 0.0000000000
53545  -8.983  -39.242  88.915 0.0000000000
53519  -9.675  -38.739  90.546 0.0000000000
54838  -8.289  -38.491  92.204 0.0000000000
53503  -8.319  -38.731  91.013 0.0000000000
53516  -7.298  -38.347  90.261 0.0000000000
54856  -7.253  -38.640  91.088 0.0000000000
54836  -7.023  -38.656  91.470 0.0000000000
54837  -7.491  -38.462  91.874 0.0000000000
49695  -8.244  -41.044  92.347 0.0000000000
74903  -44.391  -21.695  80.024 0.0000000000
76102  -44.288  -21.201  80.008 0.0000000000
76118  -44.017  -21.194  79.247 0.0000000000
64373  -44.701  -29.581  76.724 0.0000000000
64353  -45.270  -29.606  77.938 0.0000000000
65778  -44.655  -29.259  77.406 0.0000000000
69811  -44.061  -26.581  76.045 0.0000000000
68447  -44.735  -27.733  77.449 0.0000000000
69772  -44.797  -26.735  78.419 0.0000000000
72490  -42.142  -24.199  73.992 0.0000000000
71125  -42.952  -25.340  74.831 0.0000000000
72491  -42.718  -24.496  74.401 0.0000000000
74975  -43.441  -23.308  76.140 0.0000000000
73763  -43.652  -23.951  76.137 0.0000000000
73744  -43.647  -23.676  76.777 0.0000000000
72456  -43.981  -24.309  77.396 0.0000000000
73728  -43.529  -23.353  77.615 0.0000000000
72439  -44.354  -24.047  78.237 0.0000000000
76158  -42.523  -21.429  76.045 0.0000000000
74939  -42.739  -21.759  77.051 0.0000000000
76142  -42.831  -21.256  77.036 0.0000000000
76244  -42.883  -21.531  73.199 0.0000000000
76230  -43.381  -21.555  73.503 0.0000000000
77535  -43.124  -21.808  72.325 0.0000000000
76257  -44.004  -21.736  71.962 0.0000000000
77553  -43.336  -21.871  71.733 0.0000000000
77550  -40.114  -22.120  71.645 0.0000000000
77576  -40.698  -22.511  70.815 0.0000000000
76314  -41.187  -22.254  69.024 0.0000000000
76294  -41.470  -22.495  69.494 0.0000000000
76315  -42.247  -22.443  68.667 0.0000000000
76296  -42.994  -22.462  69.490 0.0000000000
76333  -42.565  -22.455  67.579 0.0000000000
76372  -41.235  -22.406  65.524 0.0000000000
75139  -40.595  -22.610  64.736 0.0000000000
76401  -40.808  -22.269  63.721 0.0000000000
76400  -39.962  -22.525  63.569 0.0000000000
76328  -35.702  -22.156  67.485 0.0000000000
76347  -35.281  -22.458  66.711 0.0000000000
76367  -36.071  -22.427  65.968 0.0000000000
76349  -36.788  -22.372  66.460 0.0000000000
75117  -36.255  -22.788  65.205 0.0000000000
75136  -36.685  -23.056  64.385 0.0000000000
75155  -37.239  -23.179  63.481 0.0000000000
52323  -23.433  -40.051  84.700 0.0000000000
52318  -23.361  -39.877  85.755 0.0000000000
52324  -23.911  -40.296  85.413 0.0000000000
49767  -25.557  -41.611  86.805 0.0000000000
48569  -27.105  -43.167  86.009 0.0000000000
53771  -27.841  -38.349  76.441 0.0000000000
53755  -27.359  -38.761  76.944 0.0000000000
52416  -28.024  -39.643  77.970 0.0000000000
52418  -29.591  -39.233  78.954 0.0000000000
52398  -29.185  -40.046  79.248 0.0000000000
51133  -29.258  -40.345  79.581 0.0000000000
51112  -29.599  -40.579  80.122 0.0000000000
52377  -29.893  -39.929  80.202 0.0000000000
60259  -32.018  -35.057  75.736 0.0000000000
58911  -31.767  -35.167  75.705 0.0000000000
57616  -31.133  -35.656  75.663 0.0000000000
57596  -31.467  -35.803  76.499 0.0000000000
58890  -33.070  -34.892  77.780 0.0000000000
57574  -32.966  -35.658  78.429 0.0000000000
57573  -32.209  -36.292  78.266 0.0000000000
56354  -31.140  -37.165  77.446 0.0000000000
56331  -31.091  -37.607  78.415 0.0000000000
55087  -30.465  -38.187  78.518 0.0000000000
55088  -31.174  -37.931  78.916 0.0000000000
55038  -30.984  -37.962  80.978 0.0000000000
53665  -30.632  -38.557  80.930 0.0000000000
52359  -30.726  -39.350  81.710 0.0000000000
52346  -31.329  -39.385  82.531 0.0000000000
52336  -31.961  -39.678  83.516 0.0000000000
52337  -32.704  -39.483  84.130 0.0000000000
56264  -34.501  -36.738  82.416 0.0000000000
55016  -34.217  -37.202  82.995 0.0000000000
55017  -34.634  -36.761  83.442 0.0000000000
58920  -40.191  -36.041  78.276 0.0000000000
53609  -13.034  -38.870  84.163 0.0000000000
55032  -17.321  -37.730  81.539 0.0000000000
55053  -16.693  -37.499  80.671 0.0000000000
53658  -13.906  -38.359  81.743 0.0000000000
55008  -15.016  -38.320  82.759 0.0000000000
53612  -15.678  -38.850  84.670 0.0000000000
53583  -15.663  -38.894  86.498 0.0000000000
54938  -16.462  -38.481  86.701 0.0000000000
54928  -19.373  -37.679  87.439 0.0000000000
81271  -47.961  -17.962  76.451 0.0000000000
77733  -42.427  -21.518  62.006 0.0000000000
77754  -43.041  -21.000  60.783 0.0000000000
77718  -45.900  -20.495  62.308 0.0000000000
77692  -47.029  -21.276  64.343 0.0000000000
77707  -47.093  -20.658  63.184 0.0000000000
80209  -47.119  -18.195  61.158 0.0000000000
78945  -46.694  -19.115  61.115 0.0000000000
80210  -47.669  -18.362  61.721 0.0000000000
78923  -49.330  -18.912  63.637 0.0000000000
78922  -48.940  -19.097  63.398 0.0000000000
78906  -49.171  -19.400  63.885 0.0000000000
77694  -48.878  -20.053  64.201 0.0000000000
78883  -50.317  -19.791  65.609 0.0000000000
78896  -50.476  -19.233  65.532 0.0000000000
82754  -51.983  -17.371  65.862 0.0000000000
81449  -52.483  -17.725  66.705 0.0000000000
89026  -48.785  -12.286  60.345 0.0000000000
87704  -47.882  -12.742  60.605 0.0000000000
89004  -49.051  -12.144  61.072 0.0000000000
87649  -51.089  -12.010  62.918 0.0000000000
87666  -49.588  -12.337  62.007 0.0000000000
87668  -51.627  -12.838  62.698 0.0000000000
86446  -50.908  -13.480  62.595 0.0000000000
87669  -52.088  -13.272  62.932 0.0000000000
90464  -55.451  -10.249  51.594 0.0000000000
91787  -56.218  -10.052  51.575 0.0000000000
91798  -56.024  -10.290  51.143 0.0000000000
91799  -56.731  -10.141  50.613 0.0000000000
91813  -57.781  -10.002  49.661 0.0000000000
91850  -55.276  -9.637  47.401 0.0000000000
91853  -58.304  -10.027  47.743 0.0000000000
91852  -57.291  -9.793  47.575 0.0000000000
91835  -61.062  -8.818  48.869 0.0000000000
91855  -60.625  -9.578  47.673 0.0000000000
91876  -61.477  -8.974  46.768 0.0000000000
93107  -62.070  -8.021  46.958 0.0000000000
94255  -62.640  -7.601  47.345 0.0000000000
93108  -62.536  -7.708  46.403 0.0000000000
95417  -57.658  -6.066  43.663 0.0000000000
94308  -57.905  -6.932  43.677 0.0000000000
94307  -57.136  -6.958  43.673 0.0000000000
93137  -59.227  -8.413  44.331 0.0000000000
93139  -61.553  -7.735  44.848 0.0000000000
94279  -62.252  -7.436  45.193 0.0000000000
94280  -62.945  -7.314  45.479 0.0000000000
98811  -60.932  -3.923  43.726 0.0000000000
97638  -60.985  -4.497  44.126 0.0000000000
61668  -41.143  -31.822  71.572 0.0000000000
59048  -37.543  -34.492  71.480 0.0000000000
60373  -38.146  -33.555  71.089 0.0000000000
59050  -39.474  -34.324  71.692 0.0000000000
76387  -42.831  -21.811  64.864 0.0000000000
76403  -42.509  -21.740  64.013 0.0000000000
76404  -43.484  -22.028  64.042 0.0000000000
77704  -43.883  -22.064  63.610 0.0000000000
90386  -54.431  -11.214  54.836 0.0000000000
90368  -56.436  -10.746  55.828 0.0000000000
90410  -58.749  -10.398  54.648 0.0000000000
91762  -59.088  -9.968  53.778 0.0000000000
91778  -59.656  -9.658  53.304 0.0000000000
91776  -58.003  -9.833  52.288 0.0000000000
53608  -11.972  -39.118  84.223 0.0000000000
72521  -39.612  -24.249  71.232 0.0000000000
73822  -40.385  -23.757  72.094 0.0000000000
75045  -38.778  -22.658  71.696 0.0000000000
76253  -38.572  -22.449  70.962 0.0000000000
76254  -38.818  -22.286  71.418 0.0000000000
76269  -38.220  -22.545  70.698 0.0000000000
76309  -37.077  -21.735  68.890 0.0000000000
48604  -28.678  -43.356  82.887 0.0000000000
47400  -28.417  -43.479  83.365 0.0000000000
47402  -30.329  -43.668  84.108 0.0000000000
47403  -30.864  -43.655  84.488 0.0000000000
57577  -35.959  -35.532  78.544 0.0000000000
58893  -35.534  -35.130  78.843 0.0000000000
58894  -35.910  -35.304  79.000 0.0000000000
60222  -35.852  -35.330  79.503 0.0000000000
60201  -35.846  -35.337  80.215 0.0000000000
58835  -36.043  -35.071  81.091 0.0000000000
58857  -36.216  -35.150  80.597 0.0000000000
58837  -37.613  -35.398  81.381 0.0000000000
54969  -20.396  -38.059  83.983 0.0000000000
54954  -20.254  -37.788  85.031 0.0000000000
54944  -20.886  -38.095  85.737 0.0000000000
53584  -21.618  -38.258  86.422 0.0000000000
85329  -45.219  -15.508  58.485 0.0000000000
84141  -45.697  -15.932  59.094 0.0000000000
85330  -45.850  -14.914  58.773 0.0000000000
85332  -47.246  -14.684  59.653 0.0000000000
85310  -47.906  -13.846  60.664 0.0000000000
61584  -45.371  -32.028  74.863 0.0000000000
62991  -44.833  -31.248  75.444 0.0000000000
65858  -41.862  -29.430  71.837 0.0000000000
67219  -42.127  -28.415  71.208 0.0000000000
68543  -41.791  -27.535  70.768 0.0000000000
68524  -41.624  -26.520  71.037 0.0000000000
68542  -41.154  -26.928  70.538 0.0000000000
55037  -21.148  -38.457  80.915 0.0000000000
53662  -21.467  -38.937  81.595 0.0000000000
53663  -22.546  -39.350  81.527 0.0000000000
53683  -22.925  -39.453  81.226 0.0000000000
53728  -23.930  -39.417  78.814 0.0000000000
53704  -23.780  -39.571  79.247 0.0000000000
52396  -24.228  -39.837  79.280 0.0000000000
52376  -24.781  -40.280  79.695 0.0000000000
51110  -25.936  -41.048  80.581 0.0000000000
49871  -27.241  -41.444  79.707 0.0000000000
57703  -37.538  -36.183  73.770 0.0000000000
57671  -37.326  -36.431  74.616 0.0000000000
56401  -37.008  -36.524  75.760 0.0000000000
56376  -36.682  -36.492  76.463 0.0000000000
56402  -37.701  -36.561  75.632 0.0000000000
57621  -38.851  -36.587  76.407 0.0000000000
58937  -39.286  -36.625  76.831 0.0000000000
58938  -39.613  -36.561  76.930 0.0000000000
58956  -39.639  -36.739  76.344 0.0000000000
58996  -42.877  -34.115  73.465 0.0000000000
58997  -43.424  -33.835  73.711 0.0000000000
58975  -44.538  -34.151  74.488 0.0000000000
60301  -44.963  -33.874  74.594 0.0000000000
60319  -45.157  -33.319  74.476 0.0000000000
61602  -45.536  -32.832  74.642 0.0000000000
56291  -19.592  -37.116  79.810 0.0000000000
56292  -19.992  -37.377  79.572 0.0000000000
77515  -44.571  -21.339  73.275 0.0000000000
77516  -45.653  -20.649  73.543 0.0000000000
77537  -45.542  -21.059  72.418 0.0000000000
77644  -46.622  -21.335  67.504 0.0000000000
77626  -47.470  -21.512  68.393 0.0000000000
77627  -48.489  -21.290  68.439 0.0000000000
77608  -50.253  -20.880  69.307 0.0000000000
77629  -50.565  -20.694  68.456 0.0000000000
78863  -51.132  -20.178  68.063 0.0000000000
86560  -48.961  -13.330  57.163 0.0000000000
87767  -49.593  -13.217  58.085 0.0000000000
87768  -50.466  -12.855  57.853 0.0000000000
87729  -53.068  -12.647  59.315 0.0000000000
87753  -56.876  -12.455  58.682 0.0000000000
87732  -55.825  -12.593  59.234 0.0000000000
89057  -57.288  -12.138  59.502 0.0000000000
94233  -62.430  -8.042  49.035 0.0000000000
84169  -41.615  -14.847  56.929 0.0000000000
87808  -44.999  -13.471  54.907 0.0000000000
87832  -45.874  -12.966  54.235 0.0000000000
90442  -51.181  -11.270  52.597 0.0000000000
89177  -51.822  -11.335  51.965 0.0000000000
89190  -51.423  -11.369  51.376 0.0000000000
89200  -51.301  -11.077  50.748 0.0000000000
54937  -7.700  -38.887  87.089 0.0000000000
54880  -14.042  -38.506  90.431 0.0000000000
53523  -13.339  -38.451  89.910 0.0000000000
54879  -12.991  -38.326  90.346 0.0000000000
52236  -11.379  -39.853  91.973 0.0000000000
53475  -10.243  -39.206  92.489 0.0000000000
53484  -10.115  -38.951  92.286 0.0000000000
53504  -9.099  -38.904  91.015 0.0000000000
54839  -9.406  -38.811  92.163 0.0000000000
54830  -8.777  -38.869  92.434 0.0000000000
53483  -8.141  -38.928  92.507 0.0000000000
53482  -7.582  -38.770  92.337 0.0000000000
52224  -8.551  -39.515  92.476 0.0000000000
49690  -8.684  -40.432  92.504 0.0000000000
67141  -44.293  -28.801  76.418 0.0000000000
67120  -44.394  -28.647  77.097 0.0000000000
73774  -41.215  -23.153  74.365 0.0000000000
73776  -42.741  -23.866  74.887 0.0000000000
73760  -41.372  -22.988  75.153 0.0000000000
73761  -42.390  -23.141  75.163 0.0000000000
74974  -42.908  -22.762  75.800 0.0000000000
74954  -42.174  -22.062  75.856 0.0000000000
76157  -42.139  -21.832  75.737 0.0000000000
76184  -42.254  -21.497  75.407 0.0000000000
77475  -42.888  -21.234  75.202 0.0000000000
77513  -42.394  -21.377  73.487 0.0000000000
76313  -40.014  -22.424  68.974 0.0000000000
77620  -40.742  -22.463  69.410 0.0000000000
76331  -40.363  -22.192  67.877 0.0000000000
76353  -40.761  -22.245  66.720 0.0000000000
76383  -39.256  -22.669  64.388 0.0000000000
51036  -24.275  -40.741  84.562 0.0000000000
51018  -24.442  -40.682  85.797 0.0000000000
51019  -24.894  -41.173  85.339 0.0000000000
49779  -25.514  -41.543  85.764 0.0000000000
47365  -28.421  -44.209  86.694 0.0000000000
47359  -27.813  -44.183  87.329 0.0000000000
56398  -29.105  -37.247  74.976 0.0000000000
55144  -28.334  -37.525  75.211 0.0000000000
55126  -28.567  -38.114  76.042 0.0000000000
53756  -28.168  -38.537  77.084 0.0000000000
53730  -28.691  -38.585  77.946 0.0000000000
53731  -29.615  -38.754  78.610 0.0000000000
53705  -29.874  -38.997  79.069 0.0000000000
60300  -32.090  -33.286  75.312 0.0000000000
60281  -31.933  -33.792  75.830 0.0000000000
60260  -32.366  -34.555  75.789 0.0000000000
57557  -33.144  -36.567  79.066 0.0000000000
56311  -31.827  -37.438  79.457 0.0000000000
55072  -31.411  -37.842  79.600 0.0000000000
55060  -31.457  -37.849  80.450 0.0000000000
53666  -31.187  -38.471  81.589 0.0000000000
53648  -31.617  -38.716  82.257 0.0000000000
53667  -31.860  -38.253  81.858 0.0000000000
53649  -32.302  -38.391  82.572 0.0000000000
55010  -17.191  -38.203  82.349 0.0000000000
54987  -15.634  -38.596  83.219 0.0000000000
53631  -16.078  -38.697  83.980 0.0000000000
53613  -16.511  -38.647  84.823 0.0000000000
54900  -21.239  -37.974  89.812 0.0000000000
77774  -43.374  -20.582  60.116 0.0000000000
77755  -44.048  -20.463  60.509 0.0000000000
78957  -44.150  -20.119  59.981 0.0000000000
78943  -45.215  -19.936  60.798 0.0000000000
78933  -46.346  -19.819  61.650 0.0000000000
81532  -48.676  -17.072  61.728 0.0000000000
80194  -48.328  -18.266  62.228 0.0000000000
81496  -49.359  -17.881  62.974 0.0000000000
80161  -50.244  -18.384  64.435 0.0000000000
80146  -50.639  -18.652  65.333 0.0000000000
81462  -51.474  -17.502  65.243 0.0000000000
82755  -52.620  -16.936  66.034 0.0000000000
89006  -50.524  -11.470  61.481 0.0000000000
89005  -49.977  -11.564  61.520 0.0000000000
90295  -50.452  -11.420  62.076 0.0000000000
90274  -51.017  -11.356  62.499 0.0000000000
90257  -51.999  -11.005  63.625 0.0000000000
90474  -55.586  -10.350  50.572 0.0000000000
90485  -55.131  -10.325  49.656 0.0000000000
90486  -56.000  -10.264  49.543 0.0000000000
91831  -56.447  -9.965  48.555 0.0000000000
91874  -59.081  -10.309  46.952 0.0000000000
90517  -60.273  -10.129  46.970 0.0000000000
90524  -59.759  -10.298  46.599 0.0000000000
90525  -60.329  -10.107  46.203 0.0000000000
91890  -60.875  -9.480  45.507 0.0000000000
96515  -57.866  -4.911  44.029 0.0000000000
96533  -58.380  -5.641  43.788 0.0000000000
94294  -59.845  -7.308  44.408 0.0000000000
95405  -62.091  -6.445  44.177 0.0000000000
97649  -60.765  -3.921  42.929 0.0000000000
96534  -61.500  -5.246  42.960 0.0000000000
95431  -61.971  -5.736  42.134 0.0000000000
64474  -41.477  -30.390  72.115 0.0000000000
64488  -41.123  -30.837  71.802 0.0000000000
64473  -41.172  -29.956  71.911 0.0000000000
65872  -41.090  -29.764  70.814 0.0000000000
53725  -21.739  -38.414  78.663 0.0000000000
53751  -23.020  -38.833  77.708 0.0000000000
52432  -24.816  -39.573  78.123 0.0000000000
52433  -25.219  -39.594  77.776 0.0000000000
59021  -35.347  -34.571  72.041 0.0000000000
57733  -37.040  -35.241  72.627 0.0000000000
57754  -37.792  -35.253  71.904 0.0000000000
57704  -38.646  -35.894  73.612 0.0000000000
57706  -39.976  -35.520  73.926 0.0000000000
58994  -40.593  -35.022  73.605 0.0000000000
58995  -41.772  -34.390  73.132 0.0000000000
59027  -41.434  -33.900  72.681 0.0000000000
77622  -44.096  -22.187  68.530 0.0000000000
77603  -45.308  -21.519  69.519 0.0000000000
77623  -44.885  -21.921  68.604 0.0000000000
77642  -44.947  -21.661  67.632 0.0000000000
77643  -45.803  -21.385  67.620 0.0000000000
76375  -44.077  -21.855  65.839 0.0000000000
77663  -45.288  -21.536  66.799 0.0000000000
77664  -45.956  -21.051  66.741 0.0000000000
77665  -46.771  -20.991  66.566 0.0000000000
89107  -51.620  -11.898  56.483 0.0000000000
89088  -52.561  -11.943  57.218 0.0000000000
89089  -53.595  -11.708  57.123 0.0000000000
87773  -55.688  -12.217  57.702 0.0000000000
89110  -54.958  -11.265  56.229 0.0000000000
89091  -55.369  -11.779  56.914 0.0000000000
87774  -56.253  -12.260  57.837 0.0000000000
89075  -57.528  -12.068  58.252 0.0000000000
89076  -58.755  -11.599  58.036 0.0000000000
93045  -60.555  -9.332  53.128 0.0000000000
93070  -60.470  -8.646  50.894 0.0000000000
53607  -10.851  -39.050  84.374 0.0000000000
53606  -9.607  -38.733  84.417 0.0000000000
53562  -10.241  -39.335  87.687 0.0000000000
71147  -42.434  -25.434  73.453 0.0000000000
72497  -41.822  -24.470  73.368 0.0000000000
73804  -40.628  -23.633  72.707 0.0000000000
73788  -41.093  -23.470  73.438 0.0000000000
75016  -40.701  -22.497  73.799 0.0000000000
76228  -40.342  -21.957  73.665 0.0000000000
76205  -40.235  -21.408  73.970 0.0000000000
77511  -40.974  -21.145  72.987 0.0000000000
77510  -40.103  -21.423  72.910 0.0000000000
77575  -39.699  -22.536  70.778 0.0000000000
76271  -38.815  -22.408  70.788 0.0000000000
77596  -38.985  -22.075  69.995 0.0000000000
76293  -39.446  -22.423  69.560 0.0000000000
76312  -38.845  -22.527  69.051 0.0000000000
77640  -38.576  -22.706  67.697 0.0000000000
48589  -26.579  -42.508  84.561 0.0000000000
47373  -27.767  -43.546  85.347 0.0000000000
47387  -28.499  -43.819  84.535 0.0000000000
47374  -28.576  -43.954  85.709 0.0000000000
47366  -29.668  -44.576  86.415 0.0000000000
47390  -31.316  -43.793  84.884 0.0000000000
56424  -29.582  -36.199  74.590 0.0000000000
58936  -34.222  -34.864  76.920 0.0000000000
58891  -33.705  -34.853  78.446 0.0000000000
60262  -34.918  -34.565  78.824 0.0000000000
58892  -34.433  -34.665  78.939 0.0000000000
57558  -33.863  -36.001  79.377 0.0000000000
56294  -33.816  -36.614  80.611 0.0000000000
56278  -34.807  -36.395  81.956 0.0000000000
57511  -35.329  -36.005  83.444 0.0000000000
55054  -17.645  -37.402  80.749 0.0000000000
53645  -17.912  -37.593  82.130 0.0000000000
55011  -18.017  -37.648  82.628 0.0000000000
54966  -18.122  -38.105  85.078 0.0000000000
54952  -18.727  -37.568  85.641 0.0000000000
54942  -19.467  -37.547  86.369 0.0000000000
53568  -20.653  -38.114  88.077 0.0000000000
80256  -44.060  -18.029  58.622 0.0000000000
80242  -45.282  -18.202  59.724 0.0000000000
81568  -45.611  -17.586  59.572 0.0000000000
81547  -46.090  -17.729  59.984 0.0000000000
81549  -47.343  -17.334  60.823 0.0000000000
84120  -46.745  -16.224  60.125 0.0000000000
82852  -47.371  -16.640  60.563 0.0000000000
82824  -49.037  -16.729  61.895 0.0000000000
82825  -49.583  -16.523  62.407 0.0000000000
84076  -50.905  -15.442  63.209 0.0000000000
91827  -52.536  -10.010  48.004 0.0000000000
91848  -53.230  -9.605  47.337 0.0000000000
91869  -53.834  -9.314  46.559 0.0000000000
97635  -58.494  -4.274  44.393 0.0000000000
97636  -59.461  -4.385  44.460 0.0000000000
97637  -60.321  -4.433  44.476 0.0000000000
98794  -59.028  -3.852  44.245 0.0000000000
98795  -59.916  -3.779  44.320 0.0000000000
98810  -60.268  -3.682  43.452 0.0000000000
98817  -58.058  -3.062  43.079 0.0000000000
98818  -58.756  -3.426  42.793 0.0000000000
53582  -14.554  -39.371  86.469 0.0000000000
52304  -14.175  -39.538  86.857 0.0000000000
53566  -14.657  -39.362  87.691 0.0000000000
54907  -14.999  -38.827  88.597 0.0000000000
56191  -14.275  -37.910  91.402 0.0000000000
64394  -45.458  -30.226  76.841 0.0000000000
62966  -44.494  -30.201  75.915 0.0000000000
64392  -44.496  -29.878  76.128 0.0000000000
65793  -44.315  -29.338  75.962 0.0000000000
67159  -44.111  -28.555  75.541 0.0000000000
68498  -43.117  -27.305  74.177 0.0000000000
65841  -43.394  -29.702  73.742 0.0000000000
65839  -42.422  -29.002  72.396 0.0000000000
67192  -43.059  -28.228  73.632 0.0000000000
69847  -42.401  -26.256  73.022 0.0000000000
71157  -40.986  -25.217  71.739 0.0000000000
69858  -41.032  -25.849  71.357 0.0000000000
71170  -40.389  -25.124  71.119 0.0000000000
72519  -38.648  -23.797  70.334 0.0000000000
52316  -21.958  -39.215  84.900 0.0000000000
52322  -22.655  -39.558  84.284 0.0000000000
52334  -23.393  -40.041  83.470 0.0000000000
49810  -24.581  -41.060  83.891 0.0000000000
49811  -25.185  -41.397  83.439 0.0000000000
52373  -22.845  -39.445  80.165 0.0000000000
52374  -23.317  -39.672  80.570 0.0000000000
52375  -24.089  -40.103  80.138 0.0000000000
52357  -24.159  -40.108  81.087 0.0000000000
51074  -24.441  -40.604  82.203 0.0000000000
48615  -26.917  -42.535  83.068 0.0000000000
48616  -27.378  -42.814  82.668 0.0000000000
49840  -27.023  -42.401  81.499 0.0000000000
47411  -27.836  -43.196  82.825 0.0000000000
48617  -28.429  -43.125  82.480 0.0000000000
48630  -29.772  -42.136  81.422 0.0000000000
61599  -32.040  -32.689  74.052 0.0000000000
60316  -32.322  -33.279  74.574 0.0000000000
58955  -33.747  -35.029  75.965 0.0000000000
57700  -34.257  -35.499  73.165 0.0000000000
57668  -34.165  -35.487  74.375 0.0000000000
57617  -34.827  -35.387  77.036 0.0000000000
57601  -36.263  -36.063  77.485 0.0000000000
56357  -36.793  -36.557  77.027 0.0000000000
57578  -36.850  -35.855  78.315 0.0000000000
57561  -37.176  -35.648  78.923 0.0000000000
58896  -38.926  -35.560  78.978 0.0000000000
60242  -39.247  -35.641  79.498 0.0000000000
60264  -39.372  -35.780  78.837 0.0000000000
60265  -39.658  -35.891  78.472 0.0000000000
58940  -40.483  -36.359  77.591 0.0000000000
57604  -40.932  -36.548  77.999 0.0000000000
57675  -41.005  -36.033  74.649 0.0000000000
57649  -42.337  -36.159  75.497 0.0000000000
57626  -44.042  -36.179  76.351 0.0000000000
57627  -45.135  -35.982  76.705 0.0000000000
58941  -46.419  -34.198  76.510 0.0000000000
56290  -18.888  -36.889  79.999 0.0000000000
55035  -19.868  -37.743  81.298 0.0000000000
53633  -20.798  -38.445  83.271 0.0000000000
79940  -45.526  -19.410  76.289 0.0000000000
78792  -46.889  -19.744  74.002 0.0000000000
79985  -47.643  -18.995  74.825 0.0000000000
80007  -48.017  -19.234  74.469 0.0000000000
77581  -45.825  -21.186  70.416 0.0000000000
76276  -46.275  -21.244  70.331 0.0000000000
77605  -47.005  -21.497  69.628 0.0000000000
77583  -47.820  -21.222  70.632 0.0000000000
77540  -48.513  -20.200  72.234 0.0000000000
78825  -48.813  -19.976  72.050 0.0000000000
87742  -46.248  -13.458  58.361 0.0000000000
87724  -46.814  -13.172  58.991 0.0000000000
89050  -47.050  -13.011  58.853 0.0000000000
89052  -48.475  -12.433  59.644 0.0000000000
89053  -49.175  -12.288  59.960 0.0000000000
87746  -50.044  -12.662  59.132 0.0000000000
89054  -49.861  -12.307  60.128 0.0000000000
89028  -50.541  -11.750  60.849 0.0000000000
90320  -51.297  -11.551  61.339 0.0000000000
89007  -52.077  -11.636  61.528 0.0000000000
90299  -53.552  -10.828  62.173 0.0000000000
89072  -52.744  -12.318  57.867 0.0000000000
87749  -53.387  -12.472  58.391 0.0000000000
87710  -53.703  -12.363  60.119 0.0000000000
89055  -55.678  -12.370  59.813 0.0000000000
87711  -54.553  -12.391  60.107 0.0000000000
89009  -53.975  -11.307  61.448 0.0000000000
54874  -5.971  -38.110  90.128 0.0000000000
77731  -40.778  -21.687  61.233 0.0000000000
77732  -41.262  -21.596  61.410 0.0000000000
78973  -41.053  -20.358  58.723 0.0000000000
80239  -42.886  -18.949  58.857 0.0000000000
80255  -43.370  -18.178  58.422 0.0000000000
80273  -41.998  -18.062  57.494 0.0000000000
81588  -43.743  -17.316  58.107 0.0000000000
82892  -43.937  -16.447  57.930 0.0000000000
84160  -44.454  -15.756  58.124 0.0000000000
84171  -42.963  -15.363  57.128 0.0000000000
85344  -44.878  -14.717  58.060 0.0000000000
86518  -44.698  -13.766  58.142 0.0000000000
87741  -45.107  -13.551  57.944 0.0000000000
87763  -44.255  -13.644  57.385 0.0000000000
86538  -47.337  -13.608  56.829 0.0000000000
86557  -47.368  -13.458  55.960 0.0000000000
86559  -48.647  -13.300  56.687 0.0000000000
87791  -48.967  -12.998  56.502 0.0000000000
87853  -46.581  -12.632  53.529 0.0000000000
87854  -47.563  -12.502  53.566 0.0000000000
87836  -49.525  -12.297  54.919 0.0000000000
87837  -50.162  -12.285  55.294 0.0000000000
89126  -50.990  -11.663  55.801 0.0000000000
89158  -51.470  -10.969  53.432 0.0000000000
90385  -53.500  -11.237  54.726 0.0000000000
90405  -54.209  -11.362  54.088 0.0000000000
89160  -54.696  -10.940  53.581 0.0000000000
90425  -55.661  -10.483  53.379 0.0000000000
90446  -54.767  -10.638  52.344 0.0000000000
90463  -54.592  -10.571  51.421 0.0000000000
90483  -53.176  -10.371  49.544 0.0000000000
91809  -52.855  -10.152  48.824 0.0000000000
91846  -51.281  -9.303  47.234 0.0000000000
52290  -13.427  -39.570  87.255 0.0000000000
52302  -13.099  -39.606  86.909 0.0000000000
53564  -12.669  -39.485  87.472 0.0000000000
54861  -12.110  -38.370  91.035 0.0000000000
53506  -11.246  -38.237  90.935 0.0000000000
53521  -11.548  -38.556  90.377 0.0000000000
53533  -10.913  -39.067  89.712 0.0000000000
53546  -10.040  -39.396  88.790 0.0000000000
53518  -8.696  -38.718  90.406 0.0000000000
53530  -8.135  -38.573  89.789 0.0000000000
54875  -6.752  -38.271  90.284 0.0000000000
53500  -6.679  -38.907  91.401 0.0000000000
52233  -6.811  -39.233  91.738 0.0000000000
52235  -7.729  -39.405  92.352 0.0000000000
52234  -7.188  -39.319  92.149 0.0000000000
77394  -44.687  -20.480  80.068 0.0000000000
78714  -44.303  -20.079  79.279 0.0000000000
71126  -43.292  -25.713  75.553 0.0000000000
71112  -43.861  -25.531  76.451 0.0000000000
72485  -43.533  -24.688  75.870 0.0000000000
71096  -44.155  -25.177  77.147 0.0000000000
71077  -44.394  -25.121  77.926 0.0000000000
73714  -44.536  -23.504  78.856 0.0000000000
74940  -43.294  -22.080  77.546 0.0000000000
74928  -43.896  -21.997  78.755 0.0000000000
76130  -43.706  -21.267  78.276 0.0000000000
77434  -43.900  -20.624  77.589 0.0000000000
77450  -44.161  -20.364  76.505 0.0000000000
77495  -43.682  -21.333  74.221 0.0000000000
77554  -44.321  -21.522  71.320 0.0000000000
77533  -41.513  -21.445  72.440 0.0000000000
77552  -42.246  -22.100  71.863 0.0000000000
77599  -41.213  -22.715  69.807 0.0000000000
77577  -41.867  -22.510  70.669 0.0000000000
77578  -42.905  -22.199  70.954 0.0000000000
76274  -43.252  -22.258  70.251 0.0000000000
76297  -43.731  -22.258  69.837 0.0000000000
77601  -43.748  -22.322  69.173 0.0000000000
76373  -42.318  -22.008  65.678 0.0000000000
76386  -41.909  -21.920  64.744 0.0000000000
73855  -36.882  -23.395  69.433 0.0000000000
76288  -36.249  -22.131  68.738 0.0000000000
77616  -36.294  -21.665  68.054 0.0000000000
76348  -36.082  -22.119  66.758 0.0000000000
77659  -37.162  -22.120  66.982 0.0000000000
76350  -37.563  -22.628  66.426 0.0000000000
75107  -37.781  -22.694  65.869 0.0000000000
75118  -37.099  -22.953  65.166 0.0000000000
75119  -38.078  -22.990  65.285 0.0000000000
75120  -38.769  -22.841  64.887 0.0000000000
75138  -38.532  -22.934  64.297 0.0000000000
76399  -39.145  -22.833  63.429 0.0000000000
75169  -37.758  -23.230  62.619 0.0000000000
76420  -39.738  -22.328  62.586 0.0000000000
76444  -40.468  -21.917  61.709 0.0000000000
52319  -23.987  -40.164  86.256 0.0000000000
48576  -26.476  -42.679  85.585 0.0000000000
48568  -26.550  -42.696  86.595 0.0000000000
53753  -25.389  -39.145  77.087 0.0000000000
52434  -26.050  -39.600  77.550 0.0000000000
51153  -27.131  -40.425  78.228 0.0000000000
51131  -27.630  -40.896  79.105 0.0000000000
51132  -28.654  -40.615  79.270 0.0000000000
49873  -28.703  -41.202  79.732 0.0000000000
49842  -29.770  -41.316  81.052 0.0000000000
48631  -30.198  -41.589  81.553 0.0000000000
60315  -30.257  -33.689  74.354 0.0000000000
58952  -30.803  -34.604  75.039 0.0000000000
58967  -30.541  -34.535  74.629 0.0000000000
57640  -30.520  -35.395  75.126 0.0000000000
56400  -30.608  -36.069  75.558 0.0000000000
57597  -31.974  -35.634  77.525 0.0000000000
56353  -30.399  -37.676  77.162 0.0000000000
53732  -30.067  -38.673  78.898 0.0000000000
53706  -30.256  -38.812  79.351 0.0000000000
53684  -30.512  -38.729  80.084 0.0000000000
52400  -30.207  -39.127  79.886 0.0000000000
51113  -30.039  -40.226  80.548 0.0000000000
51097  -30.265  -40.417  81.292 0.0000000000
49827  -30.574  -41.111  82.051 0.0000000000
49828  -30.945  -41.260  82.650 0.0000000000
51059  -31.936  -40.840  83.664 0.0000000000
51038  -32.433  -41.156  84.275 0.0000000000
55041  -33.634  -37.587  82.126 0.0000000000
54993  -33.333  -38.253  83.727 0.0000000000
53595  -13.995  -39.414  84.997 0.0000000000
54986  -15.110  -38.549  83.264 0.0000000000
53629  -14.552  -38.785  83.310 0.0000000000
77716  -43.460  -21.699  62.993 0.0000000000
77717  -44.751  -21.145  62.644 0.0000000000
77681  -47.891  -20.937  65.279 0.0000000000
78960  -46.165  -19.025  60.525 0.0000000000
78934  -47.131  -19.503  61.817 0.0000000000
78935  -47.803  -19.049  62.050 0.0000000000
78920  -47.571  -19.779  62.587 0.0000000000
77682  -48.938  -20.765  65.042 0.0000000000
77668  -49.780  -20.488  65.958 0.0000000000
78873  -50.878  -20.053  67.067 0.0000000000
78885  -51.334  -19.403  66.952 0.0000000000
80131  -51.136  -18.551  66.071 0.0000000000
80132  -51.763  -18.630  67.009 0.0000000000
86510  -47.234  -13.462  59.662 0.0000000000
86491  -47.561  -13.421  60.290 0.0000000000
86468  -48.360  -13.460  61.223 0.0000000000
87665  -49.075  -12.380  61.587 0.0000000000
86444  -49.018  -12.882  61.641 0.0000000000
86469  -49.080  -13.533  61.635 0.0000000000
85270  -49.742  -14.433  62.246 0.0000000000
85271  -50.406  -14.550  62.729 0.0000000000
85258  -51.646  -14.793  63.630 0.0000000000
85259  -52.180  -14.158  63.690 0.0000000000
84067  -51.826  -15.465  64.154 0.0000000000
84055  -52.176  -15.962  64.802 0.0000000000
91774  -56.447  -9.960  52.041 0.0000000000
91815  -60.030  -8.765  50.030 0.0000000000
91830  -55.520  -9.973  48.269 0.0000000000
91832  -57.525  -9.775  48.616 0.0000000000
91816  -60.918  -8.571  49.677 0.0000000000
93082  -61.422  -8.331  49.502 0.0000000000
93083  -61.917  -8.110  48.829 0.0000000000
91856  -61.659  -8.770  47.778 0.0000000000
94243  -62.596  -7.825  48.195 0.0000000000
93135  -56.998  -8.313  44.496 0.0000000000
91898  -58.683  -9.021  44.546 0.0000000000
91900  -60.135  -9.463  45.014 0.0000000000
93124  -61.265  -8.949  45.129 0.0000000000
93125  -61.945  -8.523  45.628 0.0000000000
47399  -27.665  -43.129  83.351 0.0000000000
49685  -8.900  -40.194  92.516 0.0000000000
49686  -9.094  -40.398  92.569 0.0000000000
49794  -24.782  -41.266  84.280 0.0000000000
49843  -30.214  -41.097  81.471 0.0000000000
49858  -29.612  -41.111  80.519 0.0000000000
50904  -8.774  -39.904  92.480 0.0000000000
50905  -9.042  -40.011  92.525 0.0000000000
50909  -8.095  -40.069  92.205 0.0000000000
50910  -7.942  -39.653  92.347 0.0000000000
51109  -25.364  -40.694  80.107 0.0000000000
51171  -26.069  -39.935  77.958 0.0000000000
51172  -26.457  -40.045  77.846 0.0000000000
52219  -8.890  -39.515  92.571 0.0000000000
52220  -9.234  -39.858  92.649 0.0000000000
52222  -10.063  -39.616  92.563 0.0000000000
52225  -7.743  -39.331  92.381 0.0000000000
52226  -9.914  -39.014  92.602 0.0000000000
52292  -14.398  -39.512  87.069 0.0000000000
52303  -13.651  -39.542  86.684 0.0000000000
52310  -22.740  -39.335  86.225 0.0000000000
52335  -23.988  -40.129  82.675 0.0000000000
52345  -30.920  -39.815  82.299 0.0000000000
52355  -22.944  -39.379  81.946 0.0000000000
52395  -23.628  -39.713  79.702 0.0000000000
53468  -9.051  -39.207  92.618 0.0000000000
53469  -9.394  -39.125  92.581 0.0000000000
53472  -8.797  -39.156  92.599 0.0000000000
53473  -8.586  -38.996  92.539 0.0000000000
53474  -9.828  -38.979  92.388 0.0000000000
53502  -7.622  -38.612  90.847 0.0000000000
53505  -10.889  -38.174  91.045 0.0000000000
53535  -12.913  -38.586  89.489 0.0000000000
53553  -20.663  -37.986  88.433 0.0000000000
53554  -21.079  -38.220  88.440 0.0000000000
53617  -33.232  -39.068  84.213 0.0000000000
53644  -17.705  -37.763  82.204 0.0000000000
53660  -17.739  -37.663  81.918 0.0000000000
53772  -28.387  -38.352  76.630 0.0000000000
54828  -8.958  -38.987  92.574 0.0000000000
54829  -9.161  -39.069  92.650 0.0000000000
54831  -9.197  -38.987  92.517 0.0000000000
54863  -13.936  -37.811  90.986 0.0000000000
54876  -10.252  -38.540  90.920 0.0000000000
54894  -12.888  -38.401  89.912 0.0000000000
55073  -31.880  -37.657  79.901 0.0000000000
56186  -14.179  -37.711  91.772 0.0000000000
56187  -14.581  -38.122  91.316 0.0000000000
56200  -14.186  -38.230  90.951 0.0000000000
56265  -34.723  -36.382  82.958 0.0000000000
56356  -36.453  -36.358  76.910 0.0000000000
56378  -38.118  -36.631  76.181 0.0000000000
56425  -37.301  -36.520  75.123 0.0000000000
56427  -38.586  -36.252  74.647 0.0000000000
56449  -38.693  -36.090  74.159 0.0000000000
57530  -36.835  -35.666  81.922 0.0000000000
57545  -35.721  -35.326  81.127 0.0000000000
57559  -36.198  -35.431  78.940 0.0000000000
58878  -34.854  -35.262  80.179 0.0000000000
58879  -36.217  -35.437  79.278 0.0000000000
58957  -39.919  -36.794  76.319 0.0000000000
60202  -36.104  -35.409  80.089 0.0000000000
60203  -36.370  -35.480  79.908 0.0000000000
60220  -34.988  -34.979  79.615 0.0000000000
60223  -36.256  -35.470  79.617 0.0000000000
60241  -35.739  -35.098  78.921 0.0000000000
60244  -39.698  -36.122  78.770 0.0000000000
60263  -35.065  -34.679  78.629 0.0000000000
60266  -39.938  -35.812  78.296 0.0000000000
60282  -32.179  -33.814  75.726 0.0000000000
61583  -32.037  -32.785  74.728 0.0000000000
62967  -44.725  -30.451  76.022 0.0000000000
64374  -45.232  -29.724  77.082 0.0000000000
65857  -41.311  -29.836  71.532 0.0000000000
72498  -42.489  -24.762  73.789 0.0000000000
72534  -38.319  -23.752  70.021 0.0000000000
73775  -42.077  -23.574  74.495 0.0000000000
73821  -39.746  -23.549  71.741 0.0000000000
74916  -44.229  -21.881  79.717 0.0000000000
75072  -37.424  -22.663  69.818 0.0000000000
75073  -38.480  -22.227  69.354 0.0000000000
75074  -38.730  -22.333  69.419 0.0000000000
75082  -38.431  -22.299  69.048 0.0000000000
75106  -37.325  -22.697  65.849 0.0000000000
75121  -40.635  -22.628  65.066 0.0000000000
75122  -40.919  -22.582  64.972 0.0000000000
75140  -40.753  -22.569  64.766 0.0000000000
76181  -40.337  -21.282  74.381 0.0000000000
76208  -43.129  -21.566  73.950 0.0000000000
76229  -42.884  -21.533  73.723 0.0000000000
76242  -38.881  -21.786  72.103 0.0000000000
76245  -43.318  -21.634  72.774 0.0000000000
76246  -44.020  -21.677  72.579 0.0000000000
76255  -38.777  -22.446  71.235 0.0000000000
76256  -43.550  -21.767  72.244 0.0000000000
76272  -42.156  -22.562  70.238 0.0000000000
76275  -46.053  -21.192  70.350 0.0000000000
76292  -38.864  -22.269  69.653 0.0000000000
76295  -41.956  -22.571  69.742 0.0000000000
76298  -46.119  -21.324  70.154 0.0000000000
76299  -46.419  -21.419  70.074 0.0000000000
76308  -35.979  -22.088  68.350 0.0000000000
76317  -47.743  -21.633  67.912 0.0000000000
76318  -48.026  -21.584  68.121 0.0000000000
76329  -38.363  -22.618  68.252 0.0000000000
76336  -48.045  -21.561  67.742 0.0000000000
76369  -38.156  -22.618  65.907 0.0000000000
76376  -44.851  -21.708  65.967 0.0000000000
76424  -42.954  -21.776  63.514 0.0000000000
77393  -44.351  -20.708  79.920 0.0000000000
77408  -44.344  -20.445  79.599 0.0000000000
77409  -44.605  -20.126  79.797 0.0000000000
77491  -40.223  -21.021  73.842 0.0000000000
77494  -42.702  -21.456  74.202 0.0000000000
77498  -46.452  -19.851  74.305 0.0000000000
77514  -43.896  -21.483  73.547 0.0000000000
77548  -38.883  -22.068  71.679 0.0000000000
77573  -38.698  -22.213  70.259 0.0000000000
77574  -39.058  -22.347  70.547 0.0000000000
77594  -36.327  -21.852  68.562 0.0000000000
77595  -36.652  -21.709  68.528 0.0000000000
77597  -39.341  -22.274  70.082 0.0000000000
77600  -41.708  -22.707  70.088 0.0000000000
77617  -36.951  -21.685  68.130 0.0000000000
77637  -37.033  -21.751  67.436 0.0000000000
77639  -37.884  -22.932  67.690 0.0000000000
77641  -44.361  -21.941  67.905 0.0000000000
77648  -50.310  -20.481  66.683 0.0000000000
77661  -38.442  -22.806  67.187 0.0000000000
77669  -50.501  -20.075  66.287 0.0000000000
77695  -49.538  -19.607  64.386 0.0000000000
77709  -48.705  -19.575  63.541 0.0000000000
77736  -45.658  -20.097  61.412 0.0000000000
77756  -44.690  -20.191  60.691 0.0000000000
78700  -44.398  -20.109  79.483 0.0000000000
78701  -44.672  -19.838  79.535 0.0000000000
78764  -45.195  -19.663  76.058 0.0000000000
78765  -45.673  -19.693  75.610 0.0000000000
78782  -46.447  -19.453  74.706 0.0000000000
78783  -47.081  -19.370  74.471 0.0000000000
78862  -50.429  -20.622  67.666 0.0000000000
78874  -51.536  -19.483  67.628 0.0000000000
78907  -49.634  -18.995  64.203 0.0000000000
78921  -48.416  -19.120  62.855 0.0000000000
78944  -45.951  -19.593  60.929 0.0000000000
79893  -45.235  -19.429  79.750 0.0000000000
79943  -47.608  -18.261  76.765 0.0000000000
79957  -45.550  -19.531  75.984 0.0000000000
80008  -48.401  -18.992  74.366 0.0000000000
80145  -50.383  -18.779  64.862 0.0000000000
80162  -50.702  -18.185  64.847 0.0000000000
80176  -48.665  -18.521  62.672 0.0000000000
80178  -49.651  -18.477  63.765 0.0000000000
80195  -48.772  -18.202  62.595 0.0000000000
80227  -45.043  -18.792  59.849 0.0000000000
80229  -46.561  -18.489  60.588 0.0000000000
80241  -44.673  -18.124  59.284 0.0000000000
80252  -40.855  -19.031  57.649 0.0000000000
81429  -52.809  -17.951  67.347 0.0000000000
81447  -51.040  -18.288  65.691 0.0000000000
81461  -51.023  -18.033  65.263 0.0000000000
81479  -50.279  -17.838  64.151 0.0000000000
81498  -50.557  -17.193  63.873 0.0000000000
81513  -48.414  -17.766  62.042 0.0000000000
81514  -49.042  -17.595  62.360 0.0000000000
81530  -47.272  -17.636  60.962 0.0000000000
81548  -46.717  -17.560  60.352 0.0000000000
81569  -46.189  -17.423  59.872 0.0000000000
81587  -43.109  -17.712  57.886 0.0000000000
81589  -44.436  -17.535  58.624 0.0000000000
81611  -43.319  -17.373  57.490 0.0000000000
81627  -42.143  -17.249  56.828 0.0000000000
82811  -50.707  -16.607  63.509 0.0000000000
82835  -47.956  -16.514  61.039 0.0000000000
82875  -46.258  -16.751  59.682 0.0000000000
82893  -44.570  -16.790  58.380 0.0000000000
82909  -42.933  -16.952  56.765 0.0000000000
82922  -42.952  -16.636  56.694 0.0000000000
84056  -52.879  -15.360  65.002 0.0000000000
84068  -52.418  -15.450  64.474 0.0000000000
84075  -50.098  -15.981  63.010 0.0000000000
84077  -51.435  -15.398  63.674 0.0000000000
84091  -50.199  -15.307  62.910 0.0000000000
84121  -47.231  -15.591  60.108 0.0000000000
84143  -47.218  -15.011  59.602 0.0000000000
84170  -41.960  -15.007  57.054 0.0000000000
84182  -42.197  -15.761  56.685 0.0000000000
85247  -51.989  -15.011  64.017 0.0000000000
85257  -51.085  -14.770  63.087 0.0000000000
85286  -49.103  -14.425  61.702 0.0000000000
85308  -47.212  -14.305  59.700 0.0000000000
85309  -47.585  -14.575  60.034 0.0000000000
85331  -46.843  -14.497  59.432 0.0000000000
85361  -43.086  -14.515  57.362 0.0000000000
86429  -51.267  -14.218  62.984 0.0000000000
86447  -51.599  -13.580  62.907 0.0000000000
86448  -51.905  -13.606  63.150 0.0000000000
86467  -47.864  -12.960  60.955 0.0000000000
86492  -47.851  -13.369  60.834 0.0000000000
86519  -45.588  -13.730  58.431 0.0000000000
86521  -48.122  -13.470  57.866 0.0000000000
86523  -49.108  -13.340  58.136 0.0000000000
86539  -48.026  -13.641  57.174 0.0000000000
86540  -48.591  -13.464  57.435 0.0000000000
86541  -49.081  -13.342  57.645 0.0000000000
86558  -47.948  -13.482  56.392 0.0000000000
86575  -47.415  -13.283  55.259 0.0000000000
86576  -47.948  -13.139  55.695 0.0000000000
86587  -47.402  -13.156  54.947 0.0000000000
87667  -50.685  -12.261  62.601 0.0000000000
87686  -48.012  -12.763  60.989 0.0000000000
87705  -48.405  -12.439  60.686 0.0000000000
87706  -50.660  -12.065  60.510 0.0000000000
87725  -47.370  -13.002  59.589 0.0000000000
87726  -50.519  -12.333  60.179 0.0000000000
87731  -55.036  -12.503  59.443 0.0000000000
87733  -56.506  -12.487  59.177 0.0000000000
87740  -44.702  -13.633  57.833 0.0000000000
87744  -48.220  -13.165  58.372 0.0000000000
87766  -47.467  -13.473  57.819 0.0000000000
87814  -50.559  -12.116  55.773 0.0000000000
87835  -48.610  -12.476  54.872 0.0000000000
87855  -48.485  -12.493  54.046 0.0000000000
88969  -51.254  -11.583  63.030 0.0000000000
88970  -51.915  -11.696  63.563 0.0000000000
88989  -49.314  -12.020  61.648 0.0000000000
88991  -50.761  -11.632  62.546 0.0000000000
89029  -51.500  -11.902  60.902 0.0000000000
89051  -47.706  -12.595  59.239 0.0000000000
89068  -47.513  -13.092  58.484 0.0000000000
89071  -49.518  -12.461  59.649 0.0000000000
89073  -53.219  -12.141  57.655 0.0000000000
89074  -56.690  -12.338  58.047 0.0000000000
89085  -47.151  -13.375  58.099 0.0000000000
89086  -47.368  -13.319  58.199 0.0000000000
89087  -51.891  -12.258  57.173 0.0000000000
89106  -50.925  -11.909  56.227 0.0000000000
89143  -54.454  -11.250  53.952 0.0000000000
89144  -54.664  -11.099  53.899 0.0000000000
89159  -54.444  -11.173  53.709 0.0000000000
89191  -52.126  -11.224  51.470 0.0000000000
89199  -50.851  -11.243  50.974 0.0000000000
90256  -51.420  -11.037  63.070 0.0000000000
90273  -50.542  -11.509  62.255 0.0000000000
90296  -50.799  -11.355  61.962 0.0000000000
90298  -52.621  -11.067  62.163 0.0000000000
90319  -50.906  -11.428  61.514 0.0000000000
90406  -54.968  -10.842  54.064 0.0000000000
90443  -51.671  -11.206  52.544 0.0000000000
90449  -57.165  -10.308  52.811 0.0000000000
90495  -54.926  -10.202  48.928 0.0000000000
90507  -59.719  -10.212  47.559 0.0000000000
90508  -60.000  -10.139  47.507 0.0000000000
90516  -59.705  -10.283  47.253 0.0000000000
91621  -51.247  -10.983  62.895 0.0000000000
91639  -51.486  -10.931  62.913 0.0000000000
91640  -52.073  -10.613  62.980 0.0000000000
91747  -59.322  -10.079  54.278 0.0000000000
91779  -60.074  -9.621  53.585 0.0000000000
91811  -54.264  -10.302  48.868 0.0000000000
93062  -60.277  -8.630  51.629 0.0000000000
93136  -58.046  -8.555  44.352 0.0000000000
94267  -62.607  -7.555  46.845 0.0000000000
95401  -57.602  -5.441  43.788 0.0000000000
95418  -58.411  -6.439  43.739 0.0000000000
96532  -57.871  -5.476  43.728 0.0000000000
97620  -57.133  -3.472  45.127 0.0000000000
