#!ascii label  , from subject 3237 vox2ras=TkReg
971
35409  -43.765  -41.178  32.074 0.0000000000
30708  -33.187  -45.027  34.070 0.0000000000
48738  -50.253  -27.728  35.932 0.0000000000
44598  -41.317  -33.428  27.904 0.0000000000
43429  -45.683  -33.912  32.652 0.0000000000
28377  -38.464  -46.456  35.156 0.0000000000
33099  -31.784  -43.877  27.228 0.0000000000
39002  -35.378  -38.113  28.201 0.0000000000
36520  -27.330  -40.064  35.155 0.0000000000
54750  -51.062  -24.424  31.173 0.0000000000
37770  -28.035  -39.347  29.075 0.0000000000
40065  -41.912  -37.218  29.741 0.0000000000
43469  -45.136  -34.406  29.939 0.0000000000
40049  -45.221  -37.032  31.980 0.0000000000
32988  -41.810  -42.995  33.754 0.0000000000
35403  -36.858  -42.158  31.455 0.0000000000
36615  -40.262  -39.831  29.746 0.0000000000
41203  -38.743  -36.243  27.876 0.0000000000
57768  -52.833  -22.615  29.461 0.0000000000
32958  -30.814  -41.811  34.912 0.0000000000
36559  -27.395  -39.786  32.679 0.0000000000
33021  -31.157  -43.303  30.812 0.0000000000
46737  -47.645  -30.721  34.530 0.0000000000
25833  -35.788  -48.511  34.732 0.0000000000
28433  -32.783  -46.645  30.571 0.0000000000
30784  -35.149  -45.455  30.703 0.0000000000
36637  -33.323  -40.816  29.100 0.0000000000
36471  -24.958  -40.062  38.481 0.0000000000
45588  -47.282  -31.966  36.223 0.0000000000
49697  -49.075  -28.540  38.542 0.0000000000
52740  -48.081  -26.693  33.710 0.0000000000
52705  -51.171  -26.348  35.858 0.0000000000
54729  -53.174  -24.657  32.308 0.0000000000
35363  -23.698  -41.286  34.442 0.0000000000
31954  -29.013  -44.425  27.783 0.0000000000
37756  -43.184  -39.032  30.771 0.0000000000
40058  -43.821  -37.234  30.793 0.0000000000
37743  -44.850  -38.974  32.098 0.0000000000
33029  -43.155  -42.294  32.145 0.0000000000
34212  -41.075  -41.964  31.046 0.0000000000
35428  -41.718  -40.924  30.553 0.0000000000
37781  -41.164  -38.870  29.715 0.0000000000
48766  -51.079  -28.163  34.048 0.0000000000
48740  -52.435  -27.945  35.249 0.0000000000
31860  -31.785  -43.657  34.301 0.0000000000
32983  -30.725  -42.156  33.411 0.0000000000
30747  -31.756  -44.566  32.791 0.0000000000
45739  -42.788  -32.411  27.845 0.0000000000
43446  -45.634  -34.217  31.525 0.0000000000
45714  -45.270  -32.235  30.060 0.0000000000
45701  -45.862  -32.320  31.718 0.0000000000
47808  -46.912  -30.295  32.564 0.0000000000
45666  -46.824  -31.958  33.703 0.0000000000
27100  -37.423  -48.045  34.412 0.0000000000
27129  -35.935  -48.036  32.103 0.0000000000
29618  -37.414  -46.249  32.639 0.0000000000
36611  -36.558  -40.325  30.092 0.0000000000
35444  -35.071  -41.357  30.331 0.0000000000
37802  -34.344  -39.227  29.336 0.0000000000
43490  -40.141  -34.433  27.904 0.0000000000
46652  -48.361  -30.892  38.040 0.0000000000
52723  -49.951  -26.306  35.006 0.0000000000
54711  -51.121  -25.523  33.674 0.0000000000
54699  -52.172  -25.379  33.555 0.0000000000
55699  -52.272  -24.246  31.798 0.0000000000
57752  -53.959  -22.099  29.236 0.0000000000
37671  -24.803  -38.985  36.150 0.0000000000
35339  -23.603  -41.101  36.026 0.0000000000
36518  -25.165  -39.492  34.791 0.0000000000
37739  -27.606  -39.377  31.193 0.0000000000
37737  -25.733  -39.773  31.646 0.0000000000
36583  -25.845  -39.913  30.455 0.0000000000
29670  -32.509  -45.748  28.755 0.0000000000
29667  -31.180  -45.174  28.999 0.0000000000
30829  -30.557  -44.739  27.643 0.0000000000
42344  -41.557  -35.136  29.167 0.0000000000
43478  -43.260  -34.037  29.039 0.0000000000
42335  -43.594  -35.428  29.804 0.0000000000
41172  -44.862  -35.912  30.999 0.0000000000
41160  -45.604  -35.548  32.181 0.0000000000
30732  -40.281  -44.561  34.606 0.0000000000
31895  -38.371  -44.753  33.021 0.0000000000
33025  -39.558  -43.122  32.074 0.0000000000
36589  -38.322  -40.682  30.507 0.0000000000
37805  -37.828  -38.841  29.054 0.0000000000
40095  -37.639  -37.103  27.658 0.0000000000
40074  -39.057  -37.502  28.255 0.0000000000
41187  -40.093  -36.341  28.815 0.0000000000
56759  -52.303  -23.375  30.268 0.0000000000
56813  -51.571  -22.860  28.019 0.0000000000
34137  -28.723  -40.894  34.996 0.0000000000
35364  -26.989  -40.195  34.233 0.0000000000
34150  -29.017  -41.021  34.146 0.0000000000
35390  -29.390  -41.107  32.382 0.0000000000
35419  -29.749  -41.068  30.576 0.0000000000
45724  -44.439  -32.309  28.754 0.0000000000
47792  -48.434  -29.757  33.900 0.0000000000
47760  -48.710  -29.564  35.163 0.0000000000
28375  -34.312  -46.808  33.850 0.0000000000
28399  -32.905  -46.525  32.086 0.0000000000
25879  -34.236  -47.260  32.060 0.0000000000
28435  -34.039  -46.519  30.691 0.0000000000
30809  -33.433  -45.222  29.165 0.0000000000
33044  -35.910  -43.883  31.169 0.0000000000
34225  -34.011  -42.881  30.162 0.0000000000
34260  -32.358  -42.867  27.873 0.0000000000
36550  -44.941  -40.853  33.609 0.0000000000
30689  -33.962  -45.455  35.293 0.0000000000
25819  -36.951  -48.130  36.409 0.0000000000
27068  -38.471  -47.142  36.923 0.0000000000
38910  -44.849  -38.012  33.412 0.0000000000
40027  -44.773  -36.704  33.575 0.0000000000
42287  -45.453  -34.838  33.628 0.0000000000
43354  -46.434  -34.000  35.695 0.0000000000
44478  -46.939  -32.578  35.000 0.0000000000
45610  -47.609  -31.669  35.511 0.0000000000
46702  -49.154  -30.546  36.880 0.0000000000
48716  -50.523  -28.683  37.702 0.0000000000
51623  -48.270  -27.151  36.595 0.0000000000
51601  -50.247  -26.860  37.380 0.0000000000
50641  -51.023  -27.144  36.194 0.0000000000
51627  -52.484  -26.690  35.885 0.0000000000
56736  -53.435  -22.819  31.068 0.0000000000
32936  -24.551  -43.471  38.167 0.0000000000
32980  -24.479  -43.966  33.671 0.0000000000
36544  -24.980  -40.002  33.631 0.0000000000
34173  -24.597  -42.002  32.640 0.0000000000
30781  -31.216  -44.999  30.619 0.0000000000
33054  -29.977  -43.533  29.318 0.0000000000
35483  -28.577  -41.553  27.723 0.0000000000
34258  -27.743  -42.549  26.723 0.0000000000
37741  -43.531  -39.644  31.369 0.0000000000
38926  -43.746  -38.872  31.314 0.0000000000
36574  -44.001  -40.292  31.816 0.0000000000
34195  -43.408  -41.830  31.971 0.0000000000
34194  -42.691  -41.951  31.637 0.0000000000
36572  -42.619  -40.892  31.175 0.0000000000
37755  -42.420  -39.324  30.429 0.0000000000
48765  -50.159  -28.535  34.231 0.0000000000
48753  -51.193  -27.777  34.840 0.0000000000
48739  -51.545  -27.595  35.381 0.0000000000
31861  -32.152  -44.378  34.453 0.0000000000
30727  -31.829  -44.343  33.575 0.0000000000
30728  -31.999  -45.124  33.365 0.0000000000
45738  -41.769  -32.551  27.638 0.0000000000
44599  -42.261  -33.156  28.111 0.0000000000
44545  -45.666  -33.674  31.753 0.0000000000
44563  -45.767  -32.914  31.703 0.0000000000
44546  -45.797  -33.127  32.103 0.0000000000
45683  -46.236  -32.107  32.563 0.0000000000
44526  -46.250  -32.809  33.080 0.0000000000
28376  -37.823  -46.905  34.733 0.0000000000
28389  -37.434  -47.208  33.438 0.0000000000
29608  -38.229  -46.163  33.723 0.0000000000
38977  -36.075  -38.590  28.799 0.0000000000
38957  -35.027  -39.227  29.502 0.0000000000
38976  -34.865  -38.566  28.942 0.0000000000
40072  -34.106  -38.142  28.497 0.0000000000
43491  -40.767  -33.948  27.952 0.0000000000
44612  -39.864  -33.221  27.250 0.0000000000
45737  -40.785  -32.546  27.295 0.0000000000
53769  -50.388  -25.378  33.258 0.0000000000
54726  -50.815  -25.113  32.916 0.0000000000
54727  -51.651  -24.597  32.488 0.0000000000
54741  -51.806  -24.323  31.793 0.0000000000
36498  -25.513  -38.913  35.210 0.0000000000
37690  -24.627  -39.398  35.586 0.0000000000
36519  -26.373  -39.552  34.749 0.0000000000
37751  -27.824  -39.098  30.129 0.0000000000
37750  -26.714  -39.195  30.373 0.0000000000
36605  -26.058  -39.529  29.682 0.0000000000
36604  -25.607  -40.570  29.813 0.0000000000
36633  -26.371  -39.328  28.960 0.0000000000
30855  -31.745  -44.640  27.702 0.0000000000
30830  -31.320  -44.749  27.733 0.0000000000
30853  -30.888  -44.460  27.246 0.0000000000
41178  -41.585  -36.483  29.538 0.0000000000
42334  -42.755  -35.527  29.480 0.0000000000
41179  -42.532  -36.483  29.751 0.0000000000
40048  -44.785  -37.263  31.662 0.0000000000
41171  -44.380  -36.421  30.904 0.0000000000
41158  -45.060  -36.315  31.462 0.0000000000
42314  -45.463  -35.562  31.550 0.0000000000
41159  -45.614  -36.190  32.018 0.0000000000
31880  -40.690  -44.080  34.167 0.0000000000
32986  -40.122  -43.807  33.556 0.0000000000
33005  -40.336  -43.364  32.830 0.0000000000
36591  -40.225  -40.656  30.135 0.0000000000
34210  -39.879  -41.689  30.968 0.0000000000
36590  -39.287  -40.629  30.386 0.0000000000
36613  -38.464  -40.040  29.990 0.0000000000
37778  -38.570  -39.331  29.511 0.0000000000
37806  -38.624  -38.682  28.976 0.0000000000
37807  -39.215  -38.489  28.960 0.0000000000
38961  -41.609  -38.032  29.769 0.0000000000
40076  -40.284  -37.111  29.174 0.0000000000
40064  -41.094  -37.220  29.498 0.0000000000
42343  -40.607  -35.431  28.893 0.0000000000
34139  -29.999  -41.488  34.584 0.0000000000
34151  -30.022  -41.556  33.814 0.0000000000
33001  -31.213  -43.096  31.841 0.0000000000
34176  -29.878  -41.634  32.306 0.0000000000
33020  -30.626  -42.504  31.465 0.0000000000
34186  -30.100  -41.837  31.080 0.0000000000
43468  -44.063  -34.297  29.504 0.0000000000
44585  -44.188  -33.252  29.142 0.0000000000
44586  -44.740  -32.892  29.520 0.0000000000
46815  -45.439  -31.519  30.426 0.0000000000
46833  -45.184  -31.169  29.680 0.0000000000
47837  -45.623  -30.487  30.271 0.0000000000
46758  -47.244  -30.729  34.016 0.0000000000
47809  -47.842  -29.803  32.739 0.0000000000
47775  -47.958  -30.138  34.113 0.0000000000
47776  -48.465  -29.838  34.365 0.0000000000
27099  -34.591  -48.365  34.094 0.0000000000
27110  -34.260  -47.604  33.108 0.0000000000
25860  -34.872  -48.214  33.092 0.0000000000
29627  -35.857  -46.600  31.288 0.0000000000
27148  -34.872  -47.367  31.599 0.0000000000
29636  -34.484  -46.381  30.702 0.0000000000
30797  -33.720  -45.910  29.627 0.0000000000
30798  -34.241  -45.366  29.982 0.0000000000
34189  -37.655  -42.792  31.755 0.0000000000
31910  -37.286  -44.669  31.987 0.0000000000
34188  -36.461  -43.095  31.524 0.0000000000
36608  -33.857  -41.309  29.558 0.0000000000
35443  -34.432  -41.942  30.056 0.0000000000
35442  -33.817  -41.879  29.506 0.0000000000
34241  -33.130  -42.877  28.969 0.0000000000
41202  -37.919  -36.291  27.355 0.0000000000
25821  -38.061  -47.726  36.800 0.0000000000
29577  -40.854  -44.598  36.644 0.0000000000
36562  -44.887  -40.065  33.045 0.0000000000
40014  -44.735  -36.825  33.816 0.0000000000
41115  -44.932  -36.181  34.103 0.0000000000
41129  -45.171  -35.784  33.267 0.0000000000
42256  -45.558  -34.773  34.864 0.0000000000
44462  -47.069  -32.868  35.897 0.0000000000
43378  -46.499  -33.624  35.212 0.0000000000
44463  -47.090  -32.645  35.556 0.0000000000
45589  -47.652  -31.702  35.962 0.0000000000
47723  -48.935  -30.258  38.406 0.0000000000
46653  -49.136  -31.001  38.051 0.0000000000
47724  -49.634  -30.219  38.050 0.0000000000
47733  -49.661  -30.009  37.400 0.0000000000
48715  -50.092  -29.191  38.022 0.0000000000
52702  -48.475  -26.523  35.782 0.0000000000
52704  -50.406  -26.319  35.701 0.0000000000
52678  -49.823  -26.587  36.564 0.0000000000
52680  -50.911  -26.615  36.366 0.0000000000
50640  -50.775  -27.457  37.186 0.0000000000
51626  -51.552  -26.761  36.065 0.0000000000
50657  -51.966  -27.237  36.029 0.0000000000
52706  -51.997  -26.272  35.582 0.0000000000
54714  -52.569  -24.924  32.951 0.0000000000
53738  -52.715  -25.738  33.987 0.0000000000
53755  -52.793  -25.290  33.157 0.0000000000
56780  -52.637  -23.008  29.869 0.0000000000
56735  -52.863  -23.283  30.972 0.0000000000
56761  -52.942  -22.633  30.701 0.0000000000
35353  -23.666  -40.979  35.167 0.0000000000
34135  -23.480  -42.617  36.164 0.0000000000
32969  -23.749  -43.273  34.935 0.0000000000
32970  -24.389  -44.007  34.630 0.0000000000
32979  -24.076  -43.273  34.072 0.0000000000
36546  -27.041  -40.094  33.450 0.0000000000
36545  -26.012  -39.900  33.488 0.0000000000
36558  -26.208  -39.751  32.841 0.0000000000
35387  -24.821  -41.408  32.265 0.0000000000
34184  -24.696  -43.352  31.129 0.0000000000
28414  -32.832  -46.643  31.234 0.0000000000
29626  -32.134  -45.889  31.416 0.0000000000
28431  -31.891  -46.066  30.739 0.0000000000
31955  -29.856  -44.724  28.196 0.0000000000
31939  -30.404  -44.427  29.219 0.0000000000
33071  -29.455  -44.070  28.601 0.0000000000
35462  -29.442  -42.171  28.799 0.0000000000
34238  -29.069  -42.455  28.101 0.0000000000
36679  -27.386  -40.804  26.790 0.0000000000
38942  -42.533  -38.216  30.311 0.0000000000
40057  -43.080  -37.356  30.468 0.0000000000
38943  -43.557  -38.105  30.877 0.0000000000
38927  -44.339  -38.200  31.520 0.0000000000
38928  -44.930  -37.904  32.126 0.0000000000
33007  -42.218  -42.762  32.887 0.0000000000
33027  -41.624  -42.844  31.957 0.0000000000
34193  -41.731  -42.021  31.341 0.0000000000
35427  -41.167  -41.428  30.636 0.0000000000
36592  -41.218  -40.404  30.097 0.0000000000
37780  -40.351  -39.036  29.478 0.0000000000
37754  -41.674  -39.589  30.062 0.0000000000
38941  -41.906  -38.827  30.000 0.0000000000
49733  -52.992  -27.956  35.405 0.0000000000
32959  -31.313  -42.538  34.684 0.0000000000
32971  -30.796  -41.910  34.234 0.0000000000
32972  -31.338  -42.736  33.818 0.0000000000
31876  -31.602  -43.685  33.288 0.0000000000
31893  -31.453  -43.896  32.299 0.0000000000
43470  -45.577  -33.906  30.089 0.0000000000
44573  -45.215  -33.500  29.874 0.0000000000
44574  -45.519  -33.232  30.340 0.0000000000
45700  -45.592  -32.339  30.843 0.0000000000
46816  -45.840  -31.114  31.241 0.0000000000
46795  -46.312  -31.213  32.170 0.0000000000
46757  -46.780  -31.158  33.597 0.0000000000
45648  -47.106  -31.662  34.161 0.0000000000
25847  -36.473  -48.641  34.485 0.0000000000
25882  -35.867  -48.314  32.946 0.0000000000
27112  -36.397  -48.127  33.017 0.0000000000
28400  -36.535  -47.397  32.326 0.0000000000
30768  -36.381  -45.594  31.533 0.0000000000
36587  -36.408  -41.026  30.556 0.0000000000
35422  -36.197  -41.665  31.017 0.0000000000
36610  -35.527  -40.666  30.097 0.0000000000
37774  -34.651  -39.980  29.680 0.0000000000
37801  -33.602  -39.790  29.200 0.0000000000
38974  -32.789  -39.175  28.631 0.0000000000
40071  -33.246  -38.277  28.639 0.0000000000
42354  -39.401  -35.396  27.906 0.0000000000
43489  -39.050  -34.457  27.181 0.0000000000
46671  -47.184  -30.931  36.991 0.0000000000
45557  -47.654  -31.246  36.701 0.0000000000
47730  -47.201  -30.144  37.204 0.0000000000
48723  -47.691  -29.679  37.677 0.0000000000
49696  -48.440  -28.609  38.279 0.0000000000
53751  -48.682  -26.084  33.222 0.0000000000
52722  -48.899  -26.434  34.796 0.0000000000
53733  -49.686  -26.336  34.158 0.0000000000
53734  -50.449  -26.097  34.308 0.0000000000
53736  -51.482  -25.771  34.448 0.0000000000
53718  -51.673  -25.984  35.097 0.0000000000
54698  -51.749  -25.482  33.708 0.0000000000
54713  -52.010  -24.735  33.086 0.0000000000
55691  -52.503  -24.522  32.379 0.0000000000
57789  -53.463  -21.693  27.880 0.0000000000
57769  -53.575  -22.095  28.922 0.0000000000
58771  -53.939  -21.456  28.074 0.0000000000
37658  -24.796  -39.297  37.200 0.0000000000
36487  -24.215  -40.419  37.765 0.0000000000
37670  -24.336  -39.602  36.271 0.0000000000
36517  -24.120  -40.100  35.322 0.0000000000
36531  -24.007  -40.526  34.637 0.0000000000
36569  -27.872  -39.599  32.031 0.0000000000
37727  -26.383  -39.570  32.107 0.0000000000
37738  -26.390  -39.513  31.236 0.0000000000
36568  -25.623  -40.091  31.110 0.0000000000
36582  -25.369  -40.960  30.765 0.0000000000
34205  -24.816  -42.522  30.699 0.0000000000
35439  -24.940  -41.771  29.915 0.0000000000
28484  -32.455  -46.209  29.300 0.0000000000
28482  -31.645  -45.665  29.215 0.0000000000
29668  -31.591  -45.386  28.775 0.0000000000
29690  -31.077  -44.999  28.401 0.0000000000
31966  -29.636  -44.604  27.390 0.0000000000
43476  -41.087  -34.361  28.574 0.0000000000
44583  -42.689  -33.595  28.653 0.0000000000
43477  -42.288  -34.434  29.073 0.0000000000
43467  -43.099  -34.769  29.394 0.0000000000
42336  -44.452  -35.099  30.098 0.0000000000
41170  -43.445  -36.459  30.232 0.0000000000
42325  -44.067  -35.756  30.412 0.0000000000
42337  -45.036  -35.091  30.353 0.0000000000
42328  -45.514  -34.882  31.360 0.0000000000
42315  -45.629  -35.076  31.868 0.0000000000
30709  -39.374  -45.426  34.535 0.0000000000
31877  -38.585  -45.269  33.478 0.0000000000
31878  -39.128  -44.764  33.647 0.0000000000
33024  -38.533  -43.313  32.178 0.0000000000
34190  -38.690  -42.526  31.733 0.0000000000
34191  -39.768  -42.212  31.440 0.0000000000
35405  -38.740  -41.784  31.442 0.0000000000
35424  -38.103  -41.225  31.109 0.0000000000
36612  -37.528  -40.170  30.044 0.0000000000
37804  -36.961  -39.004  29.173 0.0000000000
38978  -37.105  -38.430  28.572 0.0000000000
40094  -36.722  -37.232  27.591 0.0000000000
39004  -37.344  -37.783  28.076 0.0000000000
39005  -38.162  -37.643  28.144 0.0000000000
40097  -39.134  -36.898  28.093 0.0000000000
38959  -39.789  -38.548  29.200 0.0000000000
40075  -39.642  -37.112  28.616 0.0000000000
41186  -39.463  -36.294  28.312 0.0000000000
42342  -39.934  -35.728  28.444 0.0000000000
43475  -40.461  -34.821  28.465 0.0000000000
55726  -51.518  -23.921  30.736 0.0000000000
55741  -51.500  -23.672  29.901 0.0000000000
56778  -51.625  -23.300  29.126 0.0000000000
57787  -52.364  -22.706  28.801 0.0000000000
57805  -52.825  -22.018  27.364 0.0000000000
57806  -53.457  -21.546  26.931 0.0000000000
35355  -28.041  -40.648  34.963 0.0000000000
35354  -27.154  -40.147  34.587 0.0000000000
34149  -28.578  -40.834  34.692 0.0000000000
35366  -28.440  -40.805  33.999 0.0000000000
35376  -28.629  -40.761  33.673 0.0000000000
34165  -30.165  -41.729  33.076 0.0000000000
34164  -29.402  -41.254  33.233 0.0000000000
35389  -28.889  -40.600  32.662 0.0000000000
36570  -28.727  -39.992  31.680 0.0000000000
36584  -28.993  -39.872  30.702 0.0000000000
37753  -29.135  -40.006  29.456 0.0000000000
45722  -43.412  -32.730  28.285 0.0000000000
45740  -43.799  -32.134  28.024 0.0000000000
44587  -45.077  -32.794  29.901 0.0000000000
48751  -49.474  -28.874  34.780 0.0000000000
48752  -49.659  -28.488  35.407 0.0000000000
29592  -34.238  -46.048  34.123 0.0000000000
29606  -33.114  -45.965  32.785 0.0000000000
28387  -33.815  -46.576  32.937 0.0000000000
27125  -33.726  -46.842  32.305 0.0000000000
27169  -33.248  -46.701  31.152 0.0000000000
25902  -35.078  -47.721  32.046 0.0000000000
27147  -34.153  -46.955  31.694 0.0000000000
27195  -33.189  -46.679  30.424 0.0000000000
28486  -33.233  -46.415  29.563 0.0000000000
30808  -32.672  -45.251  28.640 0.0000000000
31967  -32.156  -44.249  27.669 0.0000000000
31894  -37.740  -45.122  32.486 0.0000000000
31909  -36.559  -44.955  31.627 0.0000000000
31925  -35.449  -44.561  30.792 0.0000000000
34187  -35.725  -42.645  31.049 0.0000000000
33043  -35.269  -43.738  30.599 0.0000000000
31942  -34.921  -44.311  30.381 0.0000000000
33074  -33.613  -43.931  29.382 0.0000000000
33072  -32.673  -43.355  28.375 0.0000000000
41200  -36.100  -36.585  27.144 0.0000000000
34178  -43.940  -41.524  32.961 0.0000000000
35392  -44.383  -40.915  33.221 0.0000000000
37659  -25.462  -38.721  37.184 0.0000000000
35340  -28.129  -40.575  35.568 0.0000000000
34125  -29.520  -41.233  35.290 0.0000000000
31846  -31.616  -43.129  35.182 0.0000000000
31847  -32.172  -43.953  35.082 0.0000000000
30688  -33.353  -44.876  34.865 0.0000000000
29572  -33.872  -45.529  34.454 0.0000000000
29573  -34.320  -46.338  34.876 0.0000000000
28359  -34.832  -47.546  35.447 0.0000000000
27085  -35.779  -48.226  35.528 0.0000000000
27066  -36.503  -48.071  36.594 0.0000000000
25834  -36.533  -48.254  35.410 0.0000000000
25835  -37.017  -47.828  35.949 0.0000000000
27087  -37.596  -46.938  36.057 0.0000000000
28361  -38.467  -46.542  35.857 0.0000000000
29574  -39.137  -46.094  35.542 0.0000000000
30690  -40.245  -44.987  35.461 0.0000000000
30733  -40.991  -44.194  34.791 0.0000000000
33009  -43.802  -42.081  33.370 0.0000000000
36575  -44.642  -40.067  32.386 0.0000000000
38920  -44.853  -38.589  32.593 0.0000000000
38921  -44.840  -37.795  32.684 0.0000000000
38897  -44.843  -37.963  33.740 0.0000000000
38911  -45.142  -37.341  33.504 0.0000000000
40038  -44.847  -36.974  32.772 0.0000000000
41142  -45.357  -35.937  32.592 0.0000000000
42298  -45.524  -34.867  32.964 0.0000000000
43413  -45.863  -33.742  33.502 0.0000000000
42275  -45.948  -34.152  34.816 0.0000000000
43398  -46.215  -33.559  34.390 0.0000000000
43414  -46.403  -33.048  33.880 0.0000000000
44491  -46.795  -32.450  34.337 0.0000000000
45627  -47.466  -31.557  34.853 0.0000000000
45628  -47.892  -31.083  35.435 0.0000000000
45558  -48.146  -31.167  36.574 0.0000000000
45590  -48.319  -31.222  35.988 0.0000000000
46721  -48.455  -30.734  35.699 0.0000000000
47747  -48.559  -30.087  36.013 0.0000000000
48737  -49.657  -28.734  36.836 0.0000000000
48725  -50.317  -28.169  37.002 0.0000000000
50656  -47.953  -27.503  36.979 0.0000000000
50638  -48.842  -27.335  38.017 0.0000000000
52703  -49.412  -26.360  35.770 0.0000000000
51600  -49.188  -27.049  37.446 0.0000000000
50620  -49.433  -27.556  38.300 0.0000000000
50622  -51.040  -27.914  37.917 0.0000000000
49708  -50.555  -27.539  36.606 0.0000000000
48726  -50.535  -27.462  36.009 0.0000000000
49719  -51.246  -27.336  35.754 0.0000000000
49720  -52.265  -27.679  35.709 0.0000000000
51644  -53.200  -26.644  35.425 0.0000000000
53719  -52.305  -25.950  34.931 0.0000000000
52725  -53.108  -26.136  34.865 0.0000000000
51645  -53.552  -26.596  34.768 0.0000000000
55713  -52.224  -23.898  31.395 0.0000000000
55714  -52.857  -23.665  31.216 0.0000000000
55715  -53.270  -23.466  31.181 0.0000000000
57732  -53.727  -22.815  30.448 0.0000000000
56720  -53.863  -22.895  31.230 0.0000000000
55702  -54.039  -23.986  31.835 0.0000000000
34116  -23.654  -41.874  37.244 0.0000000000
36533  -26.044  -39.858  34.203 0.0000000000
36556  -24.435  -40.651  33.286 0.0000000000
37726  -25.606  -39.828  32.211 0.0000000000
36557  -25.020  -40.221  32.706 0.0000000000
35374  -23.947  -41.420  33.548 0.0000000000
34163  -24.558  -43.300  33.003 0.0000000000
29605  -32.513  -45.630  32.723 0.0000000000
30766  -31.653  -44.877  31.728 0.0000000000
31908  -31.278  -44.077  31.235 0.0000000000
29646  -31.243  -45.354  29.743 0.0000000000
31940  -30.764  -44.491  29.678 0.0000000000
33040  -30.841  -42.849  30.050 0.0000000000
34223  -29.869  -42.511  29.397 0.0000000000
35440  -29.314  -41.159  28.908 0.0000000000
37799  -28.509  -40.222  28.405 0.0000000000
31965  -28.988  -44.355  26.920 0.0000000000
33084  -28.519  -43.786  27.198 0.0000000000
34259  -28.440  -42.768  27.283 0.0000000000
35482  -28.047  -41.872  27.114 0.0000000000
36657  -27.949  -40.741  27.505 0.0000000000
37797  -27.178  -39.425  28.415 0.0000000000
36573  -43.128  -40.495  31.419 0.0000000000
35408  -42.947  -41.296  31.586 0.0000000000
30707  -32.349  -44.967  34.076 0.0000000000
29590  -32.815  -45.360  33.387 0.0000000000
28390  -37.813  -47.032  33.924 0.0000000000
29593  -38.364  -46.440  34.430 0.0000000000
44597  -40.401  -33.457  27.600 0.0000000000
54739  -50.256  -24.762  32.485 0.0000000000
54740  -51.056  -24.655  31.929 0.0000000000
36499  -26.655  -39.238  35.223 0.0000000000
37769  -26.999  -39.029  29.385 0.0000000000
31987  -31.720  -44.419  27.501 0.0000000000
30854  -31.420  -44.540  27.505 0.0000000000
31986  -31.220  -44.205  27.149 0.0000000000
41157  -44.679  -36.832  31.330 0.0000000000
32987  -41.001  -43.523  33.620 0.0000000000
36614  -39.377  -39.941  29.876 0.0000000000
37779  -39.446  -39.148  29.382 0.0000000000
44572  -44.755  -33.683  29.551 0.0000000000
46738  -48.107  -30.601  35.047 0.0000000000
25832  -35.096  -48.865  34.365 0.0000000000
25845  -34.893  -48.872  33.641 0.0000000000
29637  -35.172  -46.345  30.933 0.0000000000
30783  -34.594  -45.876  30.508 0.0000000000
35464  -33.155  -41.863  29.077 0.0000000000
36636  -32.711  -41.269  28.524 0.0000000000
42353  -38.372  -35.426  27.339 0.0000000000
41102  -45.159  -35.444  34.341 0.0000000000
45587  -46.778  -31.870  36.524 0.0000000000
44461  -46.600  -33.090  36.195 0.0000000000
48713  -48.590  -29.379  38.392 0.0000000000
48714  -49.425  -29.387  38.386 0.0000000000
49698  -49.921  -28.464  38.338 0.0000000000
52721  -47.843  -26.954  34.878 0.0000000000
53717  -51.085  -25.996  35.124 0.0000000000
52679  -50.572  -26.594  36.457 0.0000000000
51625  -51.105  -26.730  36.291 0.0000000000
54715  -52.936  -24.945  32.668 0.0000000000
54730  -53.374  -24.504  32.067 0.0000000000
56760  -52.970  -22.818  30.333 0.0000000000
57749  -52.996  -22.665  29.947 0.0000000000
35324  -24.346  -41.197  38.492 0.0000000000
34136  -23.565  -42.131  35.443 0.0000000000
34148  -23.710  -42.348  34.187 0.0000000000
35375  -28.065  -40.215  33.352 0.0000000000
34185  -24.926  -42.700  31.462 0.0000000000
28432  -32.307  -46.416  30.590 0.0000000000
33070  -28.849  -43.524  28.015 0.0000000000
37742  -44.227  -39.365  31.726 0.0000000000
33028  -42.520  -42.567  32.040 0.0000000000
35407  -42.122  -41.339  31.044 0.0000000000
35406  -41.682  -41.609  30.991 0.0000000000
36616  -40.948  -39.575  29.767 0.0000000000
43460  -45.581  -34.282  30.714 0.0000000000
44562  -45.718  -33.276  31.319 0.0000000000
45665  -46.617  -31.876  33.326 0.0000000000
45647  -46.878  -31.530  33.863 0.0000000000
25863  -37.098  -48.567  34.158 0.0000000000
27113  -37.207  -47.892  33.558 0.0000000000
29607  -37.623  -46.665  33.318 0.0000000000
28401  -37.077  -47.141  32.909 0.0000000000
29617  -36.773  -46.760  32.217 0.0000000000
29628  -36.470  -46.287  31.678 0.0000000000
29629  -36.989  -46.247  32.088 0.0000000000
38975  -33.775  -38.800  28.974 0.0000000000
44596  -39.714  -33.785  27.408 0.0000000000
47746  -46.700  -30.439  36.828 0.0000000000
49705  -47.011  -29.186  36.890 0.0000000000
48722  -47.197  -29.502  37.172 0.0000000000
49706  -47.462  -28.812  37.216 0.0000000000
49695  -48.045  -29.045  37.947 0.0000000000
50618  -48.043  -28.254  37.808 0.0000000000
53784  -49.614  -25.078  32.339 0.0000000000
53783  -49.016  -25.464  32.196 0.0000000000
53767  -49.198  -25.563  32.818 0.0000000000
53752  -49.442  -25.929  33.414 0.0000000000
53754  -50.695  -25.610  33.684 0.0000000000
53735  -51.020  -25.737  34.328 0.0000000000
54696  -51.137  -25.667  34.004 0.0000000000
54697  -51.343  -25.614  33.891 0.0000000000
54728  -51.935  -24.443  32.316 0.0000000000
58784  -53.972  -21.345  27.350 0.0000000000
36486  -24.181  -39.980  36.930 0.0000000000
37657  -24.524  -39.451  36.663 0.0000000000
37689  -24.181  -39.775  35.876 0.0000000000
36532  -24.707  -40.011  34.400 0.0000000000
37728  -27.125  -39.530  31.866 0.0000000000
35460  -25.061  -40.718  29.242 0.0000000000
29669  -31.996  -45.599  28.706 0.0000000000
29691  -31.418  -45.021  28.232 0.0000000000
42326  -44.690  -35.601  30.620 0.0000000000
43459  -45.284  -34.781  30.471 0.0000000000
42327  -45.243  -35.319  30.935 0.0000000000
43447  -45.627  -34.150  32.040 0.0000000000
42316  -45.607  -34.929  32.352 0.0000000000
30731  -39.617  -45.018  34.295 0.0000000000
31879  -39.906  -44.397  33.987 0.0000000000
33004  -39.311  -43.631  32.912 0.0000000000
34192  -40.892  -42.374  31.406 0.0000000000
33026  -40.621  -43.079  31.921 0.0000000000
35425  -39.202  -41.277  31.010 0.0000000000
36588  -37.336  -40.760  30.599 0.0000000000
37777  -37.696  -39.453  29.623 0.0000000000
38979  -37.981  -38.250  28.521 0.0000000000
38980  -38.758  -38.054  28.472 0.0000000000
39006  -38.636  -37.597  28.173 0.0000000000
40096  -38.485  -37.082  27.905 0.0000000000
38960  -40.459  -38.051  29.353 0.0000000000
38982  -39.955  -37.562  29.009 0.0000000000
42332  -41.279  -35.824  29.333 0.0000000000
56800  -51.824  -22.957  28.567 0.0000000000
57816  -52.852  -21.788  26.431 0.0000000000
34175  -29.402  -41.174  32.676 0.0000000000
35399  -29.040  -40.507  32.066 0.0000000000
35400  -29.390  -40.917  31.749 0.0000000000
36571  -29.277  -40.422  30.978 0.0000000000
36585  -29.473  -40.232  30.043 0.0000000000
37752  -28.770  -39.559  29.865 0.0000000000
44600  -42.948  -33.047  28.306 0.0000000000
44584  -43.470  -33.286  28.739 0.0000000000
45723  -43.897  -32.736  28.582 0.0000000000
47791  -48.026  -29.848  33.547 0.0000000000
48776  -49.084  -29.142  33.517 0.0000000000
48764  -49.420  -29.134  34.265 0.0000000000
47761  -48.800  -29.370  35.867 0.0000000000
28374  -34.064  -46.379  33.381 0.0000000000
27127  -34.487  -47.767  32.932 0.0000000000
27109  -34.022  -46.945  32.857 0.0000000000
27126  -34.153  -47.225  32.387 0.0000000000
27145  -33.453  -46.813  31.792 0.0000000000
27146  -33.876  -46.854  31.783 0.0000000000
25881  -35.266  -48.046  32.627 0.0000000000
27128  -35.243  -47.814  32.120 0.0000000000
27172  -34.435  -46.817  31.188 0.0000000000
27171  -34.119  -46.727  31.195 0.0000000000
27170  -33.526  -46.654  30.978 0.0000000000
28434  -33.703  -46.571  30.746 0.0000000000
28461  -33.407  -46.525  30.074 0.0000000000
29671  -33.251  -46.108  29.257 0.0000000000
31956  -32.715  -44.355  28.422 0.0000000000
30750  -38.031  -45.626  33.081 0.0000000000
33022  -36.599  -44.139  31.685 0.0000000000
31926  -36.026  -44.537  31.368 0.0000000000
36586  -35.693  -41.347  30.553 0.0000000000
35402  -35.997  -42.291  31.230 0.0000000000
35421  -35.299  -42.082  30.771 0.0000000000
34207  -34.752  -42.543  30.395 0.0000000000
33042  -34.667  -43.309  30.346 0.0000000000
33057  -34.670  -43.936  30.235 0.0000000000
33056  -34.045  -43.777  29.931 0.0000000000
31941  -34.356  -44.482  29.976 0.0000000000
34240  -32.655  -42.482  28.457 0.0000000000
33073  -33.183  -43.731  28.936 0.0000000000
33085  -32.299  -43.622  27.690 0.0000000000
41201  -37.085  -36.522  27.104 0.0000000000
37641  -25.164  -39.310  37.902 0.0000000000
27064  -35.220  -47.906  35.702 0.0000000000
25799  -36.904  -48.245  36.896 0.0000000000
27041  -36.652  -48.068  37.278 0.0000000000
27086  -36.334  -48.190  36.038 0.0000000000
25822  -38.417  -47.605  36.998 0.0000000000
25836  -37.507  -47.594  36.375 0.0000000000
27067  -37.868  -47.126  36.704 0.0000000000
27088  -38.421  -46.704  36.471 0.0000000000
28362  -39.240  -46.279  36.223 0.0000000000
28363  -39.870  -45.580  36.523 0.0000000000
29575  -39.910  -45.479  35.779 0.0000000000
30691  -40.607  -44.690  35.762 0.0000000000
30712  -41.214  -44.223  35.344 0.0000000000
31862  -41.375  -43.950  34.914 0.0000000000
35379  -45.028  -41.214  33.656 0.0000000000
36561  -44.774  -40.297  33.357 0.0000000000
37733  -44.812  -38.835  33.166 0.0000000000
38898  -44.851  -37.315  33.413 0.0000000000
40026  -44.895  -37.170  33.426 0.0000000000
40039  -44.926  -36.498  33.069 0.0000000000
41141  -45.251  -36.526  32.362 0.0000000000
43397  -45.709  -34.182  33.960 0.0000000000
43377  -46.151  -34.293  35.304 0.0000000000
45611  -48.085  -31.163  35.795 0.0000000000
46672  -47.884  -30.973  37.239 0.0000000000
46673  -48.463  -31.094  37.371 0.0000000000
46674  -49.263  -30.985  37.178 0.0000000000
46701  -48.962  -30.774  36.366 0.0000000000
48724  -49.968  -29.050  37.601 0.0000000000
47748  -48.946  -29.747  36.699 0.0000000000
50637  -48.396  -27.508  37.466 0.0000000000
51599  -48.640  -27.240  37.175 0.0000000000
51583  -49.798  -27.081  38.015 0.0000000000
50621  -50.484  -27.528  38.102 0.0000000000
50658  -52.971  -27.346  35.908 0.0000000000
53737  -52.036  -25.745  34.331 0.0000000000
55742  -51.832  -23.580  30.489 0.0000000000
55712  -51.649  -24.132  31.333 0.0000000000
55727  -52.117  -23.566  30.927 0.0000000000
56718  -53.195  -22.991  31.085 0.0000000000
56717  -52.835  -23.291  31.199 0.0000000000
57751  -53.865  -22.473  29.531 0.0000000000
55716  -54.078  -23.270  31.322 0.0000000000
35331  -23.669  -41.118  37.138 0.0000000000
32956  -23.485  -43.193  35.998 0.0000000000
32942  -23.554  -43.016  36.628 0.0000000000
32957  -24.314  -44.034  35.697 0.0000000000
31873  -24.796  -44.574  34.437 0.0000000000
32981  -24.804  -44.715  33.425 0.0000000000
35386  -24.419  -41.354  32.840 0.0000000000
34162  -24.277  -42.561  33.221 0.0000000000
34222  -24.663  -42.517  30.252 0.0000000000
34204  -24.583  -42.973  30.502 0.0000000000
29616  -32.742  -46.030  32.376 0.0000000000
29625  -31.744  -45.614  31.103 0.0000000000
30767  -32.048  -45.514  31.686 0.0000000000
28457  -31.424  -45.486  29.376 0.0000000000
29645  -31.039  -45.092  29.293 0.0000000000
31923  -30.509  -43.767  29.645 0.0000000000
31924  -30.939  -44.064  30.118 0.0000000000
35461  -29.171  -41.425  28.514 0.0000000000
36606  -29.147  -40.808  28.847 0.0000000000
36635  -28.585  -40.664  28.163 0.0000000000
33096  -28.361  -43.765  26.457 0.0000000000
34280  -27.952  -43.266  26.484 0.0000000000
36656  -27.174  -40.171  27.030 0.0000000000
37824  -27.565  -39.904  27.666 0.0000000000
37823  -26.732  -39.618  27.623 0.0000000000
36594  -42.912  -39.791  30.925 0.0000000000
36593  -42.259  -40.377  30.661 0.0000000000
30706  -31.944  -44.561  34.012 0.0000000000
44527  -46.583  -32.240  33.460 0.0000000000
27114  -37.655  -47.570  34.327 0.0000000000
29619  -37.835  -46.182  33.187 0.0000000000
37803  -36.236  -39.172  29.331 0.0000000000
37775  -35.765  -39.726  29.639 0.0000000000
38958  -35.593  -39.016  29.287 0.0000000000
40073  -34.721  -38.144  28.332 0.0000000000
40092  -34.606  -37.601  27.900 0.0000000000
45736  -40.231  -32.947  27.262 0.0000000000
53768  -49.981  -25.208  32.988 0.0000000000
54725  -50.368  -25.003  32.776 0.0000000000
54712  -51.478  -25.186  33.260 0.0000000000
37740  -28.415  -39.517  30.748 0.0000000000
36632  -25.590  -39.839  29.009 0.0000000000
29693  -32.172  -45.119  28.282 0.0000000000
29692  -31.917  -45.106  28.185 0.0000000000
30831  -31.775  -44.798  27.853 0.0000000000
42333  -41.975  -35.756  29.483 0.0000000000
42345  -42.233  -35.157  29.322 0.0000000000
41180  -43.149  -36.039  29.664 0.0000000000
40059  -44.362  -37.289  31.224 0.0000000000
34211  -40.473  -41.877  30.959 0.0000000000
35426  -40.037  -41.310  30.614 0.0000000000
41177  -40.788  -36.390  29.284 0.0000000000
34138  -29.227  -41.103  34.973 0.0000000000
32984  -31.257  -42.915  32.851 0.0000000000
33000  -30.598  -42.367  32.512 0.0000000000
34206  -30.135  -41.882  30.083 0.0000000000
43479  -43.772  -33.707  29.113 0.0000000000
46777  -47.129  -30.418  33.313 0.0000000000
27083  -34.368  -47.757  34.342 0.0000000000
27098  -34.094  -47.794  33.715 0.0000000000
27111  -34.478  -48.198  33.417 0.0000000000
27149  -35.612  -47.474  31.610 0.0000000000
28415  -35.424  -47.048  31.285 0.0000000000
28436  -34.716  -46.823  31.061 0.0000000000
29648  -33.634  -46.296  29.813 0.0000000000
29649  -34.039  -46.166  30.187 0.0000000000
30810  -33.874  -44.771  29.529 0.0000000000
33003  -38.397  -43.973  32.678 0.0000000000
33002  -37.861  -44.437  32.459 0.0000000000
33023  -37.539  -43.760  32.051 0.0000000000
36609  -34.553  -40.935  29.932 0.0000000000
35420  -34.820  -42.170  30.413 0.0000000000
34224  -33.665  -42.446  29.543 0.0000000000
33055  -33.565  -43.292  29.489 0.0000000000
29551  -34.481  -46.263  35.897 0.0000000000
25800  -37.427  -48.394  37.293 0.0000000000
25820  -37.586  -48.118  36.617 0.0000000000
25780  -38.129  -48.564  37.552 0.0000000000
29576  -40.479  -44.895  36.337 0.0000000000
36551  -45.285  -40.559  33.821 0.0000000000
36540  -45.334  -40.336  33.953 0.0000000000
37722  -44.948  -39.465  33.924 0.0000000000
41116  -45.056  -35.767  33.861 0.0000000000
42274  -45.523  -34.652  34.284 0.0000000000
43355  -46.821  -33.323  35.607 0.0000000000
47722  -48.229  -30.098  38.137 0.0000000000
46654  -49.465  -30.777  37.805 0.0000000000
47732  -49.547  -30.535  37.665 0.0000000000
47725  -49.987  -29.709  37.804 0.0000000000
51643  -47.288  -27.133  35.333 0.0000000000
52701  -47.763  -26.827  35.759 0.0000000000
51602  -50.772  -26.910  36.832 0.0000000000
50639  -50.665  -27.168  37.470 0.0000000000
51603  -51.026  -27.006  36.499 0.0000000000
53739  -53.247  -25.874  33.795 0.0000000000
56734  -52.431  -23.452  30.780 0.0000000000
57733  -53.925  -22.782  29.916 0.0000000000
34117  -23.829  -42.217  37.753 0.0000000000
34123  -23.592  -42.280  36.733 0.0000000000
36534  -26.783  -40.195  33.935 0.0000000000
36567  -25.238  -40.541  31.719 0.0000000000
34174  -24.787  -42.703  32.385 0.0000000000
33018  -24.830  -44.066  32.150 0.0000000000
28398  -32.587  -46.285  31.766 0.0000000000
28413  -32.394  -46.248  31.346 0.0000000000
29634  -31.476  -45.612  30.370 0.0000000000
30807  -30.638  -44.876  28.567 0.0000000000
30794  -30.918  -45.004  29.235 0.0000000000
34239  -29.435  -43.093  28.690 0.0000000000
35504  -26.442  -41.902  26.271 0.0000000000
35505  -27.355  -41.674  26.628 0.0000000000
38962  -42.145  -37.709  29.950 0.0000000000
40066  -42.487  -37.310  30.089 0.0000000000
38944  -44.035  -37.722  31.096 0.0000000000
33006  -41.320  -43.152  32.822 0.0000000000
47762  -52.104  -28.389  33.850 0.0000000000
46776  -46.589  -31.187  32.967 0.0000000000
25846  -35.705  -49.014  34.024 0.0000000000
25862  -36.330  -48.536  33.637 0.0000000000
27130  -36.634  -47.736  32.788 0.0000000000
28416  -36.167  -47.166  31.688 0.0000000000
29638  -35.853  -45.934  31.178 0.0000000000
35423  -37.110  -41.396  31.120 0.0000000000
37773  -33.942  -40.528  29.574 0.0000000000
37800  -32.877  -40.303  28.482 0.0000000000
43507  -38.737  -33.906  26.782 0.0000000000
44611  -39.213  -33.437  26.895 0.0000000000
45556  -47.405  -31.248  36.830 0.0000000000
47731  -47.794  -30.495  37.573 0.0000000000
48712  -48.121  -29.562  38.097 0.0000000000
52741  -48.979  -26.398  33.846 0.0000000000
53753  -50.104  -25.823  33.579 0.0000000000
52724  -50.651  -26.108  34.958 0.0000000000
55692  -52.759  -24.573  32.353 0.0000000000
57770  -54.202  -21.777  28.857 0.0000000000
36497  -23.866  -40.205  36.285 0.0000000000
36560  -28.275  -39.938  32.450 0.0000000000
35418  -25.069  -41.938  30.876 0.0000000000
28459  -32.335  -46.440  29.889 0.0000000000
28483  -32.133  -46.106  29.237 0.0000000000
44582  -41.906  -33.739  28.530 0.0000000000
43466  -42.600  -34.955  29.352 0.0000000000
41169  -42.853  -36.886  30.178 0.0000000000
29594  -39.049  -45.875  34.792 0.0000000000
29609  -38.680  -46.040  34.232 0.0000000000
30730  -38.946  -45.571  34.005 0.0000000000
31896  -38.907  -44.204  33.205 0.0000000000
32985  -39.461  -44.119  33.513 0.0000000000
35404  -37.859  -41.941  31.513 0.0000000000
37776  -36.789  -39.611  29.685 0.0000000000
39003  -36.387  -37.964  28.091 0.0000000000
38981  -39.532  -37.921  28.834 0.0000000000
42355  -40.114  -35.165  28.316 0.0000000000
56758  -51.884  -23.388  29.658 0.0000000000
56779  -52.253  -23.085  29.359 0.0000000000
57767  -52.475  -22.785  29.219 0.0000000000
57804  -52.026  -22.638  27.734 0.0000000000
57788  -52.868  -22.261  28.379 0.0000000000
58795  -53.903  -21.200  26.439 0.0000000000
35365  -27.881  -40.513  34.140 0.0000000000
35388  -28.207  -40.076  32.863 0.0000000000
45725  -44.949  -31.961  29.296 0.0000000000
29591  -33.781  -45.850  33.526 0.0000000000
28388  -34.266  -47.210  33.242 0.0000000000
25861  -35.466  -48.590  33.326 0.0000000000
25880  -34.635  -47.635  32.481 0.0000000000
25901  -34.446  -47.404  31.985 0.0000000000
25900  -34.137  -47.108  31.913 0.0000000000
27194  -32.834  -46.823  30.820 0.0000000000
28460  -32.877  -46.658  30.008 0.0000000000
28485  -32.963  -46.408  29.420 0.0000000000
30832  -32.125  -44.721  27.963 0.0000000000
30729  -38.453  -45.659  33.578 0.0000000000
30749  -37.605  -45.654  32.524 0.0000000000
30769  -37.131  -45.613  31.982 0.0000000000
30785  -35.870  -45.177  31.246 0.0000000000
34209  -35.712  -43.254  31.013 0.0000000000
34208  -35.253  -42.924  30.667 0.0000000000
30799  -34.829  -44.836  30.353 0.0000000000
31957  -33.440  -44.410  29.148 0.0000000000
42372  -37.740  -35.116  26.768 0.0000000000
35410  -44.166  -40.698  32.426 0.0000000000
35391  -44.016  -41.063  32.685 0.0000000000
37672  -25.799  -38.352  35.974 0.0000000000
36500  -27.496  -39.820  35.627 0.0000000000
35356  -28.656  -40.852  35.237 0.0000000000
35341  -29.216  -40.929  35.586 0.0000000000
34126  -30.230  -41.490  35.279 0.0000000000
32944  -30.846  -41.774  35.207 0.0000000000
30687  -32.655  -44.568  34.615 0.0000000000
28335  -34.502  -47.015  35.514 0.0000000000
28358  -34.543  -47.287  34.844 0.0000000000
27084  -34.985  -48.132  34.917 0.0000000000
27065  -35.776  -47.928  36.243 0.0000000000
25848  -37.116  -48.171  35.002 0.0000000000
25849  -37.250  -47.591  35.677 0.0000000000
27101  -37.477  -47.463  35.070 0.0000000000
28360  -37.845  -46.763  35.422 0.0000000000
27089  -38.955  -46.665  36.701 0.0000000000
29595  -39.473  -45.666  35.311 0.0000000000
30710  -39.807  -45.181  35.025 0.0000000000
30711  -40.550  -44.600  35.187 0.0000000000
31881  -41.449  -43.690  34.420 0.0000000000
31863  -41.675  -43.722  34.967 0.0000000000
32989  -42.716  -42.782  33.683 0.0000000000
33008  -43.126  -42.492  32.912 0.0000000000
34177  -43.540  -42.015  32.596 0.0000000000
34196  -43.650  -41.654  32.386 0.0000000000
37732  -44.819  -39.418  32.817 0.0000000000
38929  -44.943  -37.364  32.262 0.0000000000
40050  -45.058  -36.938  32.277 0.0000000000
44508  -46.332  -33.017  33.517 0.0000000000
44509  -46.620  -32.427  33.727 0.0000000000
45559  -48.557  -31.170  36.395 0.0000000000
50619  -48.619  -27.889  38.252 0.0000000000
51624  -49.084  -26.852  36.353 0.0000000000
49699  -50.675  -28.422  38.092 0.0000000000
49707  -50.814  -28.123  37.496 0.0000000000
52707  -52.691  -26.194  35.362 0.0000000000
53720  -52.714  -25.971  34.852 0.0000000000
55728  -52.550  -23.606  31.132 0.0000000000
55700  -52.710  -24.247  31.702 0.0000000000
55701  -53.145  -24.269  31.684 0.0000000000
57750  -53.353  -22.689  30.046 0.0000000000
57731  -53.473  -22.750  30.840 0.0000000000
56737  -53.723  -22.735  31.126 0.0000000000
56719  -53.590  -22.822  31.327 0.0000000000
35332  -23.759  -41.180  37.954 0.0000000000
31858  -25.262  -45.048  34.760 0.0000000000
36543  -24.208  -40.571  33.954 0.0000000000
32997  -24.633  -43.937  32.885 0.0000000000
30748  -32.089  -45.274  32.383 0.0000000000
29615  -32.456  -45.934  31.944 0.0000000000
28458  -31.733  -46.000  29.853 0.0000000000
29635  -31.201  -45.301  30.187 0.0000000000
30795  -30.948  -44.871  29.849 0.0000000000
30782  -31.069  -45.105  30.223 0.0000000000
33041  -31.087  -43.430  30.279 0.0000000000
35441  -29.595  -41.271  29.356 0.0000000000
36607  -29.228  -40.399  29.305 0.0000000000
37771  -28.782  -40.068  28.916 0.0000000000
30852  -30.439  -44.456  26.993 0.0000000000
31984  -29.830  -44.467  26.616 0.0000000000
36658  -28.364  -40.986  27.802 0.0000000000
36634  -28.231  -40.450  27.931 0.0000000000
37798  -28.168  -39.988  28.121 0.0000000000
37796  -26.197  -39.362  28.314 0.0000000000
25801  -38.104  -48.361  37.029 0.0000000000
28412  -32.017  -45.999  31.148 0.0000000000
28462  -33.925  -46.287  30.053 0.0000000000
29647  -31.074  -45.169  30.001 0.0000000000
30796  -30.927  -44.986  30.070 0.0000000000
31958  -33.860  -44.302  29.569 0.0000000000
32941  -23.514  -42.860  36.479 0.0000000000
32955  -23.461  -42.883  36.248 0.0000000000
34122  -23.529  -42.640  36.449 0.0000000000
35401  -35.669  -42.318  31.026 0.0000000000
37772  -29.059  -40.142  29.232 0.0000000000
37825  -27.910  -40.178  27.735 0.0000000000
42257  -46.066  -34.223  35.084 0.0000000000
46675  -49.301  -30.387  37.087 0.0000000000
51582  -49.438  -27.132  38.040 0.0000000000
