#!ascii label  , from subject 3237 vox2ras=TkReg
296
84594  -27.335  6.572  -24.226 0.0000000000
80998  -22.247  3.108  -24.326 0.0000000000
81008  -27.668  2.273  -25.413 0.0000000000
78121  -24.137  -0.021  -23.066 0.0000000000
95833  -27.823  18.605  -22.476 0.0000000000
92060  -28.799  14.439  -23.273 0.0000000000
89096  -24.421  11.312  -24.861 0.0000000000
75286  -22.000  -3.693  -21.615 0.0000000000
80071  -23.497  1.211  -23.622 0.0000000000
79111  -21.157  0.494  -22.928 0.0000000000
93950  -28.239  16.882  -22.985 0.0000000000
92057  -25.591  14.590  -23.743 0.0000000000
84603  -23.242  6.655  -25.157 0.0000000000
86394  -22.528  8.635  -25.125 0.0000000000
87265  -25.683  9.230  -24.742 0.0000000000
88170  -27.961  10.287  -24.697 0.0000000000
86377  -29.059  8.333  -24.291 0.0000000000
84605  -29.761  6.359  -25.490 0.0000000000
83684  -21.512  5.622  -24.198 0.0000000000
82790  -24.222  4.664  -24.719 0.0000000000
82793  -27.492  4.680  -23.895 0.0000000000
81913  -25.793  3.358  -24.080 0.0000000000
80089  -26.529  0.933  -24.481 0.0000000000
78151  -26.476  -1.071  -24.792 0.0000000000
91087  -23.431  13.312  -25.166 0.0000000000
90093  -26.799  12.638  -24.071 0.0000000000
90097  -30.356  12.479  -25.018 0.0000000000
77112  -20.998  -1.129  -22.468 0.0000000000
76186  -22.865  -2.633  -22.525 0.0000000000
80057  -20.973  1.530  -22.869 0.0000000000
79110  -20.195  0.492  -22.311 0.0000000000
93029  -25.036  15.464  -23.552 0.0000000000
93050  -23.729  15.036  -24.597 0.0000000000
85497  -24.901  7.385  -24.921 0.0000000000
86372  -24.596  7.930  -25.153 0.0000000000
86374  -26.129  8.415  -24.642 0.0000000000
86375  -27.085  8.430  -24.530 0.0000000000
85500  -27.640  7.470  -24.291 0.0000000000
85502  -29.452  7.333  -24.804 0.0000000000
84595  -28.159  6.540  -24.493 0.0000000000
81909  -22.040  3.818  -24.676 0.0000000000
82803  -23.014  5.195  -24.948 0.0000000000
82789  -23.312  4.484  -24.826 0.0000000000
82791  -25.347  4.481  -24.293 0.0000000000
81000  -23.998  2.695  -24.488 0.0000000000
79129  -23.716  0.313  -23.235 0.0000000000
80988  -25.205  1.667  -23.648 0.0000000000
79131  -24.917  0.193  -24.115 0.0000000000
79149  -26.339  -0.257  -24.748 0.0000000000
78149  -24.752  -0.931  -24.280 0.0000000000
94856  -25.472  17.889  -22.536 0.0000000000
95822  -24.955  19.018  -21.832 0.0000000000
96717  -27.504  19.581  -22.205 0.0000000000
98696  -28.012  20.960  -23.265 0.0000000000
96723  -28.733  19.587  -23.624 0.0000000000
93970  -29.251  16.339  -23.701 0.0000000000
88180  -23.383  10.429  -24.969 0.0000000000
89093  -22.067  11.214  -25.486 0.0000000000
90110  -23.920  12.371  -25.059 0.0000000000
91089  -25.155  13.106  -24.367 0.0000000000
89097  -25.357  11.307  -24.625 0.0000000000
89100  -30.057  11.007  -25.018 0.0000000000
89086  -29.483  11.156  -24.412 0.0000000000
89101  -30.592  11.489  -25.544 0.0000000000
81920  -28.059  3.320  -25.460 0.0000000000
82808  -29.404  4.396  -25.827 0.0000000000
76167  -20.866  -2.773  -21.440 0.0000000000
77100  -21.231  -2.151  -21.764 0.0000000000
77113  -21.535  -1.667  -22.428 0.0000000000
76169  -22.377  -3.171  -21.934 0.0000000000
80984  -21.539  2.764  -23.523 0.0000000000
80986  -23.302  2.101  -23.941 0.0000000000
80069  -21.786  1.507  -23.312 0.0000000000
79128  -22.769  0.478  -23.329 0.0000000000
78135  -22.242  -0.010  -23.091 0.0000000000
94857  -26.959  17.716  -22.504 0.0000000000
94858  -28.113  17.640  -22.707 0.0000000000
93948  -26.178  16.723  -22.870 0.0000000000
93031  -27.287  15.350  -23.302 0.0000000000
92059  -27.770  14.485  -23.599 0.0000000000
85496  -22.221  7.069  -24.769 0.0000000000
85509  -22.697  7.589  -24.976 0.0000000000
87285  -23.763  9.480  -25.380 0.0000000000
88182  -25.041  10.207  -24.720 0.0000000000
88183  -26.024  10.588  -24.698 0.0000000000
88168  -25.958  9.908  -24.905 0.0000000000
87268  -28.478  9.352  -24.333 0.0000000000
87288  -30.171  9.373  -25.129 0.0000000000
86399  -30.393  8.420  -25.607 0.0000000000
73430  -22.124  -5.274  -21.577 0.0000000000
74378  -22.994  -4.247  -22.512 0.0000000000
83700  -22.789  5.872  -25.114 0.0000000000
83686  -24.108  5.730  -25.054 0.0000000000
83688  -25.917  5.511  -24.104 0.0000000000
83690  -27.864  5.752  -24.494 0.0000000000
82805  -27.161  3.587  -24.432 0.0000000000
81918  -26.666  3.107  -24.419 0.0000000000
81001  -25.037  2.560  -24.079 0.0000000000
81002  -26.267  2.147  -23.688 0.0000000000
81007  -26.933  2.134  -24.830 0.0000000000
79161  -27.035  0.251  -25.446 0.0000000000
78163  -26.906  -0.428  -25.322 0.0000000000
95838  -29.382  18.030  -23.611 0.0000000000
92091  -23.711  14.056  -24.987 0.0000000000
91070  -25.624  13.804  -24.168 0.0000000000
91056  -28.102  13.411  -23.243 0.0000000000
89083  -26.966  11.954  -24.373 0.0000000000
90077  -28.798  12.607  -23.301 0.0000000000
92062  -30.315  13.775  -23.790 0.0000000000
83704  -29.036  5.369  -25.367 0.0000000000
83711  -29.774  5.401  -26.164 0.0000000000
79096  -19.786  -0.050  -21.730 0.0000000000
78118  -20.644  -0.518  -22.482 0.0000000000
78120  -21.973  -1.156  -23.000 0.0000000000
77131  -23.975  -1.475  -22.938 0.0000000000
76187  -23.519  -3.135  -22.825 0.0000000000
76202  -23.978  -2.456  -23.077 0.0000000000
77132  -24.485  -1.645  -23.661 0.0000000000
93066  -22.487  14.889  -24.960 0.0000000000
85498  -25.767  7.457  -24.715 0.0000000000
85499  -26.714  7.485  -24.488 0.0000000000
85501  -28.578  7.368  -24.364 0.0000000000
80997  -21.845  3.372  -24.205 0.0000000000
81908  -21.574  3.834  -24.101 0.0000000000
82788  -22.527  4.513  -24.890 0.0000000000
81910  -22.797  3.734  -24.686 0.0000000000
81911  -23.678  3.643  -24.757 0.0000000000
80999  -23.048  2.890  -24.454 0.0000000000
79112  -24.084  0.341  -23.171 0.0000000000
79130  -24.480  0.239  -23.564 0.0000000000
79147  -24.710  -0.241  -24.039 0.0000000000
78138  -24.341  -0.578  -23.449 0.0000000000
95832  -26.676  18.740  -22.437 0.0000000000
97680  -27.988  20.047  -22.516 0.0000000000
93033  -29.187  15.431  -23.421 0.0000000000
93051  -29.544  15.549  -24.250 0.0000000000
92079  -29.913  14.584  -24.702 0.0000000000
88181  -24.133  10.389  -25.203 0.0000000000
88179  -22.540  10.414  -25.034 0.0000000000
89095  -23.632  11.394  -25.059 0.0000000000
89094  -22.834  11.363  -25.206 0.0000000000
90111  -24.705  12.273  -24.585 0.0000000000
88186  -30.551  10.455  -25.373 0.0000000000
75285  -21.204  -3.683  -21.423 0.0000000000
76168  -21.826  -2.700  -21.853 0.0000000000
80985  -22.433  2.315  -23.828 0.0000000000
79127  -22.008  0.556  -23.190 0.0000000000
93947  -24.922  16.904  -23.209 0.0000000000
93011  -25.283  16.108  -23.007 0.0000000000
92056  -24.833  14.808  -24.165 0.0000000000
93030  -26.130  15.497  -23.170 0.0000000000
92058  -26.638  14.468  -23.541 0.0000000000
85510  -23.644  7.531  -25.417 0.0000000000
86373  -25.092  8.418  -24.945 0.0000000000
86396  -24.255  8.469  -25.401 0.0000000000
86397  -24.686  8.940  -25.211 0.0000000000
87286  -24.459  9.470  -25.230 0.0000000000
87287  -25.016  9.332  -24.924 0.0000000000
87266  -26.535  9.316  -24.739 0.0000000000
86376  -28.036  8.403  -24.307 0.0000000000
87269  -29.438  9.324  -24.525 0.0000000000
86398  -29.779  8.362  -24.967 0.0000000000
84606  -30.400  6.756  -25.861 0.0000000000
85512  -30.170  7.418  -25.356 0.0000000000
84614  -30.767  6.680  -26.519 0.0000000000
73431  -22.734  -5.160  -21.283 0.0000000000
83685  -21.774  5.992  -24.631 0.0000000000
83698  -21.793  5.489  -24.755 0.0000000000
82804  -23.641  5.197  -24.937 0.0000000000
83701  -23.482  5.851  -25.191 0.0000000000
83687  -24.852  5.591  -24.553 0.0000000000
80987  -24.236  1.877  -23.955 0.0000000000
80989  -25.825  1.439  -23.538 0.0000000000
80074  -26.139  1.271  -23.778 0.0000000000
80099  -27.294  1.246  -25.353 0.0000000000
78150  -25.569  -1.088  -24.600 0.0000000000
78164  -27.200  -0.596  -25.422 0.0000000000
94859  -28.990  17.353  -23.107 0.0000000000
95835  -29.247  17.881  -23.200 0.0000000000
94860  -29.281  17.632  -23.402 0.0000000000
86393  -21.839  8.644  -25.060 0.0000000000
91085  -21.990  12.750  -25.258 0.0000000000
91086  -22.466  13.312  -25.214 0.0000000000
91090  -26.104  12.996  -24.502 0.0000000000
91055  -27.237  13.789  -23.543 0.0000000000
91072  -27.192  13.032  -23.507 0.0000000000
89099  -26.763  10.839  -24.576 0.0000000000
89098  -26.368  11.356  -24.462 0.0000000000
89084  -27.307  11.138  -24.438 0.0000000000
90096  -29.820  12.067  -24.296 0.0000000000
90095  -29.055  11.808  -23.746 0.0000000000
90078  -29.687  12.581  -23.517 0.0000000000
91058  -30.169  13.354  -23.499 0.0000000000
91059  -30.409  13.355  -24.104 0.0000000000
91092  -30.380  13.354  -25.848 0.0000000000
83702  -27.799  5.023  -24.276 0.0000000000
83703  -28.299  5.036  -24.816 0.0000000000
77099  -20.564  -1.596  -21.524 0.0000000000
77098  -19.930  -1.092  -21.312 0.0000000000
78108  -20.093  -0.560  -21.798 0.0000000000
77114  -22.357  -1.648  -22.831 0.0000000000
77130  -23.156  -1.525  -23.023 0.0000000000
75304  -23.007  -3.779  -22.665 0.0000000000
80056  -20.323  1.623  -22.350 0.0000000000
93010  -24.641  16.240  -23.501 0.0000000000
93028  -24.044  15.803  -24.140 0.0000000000
85511  -24.327  7.403  -25.344 0.0000000000
84596  -28.939  6.421  -24.865 0.0000000000
82778  -21.387  4.688  -23.708 0.0000000000
82787  -21.764  4.768  -24.709 0.0000000000
82802  -22.336  5.221  -25.046 0.0000000000
81912  -24.701  3.554  -24.534 0.0000000000
80072  -24.426  1.021  -23.678 0.0000000000
80073  -25.457  0.731  -23.888 0.0000000000
80088  -25.988  0.236  -24.294 0.0000000000
79148  -25.362  -0.197  -24.377 0.0000000000
94855  -24.393  17.993  -22.881 0.0000000000
95831  -25.712  18.908  -22.216 0.0000000000
97697  -27.870  20.853  -23.004 0.0000000000
96731  -28.783  19.586  -24.689 0.0000000000
93969  -28.731  16.359  -23.279 0.0000000000
94868  -29.336  17.235  -23.827 0.0000000000
89082  -21.605  11.063  -25.098 0.0000000000
90108  -22.331  12.192  -25.421 0.0000000000
90109  -23.112  12.349  -25.311 0.0000000000
90112  -25.665  12.203  -24.369 0.0000000000
88171  -28.960  10.261  -24.192 0.0000000000
89085  -28.432  11.168  -24.313 0.0000000000
89087  -30.008  11.643  -24.909 0.0000000000
82806  -27.793  4.075  -24.532 0.0000000000
82807  -28.616  4.254  -25.278 0.0000000000
76185  -22.137  -2.165  -22.425 0.0000000000
80070  -22.627  1.382  -23.506 0.0000000000
78137  -23.682  -0.620  -23.007 0.0000000000
94865  -24.225  17.562  -23.460 0.0000000000
94866  -24.591  17.433  -23.014 0.0000000000
93949  -27.414  16.828  -22.703 0.0000000000
93967  -26.980  16.072  -22.917 0.0000000000
93968  -27.838  16.164  -23.122 0.0000000000
93032  -28.297  15.392  -23.398 0.0000000000
86395  -23.342  8.530  -25.236 0.0000000000
88169  -26.841  10.294  -24.867 0.0000000000
87267  -27.495  9.365  -24.666 0.0000000000
88185  -29.768  10.268  -24.793 0.0000000000
87289  -30.665  9.462  -25.924 0.0000000000
73429  -21.758  -4.961  -21.574 0.0000000000
74361  -22.129  -4.451  -21.711 0.0000000000
75287  -22.524  -3.716  -22.096 0.0000000000
84602  -22.538  6.585  -24.896 0.0000000000
84604  -23.929  6.565  -25.553 0.0000000000
84591  -24.558  6.529  -25.029 0.0000000000
84592  -25.391  6.498  -24.650 0.0000000000
84593  -26.382  6.502  -24.420 0.0000000000
83689  -27.171  5.574  -23.719 0.0000000000
82792  -26.708  4.188  -23.718 0.0000000000
81919  -27.330  3.101  -24.972 0.0000000000
79162  -27.544  0.665  -25.723 0.0000000000
78176  -27.255  -0.196  -25.664 0.0000000000
95834  -28.998  18.490  -22.941 0.0000000000
95837  -29.217  18.799  -24.063 0.0000000000
95844  -29.435  17.982  -24.496 0.0000000000
92090  -22.995  14.184  -24.743 0.0000000000
92076  -24.158  14.572  -24.692 0.0000000000
91069  -24.817  13.982  -24.335 0.0000000000
91088  -24.278  13.414  -24.884 0.0000000000
92077  -25.650  14.160  -23.959 0.0000000000
92078  -25.968  14.085  -23.812 0.0000000000
90094  -27.819  12.196  -23.854 0.0000000000
91057  -29.304  13.458  -23.212 0.0000000000
92061  -29.868  14.383  -23.617 0.0000000000
83691  -28.458  5.813  -24.862 0.0000000000
84613  -30.166  6.189  -26.289 0.0000000000
78119  -21.580  -0.531  -22.995 0.0000000000
78136  -22.660  -0.597  -23.161 0.0000000000
76201  -23.486  -2.038  -22.933 0.0000000000
77146  -24.901  -1.829  -24.446 0.0000000000
78122  -24.300  -0.018  -23.311 0.0000000000
79113  -24.242  0.189  -23.262 0.0000000000
82801  -21.935  5.309  -25.008 0.0000000000
83699  -22.139  5.848  -24.945 0.0000000000
84590  -21.962  6.578  -24.727 0.0000000000
85513  -30.665  7.521  -26.006 0.0000000000
88167  -25.450  9.700  -24.772 0.0000000000
88184  -26.507  10.732  -24.652 0.0000000000
90079  -30.274  12.750  -24.079 0.0000000000
90080  -30.392  12.978  -24.477 0.0000000000
90113  -26.384  12.237  -24.361 0.0000000000
91053  -25.250  14.271  -24.085 0.0000000000
91054  -25.439  14.215  -24.049 0.0000000000
91071  -26.487  13.534  -23.861 0.0000000000
91073  -30.397  13.344  -24.791 0.0000000000
92075  -23.573  14.613  -24.770 0.0000000000
92080  -30.347  13.948  -24.293 0.0000000000
93989  -29.453  16.513  -24.282 0.0000000000
94867  -29.083  16.835  -23.461 0.0000000000
97698  -28.236  20.428  -23.141 0.0000000000
