#!ascii label  , from subject 3237 vox2ras=TkReg
848
37991  12.533  -36.492  49.781 0.0000000000
25592  9.986  -49.155  36.958 0.0000000000
31803  15.468  -41.409  48.599 0.0000000000
32980  10.966  -40.705  45.129 0.0000000000
36210  11.266  -37.229  39.844 0.0000000000
35054  12.299  -39.357  50.561 0.0000000000
32893  9.533  -41.785  50.669 0.0000000000
39901  15.871  -34.424  49.949 0.0000000000
37039  14.608  -37.468  48.722 0.0000000000
33978  16.190  -40.454  49.075 0.0000000000
30816  3.823  -44.177  43.040 0.0000000000
33009  9.849  -39.561  42.045 0.0000000000
35181  4.384  -38.890  41.049 0.0000000000
28802  17.421  -45.712  46.584 0.0000000000
29813  16.235  -44.633  44.128 0.0000000000
32935  12.271  -41.380  47.692 0.0000000000
27767  6.111  -46.415  48.579 0.0000000000
31929  16.239  -42.394  41.565 0.0000000000
31969  15.414  -42.307  38.351 0.0000000000
34128  15.524  -40.374  35.544 0.0000000000
38135  11.431  -35.611  37.160 0.0000000000
36073  12.763  -37.500  50.946 0.0000000000
36077  11.080  -38.988  50.208 0.0000000000
39909  14.286  -34.960  50.104 0.0000000000
37989  15.016  -35.960  49.623 0.0000000000
37987  13.931  -36.487  50.705 0.0000000000
36080  13.761  -38.541  50.105 0.0000000000
33016  4.563  -41.362  41.675 0.0000000000
31819  16.601  -42.354  47.744 0.0000000000
31836  16.654  -42.350  46.774 0.0000000000
32921  13.422  -41.285  48.778 0.0000000000
31808  7.135  -42.558  49.361 0.0000000000
29762  7.963  -44.160  50.461 0.0000000000
32904  15.872  -41.149  49.061 0.0000000000
31784  18.320  -42.206  47.756 0.0000000000
31801  16.814  -42.342  48.345 0.0000000000
29776  17.767  -44.379  48.132 0.0000000000
34034  14.858  -40.255  45.318 0.0000000000
30811  15.800  -43.892  42.915 0.0000000000
35146  15.004  -39.502  43.718 0.0000000000
34086  10.350  -38.635  41.104 0.0000000000
36172  15.537  -38.309  40.964 0.0000000000
37131  15.003  -36.737  39.934 0.0000000000
33058  15.324  -41.545  36.758 0.0000000000
38090  14.903  -36.176  38.151 0.0000000000
33981  13.132  -40.870  50.230 0.0000000000
32907  12.609  -41.281  49.905 0.0000000000
33966  11.248  -40.582  50.393 0.0000000000
33984  9.429  -40.798  49.562 0.0000000000
39914  16.986  -33.876  48.864 0.0000000000
39930  17.004  -34.272  46.732 0.0000000000
38986  15.863  -35.125  47.239 0.0000000000
38005  15.453  -36.442  47.399 0.0000000000
35070  15.383  -39.011  48.625 0.0000000000
35060  14.341  -39.513  49.780 0.0000000000
30800  7.431  -43.673  44.434 0.0000000000
32991  10.396  -40.109  43.696 0.0000000000
31912  6.987  -42.355  42.621 0.0000000000
34077  7.644  -40.320  41.436 0.0000000000
36197  7.775  -38.000  40.355 0.0000000000
39917  13.706  -35.166  48.866 0.0000000000
41776  19.091  -32.427  47.345 0.0000000000
41704  20.032  -32.084  50.029 0.0000000000
40773  16.502  -33.611  50.068 0.0000000000
41710  14.903  -33.505  50.186 0.0000000000
26682  16.566  -47.561  45.330 0.0000000000
26693  14.953  -47.489  44.135 0.0000000000
29797  16.965  -44.440  45.570 0.0000000000
32961  16.209  -41.219  45.429 0.0000000000
31858  11.284  -41.311  46.519 0.0000000000
31789  10.719  -41.960  49.696 0.0000000000
30751  9.357  -43.404  48.043 0.0000000000
30785  7.573  -44.301  46.295 0.0000000000
27797  4.593  -46.323  45.237 0.0000000000
27809  14.002  -47.177  42.975 0.0000000000
27833  13.843  -46.487  41.513 0.0000000000
27849  13.348  -46.184  39.318 0.0000000000
35153  14.787  -38.501  42.895 0.0000000000
30876  15.218  -43.249  39.452 0.0000000000
28905  12.850  -45.997  37.903 0.0000000000
27897  12.374  -46.327  35.371 0.0000000000
29938  13.233  -45.244  33.694 0.0000000000
38076  3.882  -36.499  39.485 0.0000000000
38072  7.657  -36.455  39.513 0.0000000000
39090  8.173  -34.985  38.275 0.0000000000
37158  11.146  -36.426  38.269 0.0000000000
38131  15.091  -35.836  36.659 0.0000000000
37029  12.509  -37.207  50.589 0.0000000000
37034  11.746  -37.670  49.539 0.0000000000
37992  12.213  -37.006  49.271 0.0000000000
38973  13.718  -35.473  50.135 0.0000000000
38969  14.051  -35.668  50.752 0.0000000000
37984  13.165  -36.496  51.141 0.0000000000
37025  13.194  -37.126  51.104 0.0000000000
25609  7.215  -49.340  35.788 0.0000000000
25606  10.180  -48.589  35.884 0.0000000000
31802  16.074  -41.844  48.467 0.0000000000
31820  15.938  -41.900  48.032 0.0000000000
32920  14.687  -41.121  48.502 0.0000000000
40847  17.563  -33.748  45.486 0.0000000000
31787  15.773  -41.481  48.787 0.0000000000
31786  16.398  -41.784  48.811 0.0000000000
30750  17.320  -42.884  47.824 0.0000000000
32979  12.068  -40.194  45.479 0.0000000000
34045  14.579  -39.818  44.720 0.0000000000
34047  12.207  -39.689  44.919 0.0000000000
36194  11.244  -37.575  40.447 0.0000000000
37133  12.793  -37.054  40.621 0.0000000000
37157  12.720  -36.753  39.642 0.0000000000
37155  15.010  -36.373  38.910 0.0000000000
37156  13.712  -36.364  39.007 0.0000000000
33964  13.066  -40.083  50.360 0.0000000000
33965  12.299  -40.608  50.354 0.0000000000
35055  11.532  -39.618  50.439 0.0000000000
35062  10.202  -39.729  49.575 0.0000000000
34011  9.157  -41.161  48.010 0.0000000000
39907  16.424  -34.077  49.406 0.0000000000
39915  16.466  -34.141  48.437 0.0000000000
38971  15.899  -34.655  49.230 0.0000000000
37990  14.642  -36.741  49.191 0.0000000000
37996  15.061  -36.428  48.522 0.0000000000
37049  15.329  -37.267  47.702 0.0000000000
36085  15.180  -38.326  48.348 0.0000000000
35053  13.158  -39.113  50.366 0.0000000000
35052  13.766  -39.669  50.161 0.0000000000
33980  14.029  -40.420  50.007 0.0000000000
29830  5.780  -44.666  43.954 0.0000000000
30812  7.280  -42.881  43.591 0.0000000000
30834  5.748  -43.094  43.188 0.0000000000
35169  4.153  -39.595  41.345 0.0000000000
34079  5.717  -40.436  41.600 0.0000000000
35167  5.833  -39.559  41.461 0.0000000000
35178  7.849  -39.245  40.902 0.0000000000
36178  5.391  -38.514  40.878 0.0000000000
40772  17.367  -33.199  50.023 0.0000000000
27781  17.130  -46.805  46.030 0.0000000000
27782  16.440  -46.578  45.137 0.0000000000
28811  16.960  -45.689  45.714 0.0000000000
32947  14.913  -40.817  46.954 0.0000000000
32946  16.005  -41.432  46.608 0.0000000000
32948  13.725  -40.757  46.981 0.0000000000
32963  14.343  -40.476  46.055 0.0000000000
32950  12.093  -41.102  47.118 0.0000000000
32892  10.729  -41.600  50.288 0.0000000000
32908  11.490  -41.591  49.616 0.0000000000
31772  9.732  -42.421  50.409 0.0000000000
28774  6.598  -45.939  50.173 0.0000000000
28783  8.188  -44.999  49.568 0.0000000000
28794  7.807  -45.926  48.151 0.0000000000
30765  8.914  -43.129  47.331 0.0000000000
28803  7.410  -45.715  47.259 0.0000000000
28814  6.485  -45.965  46.072 0.0000000000
27775  5.413  -46.867  46.925 0.0000000000
38993  16.439  -35.017  46.001 0.0000000000
39944  16.810  -34.946  44.670 0.0000000000
35057  17.142  -39.763  48.650 0.0000000000
33995  18.158  -40.137  48.284 0.0000000000
33977  17.366  -40.368  48.919 0.0000000000
30726  17.817  -42.823  48.043 0.0000000000
29784  17.474  -44.466  46.879 0.0000000000
27773  17.604  -46.681  47.180 0.0000000000
28825  15.983  -45.716  44.312 0.0000000000
26702  14.563  -47.316  43.657 0.0000000000
27807  15.171  -46.255  43.531 0.0000000000
31908  16.190  -42.821  42.252 0.0000000000
28861  14.678  -45.440  41.823 0.0000000000
29847  14.878  -44.938  41.193 0.0000000000
27840  13.460  -46.795  40.435 0.0000000000
29860  14.753  -44.619  40.513 0.0000000000
32999  10.030  -39.700  42.638 0.0000000000
34066  12.223  -38.764  43.186 0.0000000000
35155  12.515  -38.371  42.646 0.0000000000
35191  16.296  -39.139  39.980 0.0000000000
34099  16.399  -40.093  40.043 0.0000000000
31961  15.218  -42.977  38.860 0.0000000000
29877  13.806  -44.898  38.694 0.0000000000
29890  14.230  -44.376  37.548 0.0000000000
27884  12.369  -46.445  36.350 0.0000000000
29898  14.204  -44.290  36.854 0.0000000000
34129  15.349  -41.241  35.815 0.0000000000
30916  14.411  -43.495  35.473 0.0000000000
30928  14.427  -43.414  34.697 0.0000000000
39069  3.997  -35.542  39.062 0.0000000000
38074  5.848  -36.445  39.579 0.0000000000
39067  5.925  -35.404  39.150 0.0000000000
39111  10.580  -34.616  37.326 0.0000000000
39088  10.045  -34.869  37.932 0.0000000000
38117  9.841  -35.389  38.554 0.0000000000
38115  11.561  -36.158  37.550 0.0000000000
37184  12.449  -36.332  37.776 0.0000000000
38133  12.925  -35.938  37.130 0.0000000000
36075  12.377  -38.184  50.956 0.0000000000
36076  11.583  -38.486  50.472 0.0000000000
39902  15.146  -34.596  50.311 0.0000000000
38967  15.253  -35.253  50.059 0.0000000000
38968  14.681  -35.361  50.235 0.0000000000
37986  14.477  -36.289  50.158 0.0000000000
37031  14.178  -37.387  49.523 0.0000000000
36086  14.444  -37.970  48.823 0.0000000000
37028  13.652  -37.347  50.433 0.0000000000
36074  13.100  -37.895  50.823 0.0000000000
30837  2.572  -43.264  42.705 0.0000000000
31915  4.120  -42.696  42.411 0.0000000000
33003  2.469  -41.497  42.289 0.0000000000
34082  2.846  -40.628  41.724 0.0000000000
35170  3.298  -39.231  41.389 0.0000000000
30764  17.228  -43.201  47.031 0.0000000000
29785  17.173  -43.830  46.370 0.0000000000
32931  16.147  -41.907  47.440 0.0000000000
32932  15.398  -41.419  47.783 0.0000000000
32933  14.196  -41.161  47.869 0.0000000000
32895  8.045  -42.454  50.356 0.0000000000
30718  8.249  -43.450  50.832 0.0000000000
30730  6.803  -43.932  49.887 0.0000000000
29764  6.283  -45.055  49.732 0.0000000000
28776  5.061  -45.995  49.104 0.0000000000
26655  3.710  -46.785  47.703 0.0000000000
32903  16.833  -41.294  49.084 0.0000000000
31785  17.246  -42.125  48.479 0.0000000000
30738  17.462  -42.811  48.092 0.0000000000
30749  17.699  -43.418  48.049 0.0000000000
30763  17.538  -43.667  47.604 0.0000000000
31875  16.564  -41.784  44.642 0.0000000000
29827  15.881  -44.266  43.294 0.0000000000
31891  16.617  -42.181  43.662 0.0000000000
32998  16.552  -41.421  43.049 0.0000000000
33007  16.596  -41.343  42.392 0.0000000000
34073  10.474  -39.255  41.740 0.0000000000
35163  12.170  -38.446  41.999 0.0000000000
37116  12.946  -37.377  41.341 0.0000000000
36192  15.231  -37.564  40.582 0.0000000000
35204  16.344  -39.219  39.311 0.0000000000
33046  15.492  -41.561  37.544 0.0000000000
35215  16.329  -39.361  38.246 0.0000000000
35223  15.986  -39.491  37.155 0.0000000000
36240  16.110  -38.465  36.611 0.0000000000
39109  12.148  -35.196  36.584 0.0000000000
38149  13.087  -35.412  36.490 0.0000000000
39128  12.996  -35.084  36.081 0.0000000000
32905  14.924  -40.919  48.881 0.0000000000
32906  13.803  -41.115  49.487 0.0000000000
33982  12.705  -41.028  50.312 0.0000000000
32891  11.803  -41.166  50.234 0.0000000000
33967  10.257  -40.663  50.303 0.0000000000
35056  10.805  -39.727  50.216 0.0000000000
32910  9.002  -41.386  50.282 0.0000000000
32925  8.265  -41.691  49.234 0.0000000000
40793  17.528  -33.387  48.437 0.0000000000
40828  17.692  -33.632  46.084 0.0000000000
39922  17.011  -33.901  47.890 0.0000000000
38979  15.362  -35.630  48.232 0.0000000000
38987  15.552  -35.546  47.611 0.0000000000
38011  16.063  -36.686  46.246 0.0000000000
35068  17.035  -39.255  48.168 0.0000000000
35058  16.536  -39.755  48.766 0.0000000000
36079  14.448  -38.561  49.210 0.0000000000
35059  15.378  -39.506  49.021 0.0000000000
33979  15.100  -40.380  49.294 0.0000000000
31878  8.589  -42.179  44.528 0.0000000000
32992  9.656  -40.719  44.110 0.0000000000
31893  8.485  -41.907  43.489 0.0000000000
31909  8.768  -41.095  42.815 0.0000000000
33011  8.735  -40.741  42.214 0.0000000000
31934  5.340  -41.974  42.092 0.0000000000
33013  7.427  -41.117  41.813 0.0000000000
34075  9.095  -40.019  41.512 0.0000000000
34088  9.295  -39.343  41.029 0.0000000000
35195  9.441  -38.426  40.500 0.0000000000
35207  9.845  -37.704  40.420 0.0000000000
38980  13.509  -35.409  49.518 0.0000000000
40808  18.378  -32.766  47.218 0.0000000000
42708  21.127  -31.713  49.298 0.0000000000
42683  20.748  -31.731  50.034 0.0000000000
41722  20.358  -31.980  49.286 0.0000000000
41748  19.826  -32.143  48.408 0.0000000000
41749  18.865  -32.480  48.671 0.0000000000
40792  18.159  -32.718  47.993 0.0000000000
40782  17.018  -33.800  49.942 0.0000000000
39900  16.194  -33.978  49.856 0.0000000000
41709  15.307  -33.308  50.240 0.0000000000
40774  15.605  -33.764  50.132 0.0000000000
40776  14.525  -34.490  50.186 0.0000000000
39916  14.077  -34.852  49.494 0.0000000000
27792  16.072  -46.249  44.619 0.0000000000
30783  17.078  -43.154  45.984 0.0000000000
31857  16.692  -42.123  45.682 0.0000000000
30799  16.756  -43.111  44.659 0.0000000000
32962  15.388  -40.700  45.811 0.0000000000
32964  13.115  -40.374  45.871 0.0000000000
32966  11.227  -41.106  45.995 0.0000000000
32922  12.204  -41.551  48.754 0.0000000000
31821  11.782  -41.686  48.175 0.0000000000
30727  9.223  -43.431  50.152 0.0000000000
30739  9.331  -43.480  48.890 0.0000000000
31822  11.158  -41.876  47.943 0.0000000000
31824  9.636  -42.518  47.547 0.0000000000
31840  9.350  -42.290  46.581 0.0000000000
31861  8.816  -42.462  45.621 0.0000000000
29815  7.353  -44.038  45.027 0.0000000000
28845  5.910  -45.196  44.561 0.0000000000
28847  4.198  -45.437  43.861 0.0000000000
26687  2.508  -47.691  45.944 0.0000000000
27799  2.490  -46.891  44.447 0.0000000000
28849  2.168  -45.514  43.270 0.0000000000
33994  19.052  -40.626  48.348 0.0000000000
32902  17.806  -41.400  48.464 0.0000000000
28843  14.702  -45.773  42.539 0.0000000000
26720  13.460  -47.317  42.078 0.0000000000
26764  12.137  -47.230  38.241 0.0000000000
34058  12.162  -39.121  44.088 0.0000000000
35152  15.652  -39.512  42.919 0.0000000000
33008  16.557  -41.220  41.675 0.0000000000
35162  15.085  -38.369  42.101 0.0000000000
34085  16.393  -40.151  41.200 0.0000000000
31948  15.767  -42.310  40.380 0.0000000000
29867  14.526  -44.455  39.729 0.0000000000
28897  13.004  -46.061  38.415 0.0000000000
27871  11.824  -47.217  37.005 0.0000000000
26777  10.771  -47.888  35.820 0.0000000000
30907  14.409  -43.727  36.323 0.0000000000
27914  12.414  -46.175  34.517 0.0000000000
36182  2.153  -37.780  40.664 0.0000000000
39052  1.927  -36.401  39.780 0.0000000000
37140  3.812  -37.445  39.978 0.0000000000
37138  5.665  -37.146  39.944 0.0000000000
37136  7.631  -37.211  40.075 0.0000000000
37134  9.349  -36.852  39.751 0.0000000000
39065  7.784  -35.254  38.601 0.0000000000
37160  9.626  -36.393  39.245 0.0000000000
36225  11.154  -36.775  39.098 0.0000000000
38113  13.646  -36.094  38.005 0.0000000000
38112  14.830  -35.940  37.446 0.0000000000
36254  15.926  -38.529  35.647 0.0000000000
37200  16.102  -37.466  35.442 0.0000000000
37988  12.835  -36.440  50.696 0.0000000000
37033  12.185  -37.214  49.967 0.0000000000
38974  13.085  -35.838  50.045 0.0000000000
38970  13.341  -35.945  50.781 0.0000000000
24528  8.129  -49.431  36.841 0.0000000000
25607  8.960  -49.289  36.209 0.0000000000
25608  7.767  -49.132  36.066 0.0000000000
32919  15.549  -41.580  48.366 0.0000000000
40827  18.648  -32.772  46.349 0.0000000000
40846  18.033  -33.232  45.168 0.0000000000
32978  12.723  -40.016  45.212 0.0000000000
34048  11.609  -40.069  45.010 0.0000000000
35205  10.738  -37.416  40.165 0.0000000000
36209  12.045  -36.893  39.345 0.0000000000
39908  15.988  -34.649  49.547 0.0000000000
37997  14.754  -36.993  48.625 0.0000000000
37038  14.995  -37.382  48.259 0.0000000000
36098  15.339  -37.749  47.966 0.0000000000
35061  13.768  -39.237  50.151 0.0000000000
33963  13.491  -39.862  50.243 0.0000000000
29831  4.798  -44.707  43.657 0.0000000000
30814  5.354  -43.941  43.472 0.0000000000
30835  4.728  -43.324  42.932 0.0000000000
35168  4.978  -39.714  41.218 0.0000000000
35180  5.099  -39.024  41.077 0.0000000000
36165  5.535  -39.007  41.235 0.0000000000
36179  4.590  -38.389  40.702 0.0000000000
29796  17.340  -45.070  46.123 0.0000000000
32934  13.078  -41.139  47.894 0.0000000000
31771  10.402  -42.016  50.246 0.0000000000
32881  9.228  -42.561  50.922 0.0000000000
27758  6.208  -46.466  49.630 0.0000000000
28784  7.502  -45.533  49.254 0.0000000000
28785  6.787  -46.023  48.968 0.0000000000
28795  6.764  -45.984  47.902 0.0000000000
27784  6.033  -46.511  46.539 0.0000000000
27774  6.062  -46.490  47.487 0.0000000000
30725  18.402  -42.964  48.414 0.0000000000
28826  15.667  -45.621  43.738 0.0000000000
29846  15.239  -44.511  41.757 0.0000000000
29859  15.086  -44.333  40.998 0.0000000000
30851  15.404  -43.495  40.971 0.0000000000
34067  11.259  -39.315  42.974 0.0000000000
35156  11.914  -38.737  42.509 0.0000000000
33038  15.705  -41.387  38.623 0.0000000000
33032  16.003  -41.312  39.659 0.0000000000
31970  15.034  -43.042  38.120 0.0000000000
30898  14.474  -43.824  37.127 0.0000000000
33071  14.982  -42.019  35.231 0.0000000000
39990  3.409  -35.054  38.944 0.0000000000
39989  4.169  -34.792  39.004 0.0000000000
39068  4.889  -35.563  39.206 0.0000000000
39988  5.094  -34.684  39.102 0.0000000000
39087  10.799  -35.235  37.393 0.0000000000
38116  10.703  -35.957  37.881 0.0000000000
38134  12.186  -35.790  37.093 0.0000000000
37030  11.944  -37.687  50.463 0.0000000000
39903  14.575  -34.844  50.202 0.0000000000
38965  13.775  -36.201  51.023 0.0000000000
37027  14.061  -36.874  50.259 0.0000000000
36072  12.951  -37.375  51.103 0.0000000000
31917  2.180  -42.541  42.562 0.0000000000
34068  2.261  -40.576  42.213 0.0000000000
35157  2.451  -39.580  42.027 0.0000000000
32912  7.771  -42.224  49.728 0.0000000000
31791  7.314  -42.921  50.221 0.0000000000
31792  6.711  -43.115  49.656 0.0000000000
30731  6.063  -44.320  49.441 0.0000000000
28775  5.481  -45.854  49.903 0.0000000000
28786  4.996  -45.659  49.111 0.0000000000
28787  4.218  -45.829  48.606 0.0000000000
32976  16.266  -41.015  44.689 0.0000000000
32990  16.003  -40.536  44.452 0.0000000000
35134  14.781  -39.684  44.242 0.0000000000
34055  15.786  -40.104  43.924 0.0000000000
34054  16.244  -40.447  43.536 0.0000000000
34071  16.532  -40.934  42.717 0.0000000000
34064  16.108  -40.070  43.216 0.0000000000
35175  11.021  -38.501  41.204 0.0000000000
35174  11.834  -38.170  41.239 0.0000000000
36174  12.368  -37.586  41.073 0.0000000000
37132  13.691  -36.652  40.186 0.0000000000
37114  14.509  -37.028  40.790 0.0000000000
36191  15.861  -38.188  39.921 0.0000000000
36208  16.265  -38.184  38.782 0.0000000000
37154  15.875  -37.043  38.231 0.0000000000
36222  16.391  -38.288  37.651 0.0000000000
37166  16.050  -37.343  37.175 0.0000000000
40024  10.973  -34.279  37.059 0.0000000000
40023  11.887  -34.260  36.498 0.0000000000
39129  12.624  -34.681  36.081 0.0000000000
33983  9.767  -40.374  49.915 0.0000000000
33968  9.603  -40.995  50.193 0.0000000000
32924  8.833  -41.322  49.516 0.0000000000
38978  15.776  -34.731  48.376 0.0000000000
39923  16.340  -34.430  47.554 0.0000000000
38972  15.515  -35.210  49.245 0.0000000000
38012  15.745  -36.466  46.836 0.0000000000
38004  15.763  -36.772  46.824 0.0000000000
37048  15.961  -37.408  46.920 0.0000000000
37047  16.611  -37.767  46.534 0.0000000000
35069  15.956  -39.154  48.408 0.0000000000
37032  13.890  -37.973  49.750 0.0000000000
31894  7.933  -42.650  43.910 0.0000000000
30832  7.275  -42.571  43.036 0.0000000000
31911  7.831  -42.316  42.796 0.0000000000
33001  8.702  -41.006  42.644 0.0000000000
31931  8.054  -41.664  42.120 0.0000000000
31936  3.774  -42.232  42.023 0.0000000000
31914  5.080  -42.613  42.516 0.0000000000
34078  6.694  -40.394  41.513 0.0000000000
33014  6.526  -41.186  41.837 0.0000000000
33012  8.129  -40.938  41.974 0.0000000000
34076  8.411  -40.308  41.522 0.0000000000
34090  8.058  -39.917  41.162 0.0000000000
36176  7.314  -38.326  40.805 0.0000000000
35177  8.823  -38.982  40.484 0.0000000000
36175  8.081  -38.583  40.472 0.0000000000
36196  8.626  -38.073  40.224 0.0000000000
38981  13.011  -35.683  48.888 0.0000000000
41775  20.272  -32.049  47.315 0.0000000000
41797  19.609  -32.372  46.220 0.0000000000
41798  19.100  -32.485  46.621 0.0000000000
41705  19.284  -32.153  50.251 0.0000000000
42660  20.128  -31.644  50.726 0.0000000000
41723  19.501  -32.250  49.422 0.0000000000
40780  18.044  -32.924  49.043 0.0000000000
40775  14.820  -33.987  50.395 0.0000000000
25524  15.839  -48.441  44.979 0.0000000000
26683  15.871  -47.401  44.882 0.0000000000
28812  16.451  -45.549  44.905 0.0000000000
32965  11.823  -40.787  46.348 0.0000000000
31788  11.223  -41.810  49.435 0.0000000000
32923  11.725  -41.671  49.096 0.0000000000
31805  11.428  -41.798  48.887 0.0000000000
31804  11.818  -41.670  48.609 0.0000000000
30717  8.788  -43.381  50.988 0.0000000000
29753  8.431  -43.768  50.612 0.0000000000
29772  8.896  -44.627  48.790 0.0000000000
29760  8.982  -43.948  49.313 0.0000000000
31807  9.817  -42.718  48.337 0.0000000000
31823  10.435  -42.179  47.729 0.0000000000
30766  8.237  -43.939  46.788 0.0000000000
31841  8.624  -42.912  46.477 0.0000000000
32952  9.521  -41.997  46.312 0.0000000000
31862  8.252  -43.160  45.860 0.0000000000
30784  7.703  -43.713  45.531 0.0000000000
29798  7.324  -44.248  45.507 0.0000000000
27796  5.331  -46.258  45.601 0.0000000000
28828  6.018  -45.660  45.371 0.0000000000
28829  5.231  -45.746  44.906 0.0000000000
28846  5.108  -45.341  44.167 0.0000000000
28830  4.424  -45.943  44.495 0.0000000000
26666  3.063  -47.169  47.177 0.0000000000
39937  17.096  -34.355  45.488 0.0000000000
33976  18.355  -40.866  48.816 0.0000000000
26681  17.108  -47.795  45.861 0.0000000000
25523  16.786  -48.479  45.458 0.0000000000
26703  14.022  -47.606  43.451 0.0000000000
26711  13.570  -47.604  42.837 0.0000000000
30810  16.284  -43.380  43.243 0.0000000000
29828  15.523  -44.551  42.725 0.0000000000
27832  14.307  -45.931  41.634 0.0000000000
27822  14.308  -46.176  42.202 0.0000000000
26721  12.948  -47.829  41.761 0.0000000000
26732  12.819  -47.680  40.804 0.0000000000
27850  12.963  -47.065  39.539 0.0000000000
26752  12.353  -47.437  39.026 0.0000000000
26753  11.747  -47.906  38.607 0.0000000000
34059  11.333  -39.719  44.376 0.0000000000
35154  13.418  -38.248  43.152 0.0000000000
34057  12.968  -38.622  43.855 0.0000000000
37106  13.086  -37.555  41.745 0.0000000000
36161  14.444  -37.800  41.992 0.0000000000
36160  15.178  -38.225  41.622 0.0000000000
33022  16.306  -41.267  40.707 0.0000000000
30864  15.366  -43.059  40.044 0.0000000000
30865  14.971  -43.807  40.062 0.0000000000
29884  13.670  -44.826  37.973 0.0000000000
28896  13.363  -45.590  38.484 0.0000000000
26765  11.630  -47.631  37.546 0.0000000000
27870  12.321  -46.762  37.394 0.0000000000
26776  11.371  -47.558  36.439 0.0000000000
27885  11.947  -46.975  36.608 0.0000000000
28928  12.771  -45.691  35.950 0.0000000000
27915  11.699  -46.917  34.602 0.0000000000
33047  15.225  -42.104  37.019 0.0000000000
31982  14.717  -42.898  37.054 0.0000000000
29920  13.779  -44.642  34.743 0.0000000000
28962  12.785  -45.551  33.917 0.0000000000
27949  11.809  -46.472  32.899 0.0000000000
39051  2.452  -36.148  39.746 0.0000000000
38077  3.049  -36.644  39.677 0.0000000000
37141  2.927  -37.293  39.848 0.0000000000
37139  4.728  -37.225  39.901 0.0000000000
38073  6.803  -36.484  39.682 0.0000000000
37135  8.587  -36.887  39.904 0.0000000000
37161  8.930  -36.534  39.325 0.0000000000
40005  8.164  -34.320  38.360 0.0000000000
40006  7.610  -34.232  38.636 0.0000000000
39986  7.045  -34.316  38.892 0.0000000000
38093  10.952  -36.342  38.197 0.0000000000
38094  9.492  -35.846  38.805 0.0000000000
37171  10.251  -36.021  38.797 0.0000000000
36226  10.460  -36.639  39.224 0.0000000000
37169  11.682  -36.498  38.216 0.0000000000
37168  12.612  -36.558  38.550 0.0000000000
38132  14.065  -35.444  37.079 0.0000000000
38111  15.569  -36.573  36.860 0.0000000000
37183  16.029  -37.474  36.275 0.0000000000
39107  13.985  -34.990  36.411 0.0000000000
38966  13.534  -36.153  51.050 0.0000000000
37983  13.496  -36.589  50.963 0.0000000000
37026  12.837  -37.002  51.127 0.0000000000
25623  8.004  -48.573  35.493 0.0000000000
25622  9.072  -48.597  35.251 0.0000000000
34035  14.066  -40.036  45.380 0.0000000000
34044  15.333  -40.244  44.678 0.0000000000
34046  13.372  -39.502  44.753 0.0000000000
35135  14.412  -39.397  44.334 0.0000000000
35193  10.700  -37.878  40.681 0.0000000000
35192  11.305  -37.904  40.810 0.0000000000
36193  11.890  -37.351  40.392 0.0000000000
37130  15.693  -37.256  39.194 0.0000000000
38091  14.272  -36.173  38.507 0.0000000000
36082  10.782  -39.043  49.559 0.0000000000
35063  9.715  -40.126  49.271 0.0000000000
33997  9.222  -41.039  48.871 0.0000000000
35072  9.479  -40.366  48.465 0.0000000000
30813  6.528  -43.768  43.860 0.0000000000
30833  6.696  -42.795  43.212 0.0000000000
34081  3.837  -40.505  41.520 0.0000000000
34080  4.781  -40.512  41.449 0.0000000000
35165  7.648  -39.780  41.163 0.0000000000
35166  6.923  -39.479  41.249 0.0000000000
36177  6.400  -38.463  41.058 0.0000000000
40771  17.956  -33.020  49.788 0.0000000000
41707  17.226  -32.698  50.209 0.0000000000
40783  14.658  -33.677  49.920 0.0000000000
32949  12.683  -40.849  47.028 0.0000000000
32909  11.011  -41.740  49.955 0.0000000000
28773  7.555  -45.060  50.086 0.0000000000
28772  8.056  -44.663  50.151 0.0000000000
28793  8.303  -45.380  48.684 0.0000000000
30752  9.017  -44.157  47.779 0.0000000000
29777  8.515  -45.111  47.595 0.0000000000
29778  7.936  -45.503  47.454 0.0000000000
29787  7.747  -45.032  46.860 0.0000000000
29799  7.216  -44.798  45.927 0.0000000000
28813  7.072  -45.484  46.421 0.0000000000
27795  5.892  -46.302  45.925 0.0000000000
26684  4.925  -47.040  46.057 0.0000000000
39002  16.590  -35.468  45.177 0.0000000000
33996  17.519  -39.781  48.481 0.0000000000
28792  17.679  -45.564  47.699 0.0000000000
26671  17.470  -47.694  46.654 0.0000000000
27793  15.525  -46.545  44.148 0.0000000000
27794  14.943  -46.860  43.705 0.0000000000
27808  14.506  -46.612  43.085 0.0000000000
30831  15.764  -43.471  42.285 0.0000000000
28860  15.093  -45.195  42.371 0.0000000000
28871  14.324  -45.575  40.963 0.0000000000
28881  13.809  -45.818  40.176 0.0000000000
28880  14.310  -45.130  40.040 0.0000000000
33000  9.300  -40.582  42.932 0.0000000000
34065  12.721  -38.419  43.222 0.0000000000
35173  16.148  -39.120  40.666 0.0000000000
31960  15.518  -42.374  39.345 0.0000000000
30877  14.702  -43.757  38.984 0.0000000000
29883  14.232  -44.399  38.379 0.0000000000
28904  13.298  -45.388  37.488 0.0000000000
28915  12.758  -45.866  36.949 0.0000000000
29891  13.703  -44.732  37.100 0.0000000000
28914  13.302  -45.210  36.523 0.0000000000
29899  13.866  -44.523  36.189 0.0000000000
34121  15.305  -41.370  36.362 0.0000000000
31993  14.577  -42.775  35.938 0.0000000000
32002  14.565  -42.835  35.158 0.0000000000
30929  14.122  -44.084  34.232 0.0000000000
39070  3.519  -35.552  39.121 0.0000000000
38100  4.144  -36.038  39.239 0.0000000000
38075  4.833  -36.313  39.570 0.0000000000
39048  5.279  -36.056  39.394 0.0000000000
38098  6.199  -36.060  39.305 0.0000000000
38097  6.865  -35.870  39.317 0.0000000000
40004  9.061  -34.183  38.020 0.0000000000
39089  8.957  -34.984  38.246 0.0000000000
39064  8.488  -35.404  38.412 0.0000000000
38092  11.212  -36.342  37.983 0.0000000000
37185  12.179  -36.173  37.515 0.0000000000
36081  11.251  -38.437  49.541 0.0000000000
37985  14.877  -35.710  50.105 0.0000000000
29849  2.750  -44.060  42.930 0.0000000000
30836  3.604  -43.522  42.832 0.0000000000
31916  3.115  -42.386  42.275 0.0000000000
33017  3.520  -41.565  41.797 0.0000000000
33018  2.890  -41.358  41.887 0.0000000000
35182  3.709  -38.690  41.160 0.0000000000
32894  8.642  -42.256  50.732 0.0000000000
32882  9.006  -42.512  51.029 0.0000000000
31774  8.020  -42.928  50.808 0.0000000000
30729  7.637  -43.676  50.408 0.0000000000
29763  7.143  -44.686  50.172 0.0000000000
27751  5.821  -46.452  50.001 0.0000000000
27759  5.621  -46.397  49.092 0.0000000000
27768  5.304  -46.723  47.957 0.0000000000
27760  4.703  -46.358  48.450 0.0000000000
30737  17.879  -43.539  48.436 0.0000000000
29814  15.693  -44.924  43.390 0.0000000000
32989  16.426  -41.007  43.881 0.0000000000
30830  16.181  -43.005  42.588 0.0000000000
31907  16.498  -42.322  42.583 0.0000000000
31928  16.627  -41.850  42.021 0.0000000000
35164  11.456  -38.789  41.898 0.0000000000
36163  12.613  -37.905  41.781 0.0000000000
37104  14.255  -37.319  41.375 0.0000000000
37115  13.606  -37.065  41.009 0.0000000000
34110  16.251  -40.353  38.932 0.0000000000
31981  15.224  -42.403  37.603 0.0000000000
34116  15.897  -40.494  37.841 0.0000000000
34120  15.583  -40.711  36.629 0.0000000000
35231  15.656  -39.519  36.093 0.0000000000
39110  11.263  -34.927  36.909 0.0000000000
39108  12.686  -35.528  36.667 0.0000000000
39142  13.808  -34.560  35.519 0.0000000000
25593  9.376  -49.458  36.908 0.0000000000
32890  12.263  -41.093  50.289 0.0000000000
32911  8.348  -41.791  50.085 0.0000000000
32936  8.781  -41.380  48.783 0.0000000000
40809  17.754  -33.339  47.240 0.0000000000
39931  16.291  -34.843  46.760 0.0000000000
39003  16.287  -36.008  45.693 0.0000000000
38995  15.692  -35.961  46.905 0.0000000000
38020  16.466  -36.563  45.697 0.0000000000
36078  15.058  -38.903  48.774 0.0000000000
32982  9.280  -41.767  45.189 0.0000000000
32981  9.919  -41.122  45.120 0.0000000000
32993  9.099  -41.447  44.259 0.0000000000
31892  8.955  -41.229  43.304 0.0000000000
33010  9.417  -40.008  42.159 0.0000000000
31913  6.055  -42.396  42.687 0.0000000000
31933  6.329  -41.853  42.201 0.0000000000
33015  5.541  -41.240  41.816 0.0000000000
31932  7.268  -41.874  42.105 0.0000000000
34074  9.646  -39.518  41.608 0.0000000000
34087  9.880  -39.094  41.169 0.0000000000
35176  9.329  -38.994  40.649 0.0000000000
34101  9.911  -38.604  40.892 0.0000000000
35194  10.039  -38.029  40.778 0.0000000000
35206  10.337  -37.515  40.333 0.0000000000
40781  17.280  -33.535  49.411 0.0000000000
39906  16.968  -33.921  49.292 0.0000000000
41708  16.183  -32.885  50.350 0.0000000000
40784  14.389  -34.253  49.976 0.0000000000
27783  15.838  -46.790  44.698 0.0000000000
34033  15.337  -40.475  45.189 0.0000000000
31876  10.563  -41.153  45.488 0.0000000000
30713  9.044  -43.229  51.308 0.0000000000
30716  9.194  -43.043  50.989 0.0000000000
31790  9.804  -42.618  49.341 0.0000000000
29761  8.513  -44.155  49.976 0.0000000000
31806  10.610  -42.280  48.634 0.0000000000
31837  11.630  -41.440  47.261 0.0000000000
31838  10.940  -41.652  47.075 0.0000000000
31839  10.149  -41.750  46.911 0.0000000000
31860  10.208  -41.502  46.185 0.0000000000
32967  9.819  -41.514  45.771 0.0000000000
31879  8.090  -42.954  44.940 0.0000000000
28827  6.727  -45.229  45.593 0.0000000000
29816  7.069  -44.551  44.893 0.0000000000
29829  6.695  -44.875  44.124 0.0000000000
29832  3.823  -44.752  43.324 0.0000000000
26664  4.676  -46.969  47.088 0.0000000000
26673  4.122  -47.187  46.472 0.0000000000
26686  3.540  -47.161  45.776 0.0000000000
26696  2.861  -47.068  45.267 0.0000000000
27798  3.564  -46.626  44.920 0.0000000000
27810  3.026  -46.374  44.118 0.0000000000
28848  3.144  -45.629  43.650 0.0000000000
29833  2.886  -44.822  43.169 0.0000000000
29834  2.091  -44.627  42.980 0.0000000000
37998  12.454  -36.450  48.592 0.0000000000
39943  17.315  -34.071  44.546 0.0000000000
32901  18.024  -41.138  49.041 0.0000000000
26694  14.338  -47.855  43.977 0.0000000000
28842  15.204  -45.576  43.042 0.0000000000
27823  13.892  -46.856  42.491 0.0000000000
25554  12.407  -48.493  41.411 0.0000000000
27841  12.961  -47.346  40.162 0.0000000000
35147  14.048  -38.827  43.890 0.0000000000
34072  16.386  -40.319  42.381 0.0000000000
36155  12.543  -38.236  42.184 0.0000000000
36153  13.835  -37.905  42.618 0.0000000000
35161  15.747  -39.021  41.858 0.0000000000
30852  15.057  -44.064  40.627 0.0000000000
28890  13.838  -45.275  39.364 0.0000000000
29876  14.248  -44.624  39.126 0.0000000000
27860  12.753  -46.594  38.569 0.0000000000
25591  10.909  -48.435  36.962 0.0000000000
25605  10.842  -48.121  36.265 0.0000000000
25621  9.709  -48.222  35.200 0.0000000000
30908  14.233  -44.122  35.680 0.0000000000
29908  13.896  -44.499  35.420 0.0000000000
28944  12.803  -45.603  34.964 0.0000000000
36167  3.116  -38.160  41.445 0.0000000000
36181  3.216  -37.909  41.031 0.0000000000
37143  1.292  -37.367  39.689 0.0000000000
36199  3.041  -37.820  40.001 0.0000000000
36180  3.804  -37.979  40.654 0.0000000000
37120  4.698  -37.998  40.227 0.0000000000
37119  5.546  -37.864  40.393 0.0000000000
37118  6.448  -37.693  40.559 0.0000000000
37137  6.603  -37.118  40.021 0.0000000000
37117  7.187  -37.601  40.490 0.0000000000
36195  9.345  -37.488  40.203 0.0000000000
36212  9.984  -37.118  39.857 0.0000000000
39066  6.892  -35.202  38.995 0.0000000000
38096  7.668  -35.926  38.953 0.0000000000
38118  9.054  -35.550  38.526 0.0000000000
38095  8.649  -36.038  38.711 0.0000000000
38071  8.303  -36.402  39.219 0.0000000000
36211  10.663  -37.157  39.723 0.0000000000
36224  11.844  -36.774  38.994 0.0000000000
37167  13.262  -36.365  38.468 0.0000000000
38114  12.865  -36.279  37.786 0.0000000000
38089  15.509  -36.538  37.580 0.0000000000
38148  13.418  -35.348  36.619 0.0000000000
38130  15.660  -36.599  36.085 0.0000000000
34139  15.488  -40.888  34.794 0.0000000000
24527  8.905  -49.636  36.970 0.0000000000
24548  6.666  -49.389  35.790 0.0000000000
26665  3.861  -47.044  47.090 0.0000000000
26672  4.853  -47.054  46.413 0.0000000000
26674  3.271  -47.399  46.538 0.0000000000
26685  4.450  -47.092  46.011 0.0000000000
26695  3.317  -46.949  45.352 0.0000000000
26697  1.979  -47.270  45.056 0.0000000000
26742  12.507  -47.797  39.885 0.0000000000
27750  6.192  -46.385  50.046 0.0000000000
27752  5.426  -46.209  49.361 0.0000000000
27769  4.449  -46.850  47.694 0.0000000000
27785  5.410  -46.865  46.106 0.0000000000
27786  4.835  -46.759  45.803 0.0000000000
27787  4.188  -46.776  45.605 0.0000000000
27859  13.110  -46.102  38.698 0.0000000000
28804  6.666  -46.049  46.925 0.0000000000
28831  3.713  -46.076  44.121 0.0000000000
28844  6.496  -45.065  44.887 0.0000000000
28872  13.853  -46.157  40.788 0.0000000000
28889  14.253  -44.876  39.565 0.0000000000
28927  13.407  -45.061  35.469 0.0000000000
28943  13.333  -45.195  34.487 0.0000000000
28961  13.284  -45.230  33.976 0.0000000000
29754  8.347  -43.671  50.793 0.0000000000
29771  9.067  -44.037  48.813 0.0000000000
29774  4.674  -45.350  48.813 0.0000000000
29786  8.134  -44.678  47.019 0.0000000000
29848  3.386  -44.273  43.040 0.0000000000
29850  2.099  -43.832  42.932 0.0000000000
29937  13.627  -44.850  33.773 0.0000000000
30712  9.070  -43.018  51.238 0.0000000000
30728  8.741  -43.692  50.523 0.0000000000
30740  9.181  -44.004  48.435 0.0000000000
30767  7.942  -44.504  46.763 0.0000000000
30801  7.047  -44.322  44.235 0.0000000000
30815  4.383  -44.092  43.157 0.0000000000
30838  1.976  -43.258  42.852 0.0000000000
30889  14.577  -43.723  37.878 0.0000000000
30917  14.199  -44.082  35.039 0.0000000000
31762  9.177  -42.855  51.062 0.0000000000
31763  9.013  -42.910  51.225 0.0000000000
31773  8.625  -42.906  51.104 0.0000000000
31859  10.789  -41.393  46.073 0.0000000000
31877  10.328  -41.292  45.718 0.0000000000
31910  8.508  -41.480  42.620 0.0000000000
31930  8.378  -41.296  42.249 0.0000000000
31935  4.405  -42.135  41.968 0.0000000000
32951  9.714  -41.741  46.364 0.0000000000
32968  9.460  -41.986  45.957 0.0000000000
32977  15.766  -40.685  45.037 0.0000000000
33002  2.941  -41.714  41.976 0.0000000000
33059  14.999  -41.966  36.314 0.0000000000
34056  15.059  -39.910  44.224 0.0000000000
34063  16.399  -40.701  43.111 0.0000000000
34089  8.622  -39.679  41.053 0.0000000000
34100  10.218  -38.290  40.940 0.0000000000
34102  9.574  -38.931  40.844 0.0000000000
34138  15.543  -40.258  34.993 0.0000000000
35145  15.631  -39.785  43.431 0.0000000000
35179  7.154  -38.882  41.068 0.0000000000
35183  3.410  -38.594  41.261 0.0000000000
35196  9.036  -38.588  40.273 0.0000000000
36154  12.965  -37.973  42.470 0.0000000000
36162  13.398  -37.650  42.110 0.0000000000
36164  6.003  -38.943  41.389 0.0000000000
36173  14.909  -37.696  41.233 0.0000000000
36198  3.370  -37.672  40.079 0.0000000000
36200  2.059  -37.810  39.952 0.0000000000
36201  1.284  -37.909  40.102 0.0000000000
36223  12.153  -36.740  38.923 0.0000000000
37105  13.616  -37.390  41.632 0.0000000000
37121  4.221  -37.915  40.423 0.0000000000
37122  0.860  -37.269  40.241 0.0000000000
37142  2.157  -37.318  39.770 0.0000000000
37159  10.818  -36.336  38.396 0.0000000000
37170  10.901  -36.442  38.533 0.0000000000
38078  2.303  -36.754  39.723 0.0000000000
38079  1.628  -36.787  39.693 0.0000000000
38099  4.438  -35.867  39.226 0.0000000000
39042  1.591  -36.400  39.817 0.0000000000
39047  5.615  -35.918  39.274 0.0000000000
39049  3.694  -35.874  39.203 0.0000000000
39936  17.486  -33.825  45.168 0.0000000000
39985  7.756  -34.658  38.537 0.0000000000
