#!ascii label  , from subject 3237 vox2ras=TkReg
321
24177  32.875  -50.584  -14.495 0.0000000000
19688  35.809  -54.577  -21.050 0.0000000000
18537  37.261  -56.085  -17.348 0.0000000000
21990  31.490  -52.985  -19.399 0.0000000000
12047  33.400  -61.425  -19.454 0.0000000000
14183  35.792  -59.673  -18.866 0.0000000000
11042  35.820  -61.704  -18.395 0.0000000000
20836  32.583  -53.641  -21.251 0.0000000000
26495  33.769  -48.531  -19.974 0.0000000000
23111  35.036  -53.492  -16.416 0.0000000000
19636  34.204  -54.890  -18.497 0.0000000000
16393  31.999  -57.547  -19.395 0.0000000000
15310  31.859  -58.444  -21.466 0.0000000000
12080  31.961  -61.829  -23.118 0.0000000000
27515  33.847  -48.001  -12.962 0.0000000000
23081  36.569  -51.178  -14.624 0.0000000000
20759  38.745  -53.961  -15.965 0.0000000000
26456  31.469  -48.570  -17.833 0.0000000000
12035  37.826  -61.311  -18.415 0.0000000000
20834  34.350  -53.616  -21.399 0.0000000000
23179  34.516  -51.768  -21.747 0.0000000000
19630  36.370  -54.393  -17.546 0.0000000000
18539  35.784  -55.627  -18.152 0.0000000000
13124  34.878  -60.511  -18.987 0.0000000000
15271  34.103  -58.569  -18.646 0.0000000000
14186  32.707  -59.422  -19.229 0.0000000000
15286  31.567  -58.397  -20.203 0.0000000000
13134  31.802  -60.336  -20.628 0.0000000000
13173  32.823  -59.989  -23.718 0.0000000000
24171  37.973  -50.706  -14.044 0.0000000000
21941  37.519  -52.741  -15.177 0.0000000000
21939  39.152  -52.945  -14.584 0.0000000000
23125  31.778  -52.362  -18.180 0.0000000000
24234  31.026  -50.827  -19.165 0.0000000000
27592  35.273  -47.701  -18.957 0.0000000000
28579  34.297  -46.465  -17.609 0.0000000000
15267  38.220  -58.535  -17.724 0.0000000000
16378  36.312  -57.451  -18.231 0.0000000000
14182  36.918  -59.396  -18.769 0.0000000000
13122  36.520  -60.876  -18.904 0.0000000000
12059  34.475  -61.829  -19.197 0.0000000000
20814  31.925  -53.628  -20.745 0.0000000000
24255  31.739  -50.897  -20.540 0.0000000000
24272  32.977  -50.919  -21.605 0.0000000000
25340  34.993  -49.090  -20.495 0.0000000000
20831  37.416  -53.731  -21.432 0.0000000000
23089  33.744  -51.820  -15.408 0.0000000000
21969  33.693  -53.334  -17.897 0.0000000000
20784  32.443  -54.094  -18.710 0.0000000000
16379  35.383  -57.570  -18.461 0.0000000000
18542  33.257  -56.070  -18.793 0.0000000000
18550  31.918  -55.765  -19.370 0.0000000000
17507  31.733  -56.644  -20.326 0.0000000000
17527  32.437  -56.517  -21.044 0.0000000000
17525  33.738  -56.469  -21.416 0.0000000000
12072  31.872  -62.155  -21.483 0.0000000000
12082  31.509  -60.529  -22.306 0.0000000000
16448  33.776  -57.786  -22.252 0.0000000000
17523  35.716  -56.397  -21.415 0.0000000000
26391  31.592  -47.891  -12.329 0.0000000000
25260  32.917  -49.278  -13.658 0.0000000000
25258  34.963  -49.241  -13.540 0.0000000000
24175  34.876  -50.501  -14.509 0.0000000000
23087  36.159  -51.748  -15.341 0.0000000000
21946  36.663  -53.173  -16.049 0.0000000000
19628  37.957  -54.762  -16.871 0.0000000000
18532  39.808  -55.609  -16.890 0.0000000000
16371  39.179  -57.448  -17.483 0.0000000000
26479  32.422  -48.440  -18.676 0.0000000000
25284  32.329  -49.882  -14.126 0.0000000000
25285  31.104  -49.487  -14.581 0.0000000000
24178  31.944  -50.457  -14.582 0.0000000000
19689  34.783  -54.552  -21.118 0.0000000000
22017  34.922  -52.705  -21.520 0.0000000000
18535  36.931  -55.154  -17.395 0.0000000000
19634  36.029  -54.679  -18.090 0.0000000000
18538  36.659  -55.611  -17.586 0.0000000000
13125  33.934  -60.695  -19.181 0.0000000000
13114  33.540  -60.022  -19.111 0.0000000000
13126  32.981  -60.513  -19.430 0.0000000000
13127  32.269  -60.509  -19.944 0.0000000000
12048  32.677  -61.241  -19.824 0.0000000000
12092  33.862  -60.140  -24.481 0.0000000000
23079  38.325  -51.654  -14.049 0.0000000000
21971  31.529  -52.396  -18.668 0.0000000000
23126  31.137  -51.721  -18.361 0.0000000000
23145  31.213  -51.796  -19.287 0.0000000000
28578  35.296  -46.444  -17.726 0.0000000000
14181  37.868  -59.380  -18.229 0.0000000000
12043  36.788  -61.393  -18.609 0.0000000000
12044  35.850  -61.332  -18.811 0.0000000000
12045  35.046  -61.389  -19.064 0.0000000000
11043  34.914  -61.752  -18.888 0.0000000000
22003  32.153  -52.737  -21.219 0.0000000000
22019  32.961  -52.721  -21.703 0.0000000000
24252  34.943  -50.100  -21.482 0.0000000000
25339  35.689  -48.974  -20.356 0.0000000000
26493  35.833  -48.393  -19.745 0.0000000000
23099  34.053  -52.602  -15.905 0.0000000000
23112  34.355  -53.261  -16.483 0.0000000000
20783  33.364  -54.076  -18.250 0.0000000000
19637  33.113  -55.099  -18.693 0.0000000000
15269  36.150  -58.507  -18.505 0.0000000000
15272  33.128  -58.513  -18.801 0.0000000000
16381  33.473  -57.638  -18.613 0.0000000000
17489  32.954  -56.771  -18.825 0.0000000000
18549  32.579  -55.883  -19.001 0.0000000000
17494  32.281  -56.698  -19.216 0.0000000000
18564  31.589  -55.658  -19.964 0.0000000000
17495  31.773  -56.637  -19.684 0.0000000000
15294  31.684  -58.438  -20.783 0.0000000000
16408  31.746  -57.621  -20.601 0.0000000000
16429  32.272  -57.369  -21.163 0.0000000000
17526  32.886  -56.524  -21.295 0.0000000000
15309  32.492  -58.090  -21.988 0.0000000000
9274  32.538  -64.134  -23.575 0.0000000000
11082  32.311  -62.106  -23.624 0.0000000000
10141  32.363  -63.969  -22.698 0.0000000000
11074  32.091  -62.765  -22.502 0.0000000000
12081  31.680  -61.129  -22.726 0.0000000000
14236  34.506  -58.831  -23.299 0.0000000000
14237  33.383  -59.063  -23.170 0.0000000000
16447  34.684  -57.795  -22.214 0.0000000000
16427  34.209  -57.203  -21.774 0.0000000000
16426  35.169  -57.230  -21.586 0.0000000000
27499  32.284  -47.426  -11.939 0.0000000000
26390  32.376  -48.101  -12.483 0.0000000000
26407  32.488  -48.790  -13.017 0.0000000000
26406  33.476  -48.686  -13.198 0.0000000000
25280  36.241  -49.744  -14.229 0.0000000000
25257  35.916  -49.020  -13.841 0.0000000000
25281  35.362  -49.723  -14.242 0.0000000000
25282  34.410  -49.800  -14.186 0.0000000000
24182  35.377  -51.178  -14.857 0.0000000000
20753  38.129  -53.406  -15.485 0.0000000000
21945  37.049  -52.935  -15.751 0.0000000000
20760  37.495  -53.740  -16.293 0.0000000000
20767  37.248  -54.265  -16.868 0.0000000000
19620  38.514  -54.402  -16.492 0.0000000000
16365  41.264  -57.107  -16.152 0.0000000000
17478  40.091  -56.519  -16.675 0.0000000000
17479  39.383  -56.493  -17.119 0.0000000000
25361  32.194  -49.993  -20.327 0.0000000000
25342  32.193  -49.233  -19.522 0.0000000000
26496  32.962  -48.630  -19.405 0.0000000000
27569  33.650  -47.131  -17.958 0.0000000000
20835  33.404  -53.639  -21.526 0.0000000000
22018  33.942  -52.710  -21.821 0.0000000000
21955  35.686  -53.491  -16.657 0.0000000000
21956  34.764  -53.646  -16.948 0.0000000000
20769  35.513  -54.014  -17.457 0.0000000000
18540  34.938  -55.707  -18.605 0.0000000000
14199  35.265  -60.038  -18.893 0.0000000000
15270  35.114  -58.606  -18.586 0.0000000000
14184  34.747  -59.627  -18.789 0.0000000000
14185  33.753  -59.371  -18.895 0.0000000000
15273  32.325  -58.411  -19.161 0.0000000000
15285  31.798  -58.398  -19.616 0.0000000000
14187  32.002  -58.966  -19.331 0.0000000000
14209  31.643  -59.795  -20.580 0.0000000000
13135  31.597  -59.981  -20.936 0.0000000000
12094  32.265  -60.961  -23.511 0.0000000000
12093  32.894  -60.961  -23.956 0.0000000000
14255  33.907  -59.391  -23.655 0.0000000000
24172  37.076  -50.800  -14.071 0.0000000000
23080  37.286  -51.690  -14.667 0.0000000000
21931  37.957  -52.407  -14.414 0.0000000000
21940  38.441  -52.967  -14.796 0.0000000000
24216  30.919  -50.363  -18.260 0.0000000000
25324  31.532  -49.094  -18.588 0.0000000000
26477  34.472  -48.195  -19.264 0.0000000000
27593  34.109  -47.665  -18.631 0.0000000000
27568  34.715  -47.007  -18.277 0.0000000000
29590  34.865  -45.838  -17.225 0.0000000000
16373  37.616  -57.215  -17.516 0.0000000000
16377  37.004  -57.297  -17.801 0.0000000000
15257  37.438  -57.702  -17.651 0.0000000000
15268  37.234  -58.306  -18.019 0.0000000000
13111  36.553  -60.235  -19.060 0.0000000000
13123  35.796  -60.649  -19.080 0.0000000000
12046  34.326  -61.411  -19.234 0.0000000000
20815  31.515  -53.562  -20.190 0.0000000000
23165  31.343  -51.882  -20.146 0.0000000000
23164  31.846  -51.857  -20.940 0.0000000000
24273  32.294  -51.148  -21.174 0.0000000000
25360  33.192  -49.425  -20.610 0.0000000000
24271  34.071  -50.610  -21.817 0.0000000000
25373  33.827  -49.803  -21.368 0.0000000000
26510  33.926  -48.932  -20.615 0.0000000000
26476  35.202  -48.266  -19.384 0.0000000000
27567  35.808  -47.002  -18.342 0.0000000000
20832  36.390  -53.667  -21.283 0.0000000000
24184  33.317  -51.212  -15.063 0.0000000000
24185  32.360  -51.047  -15.063 0.0000000000
23090  33.138  -51.660  -15.493 0.0000000000
21970  32.348  -53.086  -18.266 0.0000000000
21989  31.908  -53.540  -18.790 0.0000000000
17487  34.678  -56.674  -18.563 0.0000000000
16380  34.420  -57.631  -18.550 0.0000000000
17488  33.786  -56.768  -18.695 0.0000000000
18541  33.991  -55.855  -18.700 0.0000000000
19650  32.221  -54.934  -19.083 0.0000000000
20803  31.580  -53.976  -19.742 0.0000000000
19668  31.699  -54.539  -20.269 0.0000000000
19667  32.230  -54.606  -20.883 0.0000000000
16394  31.614  -57.540  -19.938 0.0000000000
17506  32.102  -56.474  -20.806 0.0000000000
18585  32.494  -55.694  -21.074 0.0000000000
18584  33.309  -55.559  -21.342 0.0000000000
19690  33.800  -54.558  -21.216 0.0000000000
18583  34.244  -55.513  -21.187 0.0000000000
12060  33.657  -62.089  -19.383 0.0000000000
11060  32.427  -62.700  -20.677 0.0000000000
12061  32.567  -62.146  -19.984 0.0000000000
12062  32.139  -61.263  -20.530 0.0000000000
12073  31.613  -60.843  -21.491 0.0000000000
13157  31.533  -59.959  -22.208 0.0000000000
13174  32.123  -60.578  -23.379 0.0000000000
14238  32.421  -59.041  -22.832 0.0000000000
15332  32.477  -58.527  -22.399 0.0000000000
16449  33.336  -57.849  -22.165 0.0000000000
17524  34.712  -56.407  -21.377 0.0000000000
18582  35.248  -55.505  -21.167 0.0000000000
18581  36.278  -55.550  -21.220 0.0000000000
28518  30.299  -46.687  -12.112 0.0000000000
27500  31.188  -47.345  -11.834 0.0000000000
27517  30.329  -47.583  -12.897 0.0000000000
26408  31.154  -48.435  -13.226 0.0000000000
25261  31.811  -49.329  -13.589 0.0000000000
25283  33.404  -49.875  -14.137 0.0000000000
26404  35.445  -48.356  -13.259 0.0000000000
26405  34.411  -48.514  -13.209 0.0000000000
25259  33.936  -49.214  -13.688 0.0000000000
24176  33.888  -50.608  -14.448 0.0000000000
24183  34.362  -51.250  -14.891 0.0000000000
23088  34.875  -52.035  -15.232 0.0000000000
23098  35.366  -52.906  -15.884 0.0000000000
23086  37.015  -52.143  -15.742 0.0000000000
23097  36.394  -52.590  -15.831 0.0000000000
21947  36.093  -53.159  -16.143 0.0000000000
20768  36.563  -53.912  -16.928 0.0000000000
19629  37.018  -54.686  -17.230 0.0000000000
18534  37.617  -55.621  -17.204 0.0000000000
19627  39.054  -54.918  -16.900 0.0000000000
18533  38.758  -55.640  -17.106 0.0000000000
17480  38.549  -56.508  -17.315 0.0000000000
24233  31.510  -50.269  -19.812 0.0000000000
25323  32.033  -48.885  -18.941 0.0000000000
26480  31.841  -48.497  -18.298 0.0000000000
27594  33.179  -47.894  -18.204 0.0000000000
11044  34.706  -61.682  -19.100 0.0000000000
11081  32.312  -63.113  -23.189 0.0000000000
12074  31.456  -60.378  -21.873 0.0000000000
13112  34.652  -60.077  -18.899 0.0000000000
13113  34.267  -60.064  -18.940 0.0000000000
13143  31.641  -60.320  -21.131 0.0000000000
13144  31.530  -60.033  -21.485 0.0000000000
13155  32.626  -59.521  -23.270 0.0000000000
13156  31.925  -60.028  -23.025 0.0000000000
13172  33.890  -59.810  -24.092 0.0000000000
14198  35.481  -60.244  -18.980 0.0000000000
14200  32.377  -60.014  -19.565 0.0000000000
14201  31.734  -59.469  -19.923 0.0000000000
14202  31.598  -58.906  -20.454 0.0000000000
14210  31.609  -59.303  -20.932 0.0000000000
14218  32.012  -58.761  -22.239 0.0000000000
14219  31.667  -59.319  -21.824 0.0000000000
14239  31.831  -59.416  -22.473 0.0000000000
14254  34.750  -59.145  -23.905 0.0000000000
15256  37.958  -57.886  -17.525 0.0000000000
15308  32.901  -57.940  -22.094 0.0000000000
15330  34.119  -58.345  -22.716 0.0000000000
15331  33.097  -58.211  -22.449 0.0000000000
16372  38.347  -57.271  -17.478 0.0000000000
16382  32.637  -57.595  -18.938 0.0000000000
16407  31.938  -57.025  -20.720 0.0000000000
16428  33.175  -57.515  -21.816 0.0000000000
16430  31.858  -57.968  -21.012 0.0000000000
17475  40.725  -56.438  -16.313 0.0000000000
17481  37.773  -56.555  -17.326 0.0000000000
17484  37.105  -56.550  -17.562 0.0000000000
18528  40.176  -55.089  -16.811 0.0000000000
18531  40.318  -56.032  -16.529 0.0000000000
18563  31.905  -55.596  -20.571 0.0000000000
19626  39.769  -54.863  -16.887 0.0000000000
19633  36.586  -54.862  -17.608 0.0000000000
19651  31.754  -54.809  -19.610 0.0000000000
19687  36.838  -54.644  -21.297 0.0000000000
19691  32.891  -54.618  -21.408 0.0000000000
20754  37.515  -53.215  -15.691 0.0000000000
20761  36.734  -53.562  -16.473 0.0000000000
20802  31.859  -54.038  -19.218 0.0000000000
20833  35.354  -53.620  -21.238 0.0000000000
21930  38.827  -52.411  -14.246 0.0000000000
21954  36.353  -53.455  -16.482 0.0000000000
22004  31.584  -52.765  -20.508 0.0000000000
23096  36.786  -52.622  -15.857 0.0000000000
23180  33.483  -51.741  -21.859 0.0000000000
23181  32.534  -51.827  -21.574 0.0000000000
24173  36.420  -50.529  -14.327 0.0000000000
24174  35.731  -50.430  -14.507 0.0000000000
24181  36.048  -51.022  -14.732 0.0000000000
24190  32.731  -51.494  -15.482 0.0000000000
24253  34.342  -49.900  -21.519 0.0000000000
24254  32.569  -50.378  -20.980 0.0000000000
24256  31.170  -51.101  -19.856 0.0000000000
25341  32.991  -48.901  -19.909 0.0000000000
25343  31.284  -49.884  -19.128 0.0000000000
25358  35.414  -49.568  -20.921 0.0000000000
25359  34.407  -49.405  -20.974 0.0000000000
25374  33.293  -50.181  -21.338 0.0000000000
26389  33.173  -48.216  -12.741 0.0000000000
26455  32.094  -48.098  -17.973 0.0000000000
26478  33.493  -48.212  -18.989 0.0000000000
26494  34.919  -48.644  -19.901 0.0000000000
26509  34.439  -48.844  -20.430 0.0000000000
27501  30.646  -47.393  -12.296 0.0000000000
27516  30.962  -47.765  -12.499 0.0000000000
27595  32.620  -48.021  -18.012 0.0000000000
27609  35.994  -47.900  -19.391 0.0000000000
27610  35.552  -48.086  -19.354 0.0000000000
