#!ascii label  , from subject 3237 vox2ras=TkReg
2044
13057  7.550  -60.535  -14.618 0.0000000000
31553  16.200  -43.041  -12.058 0.0000000000
2817  0.270  -73.396  -22.432 0.0000000000
5958  4.815  -67.522  -19.290 0.0000000000
8425  2.362  -65.546  -21.221 0.0000000000
10945  2.552  -62.723  -11.940 0.0000000000
21908  9.880  -52.793  -12.687 0.0000000000
2855  3.379  -72.244  -29.195 0.0000000000
6721  9.668  -68.338  -15.988 0.0000000000
11954  14.771  -60.660  -13.015 0.0000000000
23047  18.264  -51.853  -12.453 0.0000000000
5383  3.794  -69.258  -29.743 0.0000000000
8359  7.132  -64.815  -17.115 0.0000000000
7487  3.706  -67.006  -13.714 0.0000000000
10017  4.517  -63.622  -11.389 0.0000000000
27524  12.317  -47.742  -13.314 0.0000000000
26394  6.679  -47.771  -12.323 0.0000000000
30485  12.426  -44.242  -10.595 0.0000000000
4506  6.935  -71.417  -16.028 0.0000000000
10004  14.136  -64.583  -10.665 0.0000000000
18500  16.115  -55.947  -13.412 0.0000000000
2326  0.673  -74.206  -26.005 0.0000000000
5394  0.460  -69.609  -31.632 0.0000000000
5326  0.720  -69.173  -26.336 0.0000000000
35847  15.438  -39.198  -8.581 0.0000000000
3985  2.868  -71.866  -21.396 0.0000000000
5279  0.501  -70.078  -21.758 0.0000000000
5193  0.794  -69.884  -15.974 0.0000000000
9205  3.282  -64.797  -15.751 0.0000000000
16269  8.914  -56.592  -11.380 0.0000000000
16257  5.162  -57.428  -8.155 0.0000000000
20675  5.083  -52.916  -9.247 0.0000000000
35866  11.936  -38.900  -10.058 0.0000000000
2822  5.940  -74.923  -25.281 0.0000000000
1416  3.733  -75.991  -23.389 0.0000000000
2774  3.204  -73.714  -20.617 0.0000000000
4575  6.079  -71.168  -20.182 0.0000000000
5971  8.540  -67.668  -19.795 0.0000000000
10107  10.881  -63.369  -18.844 0.0000000000
6683  11.912  -68.276  -11.408 0.0000000000
9165  13.175  -65.220  -14.367 0.0000000000
13038  11.781  -59.136  -14.413 0.0000000000
17435  12.224  -56.168  -13.027 0.0000000000
21916  14.086  -52.648  -14.092 0.0000000000
28521  18.298  -46.949  -13.268 0.0000000000
2380  6.301  -74.117  -33.308 0.0000000000
4091  7.501  -71.713  -32.589 0.0000000000
8497  2.243  -66.876  -25.148 0.0000000000
10051  7.771  -62.928  -15.296 0.0000000000
9154  6.419  -64.394  -13.997 0.0000000000
10942  5.926  -62.160  -13.089 0.0000000000
28525  13.892  -46.026  -13.152 0.0000000000
29524  11.730  -45.352  -12.789 0.0000000000
31555  14.032  -42.815  -11.667 0.0000000000
2823  0.411  -74.075  -24.364 0.0000000000
4043  0.588  -71.437  -26.520 0.0000000000
4028  0.333  -71.834  -24.198 0.0000000000
5245  3.636  -69.354  -20.175 0.0000000000
3948  1.967  -70.958  -18.330 0.0000000000
5221  3.000  -69.396  -17.785 0.0000000000
8304  1.890  -65.391  -11.737 0.0000000000
128895  1.802  -66.525  -14.204 0.0000000000
10040  2.914  -63.820  -13.719 0.0000000000
10998  2.457  -62.787  -15.522 0.0000000000
11985  1.809  -61.678  -13.986 0.0000000000
19544  9.414  -54.535  -11.029 0.0000000000
19529  7.514  -54.904  -9.866 0.0000000000
20711  6.768  -52.961  -11.124 0.0000000000
28479  8.114  -46.927  -9.508 0.0000000000
27445  4.989  -47.890  -8.622 0.0000000000
35829  13.327  -39.162  -7.940 0.0000000000
1034  4.349  -76.604  -24.793 0.0000000000
1802  3.310  -75.157  -19.822 0.0000000000
2752  3.751  -73.684  -17.964 0.0000000000
3332  4.400  -72.779  -19.974 0.0000000000
3310  4.976  -72.896  -17.693 0.0000000000
5188  8.279  -70.246  -15.311 0.0000000000
5219  7.449  -70.163  -17.669 0.0000000000
6732  9.180  -68.494  -17.129 0.0000000000
6772  9.555  -66.508  -19.583 0.0000000000
7542  11.011  -66.425  -17.836 0.0000000000
10931  14.839  -62.186  -12.393 0.0000000000
9142  13.481  -65.010  -12.477 0.0000000000
10940  13.751  -62.705  -13.136 0.0000000000
10972  13.095  -61.379  -15.331 0.0000000000
13001  13.315  -59.521  -13.273 0.0000000000
15176  11.711  -57.727  -13.081 0.0000000000
15192  13.598  -58.345  -13.118 0.0000000000
20722  17.561  -54.012  -12.912 0.0000000000
20732  14.764  -53.805  -14.347 0.0000000000
23062  16.753  -51.488  -13.494 0.0000000000
25265  15.621  -49.685  -13.760 0.0000000000
25246  18.197  -49.893  -13.086 0.0000000000
128868  4.916  -73.824  -29.947 0.0000000000
1495  6.835  -75.820  -30.887 0.0000000000
2377  2.945  -74.652  -31.682 0.0000000000
6946  2.328  -67.966  -31.086 0.0000000000
5413  4.216  -69.838  -34.201 0.0000000000
5393  6.139  -69.909  -31.413 0.0000000000
6943  9.473  -68.279  -31.649 0.0000000000
6100  8.474  -68.824  -28.769 0.0000000000
6008  1.614  -68.393  -21.344 0.0000000000
6826  1.358  -67.918  -23.269 0.0000000000
8460  2.350  -66.151  -23.250 0.0000000000
18419  3.169  -55.239  -7.047 0.0000000000
15124  3.195  -58.483  -7.453 0.0000000000
7563  6.017  -66.401  -18.643 0.0000000000
5935  4.499  -67.755  -16.906 0.0000000000
7527  5.587  -65.836  -15.506 0.0000000000
8315  4.324  -65.576  -12.694 0.0000000000
9106  2.006  -64.551  -9.686 0.0000000000
24160  9.702  -50.718  -13.261 0.0000000000
24162  7.514  -50.442  -13.457 0.0000000000
27527  9.406  -47.449  -13.661 0.0000000000
28505  9.672  -46.043  -11.279 0.0000000000
30469  10.999  -44.740  -9.245 0.0000000000
3914  5.620  -73.006  -16.401 0.0000000000
3893  7.568  -71.617  -13.647 0.0000000000
5166  9.013  -70.173  -13.823 0.0000000000
13016  16.403  -60.377  -12.681 0.0000000000
14128  15.842  -58.805  -14.215 0.0000000000
16317  16.831  -58.037  -12.715 0.0000000000
19559  17.982  -55.308  -12.089 0.0000000000
2848  1.969  -73.095  -28.317 0.0000000000
2879  2.742  -71.869  -30.844 0.0000000000
3441  0.719  -72.066  -28.179 0.0000000000
5350  0.615  -69.665  -28.942 0.0000000000
6900  1.462  -67.531  -28.179 0.0000000000
11065  2.179  -62.642  -20.469 0.0000000000
10158  3.151  -63.397  -22.744 0.0000000000
33748  17.929  -41.564  -10.508 0.0000000000
32641  16.226  -41.248  -10.539 0.0000000000
3358  0.773  -72.952  -20.742 0.0000000000
4006  -0.101  -71.291  -22.013 0.0000000000
3968  -0.132  -71.779  -19.754 0.0000000000
5246  0.380  -69.549  -19.308 0.0000000000
6759  2.249  -67.558  -18.694 0.0000000000
5191  2.154  -68.743  -15.705 0.0000000000
7533  2.265  -67.399  -17.027 0.0000000000
8396  2.554  -65.293  -18.135 0.0000000000
11028  2.065  -62.707  -17.198 0.0000000000
15195  8.213  -57.855  -13.717 0.0000000000
14054  5.705  -59.188  -11.179 0.0000000000
16271  6.825  -57.478  -9.956 0.0000000000
19503  5.066  -54.983  -8.442 0.0000000000
21827  3.074  -52.113  -6.983 0.0000000000
24126  4.553  -50.843  -10.806 0.0000000000
25201  3.182  -49.405  -8.134 0.0000000000
32643  14.218  -41.839  -9.994 0.0000000000
33734  12.337  -41.637  -9.418 0.0000000000
3430  6.298  -71.768  -28.341 0.0000000000
128852  4.651  -72.224  -27.279 0.0000000000
1845  3.156  -75.118  -26.764 0.0000000000
1436  1.764  -76.249  -25.544 0.0000000000
1827  1.895  -74.702  -23.470 0.0000000000
1399  4.400  -75.735  -20.957 0.0000000000
1820  3.858  -74.568  -22.489 0.0000000000
2297  2.051  -73.904  -22.322 0.0000000000
2802  3.301  -72.972  -22.707 0.0000000000
4002  4.310  -71.340  -22.924 0.0000000000
5276  5.386  -69.312  -22.242 0.0000000000
3934  6.097  -71.733  -17.771 0.0000000000
5258  6.865  -69.447  -20.749 0.0000000000
6789  6.743  -67.021  -20.909 0.0000000000
8407  7.858  -65.526  -19.607 0.0000000000
9217  8.643  -63.848  -18.104 0.0000000000
11007  9.642  -62.105  -17.308 0.0000000000
6697  11.271  -68.733  -13.539 0.0000000000
7497  12.622  -66.852  -13.404 0.0000000000
7524  11.731  -66.859  -15.476 0.0000000000
9202  12.853  -64.522  -16.423 0.0000000000
12017  11.761  -61.013  -16.770 0.0000000000
15227  9.586  -58.673  -14.860 0.0000000000
15178  9.941  -56.952  -13.341 0.0000000000
17394  10.233  -55.831  -12.666 0.0000000000
19578  11.209  -54.559  -12.949 0.0000000000
17460  14.047  -56.680  -14.488 0.0000000000
19592  12.689  -54.104  -14.329 0.0000000000
21918  11.904  -52.572  -14.082 0.0000000000
25267  13.394  -49.604  -14.127 0.0000000000
27521  15.387  -47.720  -13.709 0.0000000000
29519  16.778  -45.462  -12.937 0.0000000000
30497  20.023  -44.690  -12.332 0.0000000000
31541  19.180  -43.245  -11.374 0.0000000000
2899  9.215  -73.309  -34.853 0.0000000000
3478  3.046  -72.012  -33.107 0.0000000000
3485  6.836  -72.758  -33.914 0.0000000000
4731  9.074  -70.367  -35.187 0.0000000000
5308  0.531  -69.610  -23.910 0.0000000000
6863  1.259  -67.491  -25.495 0.0000000000
6885  2.630  -68.402  -27.294 0.0000000000
7646  3.752  -66.944  -23.689 0.0000000000
6859  4.673  -67.686  -25.565 0.0000000000
6088  5.912  -68.252  -28.360 0.0000000000
7711  8.508  -66.525  -27.883 0.0000000000
12972  5.076  -60.544  -9.759 0.0000000000
11898  3.223  -61.289  -8.860 0.0000000000
12985  1.985  -60.985  -10.198 0.0000000000
14116  2.623  -60.017  -13.237 0.0000000000
11984  7.767  -61.393  -14.792 0.0000000000
10956  7.394  -62.434  -14.183 0.0000000000
11969  6.509  -61.160  -13.734 0.0000000000
30513  15.189  -44.537  -12.525 0.0000000000
30514  14.179  -44.473  -12.685 0.0000000000
31554  15.146  -42.796  -12.202 0.0000000000
2816  0.417  -73.630  -23.171 0.0000000000
3399  0.419  -72.906  -24.412 0.0000000000
3388  0.157  -72.304  -23.215 0.0000000000
5244  3.985  -68.551  -19.886 0.0000000000
5236  3.253  -69.442  -18.946 0.0000000000
5959  4.135  -68.162  -18.917 0.0000000000
9138  1.806  -64.507  -11.880 0.0000000000
9147  1.973  -64.433  -12.632 0.0000000000
10958  2.386  -62.649  -13.255 0.0000000000
10975  2.294  -62.645  -14.478 0.0000000000
11970  2.137  -61.491  -13.205 0.0000000000
20708  9.441  -53.784  -11.515 0.0000000000
20689  8.118  -53.874  -10.626 0.0000000000
21897  8.171  -52.851  -11.719 0.0000000000
29476  8.487  -45.239  -9.124 0.0000000000
29459  7.569  -45.849  -8.945 0.0000000000
2753  2.959  -74.072  -17.632 0.0000000000
2743  3.257  -73.948  -16.891 0.0000000000
3311  4.438  -73.164  -18.113 0.0000000000
3302  4.335  -73.214  -17.219 0.0000000000
5921  8.760  -69.552  -15.784 0.0000000000
5933  8.627  -69.169  -16.945 0.0000000000
6722  9.100  -68.925  -16.461 0.0000000000
6731  9.721  -67.762  -17.462 0.0000000000
7530  10.405  -67.207  -16.948 0.0000000000
11936  15.207  -61.544  -12.643 0.0000000000
10932  13.958  -61.884  -12.666 0.0000000000
11937  14.141  -60.683  -12.877 0.0000000000
10933  13.692  -60.981  -13.250 0.0000000000
13000  13.614  -59.554  -13.238 0.0000000000
14072  13.046  -58.838  -12.932 0.0000000000
14091  14.144  -59.224  -13.357 0.0000000000
21905  17.996  -52.526  -12.471 0.0000000000
21907  16.596  -52.903  -13.373 0.0000000000
23048  17.536  -51.863  -13.049 0.0000000000
25247  17.542  -50.351  -13.299 0.0000000000
25236  18.909  -50.445  -12.755 0.0000000000
2360  4.364  -73.439  -30.774 0.0000000000
1887  3.956  -74.363  -30.918 0.0000000000
2877  2.889  -73.804  -31.298 0.0000000000
6928  2.917  -67.882  -30.461 0.0000000000
6125  3.994  -68.836  -31.257 0.0000000000
6124  5.210  -69.149  -31.215 0.0000000000
5380  6.793  -69.504  -30.217 0.0000000000
6111  6.376  -69.025  -29.552 0.0000000000
7597  2.903  -66.415  -21.125 0.0000000000
7628  1.916  -66.836  -22.723 0.0000000000
8439  1.993  -65.565  -22.199 0.0000000000
19517  1.901  -53.665  -7.546 0.0000000000
18420  2.447  -55.582  -7.481 0.0000000000
7544  6.769  -65.377  -17.539 0.0000000000
6733  5.700  -66.537  -16.633 0.0000000000
8347  6.434  -65.094  -15.947 0.0000000000
10026  5.315  -63.456  -12.611 0.0000000000
9155  5.667  -64.676  -13.542 0.0000000000
9136  4.227  -64.807  -11.468 0.0000000000
9137  3.605  -65.109  -11.251 0.0000000000
9120  3.493  -64.213  -10.885 0.0000000000
25269  11.309  -49.617  -13.750 0.0000000000
25271  9.237  -49.527  -13.588 0.0000000000
27526  10.363  -47.599  -13.394 0.0000000000
30501  11.510  -44.787  -11.517 0.0000000000
29526  10.130  -46.220  -12.522 0.0000000000
28490  10.899  -45.870  -10.762 0.0000000000
29474  10.623  -45.982  -9.652 0.0000000000
29472  11.837  -45.070  -9.795 0.0000000000
4474  8.281  -71.067  -13.023 0.0000000000
5167  8.386  -70.660  -13.901 0.0000000000
11934  16.436  -60.950  -12.105 0.0000000000
12999  16.660  -60.321  -11.770 0.0000000000
15190  16.863  -58.881  -12.513 0.0000000000
16302  16.972  -58.295  -11.730 0.0000000000
2333  1.054  -74.283  -27.013 0.0000000000
2849  1.065  -73.180  -28.265 0.0000000000
2841  0.704  -73.146  -27.026 0.0000000000
4653  0.614  -70.357  -27.005 0.0000000000
4660  0.572  -70.390  -28.091 0.0000000000
5337  0.559  -69.368  -27.727 0.0000000000
6092  0.595  -68.621  -28.614 0.0000000000
6075  0.615  -68.185  -27.352 0.0000000000
12070  3.395  -62.561  -19.543 0.0000000000
128924  3.392  -62.697  -20.779 0.0000000000
34824  18.592  -40.426  -9.918 0.0000000000
34825  17.726  -40.603  -9.563 0.0000000000
3334  2.056  -72.290  -20.496 0.0000000000
3359  0.199  -72.313  -20.460 0.0000000000
3335  1.205  -72.420  -19.729 0.0000000000
3926  1.087  -70.537  -16.990 0.0000000000
3938  0.662  -71.227  -17.894 0.0000000000
4543  0.724  -70.227  -17.348 0.0000000000
5961  0.800  -68.800  -18.393 0.0000000000
5949  1.318  -68.498  -17.669 0.0000000000
6735  3.617  -67.768  -15.381 0.0000000000
5923  3.544  -68.270  -15.729 0.0000000000
6690  2.991  -68.068  -15.157 0.0000000000
9204  3.343  -65.508  -15.040 0.0000000000
128896  2.264  -66.605  -14.770 0.0000000000
8361  3.485  -65.758  -16.242 0.0000000000
7547  2.850  -66.701  -17.850 0.0000000000
8380  2.670  -65.080  -17.201 0.0000000000
9233  1.852  -64.364  -18.449 0.0000000000
9218  1.963  -64.449  -17.182 0.0000000000
15161  8.215  -57.390  -12.092 0.0000000000
16288  7.393  -57.480  -10.986 0.0000000000
16270  7.895  -56.848  -10.758 0.0000000000
20674  5.640  -53.772  -9.556 0.0000000000
18446  6.046  -54.959  -9.336 0.0000000000
20660  5.099  -54.052  -8.901 0.0000000000
20650  4.072  -53.933  -7.662 0.0000000000
21842  4.118  -52.438  -8.324 0.0000000000
25274  6.302  -49.165  -13.401 0.0000000000
23055  5.429  -51.016  -12.643 0.0000000000
26380  5.319  -48.836  -11.692 0.0000000000
26346  3.887  -48.547  -8.891 0.0000000000
33711  15.981  -39.926  -9.973 0.0000000000
33732  15.334  -40.741  -10.277 0.0000000000
34807  14.653  -40.200  -8.756 0.0000000000
35864  12.757  -39.193  -8.965 0.0000000000
34809  13.318  -40.675  -9.179 0.0000000000
34827  12.846  -40.297  -9.669 0.0000000000
33735  11.828  -41.627  -10.093 0.0000000000
34843  12.075  -40.476  -10.685 0.0000000000
4027  6.133  -72.403  -25.352 0.0000000000
128869  5.724  -72.091  -26.216 0.0000000000
128873  5.242  -74.100  -26.428 0.0000000000
2341  3.158  -74.198  -27.438 0.0000000000
128856  5.197  -75.496  -27.233 0.0000000000
1026  3.825  -76.344  -23.952 0.0000000000
1045  2.888  -77.164  -25.566 0.0000000000
1426  2.433  -76.105  -24.813 0.0000000000
1419  1.833  -75.440  -24.150 0.0000000000
1832  2.943  -75.078  -24.097 0.0000000000
2278  2.902  -74.446  -20.232 0.0000000000
1812  3.629  -74.508  -21.294 0.0000000000
2296  3.503  -74.016  -22.590 0.0000000000
2289  3.361  -73.461  -22.745 0.0000000000
2790  2.361  -73.489  -21.897 0.0000000000
2789  3.490  -73.591  -22.344 0.0000000000
3983  4.866  -72.154  -20.660 0.0000000000
3992  4.852  -71.866  -22.048 0.0000000000
3991  5.320  -70.994  -21.771 0.0000000000
4613  5.263  -70.057  -22.717 0.0000000000
4600  5.699  -70.172  -21.956 0.0000000000
3913  6.227  -72.596  -15.805 0.0000000000
3924  6.289  -72.115  -16.811 0.0000000000
4523  6.607  -71.519  -16.936 0.0000000000
5233  8.034  -69.321  -18.389 0.0000000000
5234  7.633  -69.761  -18.532 0.0000000000
5257  7.391  -68.972  -20.195 0.0000000000
5989  7.207  -68.647  -20.856 0.0000000000
6788  7.758  -67.067  -20.766 0.0000000000
7588  7.214  -66.535  -20.501 0.0000000000
6787  8.380  -66.966  -20.335 0.0000000000
8404  10.489  -64.974  -19.427 0.0000000000
9243  9.283  -64.689  -19.316 0.0000000000
10108  9.989  -63.350  -18.843 0.0000000000
10094  9.372  -63.199  -18.036 0.0000000000
10093  10.363  -62.817  -18.411 0.0000000000
5888  11.210  -69.126  -11.612 0.0000000000
5897  10.724  -69.329  -12.619 0.0000000000
6689  11.522  -68.698  -12.502 0.0000000000
9118  13.614  -64.961  -10.644 0.0000000000
10035  13.401  -64.711  -13.324 0.0000000000
8313  13.038  -66.460  -12.578 0.0000000000
8321  13.212  -66.070  -13.698 0.0000000000
7511  12.064  -67.272  -14.177 0.0000000000
8332  12.921  -65.971  -14.739 0.0000000000
8343  12.507  -65.955  -15.891 0.0000000000
9183  13.070  -64.329  -15.576 0.0000000000
11982  12.461  -60.291  -15.243 0.0000000000
10991  12.736  -61.643  -16.401 0.0000000000
13054  11.536  -59.769  -15.446 0.0000000000
13073  10.721  -60.055  -16.152 0.0000000000
14132  10.521  -59.151  -15.146 0.0000000000
15194  9.871  -57.454  -14.070 0.0000000000
14092  11.328  -58.234  -13.949 0.0000000000
16305  12.267  -57.069  -13.023 0.0000000000
15158  11.649  -57.250  -13.016 0.0000000000
17409  11.483  -56.268  -12.965 0.0000000000
18458  10.698  -55.303  -12.740 0.0000000000
18472  11.771  -55.812  -12.954 0.0000000000
16347  15.667  -57.381  -14.410 0.0000000000
16348  14.861  -57.467  -14.487 0.0000000000
17459  15.073  -56.627  -14.714 0.0000000000
20746  13.961  -54.243  -14.683 0.0000000000
20733  13.400  -53.597  -14.432 0.0000000000
20734  12.377  -53.497  -14.159 0.0000000000
21917  12.930  -52.566  -14.229 0.0000000000
23066  12.398  -51.592  -14.212 0.0000000000
24156  14.011  -50.631  -14.001 0.0000000000
26411  16.959  -48.685  -13.569 0.0000000000
26413  14.982  -48.637  -14.041 0.0000000000
27520  16.335  -47.807  -13.542 0.0000000000
28522  16.232  -46.165  -13.232 0.0000000000
29533  17.175  -46.320  -13.289 0.0000000000
31550  19.481  -43.904  -11.789 0.0000000000
33728  19.486  -41.273  -10.548 0.0000000000
1507  6.695  -74.936  -32.409 0.0000000000
1500  8.105  -75.385  -31.505 0.0000000000
1906  8.101  -75.264  -33.270 0.0000000000
2388  7.766  -74.270  -34.272 0.0000000000
4084  1.525  -70.946  -31.032 0.0000000000
3473  2.498  -71.886  -32.228 0.0000000000
4101  2.477  -70.898  -32.976 0.0000000000
4093  5.851  -71.156  -32.459 0.0000000000
4107  5.404  -71.722  -33.623 0.0000000000
4097  7.490  -71.659  -33.460 0.0000000000
4105  7.617  -71.871  -34.132 0.0000000000
4721  8.100  -70.616  -34.166 0.0000000000
5419  9.108  -69.116  -34.617 0.0000000000
5412  7.913  -69.456  -33.813 0.0000000000
7774  9.680  -67.353  -31.342 0.0000000000
4602  0.098  -70.688  -21.722 0.0000000000
4629  0.392  -70.505  -23.241 0.0000000000
5295  0.468  -70.020  -22.587 0.0000000000
8480  2.007  -67.174  -24.421 0.0000000000
6844  0.920  -67.613  -24.267 0.0000000000
7667  1.716  -66.985  -25.405 0.0000000000
7682  1.971  -66.934  -26.661 0.0000000000
7681  2.589  -67.423  -26.490 0.0000000000
9288  3.970  -64.663  -22.922 0.0000000000
9306  3.572  -65.461  -23.829 0.0000000000
7693  5.475  -66.551  -27.700 0.0000000000
7663  5.179  -67.266  -26.129 0.0000000000
6871  5.127  -67.748  -26.637 0.0000000000
6056  4.512  -68.717  -26.568 0.0000000000
6071  5.624  -67.831  -27.870 0.0000000000
6896  6.616  -67.539  -28.532 0.0000000000
7712  7.296  -66.575  -28.668 0.0000000000
15149  5.552  -58.692  -9.611 0.0000000000
12984  5.212  -60.129  -10.735 0.0000000000
14035  4.766  -58.983  -9.044 0.0000000000
15143  1.995  -59.130  -8.151 0.0000000000
12952  2.932  -60.081  -8.040 0.0000000000
14038  2.530  -59.941  -8.714 0.0000000000
11900  2.298  -61.532  -9.454 0.0000000000
14046  2.778  -59.769  -9.572 0.0000000000
9185  7.818  -63.613  -16.597 0.0000000000
8333  6.616  -64.512  -15.628 0.0000000000
10052  7.330  -63.203  -15.033 0.0000000000
10038  6.630  -63.207  -13.889 0.0000000000
10943  5.469  -62.354  -12.514 0.0000000000
28539  12.750  -46.815  -13.279 0.0000000000
28540  11.773  -46.855  -13.149 0.0000000000
29523  12.679  -45.237  -12.996 0.0000000000
31566  12.782  -43.903  -12.333 0.0000000000
31544  12.654  -43.825  -11.312 0.0000000000
2323  0.549  -74.379  -25.101 0.0000000000
3409  0.500  -72.856  -25.465 0.0000000000
4035  0.519  -71.832  -25.302 0.0000000000
4643  0.661  -70.503  -25.768 0.0000000000
3964  3.159  -71.080  -20.710 0.0000000000
3965  2.366  -71.247  -19.638 0.0000000000
4577  2.749  -70.791  -19.302 0.0000000000
4541  1.960  -70.025  -17.974 0.0000000000
4525  2.043  -69.746  -16.852 0.0000000000
7488  2.449  -66.674  -13.082 0.0000000000
6692  1.836  -66.762  -13.437 0.0000000000
7502  2.083  -66.072  -13.269 0.0000000000
8327  2.423  -65.567  -13.491 0.0000000000
9169  3.121  -64.223  -14.515 0.0000000000
10086  1.736  -63.559  -16.304 0.0000000000
10073  1.900  -63.593  -15.198 0.0000000000
12008  2.510  -61.624  -14.648 0.0000000000
13077  2.749  -60.947  -15.278 0.0000000000
18443  9.166  -55.777  -10.192 0.0000000000
18444  8.033  -55.700  -10.005 0.0000000000
19528  8.571  -55.048  -9.932 0.0000000000
20690  6.828  -53.688  -10.257 0.0000000000
20691  5.900  -53.141  -10.260 0.0000000000
27468  7.032  -47.603  -10.157 0.0000000000
26367  5.559  -48.682  -10.561 0.0000000000
27416  6.701  -47.130  -8.915 0.0000000000
27417  5.807  -47.159  -8.495 0.0000000000
34789  14.342  -39.736  -8.086 0.0000000000
37732  14.110  -37.338  -7.607 0.0000000000
128858  5.529  -75.850  -25.823 0.0000000000
1422  5.871  -76.212  -24.057 0.0000000000
1024  5.347  -76.273  -23.072 0.0000000000
1018  4.151  -76.144  -22.499 0.0000000000
1780  3.565  -75.445  -17.769 0.0000000000
2764  2.883  -74.033  -18.867 0.0000000000
2763  3.570  -73.555  -19.432 0.0000000000
2773  3.651  -73.406  -20.383 0.0000000000
3322  4.055  -73.080  -18.989 0.0000000000
3321  4.809  -72.684  -18.810 0.0000000000
3947  5.199  -72.105  -19.095 0.0000000000
5189  7.712  -70.495  -15.900 0.0000000000
5190  7.257  -70.816  -16.420 0.0000000000
5922  8.208  -69.744  -16.530 0.0000000000
5946  8.323  -69.229  -17.777 0.0000000000
5956  8.754  -68.245  -18.840 0.0000000000
6773  9.052  -66.840  -19.794 0.0000000000
6739  9.638  -67.505  -18.423 0.0000000000
7560  10.656  -66.140  -18.714 0.0000000000
8390  11.279  -65.304  -18.681 0.0000000000
10014  14.750  -63.116  -11.873 0.0000000000
9133  13.576  -64.896  -11.788 0.0000000000
10015  14.050  -63.849  -11.858 0.0000000000
10023  13.549  -64.157  -12.851 0.0000000000
10953  13.536  -63.206  -13.833 0.0000000000
10070  13.234  -63.609  -15.394 0.0000000000
10954  13.384  -61.780  -14.138 0.0000000000
11955  13.352  -60.686  -14.019 0.0000000000
13020  12.751  -59.678  -14.034 0.0000000000
14074  11.642  -58.213  -13.326 0.0000000000
14073  12.442  -58.646  -12.990 0.0000000000
15174  13.086  -58.345  -12.911 0.0000000000
16319  13.258  -57.451  -13.232 0.0000000000
19576  16.841  -55.015  -13.224 0.0000000000
19590  15.623  -54.862  -14.126 0.0000000000
20731  16.162  -53.867  -13.699 0.0000000000
21915  15.373  -52.757  -13.842 0.0000000000
23064  14.665  -51.666  -13.902 0.0000000000
24155  15.156  -50.672  -13.820 0.0000000000
24154  16.222  -50.692  -13.573 0.0000000000
25264  16.891  -49.763  -13.527 0.0000000000
26393  17.770  -48.741  -13.255 0.0000000000
1081  6.910  -76.879  -29.008 0.0000000000
1478  5.193  -75.824  -29.984 0.0000000000
1505  4.424  -75.336  -31.757 0.0000000000
1910  4.763  -74.664  -32.356 0.0000000000
6964  1.308  -68.227  -31.789 0.0000000000
5409  2.066  -69.399  -32.832 0.0000000000
6142  2.412  -68.650  -32.340 0.0000000000
5399  5.217  -69.894  -32.596 0.0000000000
4698  6.779  -70.858  -31.209 0.0000000000
5398  8.735  -69.943  -32.126 0.0000000000
5379  7.988  -70.157  -30.108 0.0000000000
6099  9.312  -69.075  -29.580 0.0000000000
6908  9.372  -68.054  -28.988 0.0000000000
6009  0.830  -69.103  -21.504 0.0000000000
6021  0.989  -68.591  -22.860 0.0000000000
6814  1.835  -67.657  -22.124 0.0000000000
7647  1.800  -67.217  -23.827 0.0000000000
8479  2.489  -66.782  -24.168 0.0000000000
17378  3.966  -56.641  -7.067 0.0000000000
15123  4.090  -58.378  -7.569 0.0000000000
16236  3.019  -56.773  -7.188 0.0000000000
16251  1.899  -57.185  -7.647 0.0000000000
6757  5.334  -66.854  -18.588 0.0000000000
5947  4.642  -67.605  -18.062 0.0000000000
6742  5.057  -67.031  -17.266 0.0000000000
6734  4.629  -67.108  -15.644 0.0000000000
6699  4.658  -66.702  -14.294 0.0000000000
8334  6.026  -65.166  -14.793 0.0000000000
7499  5.285  -66.075  -14.266 0.0000000000
7486  4.372  -66.247  -13.508 0.0000000000
8303  2.360  -65.748  -11.678 0.0000000000
8290  1.977  -65.338  -10.913 0.0000000000
10008  1.792  -63.517  -10.600 0.0000000000
23051  9.459  -51.968  -13.069 0.0000000000
23052  8.471  -51.833  -12.815 0.0000000000
24161  8.647  -50.417  -13.394 0.0000000000
25272  8.176  -49.421  -13.684 0.0000000000
27529  7.347  -47.508  -13.195 0.0000000000
28542  9.963  -46.676  -13.235 0.0000000000
28528  8.506  -46.076  -12.865 0.0000000000
27486  7.510  -46.926  -11.457 0.0000000000
27440  9.073  -47.027  -10.236 0.0000000000
29457  9.524  -45.697  -8.910 0.0000000000
30471  9.414  -44.530  -8.948 0.0000000000
3900  6.738  -72.266  -14.782 0.0000000000
3894  7.345  -72.022  -13.835 0.0000000000
4486  7.264  -71.623  -14.540 0.0000000000
5179  7.993  -70.650  -14.776 0.0000000000
5178  8.647  -70.221  -14.738 0.0000000000
5908  9.263  -69.715  -14.738 0.0000000000
10930  15.700  -62.486  -11.776 0.0000000000
11935  16.120  -61.652  -12.257 0.0000000000
11953  15.541  -60.957  -12.901 0.0000000000
13035  15.179  -59.614  -13.579 0.0000000000
13033  16.136  -59.993  -13.393 0.0000000000
15207  16.577  -58.537  -13.378 0.0000000000
17444  16.665  -56.983  -13.624 0.0000000000
17421  17.237  -56.989  -12.103 0.0000000000
18486  17.365  -56.104  -12.758 0.0000000000
20706  18.163  -54.554  -12.282 0.0000000000
21895  18.150  -53.176  -12.410 0.0000000000
2856  2.611  -72.268  -28.934 0.0000000000
2866  3.246  -71.977  -30.082 0.0000000000
2867  2.426  -71.759  -29.566 0.0000000000
3455  1.927  -71.484  -30.324 0.0000000000
4688  0.816  -70.363  -30.192 0.0000000000
4668  0.608  -70.534  -28.852 0.0000000000
6115  0.407  -69.048  -30.853 0.0000000000
6931  0.775  -68.496  -30.549 0.0000000000
7763  1.793  -67.487  -29.630 0.0000000000
6911  2.745  -67.734  -29.337 0.0000000000
9246  2.055  -64.219  -20.407 0.0000000000
10150  2.220  -64.140  -21.767 0.0000000000
128926  2.428  -62.814  -21.925 0.0000000000
10157  3.724  -63.388  -21.900 0.0000000000
32673  17.664  -42.620  -11.490 0.0000000000
32675  15.679  -42.153  -11.752 0.0000000000
32640  16.820  -41.289  -10.220 0.0000000000
33710  16.674  -40.518  -9.454 0.0000000000
2805  0.465  -73.222  -21.686 0.0000000000
2811  0.026  -73.116  -21.995 0.0000000000
3371  0.231  -72.512  -21.301 0.0000000000
3986  -0.192  -71.836  -20.497 0.0000000000
5262  -0.012  -70.586  -20.472 0.0000000000
3324  0.708  -71.940  -18.729 0.0000000000
4562  -0.093  -70.942  -19.094 0.0000000000
5261  0.340  -69.838  -20.646 0.0000000000
5993  0.873  -68.778  -20.445 0.0000000000
5992  1.862  -68.126  -20.387 0.0000000000
7591  3.405  -66.234  -20.357 0.0000000000
5948  3.993  -68.214  -17.550 0.0000000000
5206  3.047  -69.387  -16.345 0.0000000000
4509  1.397  -69.915  -15.876 0.0000000000
128892  1.691  -67.534  -14.377 0.0000000000
5924  1.842  -68.240  -15.467 0.0000000000
5925  1.442  -68.456  -16.005 0.0000000000
7548  2.349  -67.255  -17.736 0.0000000000
7566  3.198  -66.579  -18.745 0.0000000000
8419  2.857  -65.303  -20.384 0.0000000000
10127  1.670  -63.432  -19.670 0.0000000000
12042  2.349  -62.299  -19.169 0.0000000000
11039  3.562  -62.728  -18.211 0.0000000000
11013  1.876  -62.933  -16.573 0.0000000000
15212  7.602  -58.880  -13.975 0.0000000000
14095  6.450  -59.389  -13.008 0.0000000000
15180  7.226  -58.271  -12.453 0.0000000000
15163  6.706  -58.183  -10.990 0.0000000000
16256  5.867  -57.621  -9.107 0.0000000000
18445  6.770  -55.613  -9.613 0.0000000000
18428  6.267  -56.151  -9.283 0.0000000000
17386  5.292  -56.427  -8.303 0.0000000000
19505  3.631  -54.474  -7.359 0.0000000000
20652  2.496  -53.008  -7.195 0.0000000000
23038  7.107  -51.938  -12.287 0.0000000000
21900  5.588  -52.075  -11.282 0.0000000000
23030  4.901  -51.685  -10.546 0.0000000000
26368  4.797  -49.223  -10.286 0.0000000000
24114  3.971  -50.258  -9.081 0.0000000000
22980  3.875  -51.592  -8.403 0.0000000000
22952  3.276  -51.337  -7.694 0.0000000000
32663  15.052  -41.895  -11.025 0.0000000000
31542  13.778  -42.585  -10.595 0.0000000000
31531  13.384  -43.020  -9.968 0.0000000000
33714  13.553  -41.010  -9.087 0.0000000000
32627  13.448  -41.702  -9.191 0.0000000000
31532  12.682  -43.380  -9.500 0.0000000000
31533  11.745  -43.630  -9.327 0.0000000000
32647  10.401  -42.849  -9.734 0.0000000000
128877  5.677  -72.994  -28.939 0.0000000000
2864  4.821  -72.797  -29.898 0.0000000000
4652  6.652  -71.206  -26.471 0.0000000000
128863  5.612  -71.546  -28.043 0.0000000000
2854  4.553  -72.379  -28.165 0.0000000000
2847  2.886  -72.826  -28.171 0.0000000000
2331  2.217  -74.300  -27.092 0.0000000000
1857  1.330  -74.856  -26.418 0.0000000000
1434  3.592  -76.617  -26.201 0.0000000000
1445  2.215  -76.310  -26.241 0.0000000000
1848  0.923  -75.316  -26.167 0.0000000000
1838  0.839  -75.347  -24.546 0.0000000000
2312  0.662  -74.780  -23.743 0.0000000000
2306  1.229  -74.384  -22.831 0.0000000000
1009  4.220  -75.981  -21.523 0.0000000000
1801  3.987  -75.265  -19.840 0.0000000000
1400  3.920  -75.437  -21.769 0.0000000000
1401  3.616  -75.123  -22.891 0.0000000000
1826  3.203  -74.476  -23.729 0.0000000000
2305  2.535  -74.024  -23.108 0.0000000000
2298  1.054  -74.342  -21.923 0.0000000000
2803  1.690  -73.668  -21.782 0.0000000000
3356  2.670  -72.868  -21.871 0.0000000000
3369  3.319  -72.352  -22.547 0.0000000000
2800  4.293  -73.302  -21.951 0.0000000000
3368  3.839  -72.762  -22.963 0.0000000000
3993  3.562  -71.342  -22.534 0.0000000000
5294  3.968  -70.236  -22.574 0.0000000000
5277  4.488  -69.022  -22.113 0.0000000000
5991  5.093  -68.369  -21.230 0.0000000000
3301  5.062  -73.226  -16.812 0.0000000000
3935  5.401  -72.256  -18.214 0.0000000000
3946  5.789  -71.759  -18.999 0.0000000000
4538  7.104  -70.587  -17.517 0.0000000000
4557  7.043  -70.405  -18.511 0.0000000000
4574  6.705  -70.373  -19.846 0.0000000000
5275  6.162  -69.415  -21.679 0.0000000000
6803  6.237  -68.048  -21.508 0.0000000000
6774  6.088  -66.957  -20.539 0.0000000000
7577  6.379  -66.380  -19.905 0.0000000000
7562  7.043  -65.772  -18.786 0.0000000000
8377  7.444  -64.978  -18.080 0.0000000000
7574  9.376  -65.991  -19.942 0.0000000000
8392  8.425  -64.852  -19.003 0.0000000000
8358  7.848  -64.450  -17.614 0.0000000000
10085  8.586  -63.375  -17.239 0.0000000000
10071  8.734  -62.617  -16.481 0.0000000000
12003  8.893  -61.400  -15.981 0.0000000000
5902  9.674  -69.725  -13.798 0.0000000000
6707  10.781  -68.420  -14.761 0.0000000000
7464  12.475  -67.297  -10.845 0.0000000000
9134  13.334  -65.671  -12.005 0.0000000000
7471  12.646  -67.186  -11.956 0.0000000000
7485  12.320  -67.681  -12.494 0.0000000000
6696  11.928  -68.052  -13.193 0.0000000000
6706  11.551  -68.052  -14.157 0.0000000000
7525  10.812  -67.449  -15.754 0.0000000000
7529  11.296  -66.577  -16.592 0.0000000000
8375  11.678  -65.869  -17.485 0.0000000000
9215  12.047  -64.324  -17.625 0.0000000000
10082  13.088  -63.441  -16.281 0.0000000000
10083  12.663  -63.347  -17.233 0.0000000000
10092  11.567  -62.998  -18.083 0.0000000000
11006  10.387  -61.590  -17.443 0.0000000000
13074  9.651  -60.618  -16.142 0.0000000000
14134  8.164  -59.543  -14.807 0.0000000000
15210  9.086  -58.181  -14.456 0.0000000000
15179  8.519  -57.358  -12.692 0.0000000000
16286  9.405  -56.632  -12.484 0.0000000000
15177  10.956  -57.322  -13.219 0.0000000000
16285  10.147  -56.364  -12.833 0.0000000000
16268  9.541  -56.181  -12.073 0.0000000000
18459  9.824  -55.067  -11.897 0.0000000000
19562  10.227  -54.350  -11.933 0.0000000000
20724  10.486  -53.693  -12.607 0.0000000000
15208  14.692  -58.572  -13.843 0.0000000000
16333  13.833  -57.423  -13.872 0.0000000000
17446  13.185  -56.797  -13.770 0.0000000000
18513  14.529  -55.816  -14.722 0.0000000000
18515  13.031  -55.417  -14.341 0.0000000000
18502  12.634  -55.562  -13.861 0.0000000000
19593  12.121  -54.652  -13.750 0.0000000000
20723  11.133  -53.867  -13.159 0.0000000000
21920  10.403  -52.756  -13.143 0.0000000000
23067  11.340  -51.626  -13.933 0.0000000000
24158  11.816  -50.592  -14.146 0.0000000000
26415  12.844  -48.648  -13.688 0.0000000000
25266  14.509  -49.642  -14.059 0.0000000000
26414  13.872  -48.602  -14.019 0.0000000000
27523  13.314  -47.670  -13.576 0.0000000000
28537  14.815  -46.789  -13.493 0.0000000000
29520  15.734  -45.359  -12.854 0.0000000000
30512  16.202  -44.619  -12.494 0.0000000000
25221  20.133  -50.332  -11.982 0.0000000000
25234  20.190  -49.360  -12.489 0.0000000000
27484  20.085  -48.198  -12.780 0.0000000000
27502  19.655  -47.090  -12.885 0.0000000000
29503  20.797  -45.624  -12.129 0.0000000000
29517  19.124  -45.705  -13.013 0.0000000000
30510  18.466  -44.901  -12.638 0.0000000000
30499  18.087  -44.226  -12.040 0.0000000000
31552  17.305  -43.446  -11.957 0.0000000000
32660  18.430  -42.457  -11.092 0.0000000000
1485  8.249  -76.363  -29.895 0.0000000000
1491  9.485  -74.954  -30.627 0.0000000000
2888  2.462  -72.589  -31.751 0.0000000000
2894  3.348  -72.867  -32.624 0.0000000000
2903  5.123  -73.320  -33.364 0.0000000000
4109  3.460  -71.119  -34.095 0.0000000000
3487  4.732  -72.359  -33.927 0.0000000000
2902  6.270  -73.417  -33.697 0.0000000000
2900  8.273  -73.157  -34.581 0.0000000000
3492  9.186  -71.786  -35.138 0.0000000000
7782  9.451  -67.871  -33.051 0.0000000000
3378  0.033  -71.983  -22.747 0.0000000000
4636  0.508  -70.736  -24.429 0.0000000000
5315  0.646  -69.488  -24.992 0.0000000000
6022  0.752  -68.793  -23.384 0.0000000000
6042  0.825  -68.370  -25.258 0.0000000000
6059  1.018  -68.135  -26.216 0.0000000000
6887  1.066  -67.607  -27.547 0.0000000000
7717  2.006  -67.481  -28.422 0.0000000000
6091  2.595  -68.937  -28.348 0.0000000000
9290  2.335  -64.808  -22.870 0.0000000000
9307  3.136  -65.436  -23.714 0.0000000000
8495  3.138  -66.900  -24.675 0.0000000000
7645  4.952  -67.218  -24.153 0.0000000000
6842  3.983  -67.665  -24.017 0.0000000000
7665  3.076  -67.289  -25.279 0.0000000000
6872  3.570  -68.691  -25.802 0.0000000000
5335  3.853  -69.614  -27.372 0.0000000000
5347  4.328  -69.508  -28.282 0.0000000000
6102  6.588  -68.647  -28.942 0.0000000000
6894  8.664  -67.648  -28.115 0.0000000000
13022  5.888  -60.077  -12.821 0.0000000000
11941  4.879  -60.967  -11.402 0.0000000000
10922  4.685  -61.871  -10.915 0.0000000000
14036  4.198  -59.624  -8.096 0.0000000000
11905  4.087  -61.393  -9.198 0.0000000000
9986  3.955  -62.860  -9.684 0.0000000000
10907  2.791  -62.800  -9.256 0.0000000000
10924  1.625  -62.722  -10.176 0.0000000000
11942  2.247  -61.999  -11.439 0.0000000000
14078  3.065  -59.724  -11.457 0.0000000000
14097  2.642  -59.876  -12.137 0.0000000000
13023  2.366  -60.762  -12.659 0.0000000000
13041  2.208  -60.805  -13.629 0.0000000000
11968  7.276  -61.420  -14.102 0.0000000000
13039  7.018  -60.371  -13.973 0.0000000000
31563  15.641  -43.784  -12.169 0.0000000000
3389  0.127  -72.956  -22.584 0.0000000000
5974  4.646  -68.079  -20.131 0.0000000000
10027  2.439  -63.230  -11.897 0.0000000000
10028  2.144  -63.605  -12.246 0.0000000000
20725  9.843  -53.299  -12.121 0.0000000000
21896  8.792  -53.213  -11.678 0.0000000000
21909  8.987  -52.767  -12.267 0.0000000000
2742  3.852  -73.608  -16.754 0.0000000000
3291  4.437  -73.400  -16.463 0.0000000000
5920  9.407  -69.198  -15.365 0.0000000000
13019  14.139  -59.889  -13.287 0.0000000000
24140  17.912  -50.995  -13.073 0.0000000000
24139  18.638  -51.037  -12.727 0.0000000000
2865  3.713  -72.802  -30.399 0.0000000000
6114  3.396  -68.742  -30.176 0.0000000000
6113  4.349  -69.277  -30.113 0.0000000000
6112  5.643  -69.247  -30.029 0.0000000000
5382  4.034  -69.363  -29.713 0.0000000000
7610  1.993  -66.489  -21.678 0.0000000000
7531  6.670  -65.170  -16.969 0.0000000000
8360  6.672  -65.015  -16.584 0.0000000000
9135  4.876  -63.951  -11.957 0.0000000000
10005  3.961  -63.520  -10.529 0.0000000000
26416  11.840  -48.686  -13.354 0.0000000000
26417  10.828  -48.624  -13.429 0.0000000000
27525  11.321  -47.705  -13.297 0.0000000000
30486  11.945  -44.847  -10.893 0.0000000000
29504  11.027  -45.145  -11.405 0.0000000000
29490  11.985  -45.085  -10.222 0.0000000000
15173  16.912  -59.210  -11.580 0.0000000000
10126  3.833  -62.947  -19.222 0.0000000000
10125  3.959  -63.308  -20.307 0.0000000000
4527  0.918  -70.282  -16.397 0.0000000000
5222  0.655  -69.539  -17.189 0.0000000000
5950  0.664  -68.999  -17.444 0.0000000000
5939  0.713  -69.211  -16.891 0.0000000000
128900  3.264  -66.487  -15.536 0.0000000000
8378  3.481  -66.080  -16.733 0.0000000000
8362  3.130  -64.917  -16.629 0.0000000000
8363  2.455  -64.697  -16.764 0.0000000000
16287  8.379  -57.120  -11.874 0.0000000000
20661  4.528  -53.463  -8.413 0.0000000000
26422  6.235  -48.501  -13.001 0.0000000000
25249  5.504  -49.328  -12.881 0.0000000000
26395  5.806  -48.599  -12.411 0.0000000000
34806  15.533  -39.852  -9.085 0.0000000000
33712  15.052  -40.443  -9.496 0.0000000000
34788  15.040  -39.752  -8.332 0.0000000000
35865  12.476  -39.112  -9.408 0.0000000000
34826  13.037  -39.526  -9.133 0.0000000000
35877  12.477  -39.443  -10.097 0.0000000000
34842  12.538  -39.851  -10.408 0.0000000000
2821  6.542  -73.949  -24.534 0.0000000000
3397  6.552  -72.833  -24.617 0.0000000000
3398  5.785  -73.165  -25.653 0.0000000000
128860  4.986  -74.852  -27.150 0.0000000000
128855  5.431  -75.394  -26.573 0.0000000000
1027  3.284  -76.392  -24.576 0.0000000000
1417  3.310  -75.731  -24.184 0.0000000000
1418  2.365  -75.486  -24.333 0.0000000000
1410  3.441  -75.189  -23.598 0.0000000000
2288  3.793  -73.848  -21.684 0.0000000000
3962  5.337  -71.816  -19.922 0.0000000000
3982  5.411  -71.502  -21.006 0.0000000000
4589  5.760  -70.794  -21.243 0.0000000000
3912  6.741  -71.947  -15.416 0.0000000000
4507  6.554  -71.917  -16.384 0.0000000000
5972  8.268  -68.393  -19.414 0.0000000000
5242  7.849  -69.035  -19.320 0.0000000000
5988  7.794  -68.125  -20.405 0.0000000000
5987  8.115  -67.449  -20.349 0.0000000000
9230  10.603  -64.120  -19.315 0.0000000000
9242  9.909  -64.536  -19.461 0.0000000000
5869  10.819  -69.510  -11.020 0.0000000000
6684  11.674  -68.583  -11.786 0.0000000000
9151  13.305  -64.569  -14.032 0.0000000000
9152  13.306  -65.198  -13.651 0.0000000000
9184  12.977  -65.078  -15.304 0.0000000000
13037  12.101  -59.467  -14.749 0.0000000000
13036  11.803  -59.440  -15.046 0.0000000000
14112  11.318  -58.886  -14.562 0.0000000000
15193  10.762  -58.080  -14.342 0.0000000000
17423  12.127  -56.398  -13.012 0.0000000000
18457  11.482  -55.880  -12.943 0.0000000000
17458  15.858  -56.621  -14.123 0.0000000000
23065  13.493  -51.611  -14.038 0.0000000000
27519  17.246  -47.858  -13.474 0.0000000000
28534  17.562  -47.075  -13.411 0.0000000000
28535  16.716  -46.994  -13.510 0.0000000000
29532  17.754  -46.546  -13.241 0.0000000000
1908  6.463  -74.531  -32.997 0.0000000000
1907  7.161  -75.171  -32.990 0.0000000000
1916  6.787  -75.017  -33.643 0.0000000000
1914  8.464  -75.171  -34.272 0.0000000000
2389  6.641  -74.366  -33.919 0.0000000000
4710  1.286  -70.205  -31.789 0.0000000000
4095  1.800  -71.058  -31.642 0.0000000000
4709  1.888  -70.026  -32.417 0.0000000000
4092  6.503  -71.520  -32.153 0.0000000000
4098  6.478  -71.846  -33.004 0.0000000000
4713  8.100  -70.805  -33.231 0.0000000000
5405  8.405  -69.926  -32.940 0.0000000000
8498  2.016  -67.070  -24.831 0.0000000000
8515  2.246  -66.773  -26.028 0.0000000000
8514  2.530  -66.980  -25.556 0.0000000000
9287  5.131  -64.928  -22.899 0.0000000000
8457  4.634  -65.823  -23.304 0.0000000000
6898  5.572  -66.787  -28.105 0.0000000000
6883  5.614  -67.567  -27.896 0.0000000000
6897  5.798  -67.390  -28.253 0.0000000000
7713  6.241  -66.907  -28.965 0.0000000000
15141  5.360  -58.223  -8.913 0.0000000000
15142  4.732  -58.452  -8.201 0.0000000000
15150  2.491  -58.946  -8.819 0.0000000000
9166  7.511  -63.334  -15.785 0.0000000000
10957  6.505  -62.092  -13.607 0.0000000000
10025  5.921  -62.859  -13.201 0.0000000000
29534  13.650  -46.006  -13.200 0.0000000000
29535  13.145  -45.991  -13.264 0.0000000000
29522  13.723  -45.428  -13.014 0.0000000000
31565  13.623  -43.681  -12.382 0.0000000000
30515  13.177  -44.441  -12.787 0.0000000000
31557  12.488  -43.917  -11.933 0.0000000000
31556  13.045  -43.436  -11.791 0.0000000000
2829  0.489  -73.653  -25.243 0.0000000000
4590  3.495  -70.257  -21.216 0.0000000000
4576  3.105  -70.395  -19.634 0.0000000000
4559  2.926  -69.948  -18.634 0.0000000000
4540  2.548  -69.847  -18.102 0.0000000000
4524  2.574  -69.746  -17.330 0.0000000000
7474  2.334  -66.092  -12.376 0.0000000000
7489  2.148  -66.014  -12.655 0.0000000000
10041  2.271  -63.928  -13.251 0.0000000000
9158  2.387  -64.753  -12.943 0.0000000000
9157  2.945  -64.568  -13.303 0.0000000000
9156  3.335  -64.284  -13.953 0.0000000000
10054  2.906  -63.758  -14.227 0.0000000000
9171  1.900  -63.933  -14.782 0.0000000000
10055  2.369  -63.542  -14.257 0.0000000000
19527  9.469  -55.072  -10.361 0.0000000000
20710  7.576  -53.270  -11.186 0.0000000000
21878  6.201  -52.957  -10.791 0.0000000000
27442  7.483  -47.260  -9.867 0.0000000000
27443  6.711  -47.678  -9.633 0.0000000000
27415  7.302  -47.061  -9.389 0.0000000000
29460  6.571  -45.795  -8.951 0.0000000000
28461  6.667  -46.463  -8.651 0.0000000000
37749  12.222  -37.553  -8.738 0.0000000000
1837  6.120  -75.705  -24.086 0.0000000000
1025  4.628  -76.443  -23.402 0.0000000000
1017  4.997  -76.352  -22.222 0.0000000000
1771  3.189  -75.137  -16.997 0.0000000000
2256  3.120  -74.652  -17.788 0.0000000000
5945  8.785  -68.730  -17.903 0.0000000000
6740  9.227  -68.073  -18.133 0.0000000000
6755  9.196  -67.592  -19.063 0.0000000000
7543  10.202  -66.931  -18.275 0.0000000000
10034  13.419  -64.083  -13.676 0.0000000000
10941  13.611  -61.373  -13.442 0.0000000000
11939  13.477  -60.341  -13.653 0.0000000000
13002  12.807  -59.351  -13.440 0.0000000000
14071  13.576  -59.016  -13.104 0.0000000000
16304  12.883  -57.701  -12.993 0.0000000000
23049  16.892  -52.204  -13.327 0.0000000000
23063  15.945  -51.761  -13.626 0.0000000000
25263  17.450  -49.263  -13.362 0.0000000000
26392  18.778  -48.942  -13.090 0.0000000000
128861  5.679  -74.890  -28.997 0.0000000000
1479  5.346  -75.645  -29.387 0.0000000000
1886  4.744  -74.429  -30.120 0.0000000000
1903  3.450  -75.028  -31.498 0.0000000000
1893  4.013  -75.054  -31.011 0.0000000000
1902  3.775  -75.251  -31.931 0.0000000000
1901  4.535  -75.157  -32.065 0.0000000000
2383  4.197  -74.466  -32.389 0.0000000000
6962  2.553  -68.414  -31.679 0.0000000000
6140  4.546  -68.990  -32.473 0.0000000000
6139  5.402  -69.303  -32.026 0.0000000000
4699  6.356  -70.643  -31.565 0.0000000000
5392  7.261  -70.446  -30.733 0.0000000000
5363  7.700  -69.480  -29.341 0.0000000000
5362  8.697  -69.716  -29.573 0.0000000000
6909  8.732  -68.210  -28.500 0.0000000000
6015  1.354  -68.575  -22.312 0.0000000000
18410  3.398  -55.818  -6.914 0.0000000000
17379  3.440  -56.604  -7.058 0.0000000000
18411  2.984  -55.825  -7.016 0.0000000000
18430  1.840  -55.832  -8.125 0.0000000000
18421  1.922  -56.204  -7.652 0.0000000000
16260  1.634  -57.063  -7.956 0.0000000000
18447  2.360  -55.960  -8.933 0.0000000000
7564  5.755  -66.676  -18.671 0.0000000000
6741  5.778  -66.706  -17.832 0.0000000000
6723  5.641  -65.941  -16.089 0.0000000000
6724  5.390  -66.342  -15.582 0.0000000000
6708  5.096  -66.436  -14.804 0.0000000000
9168  6.531  -64.311  -14.870 0.0000000000
8314  4.884  -65.261  -12.992 0.0000000000
8323  5.276  -65.461  -13.622 0.0000000000
8324  4.681  -65.857  -13.441 0.0000000000
7500  4.838  -66.225  -13.863 0.0000000000
8316  3.577  -66.084  -12.607 0.0000000000
8302  3.388  -65.512  -11.623 0.0000000000
10007  2.448  -64.461  -10.158 0.0000000000
8289  2.545  -65.283  -11.038 0.0000000000
9122  2.066  -64.939  -10.081 0.0000000000
9123  1.939  -64.451  -10.749 0.0000000000
9107  1.873  -64.388  -9.900 0.0000000000
23069  9.734  -51.426  -13.189 0.0000000000
24141  9.487  -51.328  -13.148 0.0000000000
26419  8.781  -48.412  -13.762 0.0000000000
26420  7.755  -48.369  -13.659 0.0000000000
27528  8.313  -47.202  -13.651 0.0000000000
29537  11.305  -46.086  -13.096 0.0000000000
28541  10.863  -46.807  -13.297 0.0000000000
28526  10.563  -46.275  -13.005 0.0000000000
29506  9.874  -46.036  -11.820 0.0000000000
29527  9.305  -45.819  -12.239 0.0000000000
28529  7.933  -46.488  -12.108 0.0000000000
28506  8.653  -46.043  -11.415 0.0000000000
27466  8.350  -46.760  -10.690 0.0000000000
27465  8.921  -46.695  -10.493 0.0000000000
30458  10.804  -45.466  -9.224 0.0000000000
28458  9.570  -46.175  -9.520 0.0000000000
30459  10.332  -45.277  -8.850 0.0000000000
30460  9.719  -45.055  -8.500 0.0000000000
30470  10.213  -44.655  -8.793 0.0000000000
3901  6.340  -72.783  -14.976 0.0000000000
3276  6.427  -72.856  -14.646 0.0000000000
3883  7.716  -71.697  -13.238 0.0000000000
3884  7.480  -72.123  -13.240 0.0000000000
4485  7.685  -71.250  -13.954 0.0000000000
4494  7.492  -71.101  -14.957 0.0000000000
10002  15.623  -63.396  -11.135 0.0000000000
10921  15.969  -62.945  -11.183 0.0000000000
11952  16.173  -60.942  -12.673 0.0000000000
13017  15.872  -60.480  -13.232 0.0000000000
16331  16.622  -57.706  -13.534 0.0000000000
17432  16.899  -57.301  -12.893 0.0000000000
20705  18.558  -54.054  -12.112 0.0000000000
21894  18.801  -52.896  -12.156 0.0000000000
2857  1.879  -72.426  -28.801 0.0000000000
3448  1.385  -71.909  -29.225 0.0000000000
4073  1.003  -71.218  -30.281 0.0000000000
4065  0.742  -71.135  -29.267 0.0000000000
3420  0.567  -72.478  -26.267 0.0000000000
3431  0.570  -72.129  -27.154 0.0000000000
4676  0.675  -70.289  -29.474 0.0000000000
5367  0.725  -69.629  -30.060 0.0000000000
6107  0.702  -68.912  -29.758 0.0000000000
6901  0.780  -67.799  -28.410 0.0000000000
6913  0.753  -68.109  -29.464 0.0000000000
6912  1.267  -67.743  -29.130 0.0000000000
7739  2.165  -67.411  -29.223 0.0000000000
7740  1.736  -67.578  -29.031 0.0000000000
11066  1.912  -63.168  -20.293 0.0000000000
11072  2.150  -63.144  -21.083 0.0000000000
11071  2.412  -62.598  -21.083 0.0000000000
9270  5.006  -64.165  -22.235 0.0000000000
32661  17.189  -41.777  -10.674 0.0000000000
33749  17.440  -41.459  -10.300 0.0000000000
34804  17.090  -40.411  -8.988 0.0000000000
35845  16.815  -39.859  -8.851 0.0000000000
34805  16.444  -40.017  -9.221 0.0000000000
3370  0.617  -73.064  -21.344 0.0000000000
3336  0.373  -72.231  -19.780 0.0000000000
4592  -0.147  -71.111  -20.815 0.0000000000
4579  -0.167  -71.049  -19.890 0.0000000000
3949  1.647  -71.456  -18.680 0.0000000000
3323  1.256  -71.936  -18.454 0.0000000000
3312  1.204  -71.650  -17.951 0.0000000000
4561  0.253  -70.496  -18.476 0.0000000000
3950  0.267  -71.310  -18.770 0.0000000000
4578  0.016  -70.464  -19.318 0.0000000000
5247  0.024  -70.285  -19.910 0.0000000000
5960  1.660  -68.237  -18.581 0.0000000000
5976  1.251  -68.544  -19.434 0.0000000000
5975  2.078  -67.824  -19.477 0.0000000000
6793  2.788  -67.286  -20.319 0.0000000000
6778  2.801  -67.338  -19.356 0.0000000000
128888  2.933  -68.782  -15.671 0.0000000000
5937  3.309  -68.580  -15.747 0.0000000000
5207  2.318  -69.539  -16.158 0.0000000000
6691  2.168  -67.766  -14.036 0.0000000000
128894  1.474  -67.227  -13.921 0.0000000000
5909  2.099  -67.224  -15.494 0.0000000000
6725  1.707  -68.024  -16.458 0.0000000000
6736  1.640  -68.097  -17.133 0.0000000000
8395  3.378  -65.979  -18.461 0.0000000000
8409  3.195  -65.510  -19.009 0.0000000000
8417  3.450  -65.840  -19.447 0.0000000000
8410  2.466  -65.157  -19.277 0.0000000000
9245  2.021  -64.278  -19.710 0.0000000000
10099  1.730  -63.361  -17.547 0.0000000000
10114  1.694  -63.402  -18.879 0.0000000000
11041  2.114  -62.521  -18.313 0.0000000000
12041  2.540  -62.167  -18.746 0.0000000000
11040  2.909  -61.992  -18.175 0.0000000000
15196  7.416  -58.689  -13.563 0.0000000000
16289  6.988  -57.730  -10.614 0.0000000000
15148  6.287  -58.352  -9.999 0.0000000000
17398  7.529  -56.476  -9.951 0.0000000000
18429  5.661  -55.666  -8.927 0.0000000000
18417  4.928  -55.642  -7.923 0.0000000000
19504  4.524  -54.607  -7.779 0.0000000000
20651  3.490  -53.265  -7.507 0.0000000000
21828  2.248  -52.129  -7.422 0.0000000000
24143  8.189  -51.116  -13.141 0.0000000000
21911  7.400  -51.971  -12.264 0.0000000000
23053  7.306  -51.605  -12.881 0.0000000000
24133  5.066  -50.687  -12.338 0.0000000000
23040  5.378  -51.534  -11.803 0.0000000000
23041  4.809  -51.194  -11.220 0.0000000000
26344  6.070  -48.167  -9.781 0.0000000000
26345  5.091  -48.591  -9.440 0.0000000000
25215  3.740  -49.636  -8.762 0.0000000000
25214  4.189  -49.520  -9.610 0.0000000000
23009  4.049  -50.936  -8.969 0.0000000000
24095  3.472  -50.516  -8.400 0.0000000000
24074  2.941  -50.379  -7.725 0.0000000000
32662  16.064  -41.732  -11.089 0.0000000000
32642  15.320  -41.345  -10.768 0.0000000000
32664  14.305  -42.179  -11.094 0.0000000000
31530  13.769  -42.481  -10.138 0.0000000000
34790  13.822  -39.585  -7.990 0.0000000000
34808  13.617  -40.060  -8.730 0.0000000000
33715  13.004  -41.232  -9.064 0.0000000000
32628  12.846  -41.984  -9.033 0.0000000000
32644  13.206  -42.494  -9.325 0.0000000000
32645  12.394  -42.650  -9.315 0.0000000000
32646  11.508  -42.691  -9.629 0.0000000000
32665  11.176  -42.347  -10.349 0.0000000000
4026  6.667  -71.670  -25.003 0.0000000000
4034  6.343  -71.400  -26.120 0.0000000000
128875  4.986  -72.715  -26.707 0.0000000000
128872  5.065  -71.946  -27.033 0.0000000000
1846  2.392  -74.961  -26.574 0.0000000000
1856  1.658  -74.631  -26.620 0.0000000000
1424  5.493  -76.215  -24.806 0.0000000000
1433  4.495  -76.230  -26.183 0.0000000000
1043  4.149  -76.597  -25.542 0.0000000000
1046  2.476  -76.659  -25.271 0.0000000000
1435  2.310  -76.855  -25.758 0.0000000000
1446  1.358  -76.050  -26.231 0.0000000000
1437  0.915  -75.820  -25.357 0.0000000000
1843  0.722  -75.009  -25.288 0.0000000000
1834  1.387  -75.264  -23.894 0.0000000000
1828  1.237  -74.785  -23.464 0.0000000000
1791  3.560  -75.274  -18.703 0.0000000000
1790  3.887  -75.600  -18.972 0.0000000000
1811  3.863  -75.010  -20.763 0.0000000000
1819  3.879  -74.885  -21.560 0.0000000000
3355  3.956  -73.081  -20.614 0.0000000000
2788  3.952  -73.498  -21.458 0.0000000000
3354  4.442  -72.913  -21.365 0.0000000000
3375  4.300  -72.188  -23.005 0.0000000000
3386  4.029  -71.852  -23.345 0.0000000000
3376  3.778  -72.088  -23.153 0.0000000000
4003  3.814  -71.479  -23.025 0.0000000000
4601  3.701  -70.687  -22.394 0.0000000000
4615  4.096  -70.640  -22.837 0.0000000000
5292  4.825  -69.670  -22.673 0.0000000000
6007  5.193  -68.761  -21.888 0.0000000000
3290  5.326  -73.484  -15.897 0.0000000000
3925  5.694  -72.574  -17.078 0.0000000000
4558  6.395  -71.058  -18.814 0.0000000000
5204  7.356  -70.488  -16.878 0.0000000000
5243  7.307  -69.719  -19.564 0.0000000000
4588  6.072  -70.090  -21.015 0.0000000000
6802  6.676  -67.782  -21.314 0.0000000000
6005  6.641  -68.549  -21.433 0.0000000000
6790  5.855  -67.564  -21.149 0.0000000000
7576  7.435  -66.077  -19.975 0.0000000000
8393  7.947  -65.127  -18.942 0.0000000000
9244  8.965  -64.801  -19.289 0.0000000000
9232  8.814  -64.542  -18.972 0.0000000000
8376  8.180  -64.623  -18.460 0.0000000000
9203  7.982  -63.879  -17.297 0.0000000000
10095  8.877  -63.479  -17.772 0.0000000000
10084  8.976  -62.754  -16.888 0.0000000000
10992  8.882  -62.178  -16.467 0.0000000000
10993  8.410  -62.030  -15.808 0.0000000000
5898  9.985  -69.607  -12.996 0.0000000000
5901  10.482  -69.304  -13.791 0.0000000000
7484  12.572  -67.137  -12.723 0.0000000000
7498  12.321  -67.429  -13.197 0.0000000000
7523  12.372  -66.572  -14.894 0.0000000000
7512  11.358  -67.584  -14.875 0.0000000000
8356  12.204  -65.336  -17.015 0.0000000000
8357  11.942  -66.063  -16.649 0.0000000000
8374  11.821  -65.130  -17.829 0.0000000000
10971  13.404  -62.710  -14.830 0.0000000000
10990  13.219  -62.548  -15.856 0.0000000000
11004  12.900  -62.603  -16.668 0.0000000000
11005  12.130  -62.146  -17.232 0.0000000000
11020  11.376  -62.062  -17.717 0.0000000000
12030  10.949  -61.619  -17.627 0.0000000000
12018  10.883  -61.013  -17.223 0.0000000000
14149  9.975  -59.646  -15.757 0.0000000000
13090  10.463  -60.613  -16.672 0.0000000000
14150  9.043  -59.939  -15.508 0.0000000000
14133  9.328  -59.248  -15.163 0.0000000000
15228  8.749  -58.869  -14.676 0.0000000000
16306  8.954  -57.061  -12.515 0.0000000000
16284  10.865  -56.391  -12.910 0.0000000000
15159  10.958  -56.981  -12.998 0.0000000000
16266  10.416  -56.057  -12.768 0.0000000000
16267  10.019  -56.038  -12.640 0.0000000000
17395  9.633  -55.753  -12.012 0.0000000000
18441  9.907  -55.387  -12.295 0.0000000000
19561  10.735  -54.899  -12.593 0.0000000000
19542  10.167  -54.846  -12.203 0.0000000000
19579  10.659  -54.405  -12.481 0.0000000000
14109  15.374  -59.192  -13.826 0.0000000000
14090  14.716  -59.273  -13.618 0.0000000000
14129  15.325  -58.574  -14.080 0.0000000000
16349  14.291  -57.375  -14.263 0.0000000000
16332  14.452  -57.847  -14.022 0.0000000000
19602  14.860  -55.212  -14.516 0.0000000000
19591  14.758  -54.637  -14.494 0.0000000000
19604  13.161  -54.701  -14.527 0.0000000000
19605  12.658  -55.097  -14.194 0.0000000000
20735  11.558  -53.526  -13.636 0.0000000000
20736  10.885  -53.314  -13.287 0.0000000000
21919  11.067  -52.582  -13.575 0.0000000000
23068  10.309  -51.742  -13.354 0.0000000000
24157  12.915  -50.598  -14.103 0.0000000000
25268  12.348  -49.610  -13.873 0.0000000000
27522  14.347  -47.626  -13.781 0.0000000000
28523  15.270  -46.090  -13.149 0.0000000000
30511  17.341  -44.611  -12.489 0.0000000000
25235  19.458  -49.892  -12.556 0.0000000000
27483  20.496  -47.499  -12.505 0.0000000000
27503  19.327  -47.751  -13.157 0.0000000000
29516  20.031  -45.612  -12.758 0.0000000000
30509  19.322  -44.987  -12.667 0.0000000000
30498  18.957  -44.364  -12.151 0.0000000000
31551  18.438  -43.487  -11.639 0.0000000000
1086  6.789  -76.249  -30.005 0.0000000000
1085  7.538  -76.591  -29.645 0.0000000000
1090  7.165  -76.114  -30.477 0.0000000000
1912  10.035  -74.465  -34.230 0.0000000000
2384  11.248  -73.360  -34.017 0.0000000000
2898  10.168  -73.048  -34.618 0.0000000000
2878  2.933  -72.864  -31.188 0.0000000000
3472  2.830  -72.631  -32.322 0.0000000000
3477  3.759  -72.599  -33.200 0.0000000000
2893  4.022  -73.554  -32.762 0.0000000000
2904  4.294  -72.740  -33.507 0.0000000000
6170  3.245  -68.975  -34.007 0.0000000000
4726  2.482  -69.884  -33.832 0.0000000000
4724  3.823  -70.495  -34.223 0.0000000000
3486  5.775  -72.691  -33.572 0.0000000000
2901  7.212  -73.464  -34.125 0.0000000000
4115  8.399  -71.118  -34.598 0.0000000000
3493  8.401  -72.097  -34.743 0.0000000000
4114  8.958  -70.947  -35.067 0.0000000000
3491  9.919  -71.697  -35.087 0.0000000000
4113  9.674  -70.793  -35.204 0.0000000000
6123  9.296  -69.085  -31.726 0.0000000000
6137  8.986  -69.078  -32.520 0.0000000000
6960  9.345  -68.227  -32.586 0.0000000000
3379  0.028  -72.159  -22.250 0.0000000000
4005  0.092  -71.472  -22.764 0.0000000000
6827  0.852  -68.199  -23.775 0.0000000000
6875  1.308  -67.573  -26.594 0.0000000000
7695  1.974  -67.351  -27.476 0.0000000000
7694  2.260  -67.753  -27.807 0.0000000000
6899  2.563  -68.073  -28.387 0.0000000000
10159  2.628  -63.696  -22.597 0.0000000000
9291  2.197  -64.568  -22.355 0.0000000000
9289  2.908  -64.387  -23.389 0.0000000000
8477  3.261  -66.360  -24.143 0.0000000000
8478  2.762  -66.382  -24.174 0.0000000000
7644  5.429  -66.564  -24.410 0.0000000000
7662  5.345  -66.707  -25.679 0.0000000000
6841  4.453  -67.573  -24.542 0.0000000000
7664  3.494  -67.243  -24.452 0.0000000000
6860  3.736  -68.145  -25.168 0.0000000000
6861  3.226  -67.761  -25.816 0.0000000000
6040  4.201  -68.657  -25.734 0.0000000000
6072  5.202  -68.366  -27.478 0.0000000000
5324  4.455  -69.136  -26.876 0.0000000000
5334  4.554  -69.179  -27.344 0.0000000000
6089  5.130  -69.021  -28.237 0.0000000000
6103  5.784  -69.008  -29.000 0.0000000000
6895  7.629  -67.461  -28.106 0.0000000000
7710  9.501  -66.834  -27.820 0.0000000000
14077  6.123  -59.098  -12.322 0.0000000000
13005  5.034  -60.318  -11.272 0.0000000000
11920  4.847  -61.325  -10.118 0.0000000000
14018  3.667  -59.075  -7.573 0.0000000000
11897  3.716  -60.940  -8.616 0.0000000000
11906  3.472  -61.795  -9.134 0.0000000000
10905  4.046  -62.179  -9.598 0.0000000000
10906  3.534  -62.380  -9.323 0.0000000000
9987  3.243  -63.305  -9.679 0.0000000000
10900  2.744  -62.019  -9.256 0.0000000000
12974  2.195  -60.973  -9.552 0.0000000000
11907  1.885  -61.776  -9.843 0.0000000000
11922  1.957  -61.874  -10.644 0.0000000000
10973  7.875  -62.333  -15.010 0.0000000000
10955  7.608  -62.719  -14.558 0.0000000000
10974  7.612  -61.916  -14.475 0.0000000000
29521  14.741  -45.329  -12.842 0.0000000000
31564  14.640  -43.631  -12.349 0.0000000000
5235  3.679  -68.841  -19.233 0.0000000000
5220  3.519  -68.772  -18.248 0.0000000000
8317  2.089  -65.260  -12.636 0.0000000000
20688  8.938  -54.080  -10.977 0.0000000000
20709  8.514  -53.511  -11.274 0.0000000000
29458  8.532  -45.824  -8.906 0.0000000000
28460  7.663  -46.525  -9.037 0.0000000000
2242  3.003  -74.513  -16.887 0.0000000000
11938  13.699  -60.415  -13.324 0.0000000000
21906  17.530  -52.881  -12.831 0.0000000000
24153  17.162  -50.860  -13.455 0.0000000000
2359  4.949  -73.450  -30.167 0.0000000000
2370  3.436  -74.050  -31.109 0.0000000000
6945  2.735  -68.232  -31.184 0.0000000000
6961  2.884  -68.479  -31.562 0.0000000000
6126  3.159  -68.457  -31.167 0.0000000000
5381  6.001  -69.326  -30.781 0.0000000000
5364  7.028  -68.933  -29.463 0.0000000000
6804  2.152  -67.411  -21.187 0.0000000000
19506  2.620  -54.132  -7.414 0.0000000000
19516  1.853  -54.490  -7.896 0.0000000000
7545  6.108  -65.983  -17.692 0.0000000000
7532  6.214  -65.581  -16.647 0.0000000000
7526  5.913  -65.483  -15.714 0.0000000000
9144  5.826  -63.889  -13.330 0.0000000000
9145  5.024  -64.702  -12.690 0.0000000000
9146  4.554  -65.062  -12.245 0.0000000000
8301  4.086  -65.436  -11.799 0.0000000000
10006  2.849  -63.850  -10.487 0.0000000000
25270  10.280  -49.607  -13.553 0.0000000000
26418  9.819  -48.517  -13.534 0.0000000000
30517  11.255  -44.893  -12.240 0.0000000000
29525  10.865  -45.558  -12.580 0.0000000000
30518  10.790  -45.103  -12.098 0.0000000000
29505  10.566  -45.555  -11.637 0.0000000000
28491  10.405  -45.959  -10.864 0.0000000000
28492  9.444  -46.322  -10.554 0.0000000000
28475  11.011  -46.047  -10.465 0.0000000000
29473  11.199  -45.533  -9.718 0.0000000000
5157  8.770  -70.535  -13.179 0.0000000000
11919  16.364  -61.379  -11.168 0.0000000000
11918  16.497  -60.824  -11.545 0.0000000000
14089  16.761  -59.698  -12.260 0.0000000000
2343  1.527  -73.703  -27.688 0.0000000000
4051  0.610  -71.261  -27.566 0.0000000000
12058  2.444  -62.286  -19.955 0.0000000000
128925  3.109  -62.329  -20.447 0.0000000000
33729  18.327  -41.206  -10.084 0.0000000000
33730  17.297  -41.153  -9.843 0.0000000000
3357  1.718  -72.928  -21.041 0.0000000000
3937  1.302  -71.139  -17.701 0.0000000000
3927  0.936  -70.750  -17.203 0.0000000000
5237  0.523  -69.607  -18.000 0.0000000000
5936  3.883  -68.386  -16.233 0.0000000000
128893  3.359  -68.201  -15.501 0.0000000000
128897  2.670  -66.061  -14.451 0.0000000000
128899  2.725  -66.574  -15.007 0.0000000000
7546  3.249  -66.684  -16.606 0.0000000000
8379  3.380  -65.794  -17.301 0.0000000000
10997  3.139  -62.403  -15.700 0.0000000000
15162  7.768  -57.679  -11.803 0.0000000000
19530  6.548  -54.429  -9.667 0.0000000000
19531  5.878  -54.456  -9.443 0.0000000000
19514  5.381  -54.641  -9.112 0.0000000000
19515  4.941  -54.337  -8.495 0.0000000000
20662  3.936  -52.843  -7.927 0.0000000000
21826  3.648  -52.240  -7.686 0.0000000000
24163  6.432  -50.152  -13.383 0.0000000000
23071  6.315  -50.728  -13.253 0.0000000000
24145  5.527  -50.341  -13.064 0.0000000000
25237  4.948  -49.722  -12.149 0.0000000000
25238  4.661  -49.894  -11.427 0.0000000000
33733  14.615  -40.861  -9.853 0.0000000000
33713  14.179  -40.804  -9.338 0.0000000000
35848  12.976  -39.300  -8.598 0.0000000000
34828  12.137  -40.945  -9.814 0.0000000000
128870  4.305  -73.937  -26.972 0.0000000000
128864  4.431  -74.864  -27.122 0.0000000000
128867  3.348  -75.420  -26.760 0.0000000000
1035  3.463  -76.714  -24.943 0.0000000000
1037  2.667  -76.500  -24.928 0.0000000000
1427  1.600  -75.707  -24.649 0.0000000000
1833  2.208  -75.110  -23.886 0.0000000000
1390  4.813  -75.707  -20.025 0.0000000000
2304  3.511  -73.877  -23.156 0.0000000000
4001  4.983  -70.778  -22.397 0.0000000000
4614  4.602  -70.378  -22.701 0.0000000000
4599  5.949  -69.857  -21.593 0.0000000000
6004  7.204  -68.151  -21.167 0.0000000000
6801  7.299  -67.601  -21.062 0.0000000000
7587  7.781  -66.478  -20.430 0.0000000000
7575  8.386  -66.125  -20.213 0.0000000000
7561  10.018  -66.226  -19.278 0.0000000000
8405  9.776  -65.291  -19.557 0.0000000000
9231  9.442  -63.869  -18.878 0.0000000000
10109  9.597  -63.467  -18.602 0.0000000000
11022  9.965  -62.570  -17.918 0.0000000000
5155  9.959  -69.660  -12.273 0.0000000000
5139  10.401  -69.587  -11.590 0.0000000000
9119  13.275  -65.683  -10.963 0.0000000000
10024  13.455  -64.837  -12.879 0.0000000000
9143  13.371  -65.431  -12.927 0.0000000000
7510  12.647  -66.594  -14.167 0.0000000000
8344  11.885  -66.413  -16.165 0.0000000000
12001  12.256  -60.686  -15.944 0.0000000000
13072  11.537  -60.358  -16.302 0.0000000000
13089  11.166  -60.497  -16.710 0.0000000000
13055  10.695  -59.661  -15.588 0.0000000000
15209  10.231  -58.255  -14.684 0.0000000000
14093  10.810  -57.599  -13.634 0.0000000000
15157  11.965  -57.411  -12.949 0.0000000000
16283  11.802  -57.056  -12.970 0.0000000000
17410  10.749  -55.839  -12.825 0.0000000000
18473  11.192  -55.480  -12.883 0.0000000000
19560  11.320  -55.267  -12.875 0.0000000000
15225  15.525  -58.094  -14.304 0.0000000000
20745  14.404  -54.401  -14.606 0.0000000000
26412  16.025  -48.706  -13.711 0.0000000000
28536  15.782  -46.910  -13.452 0.0000000000
31539  21.030  -44.040  -11.558 0.0000000000
31549  20.314  -44.161  -11.835 0.0000000000
31540  20.029  -43.478  -11.602 0.0000000000
32659  19.568  -42.754  -11.166 0.0000000000
1502  6.555  -75.219  -31.674 0.0000000000
1501  7.336  -75.411  -31.666 0.0000000000
1897  7.780  -75.222  -32.364 0.0000000000
1896  8.663  -75.074  -32.305 0.0000000000
1905  9.176  -75.276  -33.480 0.0000000000
1913  9.434  -74.819  -34.272 0.0000000000
2387  8.811  -74.147  -34.490 0.0000000000
3463  2.105  -71.483  -31.196 0.0000000000
2889  2.399  -71.911  -31.563 0.0000000000
3474  2.048  -71.578  -31.823 0.0000000000
3479  2.612  -71.342  -32.806 0.0000000000
4715  5.107  -70.485  -33.542 0.0000000000
4723  4.791  -70.646  -34.078 0.0000000000
4722  5.252  -71.022  -33.468 0.0000000000
4106  6.613  -72.317  -33.385 0.0000000000
4732  8.742  -70.202  -34.965 0.0000000000
4737  9.029  -69.807  -35.070 0.0000000000
5420  8.613  -69.459  -34.529 0.0000000000
6179  8.439  -68.719  -34.132 0.0000000000
6985  8.705  -68.470  -33.869 0.0000000000
6959  9.435  -67.659  -32.046 0.0000000000
4616  0.164  -70.704  -22.280 0.0000000000
5303  0.550  -69.616  -23.130 0.0000000000
6843  1.290  -67.543  -23.783 0.0000000000
7648  1.583  -67.233  -24.737 0.0000000000
6862  1.562  -67.084  -25.993 0.0000000000
6874  1.690  -67.113  -26.451 0.0000000000
7627  4.298  -66.590  -23.530 0.0000000000
7679  5.472  -66.296  -26.288 0.0000000000
7680  5.435  -66.711  -26.775 0.0000000000
14043  5.922  -58.979  -10.283 0.0000000000
14055  5.473  -59.458  -10.468 0.0000000000
14044  5.234  -59.643  -9.709 0.0000000000
14045  4.735  -59.682  -8.940 0.0000000000
15125  2.418  -58.754  -7.768 0.0000000000
14019  3.136  -59.587  -7.792 0.0000000000
14020  2.310  -59.726  -7.941 0.0000000000
12968  2.732  -60.361  -8.510 0.0000000000
11899  2.653  -61.284  -9.144 0.0000000000
12969  2.441  -60.755  -9.092 0.0000000000
14047  2.390  -60.450  -9.570 0.0000000000
14057  2.499  -60.313  -10.395 0.0000000000
8345  7.511  -64.310  -16.840 0.0000000000
8346  6.951  -64.658  -16.393 0.0000000000
9186  7.078  -63.985  -16.244 0.0000000000
9167  6.845  -63.746  -15.412 0.0000000000
9153  6.813  -63.635  -14.612 0.0000000000
10037  7.333  -63.035  -14.448 0.0000000000
10016  5.055  -63.058  -11.818 0.0000000000
29536  12.204  -46.030  -13.120 0.0000000000
30516  12.231  -44.501  -12.309 0.0000000000
30500  12.194  -44.329  -11.417 0.0000000000
2835  0.567  -73.310  -26.029 0.0000000000
4560  2.492  -70.465  -18.806 0.0000000000
3936  1.683  -70.683  -17.826 0.0000000000
4542  1.566  -70.328  -17.430 0.0000000000
4526  1.381  -70.198  -16.747 0.0000000000
8336  2.202  -65.887  -14.078 0.0000000000
8326  3.207  -65.294  -13.942 0.0000000000
8325  3.332  -64.765  -14.472 0.0000000000
9188  2.758  -64.382  -15.178 0.0000000000
9206  2.285  -64.335  -16.019 0.0000000000
9189  1.959  -64.210  -15.130 0.0000000000
12007  3.033  -61.847  -15.153 0.0000000000
13076  3.208  -61.164  -15.615 0.0000000000
17396  9.361  -56.102  -11.095 0.0000000000
17397  8.558  -56.324  -10.451 0.0000000000
19545  8.768  -54.514  -10.424 0.0000000000
19546  7.874  -54.373  -10.086 0.0000000000
19547  7.222  -54.306  -9.868 0.0000000000
20673  6.367  -53.915  -9.748 0.0000000000
21858  5.412  -52.792  -9.934 0.0000000000
26378  6.857  -47.635  -11.080 0.0000000000
26379  6.033  -48.127  -11.400 0.0000000000
26366  6.510  -48.013  -10.351 0.0000000000
26343  6.464  -48.024  -9.879 0.0000000000
27444  5.903  -47.760  -9.077 0.0000000000
36765  15.216  -38.428  -8.085 0.0000000000
35827  14.855  -39.186  -7.839 0.0000000000
36766  14.552  -38.322  -7.566 0.0000000000
35828  14.076  -39.154  -7.598 0.0000000000
36767  13.713  -38.305  -7.634 0.0000000000
37733  13.373  -37.614  -7.780 0.0000000000
36768  12.981  -38.255  -7.944 0.0000000000
36787  12.459  -38.202  -8.515 0.0000000000
36802  12.220  -38.503  -9.015 0.0000000000
36788  12.065  -37.961  -8.994 0.0000000000
1415  5.486  -76.309  -23.605 0.0000000000
1033  5.195  -76.602  -23.923 0.0000000000
2269  3.058  -74.853  -18.823 0.0000000000
3333  3.827  -73.102  -19.852 0.0000000000
3963  4.926  -72.289  -19.675 0.0000000000
4505  7.311  -71.137  -15.496 0.0000000000
5203  7.829  -70.059  -16.971 0.0000000000
5934  8.202  -69.574  -17.169 0.0000000000
5218  7.947  -69.719  -17.742 0.0000000000
5957  8.340  -68.841  -18.606 0.0000000000
6754  9.672  -66.976  -19.127 0.0000000000
8391  10.480  -65.600  -19.210 0.0000000000
10003  14.775  -64.031  -10.850 0.0000000000
10050  13.358  -63.772  -14.422 0.0000000000
9164  13.182  -64.432  -14.839 0.0000000000
11967  12.961  -60.481  -14.604 0.0000000000
13003  12.027  -59.003  -13.618 0.0000000000
13021  11.909  -59.056  -14.155 0.0000000000
15175  12.337  -57.817  -12.919 0.0000000000
17422  12.667  -57.052  -13.079 0.0000000000
18512  15.359  -55.823  -14.372 0.0000000000
27504  18.162  -47.890  -13.375 0.0000000000
1083  5.632  -76.077  -29.774 0.0000000000
1488  5.818  -75.738  -30.501 0.0000000000
1490  4.801  -75.412  -30.353 0.0000000000
1498  4.683  -75.273  -31.200 0.0000000000
1497  5.428  -75.382  -31.039 0.0000000000
1503  5.711  -75.126  -31.562 0.0000000000
1909  5.542  -74.396  -32.534 0.0000000000
2381  5.793  -74.001  -33.005 0.0000000000
6145  -0.006  -68.926  -32.110 0.0000000000
5401  1.362  -69.379  -32.117 0.0000000000
6143  1.726  -68.766  -32.206 0.0000000000
6158  2.256  -68.892  -32.855 0.0000000000
6156  3.649  -68.924  -33.304 0.0000000000
6141  3.239  -68.626  -32.188 0.0000000000
6155  4.288  -69.302  -33.454 0.0000000000
4714  5.389  -70.751  -32.876 0.0000000000
4707  6.500  -71.092  -31.635 0.0000000000
4082  7.477  -71.652  -31.742 0.0000000000
4706  8.286  -71.011  -32.083 0.0000000000
4697  7.609  -71.120  -31.232 0.0000000000
5391  8.348  -70.452  -31.126 0.0000000000
6110  9.348  -69.458  -31.057 0.0000000000
5361  9.271  -69.701  -29.973 0.0000000000
6109  9.442  -69.332  -30.428 0.0000000000
6927  9.683  -68.348  -30.444 0.0000000000
7757  10.518  -66.520  -29.535 0.0000000000
6016  0.751  -69.234  -22.504 0.0000000000
7737  6.004  -66.179  -29.504 0.0000000000
16247  4.771  -57.152  -7.723 0.0000000000
16258  4.653  -57.942  -7.776 0.0000000000
16248  4.423  -57.381  -7.528 0.0000000000
16249  3.512  -57.406  -7.224 0.0000000000
16250  2.560  -57.485  -7.519 0.0000000000
17373  2.783  -56.274  -7.234 0.0000000000
16237  2.661  -56.761  -7.341 0.0000000000
16259  1.842  -57.986  -8.098 0.0000000000
7513  5.742  -65.571  -15.216 0.0000000000
8322  5.898  -64.969  -13.952 0.0000000000
8335  5.596  -65.700  -14.360 0.0000000000
7514  5.513  -65.875  -14.916 0.0000000000
6698  5.014  -66.414  -14.267 0.0000000000
7501  4.401  -66.582  -13.815 0.0000000000
7473  2.915  -66.159  -12.519 0.0000000000
10019  1.888  -63.721  -11.345 0.0000000000
10936  2.306  -62.954  -11.538 0.0000000000
24142  9.008  -51.216  -13.083 0.0000000000
25273  7.149  -49.323  -13.654 0.0000000000
26421  6.839  -48.373  -13.398 0.0000000000
28527  10.175  -46.418  -12.960 0.0000000000
28543  9.112  -46.529  -13.571 0.0000000000
27505  7.781  -46.752  -12.923 0.0000000000
27506  7.336  -47.011  -12.413 0.0000000000
27467  7.447  -47.206  -10.500 0.0000000000
27441  8.278  -47.083  -10.064 0.0000000000
28477  9.624  -46.502  -9.948 0.0000000000
28478  8.982  -46.878  -9.680 0.0000000000
28459  8.732  -46.327  -9.274 0.0000000000
29475  9.150  -45.263  -8.798 0.0000000000
31535  9.470  -43.618  -9.610 0.0000000000
3289  5.820  -73.165  -15.468 0.0000000000
3255  7.311  -72.610  -13.242 0.0000000000
3266  6.699  -72.962  -14.034 0.0000000000
4495  7.068  -71.566  -15.180 0.0000000000
10013  15.195  -62.804  -11.771 0.0000000000
10929  16.145  -62.076  -11.516 0.0000000000
13018  14.984  -60.034  -13.328 0.0000000000
13034  15.625  -59.835  -13.560 0.0000000000
14108  16.027  -59.461  -13.847 0.0000000000
14107  16.476  -59.449  -13.192 0.0000000000
14127  16.276  -58.913  -13.836 0.0000000000
15224  16.244  -58.138  -14.190 0.0000000000
16346  16.326  -57.257  -14.133 0.0000000000
17445  16.371  -56.511  -13.662 0.0000000000
17433  16.851  -56.613  -13.145 0.0000000000
20721  17.937  -53.524  -12.522 0.0000000000
4700  0.971  -70.288  -30.996 0.0000000000
4059  0.580  -71.126  -28.418 0.0000000000
5395  -0.031  -69.306  -31.562 0.0000000000
6127  0.166  -68.634  -31.502 0.0000000000
6948  0.884  -68.177  -31.270 0.0000000000
6947  1.636  -67.882  -31.098 0.0000000000
6930  1.337  -67.816  -30.130 0.0000000000
6929  2.164  -67.334  -30.211 0.0000000000
6910  3.159  -68.064  -29.794 0.0000000000
6105  3.110  -68.487  -29.206 0.0000000000
9252  2.259  -64.828  -20.649 0.0000000000
9258  2.207  -64.927  -21.158 0.0000000000
10140  2.181  -63.976  -21.264 0.0000000000
10149  2.308  -63.652  -22.092 0.0000000000
11090  2.722  -63.043  -22.505 0.0000000000
128930  3.224  -62.601  -21.484 0.0000000000
10148  3.259  -62.873  -22.223 0.0000000000
32674  16.745  -42.354  -11.611 0.0000000000
33731  16.446  -40.773  -10.071 0.0000000000
3995  -0.105  -71.629  -21.395 0.0000000000
4603  -0.120  -71.019  -21.506 0.0000000000
4591  0.101  -70.581  -21.148 0.0000000000
3966  1.676  -71.925  -19.360 0.0000000000
3967  0.248  -71.716  -19.279 0.0000000000
3313  0.996  -71.913  -17.866 0.0000000000
3951  -0.011  -71.362  -19.356 0.0000000000
5205  3.478  -68.838  -17.187 0.0000000000
4508  1.858  -69.713  -16.170 0.0000000000
4510  1.041  -69.968  -15.813 0.0000000000
128887  1.948  -68.003  -14.925 0.0000000000
128891  1.661  -67.114  -14.699 0.0000000000
5180  2.023  -68.331  -15.319 0.0000000000
5192  1.250  -69.317  -15.907 0.0000000000
5208  0.939  -69.025  -16.126 0.0000000000
5938  1.036  -68.722  -16.717 0.0000000000
6744  1.922  -67.712  -17.864 0.0000000000
6743  2.408  -67.246  -18.165 0.0000000000
6758  2.794  -67.083  -18.661 0.0000000000
6792  3.354  -66.829  -19.762 0.0000000000
10128  1.813  -63.672  -20.105 0.0000000000
11056  1.626  -63.231  -19.954 0.0000000000
11055  1.866  -62.783  -19.608 0.0000000000
12057  2.871  -62.083  -19.239 0.0000000000
11054  3.183  -62.262  -18.733 0.0000000000
11012  2.487  -62.656  -16.429 0.0000000000
11027  2.605  -62.399  -17.245 0.0000000000
14135  7.443  -59.904  -14.450 0.0000000000
14094  6.989  -59.252  -13.365 0.0000000000
14076  6.924  -59.005  -12.866 0.0000000000
15181  6.362  -58.606  -11.751 0.0000000000
15140  6.071  -58.139  -9.432 0.0000000000
17399  6.669  -56.512  -9.577 0.0000000000
17385  5.932  -56.768  -9.074 0.0000000000
17377  4.681  -56.619  -7.607 0.0000000000
18418  4.038  -55.628  -6.994 0.0000000000
19507  2.146  -53.430  -7.333 0.0000000000
21910  7.948  -52.127  -12.195 0.0000000000
21898  7.213  -52.355  -11.761 0.0000000000
23054  6.080  -51.206  -12.961 0.0000000000
23039  6.512  -51.877  -12.235 0.0000000000
21899  6.137  -52.361  -11.436 0.0000000000
21879  5.524  -52.461  -10.740 0.0000000000
21880  5.220  -52.292  -10.218 0.0000000000
21859  5.016  -52.253  -9.652 0.0000000000
25228  4.829  -49.322  -11.165 0.0000000000
25229  4.378  -49.979  -10.726 0.0000000000
24113  4.311  -50.709  -9.866 0.0000000000
23008  4.452  -51.654  -9.282 0.0000000000
22979  4.302  -52.017  -8.694 0.0000000000
22953  2.677  -51.274  -7.579 0.0000000000
22954  2.160  -51.274  -7.893 0.0000000000
32676  14.717  -42.196  -11.642 0.0000000000
31543  13.133  -43.335  -10.837 0.0000000000
30484  13.051  -43.949  -10.111 0.0000000000
32626  13.825  -41.368  -9.355 0.0000000000
30467  12.913  -43.778  -9.734 0.0000000000
30468  12.202  -44.475  -9.706 0.0000000000
31534  10.530  -43.777  -9.187 0.0000000000
128862  6.508  -74.297  -28.564 0.0000000000
128857  5.339  -73.796  -29.560 0.0000000000
128876  5.289  -73.109  -29.825 0.0000000000
4651  7.243  -71.056  -26.699 0.0000000000
128865  6.139  -71.419  -27.855 0.0000000000
128874  5.546  -71.801  -26.803 0.0000000000
128871  5.959  -71.600  -27.138 0.0000000000
2342  2.186  -73.755  -27.683 0.0000000000
2332  1.712  -74.194  -27.133 0.0000000000
1444  3.222  -75.940  -26.607 0.0000000000
1044  3.695  -76.856  -25.670 0.0000000000
1055  3.018  -77.048  -26.283 0.0000000000
1847  1.616  -75.347  -26.345 0.0000000000
2317  0.576  -74.768  -24.595 0.0000000000
2810  0.441  -73.857  -22.109 0.0000000000
1409  3.699  -75.633  -23.035 0.0000000000
1381  4.376  -75.752  -19.457 0.0000000000
1391  4.259  -75.413  -20.444 0.0000000000
2804  1.023  -73.602  -21.611 0.0000000000
2791  1.456  -73.316  -21.459 0.0000000000
2801  4.039  -73.374  -22.506 0.0000000000
3367  4.381  -72.815  -22.410 0.0000000000
3994  3.371  -71.718  -22.374 0.0000000000
3984  3.333  -71.166  -21.824 0.0000000000
5260  3.851  -69.353  -21.379 0.0000000000
5293  4.310  -69.945  -22.592 0.0000000000
5278  3.899  -69.853  -22.149 0.0000000000
5259  4.209  -68.683  -20.886 0.0000000000
6776  5.231  -67.736  -20.637 0.0000000000
4522  7.018  -70.976  -16.908 0.0000000000
4539  6.694  -71.035  -17.725 0.0000000000
6006  5.783  -68.456  -21.679 0.0000000000
5990  5.552  -68.085  -21.317 0.0000000000
5973  4.961  -67.538  -20.043 0.0000000000
6775  5.386  -66.946  -20.016 0.0000000000
7578  5.787  -66.652  -19.164 0.0000000000
8406  8.758  -65.156  -19.537 0.0000000000
10072  8.288  -62.795  -16.162 0.0000000000
11983  8.290  -61.420  -15.392 0.0000000000
13056  8.130  -60.614  -15.126 0.0000000000
5156  9.326  -70.057  -12.680 0.0000000000
5907  9.918  -69.169  -14.787 0.0000000000
8300  12.951  -66.457  -11.423 0.0000000000
7472  12.287  -67.821  -11.655 0.0000000000
6688  11.997  -68.212  -12.190 0.0000000000
8389  11.690  -64.732  -18.211 0.0000000000
9229  11.502  -64.132  -18.608 0.0000000000
9201  13.116  -63.988  -15.932 0.0000000000
11021  10.594  -62.204  -17.866 0.0000000000
12019  10.019  -61.181  -16.950 0.0000000000
12002  9.394  -61.480  -16.578 0.0000000000
13075  8.761  -60.698  -15.562 0.0000000000
14151  8.514  -60.180  -15.265 0.0000000000
14113  7.851  -59.170  -14.398 0.0000000000
15211  7.999  -58.718  -14.348 0.0000000000
16307  8.602  -57.210  -12.326 0.0000000000
14075  10.918  -57.479  -13.415 0.0000000000
15160  10.287  -56.740  -13.101 0.0000000000
18442  9.604  -55.482  -11.196 0.0000000000
18460  9.687  -55.047  -11.105 0.0000000000
19543  9.869  -54.763  -11.539 0.0000000000
19563  9.780  -54.407  -11.450 0.0000000000
20707  10.097  -53.738  -11.930 0.0000000000
15191  14.187  -58.700  -13.488 0.0000000000
15226  15.007  -58.111  -14.154 0.0000000000
16318  14.060  -58.041  -13.459 0.0000000000
17434  12.644  -56.555  -13.155 0.0000000000
19603  14.179  -54.942  -14.883 0.0000000000
18514  13.665  -55.615  -14.644 0.0000000000
18501  13.172  -56.073  -14.170 0.0000000000
18487  12.799  -56.144  -13.527 0.0000000000
18488  12.270  -55.793  -13.235 0.0000000000
19577  11.709  -55.283  -13.099 0.0000000000
19594  11.528  -54.148  -13.327 0.0000000000
23050  10.014  -52.314  -13.065 0.0000000000
24159  10.749  -50.655  -13.781 0.0000000000
28538  13.780  -46.625  -13.298 0.0000000000
28524  14.364  -46.049  -13.120 0.0000000000
31562  16.538  -43.909  -12.195 0.0000000000
24132  19.268  -50.910  -12.320 0.0000000000
25245  18.827  -49.592  -13.012 0.0000000000
26377  19.757  -48.818  -12.799 0.0000000000
28503  20.626  -46.445  -12.396 0.0000000000
28519  19.850  -46.495  -12.858 0.0000000000
28520  19.051  -46.625  -13.141 0.0000000000
29518  17.991  -45.876  -13.014 0.0000000000
33747  19.008  -42.000  -10.588 0.0000000000
1477  8.335  -76.598  -29.246 0.0000000000
1484  9.097  -75.922  -30.002 0.0000000000
1493  8.519  -75.675  -30.707 0.0000000000
2887  2.704  -73.679  -32.185 0.0000000000
2886  3.373  -73.898  -32.340 0.0000000000
2892  4.741  -73.628  -33.030 0.0000000000
2391  5.418  -73.763  -33.203 0.0000000000
4717  2.401  -70.286  -33.273 0.0000000000
4716  2.580  -70.572  -33.735 0.0000000000
3489  3.025  -71.544  -33.999 0.0000000000
4108  4.333  -71.408  -34.233 0.0000000000
3488  3.730  -72.068  -33.986 0.0000000000
3484  7.677  -72.680  -34.271 0.0000000000
2907  8.464  -72.628  -34.802 0.0000000000
2905  9.562  -72.479  -34.991 0.0000000000
3483  10.161  -72.243  -34.846 0.0000000000
5424  9.944  -69.241  -34.804 0.0000000000
6138  8.607  -69.437  -32.765 0.0000000000
6971  8.391  -68.562  -33.728 0.0000000000
4018  0.296  -71.374  -23.572 0.0000000000
6028  0.700  -68.647  -24.260 0.0000000000
6886  1.580  -67.380  -27.135 0.0000000000
7716  2.314  -67.683  -28.670 0.0000000000
6106  2.819  -68.227  -28.807 0.0000000000
6090  3.040  -69.072  -28.856 0.0000000000
8440  2.004  -64.936  -21.833 0.0000000000
8459  2.610  -65.518  -23.750 0.0000000000
8496  2.763  -66.809  -24.796 0.0000000000
6825  4.298  -67.119  -23.665 0.0000000000
6858  5.122  -67.103  -25.062 0.0000000000
6824  4.538  -67.330  -23.921 0.0000000000
6873  3.194  -68.386  -26.210 0.0000000000
6057  3.631  -69.205  -26.362 0.0000000000
6074  2.923  -69.231  -27.280 0.0000000000
5336  3.260  -69.498  -27.599 0.0000000000
5348  3.378  -69.461  -28.385 0.0000000000
5365  4.004  -69.437  -29.254 0.0000000000
6104  4.857  -69.231  -29.155 0.0000000000
6101  7.444  -68.748  -28.789 0.0000000000
6087  6.998  -68.171  -28.392 0.0000000000
6086  7.900  -68.267  -28.145 0.0000000000
6085  8.410  -68.247  -28.328 0.0000000000
6893  9.409  -67.436  -28.341 0.0000000000
7734  9.963  -67.051  -28.787 0.0000000000
7736  6.625  -66.311  -29.404 0.0000000000
7735  7.133  -66.161  -29.306 0.0000000000
13040  6.268  -60.524  -13.501 0.0000000000
11956  5.817  -61.335  -13.031 0.0000000000
13004  5.244  -59.936  -11.716 0.0000000000
11940  5.121  -60.714  -12.403 0.0000000000
11957  5.182  -61.515  -12.238 0.0000000000
10934  5.073  -62.097  -11.622 0.0000000000
10935  4.574  -62.745  -11.101 0.0000000000
12973  4.599  -60.364  -9.086 0.0000000000
14037  3.595  -59.891  -7.924 0.0000000000
12966  4.047  -60.576  -8.554 0.0000000000
11904  4.721  -60.938  -9.494 0.0000000000
11921  4.319  -61.814  -9.774 0.0000000000
10923  4.277  -62.310  -10.258 0.0000000000
9988  2.252  -63.955  -9.635 0.0000000000
10901  2.446  -61.868  -9.363 0.0000000000
10908  2.115  -62.596  -9.489 0.0000000000
9989  1.756  -63.672  -9.966 0.0000000000
10937  2.045  -62.851  -11.111 0.0000000000
15164  3.167  -58.850  -9.870 0.0000000000
14056  3.032  -59.681  -10.588 0.0000000000
14096  3.086  -59.512  -11.855 0.0000000000
14079  2.777  -60.140  -11.217 0.0000000000
13006  2.297  -60.917  -11.357 0.0000000000
11958  2.312  -61.726  -12.321 0.0000000000
13058  2.192  -60.915  -14.290 0.0000000000
14136  2.505  -60.038  -14.259 0.0000000000
13094  2.908  -60.352  -16.001 0.0000000000
1036  2.912  -76.739  -24.961 0.0000000000
1056  2.551  -77.083  -26.024 0.0000000000
1082  6.255  -76.410  -29.375 0.0000000000
1084  8.055  -76.781  -29.316 0.0000000000
1087  6.037  -76.128  -30.070 0.0000000000
1088  5.699  -75.911  -30.170 0.0000000000
1089  7.374  -76.280  -30.216 0.0000000000
1423  5.611  -76.339  -23.943 0.0000000000
1425  2.905  -76.330  -24.692 0.0000000000
1447  0.991  -76.101  -25.928 0.0000000000
1486  7.719  -76.355  -30.149 0.0000000000
1487  6.292  -75.913  -30.492 0.0000000000
1489  5.358  -75.601  -30.397 0.0000000000
1494  7.686  -76.031  -30.747 0.0000000000
1496  6.106  -75.510  -30.996 0.0000000000
1504  4.958  -75.209  -31.639 0.0000000000
1506  7.038  -75.141  -32.223 0.0000000000
1855  1.946  -74.466  -26.779 0.0000000000
1894  3.458  -74.712  -31.252 0.0000000000
1898  7.336  -75.192  -32.327 0.0000000000
1899  6.077  -74.699  -32.112 0.0000000000
1900  5.230  -74.933  -32.077 0.0000000000
1911  4.287  -74.949  -32.237 0.0000000000
1915  7.391  -75.224  -34.054 0.0000000000
2340  3.786  -75.187  -26.935 0.0000000000
2376  3.412  -74.332  -32.251 0.0000000000
2382  4.930  -74.026  -32.933 0.0000000000
2385  10.814  -74.062  -34.254 0.0000000000
2386  9.768  -74.043  -34.541 0.0000000000
2390  6.005  -73.723  -33.336 0.0000000000
2733  3.522  -73.889  -16.370 0.0000000000
2787  4.236  -73.298  -21.639 0.0000000000
2897  10.918  -72.922  -34.187 0.0000000000
2906  8.800  -72.612  -35.004 0.0000000000
3337  -0.094  -72.140  -20.073 0.0000000000
3377  3.576  -71.852  -22.833 0.0000000000
3387  3.789  -71.876  -23.211 0.0000000000
3490  10.388  -71.729  -34.833 0.0000000000
4004  3.599  -71.615  -22.735 0.0000000000
4016  4.028  -71.601  -23.227 0.0000000000
4017  3.956  -71.637  -23.257 0.0000000000
4050  6.719  -71.262  -27.590 0.0000000000
4083  6.947  -71.462  -31.386 0.0000000000
4094  2.098  -70.941  -32.367 0.0000000000
4099  5.754  -71.413  -32.924 0.0000000000
4100  2.686  -71.031  -33.559 0.0000000000
4110  2.867  -71.089  -34.174 0.0000000000
4116  9.553  -70.277  -35.229 0.0000000000
4117  9.315  -70.428  -35.221 0.0000000000
4617  -0.051  -70.922  -21.876 0.0000000000
4708  5.971  -70.724  -32.077 0.0000000000
4725  2.832  -70.374  -34.086 0.0000000000
5209  0.764  -69.576  -16.459 0.0000000000
5325  4.243  -69.309  -26.831 0.0000000000
5349  2.917  -69.414  -27.910 0.0000000000
5366  3.423  -69.122  -29.292 0.0000000000
5377  9.303  -69.738  -30.307 0.0000000000
5378  9.069  -70.030  -30.466 0.0000000000
5384  0.541  -69.573  -31.005 0.0000000000
5385  0.085  -69.214  -31.235 0.0000000000
5390  9.072  -69.824  -31.434 0.0000000000
5397  9.061  -69.486  -31.973 0.0000000000
5400  4.667  -69.511  -33.053 0.0000000000
5402  0.468  -69.356  -32.049 0.0000000000
5403  -0.111  -69.326  -32.026 0.0000000000
5406  5.116  -70.238  -33.199 0.0000000000
5407  4.751  -69.878  -33.608 0.0000000000
5408  2.345  -69.122  -33.394 0.0000000000
5414  3.414  -69.669  -34.220 0.0000000000
5415  2.624  -69.368  -34.010 0.0000000000
5416  2.398  -69.578  -33.509 0.0000000000
5425  9.294  -69.374  -34.801 0.0000000000
5426  8.892  -69.717  -34.907 0.0000000000
6041  3.805  -68.735  -25.710 0.0000000000
6058  2.903  -68.931  -26.655 0.0000000000
6073  3.399  -69.435  -27.129 0.0000000000
6116  -0.086  -69.000  -31.409 0.0000000000
6122  9.476  -68.880  -31.086 0.0000000000
6128  -0.206  -69.016  -31.793 0.0000000000
6144  0.692  -68.672  -32.053 0.0000000000
6153  8.979  -68.747  -32.956 0.0000000000
6154  8.394  -68.929  -33.287 0.0000000000
6157  2.779  -68.789  -33.275 0.0000000000
6167  8.058  -68.521  -33.826 0.0000000000
6168  4.310  -69.501  -33.924 0.0000000000
6169  3.902  -69.210  -34.042 0.0000000000
6756  5.771  -66.689  -18.405 0.0000000000
6777  3.139  -66.988  -19.137 0.0000000000
6791  5.445  -67.941  -21.089 0.0000000000
6840  4.945  -67.279  -24.708 0.0000000000
6884  5.501  -67.400  -27.569 0.0000000000
6944  9.299  -68.664  -32.149 0.0000000000
6963  1.955  -68.159  -31.802 0.0000000000
6970  9.062  -68.491  -33.452 0.0000000000
6977  8.516  -68.460  -33.764 0.0000000000
7475  2.103  -65.863  -12.075 0.0000000000
7565  3.403  -66.195  -19.001 0.0000000000
7579  3.486  -66.078  -19.373 0.0000000000
7580  3.380  -66.470  -19.313 0.0000000000
7586  8.073  -66.663  -20.443 0.0000000000
7589  3.505  -65.996  -19.639 0.0000000000
7590  3.532  -66.157  -19.763 0.0000000000
7666  1.828  -66.648  -26.005 0.0000000000
7733  10.383  -66.360  -28.804 0.0000000000
7764  1.568  -67.673  -29.488 0.0000000000
8288  2.937  -65.237  -11.185 0.0000000000
8394  3.449  -66.005  -18.844 0.0000000000
8408  3.440  -65.914  -19.062 0.0000000000
8418  3.314  -65.555  -19.758 0.0000000000
8426  2.101  -65.162  -21.501 0.0000000000
8458  3.909  -66.005  -23.556 0.0000000000
9121  3.010  -64.789  -10.931 0.0000000000
9170  2.338  -64.154  -14.604 0.0000000000
9187  3.264  -64.699  -14.995 0.0000000000
9216  9.150  -63.634  -18.353 0.0000000000
9253  2.162  -64.428  -20.942 0.0000000000
9259  2.176  -64.608  -21.461 0.0000000000
9272  2.035  -64.839  -22.285 0.0000000000
9273  2.149  -64.540  -21.969 0.0000000000
10018  2.205  -63.275  -11.609 0.0000000000
10036  7.657  -62.883  -14.778 0.0000000000
10039  3.215  -63.848  -13.985 0.0000000000
10053  3.235  -64.018  -14.202 0.0000000000
10112  4.362  -63.295  -18.748 0.0000000000
10135  2.068  -63.768  -20.675 0.0000000000
10160  2.284  -64.245  -22.284 0.0000000000
10899  3.127  -62.065  -9.185 0.0000000000
10944  2.451  -63.042  -11.718 0.0000000000
11053  3.481  -62.596  -18.895 0.0000000000
11080  2.234  -63.515  -21.650 0.0000000000
11089  2.899  -62.728  -22.317 0.0000000000
11951  16.323  -60.785  -12.497 0.0000000000
12029  11.466  -61.511  -17.402 0.0000000000
12056  3.218  -62.282  -19.094 0.0000000000
12071  2.578  -62.410  -20.653 0.0000000000
12953  2.681  -59.993  -7.948 0.0000000000
12967  3.432  -60.298  -8.252 0.0000000000
12983  5.327  -59.722  -11.190 0.0000000000
13053  11.670  -59.554  -15.259 0.0000000000
13088  11.511  -60.585  -16.622 0.0000000000
14039  2.433  -60.533  -9.214 0.0000000000
14110  11.668  -59.437  -15.196 0.0000000000
14111  11.641  -59.318  -14.948 0.0000000000
14114  7.424  -59.337  -14.054 0.0000000000
14115  6.596  -59.782  -13.513 0.0000000000
14130  11.585  -59.411  -15.162 0.0000000000
14131  11.384  -59.353  -15.056 0.0000000000
15229  8.307  -59.022  -14.579 0.0000000000
17371  3.573  -56.115  -6.929 0.0000000000
17372  3.196  -56.215  -7.003 0.0000000000
17380  2.249  -56.593  -7.461 0.0000000000
17381  1.784  -56.663  -7.724 0.0000000000
17457  16.318  -56.800  -13.942 0.0000000000
18409  3.617  -55.857  -6.896 0.0000000000
18440  10.344  -55.503  -12.726 0.0000000000
20687  9.272  -54.156  -11.172 0.0000000000
21841  4.585  -52.453  -8.922 0.0000000000
23029  5.347  -51.938  -11.101 0.0000000000
23070  6.717  -50.866  -13.275 0.0000000000
24134  4.722  -50.573  -11.551 0.0000000000
24144  6.077  -50.621  -13.206 0.0000000000
24164  5.906  -49.660  -13.249 0.0000000000
25248  5.916  -48.950  -13.013 0.0000000000
25275  5.888  -49.268  -13.180 0.0000000000
26365  6.934  -47.608  -10.498 0.0000000000
26396  5.308  -49.061  -12.335 0.0000000000
27485  8.136  -46.567  -11.258 0.0000000000
28457  10.133  -46.041  -9.758 0.0000000000
28476  10.402  -46.138  -10.091 0.0000000000
28493  8.837  -46.472  -10.744 0.0000000000
28504  10.157  -45.984  -11.405 0.0000000000
28507  8.056  -46.500  -11.565 0.0000000000
29455  10.895  -45.665  -9.315 0.0000000000
29456  10.449  -45.761  -9.298 0.0000000000
29491  11.179  -45.391  -10.782 0.0000000000
29492  10.810  -45.771  -10.980 0.0000000000
29507  9.368  -45.889  -11.678 0.0000000000
29538  9.885  -46.400  -12.926 0.0000000000
29539  9.464  -46.224  -12.949 0.0000000000
30502  10.932  -44.953  -11.764 0.0000000000
31567  12.498  -44.094  -12.210 0.0000000000
32677  14.294  -42.277  -11.530 0.0000000000
35830  12.782  -38.801  -8.274 0.0000000000
35849  12.540  -38.889  -8.744 0.0000000000
128854  5.056  -75.894  -26.943 0.0000000000
128859  4.630  -75.511  -27.124 0.0000000000
128866  5.487  -72.612  -26.208 0.0000000000
128889  1.769  -67.537  -14.809 0.0000000000
128890  1.479  -67.196  -14.366 0.0000000000
128898  3.127  -66.211  -14.966 0.0000000000
128901  2.551  -65.679  -14.002 0.0000000000
128928  2.739  -62.408  -21.161 0.0000000000
