#!ascii label  , from subject 3231 vox2ras=TkReg
850
64861  -24.039  -6.377  -23.453 0.4285714328
66898  -24.009  -4.871  -23.906 0.2857142985
66897  -23.372  -5.106  -24.077 0.4285714328
66899  -24.827  -4.739  -23.869 0.4285714328
66915  -25.491  -4.494  -24.385 0.4285714328
66914  -24.444  -4.293  -24.409 0.2857142985
68070  -26.051  -3.912  -24.959 0.4285714328
68083  -24.644  -3.052  -25.373 0.4285714328
69262  -24.795  -2.428  -26.554 0.4285714328
70313  -25.319  -2.000  -27.020 0.4285714328
70333  -24.089  -1.673  -27.833 0.5714285970
70312  -24.453  -2.067  -27.179 0.5714285970
70335  -26.066  -1.477  -27.301 0.2857142985
71418  -24.485  -1.014  -28.251 0.7142857313
71419  -25.434  -0.888  -28.108 0.7142857313
71439  -25.778  -0.177  -28.642 0.7142857313
71440  -26.743  -0.007  -28.715 0.4285714328
71420  -26.478  -0.679  -28.028 0.5714285970
72469  -26.966  0.838  -29.193 0.5714285970
72468  -26.048  0.467  -29.234 0.5714285970
72483  -26.221  1.031  -29.848 0.5714285970
73460  -27.560  1.292  -29.060 0.4285714328
73479  -26.478  1.687  -30.292 0.5714285970
74418  -27.452  2.285  -30.141 0.5714285970
73478  -25.659  1.602  -30.071 0.7142857313
74417  -27.032  1.932  -30.313 0.7142857313
74439  -26.838  2.430  -30.543 0.7142857313
74440  -27.604  2.914  -30.408 0.5714285970
73477  -24.759  1.830  -29.736 0.5714285970
73496  -26.306  2.119  -30.519 0.8571428657
74441  -28.063  3.210  -30.372 0.5714285970
73495  -25.822  2.058  -30.407 0.7142857313
74437  -25.213  2.741  -30.170 0.5714285970
75383  -27.501  3.938  -30.839 0.7142857313
75366  -27.892  3.606  -30.701 0.5714285970
75364  -26.476  3.255  -30.610 0.7142857313
75365  -27.208  3.310  -30.663 0.7142857313
76316  -28.106  4.775  -31.102 0.5714285970
75381  -26.141  4.036  -30.930 0.7142857313
76315  -27.578  4.723  -31.074 0.7142857313
77269  -28.112  5.631  -31.469 0.7142857313
76314  -26.808  4.868  -30.970 0.7142857313
77268  -27.569  5.920  -31.516 0.7142857313
78325  -28.428  6.663  -32.835 0.7142857313
77278  -28.067  6.301  -32.034 0.5714285970
77267  -26.650  5.762  -31.168 0.7142857313
75380  -25.264  4.234  -30.759 0.5714285970
78340  -29.162  6.793  -33.737 0.5714285970
78354  -28.945  6.771  -34.186 0.7142857313
78338  -28.096  6.851  -34.045 0.7142857313
78310  -27.178  6.313  -31.621 0.8571428657
78324  -27.690  6.794  -32.559 0.7142857313
80517  -27.765  8.245  -33.184 0.8571428657
80533  -28.829  8.352  -34.559 0.5714285970
79432  -28.050  7.499  -33.782 0.8571428657
79416  -27.181  7.627  -32.577 0.8571428657
78309  -26.607  6.443  -31.604 0.8571428657
81543  -27.439  9.126  -32.878 0.8571428657
82642  -27.857  9.841  -32.412 0.8571428657
82624  -26.228  10.446  -31.688 0.8571428657
82641  -26.767  9.885  -32.235 0.8571428657
82640  -25.497  10.300  -32.327 1.0000000000
80507  -26.800  8.427  -32.571 0.8571428657
82623  -25.781  10.516  -31.830 1.0000000000
81542  -26.336  9.286  -32.353 1.0000000000
84842  -25.053  11.916  -32.039 1.0000000000
84841  -24.458  12.232  -32.594 0.7142857313
83760  -25.392  11.288  -31.992 1.0000000000
83759  -24.867  11.157  -32.584 1.0000000000
87809  -24.768  16.026  -32.031 1.0000000000
87808  -24.236  15.820  -32.401 0.8571428657
89827  -23.801  17.567  -33.158 0.8571428657
89815  -24.500  17.603  -32.679 1.0000000000
92733  -23.965  19.805  -35.427 0.8571428657
91749  -23.865  18.950  -34.214 0.8571428657
91733  -24.064  18.752  -33.649 1.0000000000
92752  -24.219  20.640  -37.554 0.8571428657
92744  -24.279  20.493  -36.464 0.8571428657
91779  -22.925  19.543  -38.039 0.5714285970
129452  -23.869  20.784  -38.733 0.7142857313
93738  -24.615  21.250  -38.952 0.5714285970
91785  -22.307  21.583  -37.904 0.5714285970
91778  -22.036  19.775  -38.275 0.5714285970
92749  -21.460  21.372  -36.955 0.4285714328
129434  -22.453  22.996  -37.798 0.4285714328
129423  -23.431  23.204  -38.828 0.4285714328
94655  -22.135  22.834  -35.617 0.2857142985
94647  -22.125  22.664  -34.614 0.2857142985
94663  -21.341  22.605  -36.038 0.2857142985
94634  -22.135  22.706  -33.670 0.2857142985
72484  -26.680  1.326  -29.761 0.5714285970
79450  -29.309  7.420  -34.318 0.5714285970
77277  -27.957  6.381  -32.287 0.7142857313
79433  -28.459  7.896  -34.314 0.8571428657
81555  -28.247  8.784  -33.417 0.8571428657
82625  -27.236  10.407  -31.651 0.8571428657
85874  -24.446  13.996  -31.458 0.8571428657
94609  -22.807  22.863  -31.683 0.1428571492
66913  -23.233  -4.512  -24.674 0.2857142985
66931  -23.359  -3.794  -25.459 0.2857142985
68068  -24.071  -3.713  -25.065 0.2857142985
69239  -26.171  -2.604  -25.853 0.4285714328
68082  -23.864  -3.269  -25.967 0.2857142985
69263  -25.667  -2.348  -26.497 0.4285714328
70311  -23.759  -2.069  -27.360 0.5714285970
70334  -24.973  -1.515  -27.610 0.5714285970
72467  -25.150  0.397  -29.060 0.5714285970
73461  -28.235  1.744  -29.068 0.4285714328
72482  -25.420  1.110  -29.500 0.7142857313
73480  -27.233  1.683  -29.691 0.5714285970
73481  -27.784  2.128  -29.693 0.4285714328
74416  -24.662  2.425  -29.977 0.5714285970
73494  -25.246  2.099  -30.102 0.5714285970
77256  -28.456  5.248  -30.956 0.5714285970
76302  -28.380  4.371  -30.741 0.5714285970
75382  -26.949  3.965  -30.888 0.7142857313
80518  -28.373  8.310  -33.965 0.5714285970
83741  -26.613  11.113  -31.124 1.0000000000
81541  -25.559  9.379  -32.558 1.0000000000
85891  -23.513  13.745  -32.739 0.7142857313
86816  -25.320  14.758  -31.055 1.0000000000
87794  -24.696  15.733  -31.936 0.7142857313
86815  -24.582  15.137  -31.753 1.0000000000
86834  -23.908  14.523  -32.387 0.7142857313
88826  -24.734  16.718  -32.060 0.8571428657
91762  -23.626  19.221  -35.317 0.8571428657
90780  -24.242  18.340  -33.239 1.0000000000
90767  -24.795  18.487  -32.632 1.0000000000
92751  -23.571  20.070  -37.159 0.7142857313
129450  -22.352  22.499  -37.701 0.7142857313
91787  -23.250  20.564  -38.704 0.7142857313
92773  -23.701  21.293  -39.216 0.7142857313
92742  -21.308  20.722  -36.164 0.4285714328
95597  -21.989  23.780  -35.953 0.2857142985
95613  -22.424  23.538  -37.342 0.4285714328
93755  -24.369  21.972  -39.963 0.4285714328
129418  -23.113  23.328  -38.026 0.4285714328
94648  -22.761  22.858  -34.760 0.2857142985
95605  -21.968  24.030  -36.745 0.4285714328
72466  -24.311  0.391  -28.885 0.4285714328
94671  -22.280  22.812  -37.232 0.4285714328
129445  -22.633  21.674  -38.544 0.7142857313
94664  -21.970  22.847  -36.428 0.2857142985
65862  -23.628  -5.617  -23.738 0.4285714328
65863  -24.684  -5.498  -23.488 0.4285714328
65884  -25.419  -5.037  -23.789 0.4285714328
68069  -25.054  -3.712  -24.846 0.4285714328
69236  -24.050  -2.986  -26.305 0.2857142985
69237  -24.372  -2.807  -26.095 0.4285714328
69238  -25.192  -2.625  -25.866 0.4285714328
69261  -23.765  -2.685  -26.718 0.4285714328
71417  -23.628  -0.984  -28.204 0.2857142985
71438  -24.842  -0.354  -28.703 0.5714285970
74419  -28.264  2.819  -29.748 0.5714285970
74438  -26.065  2.598  -30.422 0.5714285970
76301  -27.901  4.240  -30.932 0.5714285970
75363  -25.640  3.410  -30.468 0.7142857313
76313  -25.901  4.934  -30.953 0.8571428657
79448  -28.217  7.178  -34.349 0.8571428657
78323  -26.338  7.030  -32.092 0.8571428657
85892  -24.175  13.356  -32.348 0.8571428657
92743  -23.753  19.897  -36.029 0.8571428657
92758  -23.618  20.418  -38.211 0.7142857313
92762  -24.236  20.899  -38.733 0.7142857313
129451  -23.542  20.585  -38.581 0.5714285970
129449  -22.781  20.946  -38.756 0.5714285970
91786  -22.592  20.384  -38.527 0.5714285970
93717  -21.270  21.985  -36.836 0.4285714328
129433  -22.808  22.619  -38.908 0.4285714328
94633  -21.591  22.135  -33.562 0.2857142985
93707  -21.417  22.309  -36.478 0.2857142985
94620  -22.001  22.939  -32.697 0.2857142985
94621  -22.991  22.798  -32.748 0.1428571492
71437  -23.980  -0.334  -28.600 0.2857142985
129403  -23.275  21.803  -39.080 0.5714285970
96612  -25.244  24.429  -36.649 0.2857142985
97438  -25.727  25.095  -35.592 0.1428571492
129492  -24.610  23.881  -37.781 0.2857142985
97453  -25.728  24.641  -37.692 0.2857142985
94666  -23.335  23.239  -36.117 0.1428571492
95615  -23.796  23.342  -37.738 0.2857142985
129479  -24.062  23.067  -36.393 0.1428571492
129398  -26.271  24.480  -38.104 0.2857142985
129411  -27.362  22.743  -39.303 0.2857142985
129457  -26.299  23.056  -39.982 0.2857142985
96600  -25.258  24.042  -35.454 0.1428571492
129419  -23.955  23.254  -38.261 0.2857142985
93731  -26.278  21.799  -39.214 0.2857142985
129437  -25.201  23.362  -39.272 0.2857142985
93710  -26.608  21.623  -36.805 0.1428571492
93740  -26.200  21.861  -39.853 0.2857142985
129415  -26.155  22.936  -40.092 0.2857142985
129420  -25.027  23.050  -39.843 0.2857142985
92736  -29.445  20.599  -35.679 0.1428571492
93698  -27.730  21.832  -36.030 0.1428571492
93721  -26.398  21.868  -38.042 0.4285714328
93745  -25.038  21.585  -39.693 0.2857142985
92706  -26.829  20.884  -33.148 0.2857142985
93709  -25.674  21.332  -36.268 0.4285714328
93730  -25.551  21.515  -38.588 0.2857142985
93749  -23.572  22.777  -39.090 0.2857142985
92692  -27.676  19.845  -32.908 0.1428571492
93685  -26.609  21.320  -34.205 0.2857142985
93720  -25.612  21.492  -37.443 0.4285714328
93696  -25.581  21.126  -35.069 0.5714285970
93719  -24.832  21.118  -36.922 0.7142857313
90756  -27.659  18.117  -31.736 0.1428571492
91724  -27.070  19.856  -32.356 0.1428571492
92759  -24.218  20.811  -38.406 0.4285714328
92705  -25.903  20.304  -33.547 0.4285714328
89803  -28.089  17.236  -31.592 0.2857142985
89802  -27.245  17.350  -31.057 0.7142857313
92734  -24.437  20.344  -35.202 0.7142857313
89816  -25.030  17.768  -31.956 0.8571428657
90768  -25.403  18.623  -31.969 0.8571428657
92704  -25.220  19.966  -33.760 0.5714285970
87798  -28.141  15.488  -31.208 0.2857142985
88813  -27.824  16.479  -31.056 0.2857142985
91735  -25.555  19.665  -33.111 0.7142857313
90789  -23.222  18.380  -34.577 0.5714285970
91734  -24.568  19.297  -33.491 0.8571428657
86819  -28.390  14.329  -31.479 0.1428571492
89785  -26.611  17.231  -30.915 0.7142857313
81568  -24.469  9.318  -34.239 0.5714285970
82639  -24.999  10.639  -32.816 0.8571428657
82653  -24.657  10.459  -33.439 0.4285714328
83779  -24.283  11.384  -33.011 0.5714285970
85875  -25.480  13.489  -30.981 0.8571428657
87795  -25.121  15.955  -31.403 0.8571428657
85858  -28.195  13.365  -30.783 0.2857142985
87796  -25.908  15.650  -30.399 0.8571428657
88795  -25.861  17.029  -30.914 0.8571428657
91722  -25.233  19.138  -32.640 0.8571428657
84807  -28.512  13.111  -31.795 0.4285714328
86818  -27.662  14.688  -30.743 0.7142857313
87785  -27.028  16.472  -30.572 0.7142857313
80531  -23.863  8.410  -34.124 0.2857142985
81554  -25.236  9.358  -33.641 0.5714285970
84805  -27.989  12.723  -30.687 0.4285714328
85876  -26.450  13.063  -30.617 0.8571428657
86817  -26.559  14.358  -30.481 0.8571428657
84825  -28.219  12.098  -31.264 0.4285714328
76324  -24.638  5.407  -31.420 0.7142857313
76336  -24.011  6.203  -31.357 0.4285714328
76312  -25.028  4.978  -31.264 0.7142857313
78322  -25.539  6.853  -31.865 0.8571428657
77300  -24.836  7.138  -31.816 0.5714285970
79446  -24.053  8.286  -33.000 0.5714285970
78349  -23.686  8.081  -32.356 0.4285714328
78337  -25.596  7.389  -31.840 0.8571428657
79430  -24.626  8.581  -32.473 0.5714285970
80532  -24.545  8.570  -33.577 0.5714285970
80505  -25.095  8.945  -32.596 0.7142857313
80516  -24.858  8.798  -33.241 0.5714285970
84824  -27.186  12.196  -30.815 0.7142857313
83761  -29.441  11.605  -32.976 0.2857142985
83743  -28.562  11.350  -32.111 0.4285714328
75362  -24.699  3.696  -30.360 0.4285714328
75379  -24.419  4.360  -30.978 0.4285714328
76311  -24.264  4.909  -31.493 0.4285714328
78308  -25.920  6.534  -31.563 0.7142857313
79415  -25.999  7.971  -31.620 0.8571428657
81544  -28.356  9.362  -33.109 0.7142857313
82643  -28.933  10.224  -32.943 0.2857142985
74436  -24.228  3.093  -30.072 0.4285714328
75361  -23.675  3.967  -30.677 0.5714285970
77266  -25.754  5.849  -31.125 0.7142857313
81571  -30.006  8.728  -34.537 0.4285714328
82655  -29.636  9.740  -33.689 0.4285714328
73476  -23.770  1.777  -29.429 0.5714285970
76290  -28.968  4.382  -30.225 0.4285714328
79401  -29.347  7.850  -32.416 0.4285714328
78311  -28.458  6.571  -32.062 0.4285714328
80508  -29.897  8.516  -32.976 0.4285714328
79435  -29.988  7.978  -34.119 0.4285714328
69264  -26.540  -2.006  -26.562 0.1428571492
78300  -28.609  6.197  -31.266 0.4285714328
78312  -29.117  6.971  -31.864 0.4285714328
69280  -26.711  -1.561  -26.970 0.1428571492
70336  -27.127  -1.146  -27.278 0.1428571492
72470  -28.012  0.703  -28.574 0.2857142985
75352  -29.722  3.858  -29.152 0.2857142985
77245  -30.069  5.490  -29.243 0.2857142985
76291  -29.517  4.545  -29.543 0.2857142985
78286  -29.761  6.430  -30.055 0.2857142985
77244  -29.313  5.263  -30.011 0.2857142985
75351  -29.026  3.732  -29.709 0.2857142985
78285  -28.871  5.844  -30.511 0.4285714328
69281  -27.096  -1.621  -26.771 0.1428571492
70314  -25.909  -1.986  -26.864 0.1428571492
71421  -27.674  -0.335  -28.107 0.2857142985
72450  -28.463  0.056  -28.200 0.2857142985
73462  -29.472  1.638  -28.470 0.2857142985
74421  -29.950  3.309  -28.727 0.2857142985
74420  -29.177  3.189  -29.028 0.2857142985
70337  -28.087  -0.774  -27.018 0.1428571492
72451  -29.187  0.541  -28.047 0.2857142985
72471  -28.738  1.148  -28.539 0.2857142985
68084  -25.628  -3.129  -25.293 0.2857142985
69240  -27.311  -2.475  -25.798 0.1428571492
64846  -24.202  -7.103  -23.147 0.2857142985
64845  -23.512  -6.922  -23.242 0.2857142985
68085  -26.684  -3.148  -25.182 0.2857142985
64862  -25.102  -6.600  -23.224 0.1428571492
63814  -23.390  -7.583  -22.893 0.1428571492
71422  -28.716  -0.281  -27.593 0.2857142985
74401  -28.955  2.406  -28.956 0.2857142985
75367  -28.451  3.656  -30.317 0.4285714328
77243  -28.803  4.979  -30.529 0.4285714328
79373  -29.711  7.341  -30.558 0.2857142985
77275  -24.748  6.078  -31.375 0.7142857313
78301  -29.268  6.745  -30.944 0.4285714328
79414  -24.993  8.677  -31.988 0.5714285970
78326  -29.182  7.090  -32.917 0.4285714328
81570  -29.444  8.835  -34.584 0.4285714328
82656  -30.124  9.765  -33.712 0.2857142985
82644  -29.855  10.574  -33.382 0.2857142985
91772  -23.217  19.156  -36.638 0.4285714328
91750  -24.178  19.620  -34.589 0.7142857313
88810  -25.487  17.098  -31.267 0.8571428657
92720  -24.713  20.001  -34.256 0.8571428657
129406  -25.139  21.736  -40.077 0.2857142985
92691  -27.383  20.261  -32.958 0.4285714328
96599  -25.225  23.559  -34.296 0.1428571492
93711  -27.512  22.059  -37.439 0.2857142985
129416  -26.112  23.982  -38.945 0.2857142985
65861  -22.635  -5.515  -24.166 0.2857142985
65886  -26.657  -5.137  -24.386 0.1428571492
69265  -27.362  -1.977  -26.465 0.1428571492
70316  -28.544  -1.464  -26.505 0.1428571492
70338  -29.078  -0.815  -26.826 0.1428571492
71441  -27.370  0.251  -28.693 0.2857142985
76310  -23.434  5.132  -31.386 0.2857142985
79388  -29.792  7.939  -30.621 0.2857142985
77265  -25.080  5.685  -31.322 0.7142857313
77297  -23.517  7.790  -31.910 0.4285714328
77284  -24.658  6.719  -31.483 0.5714285970
79387  -29.478  7.838  -31.333 0.2857142985
78336  -25.030  7.488  -31.876 0.7142857313
81530  -29.941  8.932  -32.015 0.1428571492
81546  -30.251  9.263  -33.157 0.4285714328
81558  -30.546  9.141  -34.131 0.4285714328
82657  -30.253  9.616  -33.528 0.1428571492
84823  -25.849  12.113  -31.367 0.8571428657
82626  -28.139  10.525  -31.974 0.5714285970
86801  -27.453  14.128  -30.360 0.7142857313
89800  -25.568  17.987  -31.375 0.8571428657
85877  -28.564  13.514  -32.170 0.2857142985
86835  -28.513  14.309  -32.721 0.1428571492
95598  -22.442  23.804  -36.139 0.2857142985
85859  -28.408  13.501  -31.418 0.4285714328
87810  -28.546  15.295  -32.201 0.1428571492
91710  -26.723  19.140  -31.729 0.5714285970
88827  -28.390  16.312  -31.834 0.1428571492
91725  -27.864  18.981  -32.744 0.1428571492
129500  -24.382  23.129  -35.087 0.1428571492
91736  -26.319  19.967  -32.925 0.5714285970
90769  -27.971  18.323  -32.277 0.1428571492
93674  -27.391  21.114  -33.828 0.2857142985
92723  -28.021  20.875  -34.143 0.1428571492
92724  -28.806  20.413  -34.626 0.1428571492
93687  -28.641  21.319  -35.467 0.1428571492
93722  -27.004  22.176  -38.643 0.2857142985
93712  -28.309  22.459  -38.514 0.2857142985
93699  -28.960  21.509  -36.650 0.1428571492
65865  -26.738  -5.746  -24.093 0.1428571492
70294  -28.079  -2.213  -26.417 0.1428571492
76292  -30.197  4.549  -29.012 0.2857142985
64860  -22.996  -6.400  -23.496 0.2857142985
65864  -25.721  -5.713  -23.639 0.1428571492
65885  -26.088  -5.143  -24.184 0.1428571492
66916  -26.447  -4.642  -24.601 0.1428571492
79417  -29.607  7.879  -33.217 0.4285714328
82654  -25.293  9.880  -33.094 0.8571428657
80506  -26.121  8.659  -31.892 0.8571428657
84822  -24.750  12.787  -31.646 0.8571428657
93708  -24.863  21.010  -35.842 0.7142857313
93729  -24.788  21.188  -37.993 0.5714285970
93744  -24.533  21.444  -39.443 0.2857142985
93739  -25.689  21.493  -39.688 0.2857142985
129390  -24.438  23.015  -39.231 0.2857142985
81556  -28.960  9.174  -33.993 0.4285714328
72481  -24.567  1.136  -29.192 0.5714285970
95614  -23.094  23.370  -37.350 0.2857142985
129385  -24.228  22.709  -39.367 0.2857142985
94673  -24.046  23.381  -37.956 0.2857142985
95606  -22.756  23.377  -36.552 0.2857142985
129409  -26.121  24.316  -37.951 0.2857142985
129480  -25.359  23.726  -38.554 0.2857142985
129473  -26.161  23.368  -39.869 0.2857142985
93732  -26.415  22.698  -39.722 0.2857142985
92763  -26.225  21.552  -40.050 0.2857142985
129404  -24.996  22.976  -40.089 0.2857142985
129467  -25.729  23.405  -39.379 0.2857142985
92769  -25.761  22.267  -40.254 0.2857142985
93686  -27.743  21.342  -34.769 0.1428571492
91737  -28.070  19.616  -33.160 0.1428571492
91711  -27.337  18.912  -31.931 0.1428571492
93697  -26.657  21.418  -35.528 0.2857142985
93684  -25.836  21.099  -34.320 0.4285714328
92721  -25.298  20.625  -34.326 0.5714285970
90755  -26.937  18.371  -31.353 0.4285714328
91723  -26.078  19.287  -32.310 0.5714285970
89801  -26.285  17.578  -31.073 0.7142857313
90754  -26.153  18.572  -31.535 0.7142857313
86802  -28.026  13.972  -30.639 0.4285714328
81569  -25.055  8.752  -34.057 0.5714285970
81553  -24.873  9.830  -34.089 0.5714285970
82652  -24.077  10.768  -33.791 0.4285714328
82667  -24.525  10.097  -34.196 0.4285714328
85857  -27.433  13.353  -30.315 0.4285714328
84806  -28.360  12.889  -31.336 0.5714285970
87797  -27.207  15.784  -30.432 0.8571428657
76323  -24.155  5.668  -31.485 0.4285714328
77276  -25.335  6.301  -31.419 0.7142857313
77285  -25.037  6.745  -31.663 0.7142857313
77299  -24.563  7.399  -31.504 0.4285714328
78351  -24.795  7.682  -31.755 0.5714285970
79447  -24.401  8.515  -33.014 0.5714285970
78348  -23.020  7.650  -32.665 0.2857142985
79431  -25.095  7.946  -31.726 0.7142857313
79399  -25.210  8.598  -31.727 0.8571428657
83742  -27.751  11.168  -31.247 0.7142857313
81557  -29.894  9.344  -34.351 0.4285714328
80495  -29.638  8.552  -32.036 0.4285714328
80509  -30.366  8.686  -33.655 0.4285714328
70315  -27.718  -1.530  -26.726 0.1428571492
74402  -29.726  2.623  -28.588 0.2857142985
73445  -29.842  1.140  -27.858 0.2857142985
64847  -24.772  -7.291  -23.103 0.1428571492
63832  -25.744  -6.963  -23.288 0.1428571492
129491  -24.803  23.322  -34.724 0.1428571492
64863  -26.119  -6.447  -23.496 0.1428571492
89826  -22.881  17.804  -33.541 0.5714285970
88837  -23.381  16.489  -33.139 0.4285714328
90779  -23.617  18.360  -33.678 0.4285714328
86851  -23.442  14.604  -32.749 0.4285714328
86850  -22.923  14.351  -33.012 0.4285714328
87820  -23.475  15.199  -32.905 0.5714285970
88825  -24.141  16.836  -32.696 0.5714285970
84864  -23.859  11.959  -33.054 0.5714285970
78272  -31.000  5.803  -28.779 0.1428571492
78287  -30.522  6.662  -29.058 0.1428571492
70332  -23.227  -1.586  -27.676 0.2857142985
78289  -32.692  6.202  -29.154 0.1428571492
78273  -31.838  5.725  -29.043 0.1428571492
78288  -31.632  6.539  -29.035 0.1428571492
79377  -33.319  7.233  -29.086 0.1428571492
75338  -31.110  3.912  -28.502 0.1428571492
76279  -31.605  4.454  -28.730 0.1428571492
76278  -30.876  4.509  -28.637 0.1428571492
77235  -32.061  5.124  -28.841 0.1428571492
78290  -33.715  6.521  -29.500 0.1428571492
78274  -32.299  5.580  -29.120 0.1428571492
79362  -35.187  7.419  -28.419 0.1428571492
79378  -34.119  7.288  -29.236 0.1428571492
79379  -34.653  7.201  -29.049 0.1428571492
69279  -23.252  -2.153  -27.271 0.2857142985
69260  -22.644  -2.340  -27.061 0.2857142985
73446  -30.583  1.711  -27.721 0.1428571492
74389  -31.483  2.243  -28.015 0.1428571492
74403  -30.795  2.966  -28.344 0.1428571492
73463  -30.126  2.234  -28.262 0.1428571492
76280  -32.348  4.478  -28.990 0.1428571492
75339  -31.780  3.703  -28.749 0.1428571492
77246  -32.658  5.276  -29.213 0.1428571492
77247  -33.389  5.581  -29.717 0.1428571492
78291  -34.429  6.643  -29.506 0.1428571492
78292  -34.888  6.759  -29.163 0.1428571492
68103  -22.350  -2.781  -26.661 0.2857142985
68080  -22.090  -3.263  -26.190 0.2857142985
72452  -30.227  0.583  -27.384 0.1428571492
73447  -31.784  1.514  -27.582 0.1428571492
75340  -32.887  3.686  -29.084 0.1428571492
74404  -32.021  2.853  -28.475 0.1428571492
76294  -33.464  4.860  -30.135 0.1428571492
77248  -34.143  5.950  -29.947 0.1428571492
77257  -33.836  5.480  -30.374 0.1428571492
79343  -35.633  6.897  -27.782 0.1428571492
78275  -35.266  6.457  -28.739 0.1428571492
71423  -29.678  -0.208  -27.166 0.1428571492
72453  -31.298  0.620  -27.257 0.1428571492
73448  -32.687  1.393  -27.873 0.1428571492
72454  -32.341  0.606  -27.358 0.1428571492
75341  -33.502  2.985  -29.313 0.1428571492
75355  -33.692  3.872  -30.112 0.1428571492
74405  -32.940  2.349  -28.686 0.1428571492
77249  -34.860  5.906  -29.907 0.1428571492
77258  -34.377  5.604  -30.667 0.1428571492
71424  -30.891  -0.533  -26.800 0.1428571492
72455  -33.280  0.564  -27.699 0.1428571492
73464  -33.041  1.677  -28.325 0.1428571492
74442  -34.149  3.200  -30.652 0.1428571492
74422  -33.975  2.602  -29.887 0.1428571492
75368  -34.333  4.078  -31.091 0.1428571492
76304  -34.685  5.073  -31.497 0.1428571492
76303  -33.986  4.944  -30.773 0.1428571492
71427  -33.933  -0.242  -27.440 0.1428571492
71426  -32.991  -0.368  -27.196 0.1428571492
71425  -31.947  -0.240  -26.961 0.1428571492
73466  -34.246  1.232  -29.198 0.1428571492
72473  -34.235  0.607  -28.618 0.1428571492
73482  -34.034  1.864  -29.345 0.1428571492
77259  -34.733  5.529  -30.856 0.1428571492
72472  -33.683  0.857  -28.210 0.1428571492
78256  -35.645  5.973  -28.014 0.1428571492
68081  -23.057  -3.529  -26.105 0.2857142985
76295  -35.312  4.800  -29.745 0.1428571492
78257  -36.345  6.346  -27.342 0.1428571492
85913  -23.728  12.799  -32.921 0.4285714328
79363  -35.669  7.569  -27.689 0.1428571492
79375  -31.295  7.569  -29.067 0.1428571492
79374  -30.294  7.808  -29.864 0.1428571492
90799  -23.286  18.007  -35.926 0.4285714328
129410  -29.095  22.483  -38.477 0.1428571492
68104  -22.886  -3.024  -26.578 0.2857142985
75353  -30.418  3.856  -28.707 0.1428571492
80483  -29.738  8.473  -31.482 0.1428571492
77233  -30.676  5.098  -28.836 0.1428571492
77234  -31.357  5.129  -28.762 0.1428571492
80477  -33.021  8.127  -28.897 0.1428571492
76293  -33.046  4.709  -29.472 0.1428571492
74390  -32.261  2.042  -28.148 0.1428571492
75354  -33.354  4.318  -29.671 0.1428571492
73449  -33.267  1.210  -28.148 0.1428571492
74406  -33.614  2.262  -29.169 0.1428571492
72456  -33.963  0.332  -27.971 0.1428571492
73465  -33.628  1.511  -28.706 0.1428571492
63812  -21.403  -7.328  -23.043 0.1428571492
63831  -22.910  -7.100  -23.182 0.1428571492
63830  -22.250  -7.002  -23.372 0.1428571492
64859  -22.046  -6.495  -23.862 0.1428571492
65883  -22.466  -4.921  -24.613 0.1428571492
65882  -21.826  -5.145  -24.662 0.1428571492
66929  -21.695  -4.026  -25.595 0.1428571492
66912  -22.185  -4.553  -25.050 0.1428571492
66930  -22.608  -3.990  -25.548 0.1428571492
66911  -21.304  -4.644  -25.157 0.1428571492
69235  -21.271  -2.718  -26.223 0.1428571492
70310  -22.018  -1.920  -27.134 0.1428571492
69259  -21.802  -2.375  -26.722 0.1428571492
70331  -22.321  -1.421  -27.444 0.2857142985
69278  -22.855  -1.903  -27.393 0.1428571492
74415  -23.924  2.444  -29.870 0.4285714328
83778  -23.739  11.248  -33.564 0.2857142985
84863  -23.271  12.231  -33.412 0.2857142985
87818  -21.591  15.568  -33.491 0.2857142985
88836  -22.113  16.952  -33.440 0.2857142985
70330  -21.792  -0.917  -27.317 0.1428571492
71415  -21.986  -0.448  -27.606 0.2857142985
65860  -21.499  -5.920  -24.300 0.1428571492
68079  -21.120  -3.373  -25.822 0.1428571492
69258  -21.062  -1.893  -26.289 0.1428571492
70309  -21.517  -1.320  -26.902 0.1428571492
71416  -22.802  -0.621  -27.923 0.2857142985
72448  -22.204  0.211  -28.034 0.2857142985
72449  -22.877  0.199  -28.173 0.2857142985
72465  -23.441  0.665  -28.533 0.2857142985
72480  -23.932  1.104  -28.974 0.4285714328
74414  -22.892  2.562  -29.615 0.2857142985
82666  -23.764  10.538  -34.213 0.2857142985
83791  -23.345  11.262  -34.037 0.2857142985
84862  -22.634  12.600  -34.065 0.2857142985
85912  -23.004  13.217  -33.277 0.2857142985
86833  -23.450  14.302  -32.706 0.2857142985
86849  -22.109  14.677  -33.604 0.2857142985
86848  -21.355  14.834  -33.901 0.2857142985
87819  -22.614  15.516  -33.246 0.2857142985
83777  -23.070  11.724  -33.843 0.2857142985
85911  -22.323  13.692  -33.688 0.2857142985
84878  -22.104  12.310  -34.473 0.2857142985
85927  -21.765  13.325  -34.361 0.2857142985
63813  -22.387  -7.572  -22.930 0.1428571492
73475  -23.107  1.932  -29.231 0.4285714328
73459  -23.436  1.477  -28.951 0.4285714328
74435  -23.477  3.099  -30.127 0.2857142985
75378  -23.920  4.518  -31.229 0.2857142985
99136  -26.783  27.078  -39.898 0.1428571492
99130  -27.017  26.526  -39.071 0.1428571492
129496  -26.645  25.813  -39.243 0.1428571492
95631  -27.492  24.233  -39.772 0.1428571492
129427  -27.295  23.066  -39.588 0.1428571492
99129  -26.561  27.242  -39.095 0.1428571492
129472  -27.105  24.533  -39.872 0.1428571492
129481  -26.280  25.442  -38.199 0.1428571492
97464  -24.813  26.613  -37.598 0.1428571492
95632  -28.871  24.023  -39.082 0.1428571492
97476  -28.014  25.290  -38.530 0.1428571492
99145  -27.085  25.385  -39.302 0.1428571492
129443  -26.939  23.094  -39.919 0.1428571492
129426  -26.759  25.047  -38.120 0.1428571492
129444  -27.164  23.315  -39.916 0.1428571492
98298  -25.278  26.783  -39.468 0.1428571492
129477  -26.073  26.053  -38.646 0.1428571492
97459  -25.075  26.115  -36.571 0.1428571492
129438  -26.877  23.732  -40.511 0.1428571492
95642  -26.693  24.324  -39.949 0.1428571492
99137  -26.752  26.188  -39.277 0.1428571492
99994  -25.434  27.912  -40.183 0.1428571492
98300  -27.087  25.694  -39.062 0.1428571492
129485  -26.637  25.642  -39.206 0.1428571492
99151  -25.983  26.442  -39.753 0.1428571492
99989  -25.213  28.205  -39.492 0.1428571492
129483  -28.125  24.885  -39.025 0.1428571492
83789  -21.722  11.477  -34.246 0.1428571492
83790  -22.711  11.467  -34.185 0.1428571492
86862  -21.671  14.117  -33.826 0.1428571492
85925  -20.055  14.320  -33.695 0.1428571492
84876  -20.251  14.754  -33.785 0.1428571492
129313  -20.974  14.236  -34.070 0.1428571492
129309  -20.160  15.542  -33.361 0.1428571492
88835  -20.651  16.269  -33.134 0.1428571492
77283  -24.182  6.883  -31.148 0.2857142985
77282  -23.467  7.152  -31.528 0.1428571492
80530  -22.837  8.542  -34.178 0.1428571492
81567  -23.302  9.431  -34.392 0.1428571492
82665  -22.548  10.460  -34.562 0.1428571492
84826  -28.732  12.550  -32.271 0.1428571492
83776  -21.369  12.034  -34.001 0.1428571492
129316  -21.446  16.611  -33.052 0.1428571492
88824  -21.378  17.114  -33.064 0.2857142985
88843  -21.702  17.523  -34.554 0.2857142985
91770  -21.237  19.457  -35.575 0.2857142985
92718  -21.052  19.727  -34.318 0.2857142985
94656  -22.710  23.240  -35.634 0.1428571492
94607  -21.173  22.431  -31.489 0.1428571492
89834  -22.534  17.724  -34.798 0.2857142985
129319  -21.571  17.410  -33.699 0.2857142985
88850  -21.934  17.433  -35.556 0.2857142985
90810  -22.424  18.580  -36.958 0.2857142985
89850  -21.669  17.805  -36.362 0.2857142985
90798  -21.156  18.373  -35.626 0.2857142985
90818  -22.303  19.125  -37.834 0.2857142985
91761  -21.331  18.931  -35.733 0.2857142985
91760  -21.167  18.932  -34.979 0.2857142985
91777  -21.576  20.109  -37.239 0.2857142985
93694  -21.305  21.534  -35.327 0.1428571492
92703  -21.107  20.279  -33.903 0.2857142985
94635  -22.825  22.774  -33.838 0.1428571492
91748  -20.859  19.038  -33.921 0.1428571492
88823  -20.995  17.160  -32.867 0.2857142985
92719  -21.243  20.440  -34.428 0.2857142985
94646  -21.648  22.162  -34.502 0.1428571492
93672  -21.237  21.068  -33.423 0.1428571492
88834  -19.388  16.389  -32.868 0.2857142985
93671  -20.638  20.903  -32.832 0.1428571492
93660  -20.773  21.560  -32.606 0.1428571492
88821  -18.053  16.366  -32.216 0.1428571492
81566  -22.205  9.477  -34.360 0.1428571492
84843  -29.266  12.530  -33.155 0.1428571492
82664  -21.528  10.351  -34.267 0.1428571492
84861  -21.083  12.411  -33.676 0.1428571492
85926  -21.003  13.255  -33.663 0.1428571492
87807  -18.974  15.879  -32.892 0.1428571492
129324  -21.352  17.725  -34.133 0.1428571492
129322  -21.025  17.973  -33.912 0.1428571492
129321  -21.127  17.871  -34.986 0.2857142985
129323  -20.982  18.416  -34.343 0.1428571492
89849  -21.183  17.861  -35.910 0.1428571492
93659  -19.955  21.535  -32.309 0.1428571492
94619  -21.292  22.242  -32.538 0.1428571492
92741  -21.196  20.022  -35.702 0.2857142985
92732  -21.291  20.618  -35.229 0.2857142985
93706  -20.982  21.927  -36.210 0.2857142985
79445  -23.379  7.874  -33.503 0.1428571492
78347  -22.277  7.722  -33.255 0.1428571492
129317  -21.466  16.206  -33.116 0.1428571492
84877  -21.553  12.493  -34.185 0.1428571492
83788  -20.814  10.962  -34.093 0.1428571492
129311  -20.531  14.567  -33.887 0.1428571492
129314  -21.168  15.176  -33.826 0.1428571492
129304  -20.841  15.562  -33.498 0.1428571492
89813  -21.053  17.422  -33.099 0.2857142985
89833  -21.560  17.602  -35.189 0.2857142985
88844  -22.074  17.397  -34.998 0.2857142985
92731  -21.170  19.841  -35.094 0.2857142985
91771  -21.375  19.540  -36.224 0.2857142985
89840  -21.614  17.516  -35.686 0.2857142985
89841  -22.301  17.455  -36.070 0.2857142985
89851  -22.049  17.871  -36.737 0.2857142985
90808  -21.430  18.520  -36.241 0.2857142985
90809  -21.848  18.387  -36.856 0.2857142985
90816  -21.697  19.104  -36.805 0.2857142985
93683  -21.448  21.308  -34.428 0.1428571492
94622  -23.500  22.879  -33.242 0.1428571492
129318  -20.979  17.865  -33.470 0.1428571492
94618  -20.620  22.095  -32.120 0.1428571492
72437  -20.945  0.201  -27.044 0.1428571492
72463  -21.842  0.889  -28.182 0.1428571492
73442  -19.977  1.794  -27.381 0.1428571492
74385  -20.138  2.416  -27.785 0.1428571492
74386  -20.687  2.396  -28.289 0.1428571492
73444  -21.427  1.336  -28.038 0.1428571492
74398  -21.392  2.426  -28.570 0.1428571492
73457  -21.888  1.633  -28.451 0.1428571492
72464  -22.485  0.874  -28.359 0.1428571492
75337  -21.813  2.977  -28.745 0.1428571492
74399  -22.295  2.360  -28.860 0.1428571492
74413  -22.306  2.877  -29.123 0.1428571492
74400  -22.785  2.140  -29.155 0.1428571492
75336  -20.750  3.355  -28.697 0.1428571492
75349  -22.086  3.516  -29.319 0.1428571492
75350  -22.833  3.546  -30.152 0.1428571492
89824  -19.624  17.420  -32.814 0.1428571492
73430  -20.148  1.170  -27.212 0.1428571492
73443  -20.723  1.578  -27.704 0.1428571492
92702  -20.809  19.986  -33.390 0.1428571492
76322  -23.650  6.122  -31.483 0.1428571492
72447  -21.450  0.560  -27.581 0.1428571492
73458  -22.765  1.604  -28.785 0.1428571492
72446  -20.676  0.790  -27.242 0.1428571492
73456  -21.168  1.858  -28.297 0.1428571492
75348  -21.317  3.974  -29.179 0.1428571492
75335  -19.998  3.805  -28.435 0.1428571492
72436  -20.177  0.394  -26.677 0.1428571492
68105  -23.405  -3.168  -26.371 0.2857142985
71436  -23.362  -0.236  -28.292 0.2857142985
74391  -32.714  1.865  -28.264 0.1428571492
76335  -23.819  6.561  -31.316 0.4285714328
77274  -24.357  6.262  -31.380 0.4285714328
77298  -23.974  7.815  -31.417 0.4285714328
78335  -24.575  8.404  -32.040 0.5714285970
78339  -28.503  6.659  -33.736 0.7142857313
78350  -24.212  8.072  -31.831 0.4285714328
78352  -28.384  7.056  -34.449 0.8571428657
78353  -28.641  6.939  -34.356 0.7142857313
79400  -25.749  8.440  -31.612 0.8571428657
79429  -24.363  8.523  -32.665 0.5714285970
79434  -29.685  7.692  -33.848 0.5714285970
79449  -28.619  7.518  -34.476 0.8571428657
79451  -29.753  7.848  -34.191 0.4285714328
80493  -25.496  8.896  -32.222 0.7142857313
80494  -25.597  8.879  -31.648 0.8571428657
80496  -29.930  8.789  -31.685 0.1428571492
80519  -30.020  8.236  -33.629 0.4285714328
80520  -30.238  8.344  -34.091 0.4285714328
80534  -29.392  8.183  -34.570 0.4285714328
80535  -29.889  8.208  -34.324 0.4285714328
81528  -25.518  9.267  -31.926 0.8571428657
81529  -25.904  9.206  -31.932 0.8571428657
81545  -30.026  8.937  -32.429 0.1428571492
81572  -30.232  8.597  -34.352 0.4285714328
83740  -25.739  10.894  -31.530 1.0000000000
83775  -20.935  11.725  -33.836 0.1428571492
86803  -28.284  13.798  -31.055 0.2857142985
87783  -25.725  16.661  -30.808 0.8571428657
87784  -26.523  16.484  -30.473 0.7142857313
88796  -26.281  17.060  -30.859 0.7142857313
88797  -26.855  16.883  -30.805 0.7142857313
88811  -25.968  17.224  -30.994 0.8571428657
88812  -27.258  16.596  -30.763 0.5714285970
88849  -21.794  17.480  -35.268 0.2857142985
89784  -26.374  17.282  -30.948 0.7142857313
89814  -21.170  17.643  -33.464 0.1428571492
90817  -21.922  19.067  -37.470 0.2857142985
91712  -27.665  18.588  -32.170 0.1428571492
91763  -24.039  19.759  -35.132 0.8571428657
92722  -26.040  20.958  -33.812 0.4285714328
92735  -24.994  20.831  -34.913 0.5714285970
92750  -21.650  21.794  -37.157 0.4285714328
92764  -26.172  21.976  -40.212 0.2857142985
92768  -25.839  21.693  -40.275 0.2857142985
92774  -24.160  21.554  -39.652 0.4285714328
92780  -23.521  21.976  -39.234 0.5714285970
92781  -23.900  21.788  -39.595 0.4285714328
92782  -24.205  21.804  -39.882 0.4285714328
93673  -26.942  21.249  -33.627 0.2857142985
93695  -24.910  20.899  -35.237 0.7142857313
93718  -21.759  22.208  -36.991 0.4285714328
93746  -25.260  21.916  -40.243 0.2857142985
93750  -24.317  21.434  -39.505 0.2857142985
93751  -24.620  21.653  -39.828 0.4285714328
93754  -23.815  21.996  -40.002 0.4285714328
94654  -21.526  22.337  -35.394 0.2857142985
94665  -22.925  23.438  -35.976 0.1428571492
94672  -23.803  23.357  -37.957 0.2857142985
94679  -22.428  22.528  -37.960 0.7142857313
94680  -23.552  23.330  -38.356 0.4285714328
94691  -23.105  23.031  -39.217 0.2857142985
94692  -27.085  23.934  -40.615 0.1428571492
94696  -26.826  23.960  -40.763 0.1428571492
94697  -27.016  23.980  -40.892 0.1428571492
94701  -24.233  22.178  -39.739 0.4285714328
95622  -22.649  22.917  -38.610 0.4285714328
95623  -22.678  23.299  -37.865 0.4285714328
95638  -27.300  23.986  -40.854 0.1428571492
95643  -26.933  24.168  -40.659 0.1428571492
95644  -27.133  24.065  -40.702 0.1428571492
96651  -26.999  24.461  -40.369 0.1428571492
98294  -27.387  25.580  -38.963 0.1428571492
99135  -26.056  27.698  -39.847 0.1428571492
99993  -25.163  27.583  -40.134 0.1428571492
129306  -21.083  15.525  -33.521 0.1428571492
129307  -20.853  15.371  -33.697 0.1428571492
129308  -20.551  15.115  -33.778 0.1428571492
129310  -21.083  15.718  -33.427 0.1428571492
129312  -21.069  15.375  -33.705 0.1428571492
129315  -21.202  15.905  -33.241 0.1428571492
129388  -23.438  23.029  -39.007 0.4285714328
129389  -24.411  22.920  -39.212 0.2857142985
129393  -23.989  22.889  -39.008 0.2857142985
129394  -23.966  22.277  -39.376 0.2857142985
129395  -24.369  23.161  -38.899 0.2857142985
129396  -23.913  22.019  -39.586 0.4285714328
129397  -24.660  22.195  -39.982 0.2857142985
129400  -29.047  22.341  -38.279 0.1428571492
129401  -24.081  22.984  -38.816 0.2857142985
129402  -22.851  23.142  -38.983 0.4285714328
129405  -25.339  23.185  -39.724 0.2857142985
129407  -25.616  23.146  -39.861 0.2857142985
129408  -26.260  25.831  -38.540 0.1428571492
129412  -22.950  22.345  -39.027 0.4285714328
129413  -22.905  22.724  -39.070 0.4285714328
129414  -23.091  22.162  -39.042 0.5714285970
129417  -23.816  23.146  -38.727 0.2857142985
129421  -26.361  23.892  -40.022 0.1428571492
129422  -26.318  24.099  -39.533 0.1428571492
129428  -28.915  22.526  -38.559 0.1428571492
129429  -22.970  21.689  -38.887 0.5714285970
129430  -22.882  22.144  -38.850 0.5714285970
129431  -23.085  21.937  -38.944 0.5714285970
129432  -22.781  22.328  -38.828 0.4285714328
129435  -23.057  21.194  -38.927 0.5714285970
129436  -26.351  24.225  -39.254 0.1428571492
129439  -26.233  26.060  -38.710 0.1428571492
129446  -22.788  21.926  -38.783 0.5714285970
129447  -22.708  21.388  -38.661 0.7142857313
129448  -22.691  22.021  -38.582 0.7142857313
129453  -26.239  24.256  -38.711 0.1428571492
129454  -26.339  24.232  -38.937 0.1428571492
129455  -26.601  24.545  -39.161 0.1428571492
129456  -26.882  24.550  -40.040 0.1428571492
129458  -27.024  23.773  -40.362 0.1428571492
129459  -26.444  25.685  -38.642 0.1428571492
129464  -26.775  23.379  -40.200 0.2857142985
129465  -23.190  20.955  -38.946 0.7142857313
129466  -24.264  23.396  -37.660 0.2857142985
129468  -26.461  24.425  -38.665 0.1428571492
129469  -26.643  24.614  -38.771 0.1428571492
129470  -26.940  24.878  -39.031 0.1428571492
129471  -27.030  24.823  -40.011 0.1428571492
129475  -26.695  24.832  -38.577 0.1428571492
129476  -26.611  25.646  -38.848 0.1428571492
129482  -26.430  24.660  -38.315 0.1428571492
129484  -27.676  25.082  -39.066 0.1428571492
129486  -27.035  24.455  -40.080 0.1428571492
129489  -27.450  25.114  -39.226 0.1428571492
129490  -24.763  23.410  -35.167 0.1428571492
129493  -27.149  24.213  -40.306 0.1428571492
129494  -27.000  25.253  -39.422 0.1428571492
