#!ascii label  , from subject 3231 vox2ras=TkReg
490
59953  19.681  -9.005  -21.110 0.1428571492
59054  18.710  -8.986  -21.032 0.1428571492
60866  19.430  -7.588  -21.862 0.1428571492
59952  20.554  -8.950  -20.857 0.1428571492
59971  20.020  -8.382  -21.459 0.2857142985
59972  19.143  -8.639  -21.417 0.1428571492
61825  19.454  -6.530  -22.282 0.5714285970
60865  20.384  -7.675  -21.889 0.1428571492
61824  22.141  -7.168  -21.841 0.2857142985
61822  23.797  -7.082  -22.006 0.1428571492
61823  22.810  -7.075  -21.893 0.2857142985
62885  23.799  -5.179  -23.597 0.2857142985
62886  22.785  -5.276  -23.751 0.1428571492
62860  23.389  -6.001  -23.285 0.2857142985
65118  25.202  -3.909  -24.220 0.2857142985
62884  24.792  -5.130  -23.373 0.2857142985
66269  24.755  -2.910  -25.008 0.2857142985
65134  24.701  -3.454  -24.749 0.2857142985
66287  25.683  -2.068  -25.302 0.2857142985
69304  25.653  0.210  -26.952 0.8571428657
67310  25.421  -0.927  -26.311 0.4285714328
70345  26.316  1.665  -27.477 0.7142857313
70325  26.828  1.118  -27.434 0.7142857313
69303  26.679  0.348  -27.046 0.7142857313
68335  25.940  -0.508  -26.601 0.7142857313
71339  26.995  2.412  -27.700 0.8571428657
70344  27.060  1.774  -27.393 0.5714285970
69323  26.217  0.835  -27.280 0.7142857313
69324  25.501  0.989  -27.242 0.7142857313
72323  27.698  3.770  -28.385 0.4285714328
72306  27.139  3.200  -28.089 0.7142857313
73320  29.078  4.667  -29.064 0.2857142985
73321  27.931  4.271  -28.891 0.5714285970
72324  27.117  3.694  -28.534 0.8571428657
72307  26.687  3.273  -28.324 0.8571428657
74354  29.416  5.393  -30.117 0.1428571492
73336  28.496  4.830  -29.548 0.4285714328
73322  27.004  4.218  -28.748 0.8571428657
74387  29.215  6.240  -31.143 0.1428571492
74355  28.302  5.363  -30.045 0.4285714328
76328  29.505  7.393  -31.883 0.1428571492
74386  29.504  6.421  -31.278 0.1428571492
75379  29.300  6.728  -31.363 0.1428571492
74375  28.933  5.740  -30.823 0.1428571492
75347  28.432  6.012  -30.529 0.4285714328
74356  27.372  5.446  -29.264 0.7142857313
73338  26.802  4.800  -28.830 0.8571428657
76315  29.014  7.126  -31.377 0.1428571492
77300  28.946  8.093  -31.572 0.1428571492
76316  28.491  7.218  -30.999 0.1428571492
75367  28.232  6.568  -30.653 0.5714285970
78311  28.428  9.185  -31.461 0.2857142985
77284  27.506  8.265  -29.987 0.8571428657
75348  27.851  6.287  -29.880 0.8571428657
76298  27.209  7.254  -29.570 0.8571428657
79279  28.264  10.310  -31.174 0.1428571492
79291  28.587  10.268  -32.176 0.1428571492
78312  27.970  9.279  -30.466 0.4285714328
78295  27.330  9.442  -29.344 0.8571428657
76299  26.220  7.225  -29.141 0.8571428657
78296  26.722  9.067  -29.128 0.8571428657
77285  26.659  8.368  -29.225 0.8571428657
77271  26.013  8.841  -28.896 0.8571428657
80250  28.083  11.484  -30.919 0.2857142985
79280  27.742  10.444  -30.195 0.5714285970
80251  27.468  11.398  -30.165 0.8571428657
78280  27.032  10.017  -28.889 0.8571428657
79250  26.625  10.352  -28.805 0.8571428657
78281  26.473  9.547  -28.841 0.8571428657
81217  28.195  12.193  -31.015 0.2857142985
81218  27.788  12.459  -30.536 0.7142857313
80232  26.227  11.351  -29.007 0.8571428657
79251  25.916  10.477  -28.786 0.8571428657
81195  26.980  13.031  -29.903 0.8571428657
81174  25.818  12.775  -28.788 0.7142857313
81197  25.615  12.113  -29.062 0.7142857313
81196  26.456  12.435  -29.103 0.8571428657
82158  26.332  13.453  -29.037 0.8571428657
83157  26.560  14.826  -29.304 0.8571428657
82135  25.637  13.250  -28.810 0.7142857313
83176  27.598  14.972  -30.644 0.7142857313
82157  27.069  14.156  -29.941 0.8571428657
83156  27.169  15.419  -30.015 0.8571428657
84123  26.413  15.808  -29.038 0.8571428657
85096  26.464  17.057  -29.190 0.7142857313
85124  27.250  16.482  -32.627 0.1428571492
84122  26.972  16.457  -29.948 0.7142857313
85095  26.902  17.503  -29.946 0.7142857313
87166  26.904  18.406  -32.534 0.1428571492
85110  27.287  17.095  -30.657 0.5714285970
86125  27.079  18.099  -30.628 0.5714285970
87145  26.736  19.116  -30.472 0.5714285970
87154  27.183  18.318  -31.547 0.1428571492
88226  26.261  19.173  -33.488 0.1428571492
88197  26.427  20.125  -30.806 0.5714285970
89300  26.323  20.323  -33.438 0.1428571492
89310  26.210  20.643  -34.492 0.1428571492
89291  26.416  20.328  -32.358 0.1428571492
88208  26.554  19.756  -31.541 0.5714285970
89301  26.062  20.950  -33.953 0.1428571492
90339  25.876  21.337  -33.208 0.1428571492
91340  25.544  21.943  -35.588 0.1428571492
91330  25.032  22.049  -34.764 0.1428571492
59041  19.172  -9.528  -21.140 0.1428571492
59042  18.574  -9.342  -20.494 0.1428571492
59970  20.962  -8.172  -21.131 0.1428571492
60863  22.528  -7.634  -21.388 0.2857142985
60864  21.421  -7.363  -21.703 0.2857142985
62859  24.388  -5.864  -23.097 0.2857142985
61844  24.057  -6.521  -22.646 0.1428571492
66288  24.651  -2.351  -25.176 0.2857142985
67294  25.114  -1.416  -25.814 0.5714285970
72291  27.548  3.015  -27.561 0.2857142985
73307  28.454  4.075  -28.363 0.1428571492
72325  26.303  3.597  -28.376 0.8571428657
73337  27.695  4.802  -29.209 0.7142857313
76297  27.778  7.227  -30.453 0.8571428657
75349  26.837  6.289  -29.156 0.8571428657
86137  27.354  17.635  -31.425 0.2857142985
87155  26.877  18.967  -31.614 0.1428571492
89318  26.470  20.307  -35.063 0.1428571492
60878  20.584  -7.054  -22.295 0.4285714328
61846  21.828  -6.647  -22.435 0.2857142985
60877  21.127  -6.870  -22.266 0.4285714328
61848  20.063  -6.654  -22.642 0.2857142985
61845  23.022  -6.634  -22.665 0.1428571492
63971  25.351  -4.448  -23.600 0.2857142985
63972  24.345  -4.369  -24.211 0.2857142985
63973  23.226  -4.571  -24.134 0.2857142985
68336  24.865  -0.614  -26.477 0.7142857313
74373  30.008  6.133  -31.092 0.1428571492
74357  26.244  5.383  -28.855 1.0000000000
80272  28.427  11.292  -31.893 0.1428571492
81233  28.273  12.283  -31.701 0.1428571492
81234  28.190  12.570  -31.155 0.2857142985
82180  27.766  13.748  -30.569 0.5714285970
84137  27.456  16.081  -30.665 0.7142857313
85120  27.484  16.761  -31.527 0.4285714328
84148  27.625  15.715  -31.575 0.2857142985
86144  27.319  17.478  -32.224 0.1428571492
87165  27.380  18.004  -31.978 0.1428571492
90329  26.292  21.049  -32.258 0.2857142985
90338  26.295  20.779  -32.841 0.1428571492
91331  24.314  22.087  -34.502 0.1428571492
91351  24.590  22.512  -35.975 0.1428571492
82196  28.065  13.237  -31.621 0.4285714328
83187  27.852  14.558  -31.571 0.4285714328
60867  18.712  -7.628  -21.202 0.1428571492
59954  19.310  -9.087  -21.294 0.1428571492
59955  18.161  -8.465  -20.076 0.1428571492
60879  19.922  -7.224  -22.423 0.5714285970
59969  22.055  -8.281  -21.023 0.1428571492
70346  25.375  1.833  -27.452 0.7142857313
75366  28.777  6.455  -31.041 0.2857142985
77301  28.181  8.172  -30.835 0.5714285970
80231  26.933  11.899  -29.743 0.8571428657
79264  27.128  10.765  -29.263 0.8571428657
80220  25.704  10.957  -29.049 0.8571428657
86145  26.801  17.450  -33.001 0.1428571492
87144  26.992  18.624  -31.057 0.5714285970
86126  26.868  18.399  -30.094 0.5714285970
88234  26.065  18.882  -34.476 0.1428571492
89282  26.398  20.589  -31.501 0.4285714328
88217  26.555  19.490  -32.509 0.1428571492
89309  26.354  19.811  -34.389 0.1428571492
90350  25.515  21.288  -34.491 0.1428571492
61843  25.013  -6.412  -22.590 0.1428571492
61847  20.744  -6.452  -22.622 0.4285714328
63986  23.539  -3.901  -24.540 0.5714285970
90330  25.880  21.721  -32.100 0.1428571492
65137  21.942  -3.390  -24.478 0.5714285970
66245  21.178  -2.914  -24.154 0.5714285970
66246  20.470  -2.277  -23.959 0.2857142985
66271  22.588  -2.489  -24.716 0.5714285970
66272  21.649  -2.402  -24.565 0.5714285970
65090  20.381  -3.854  -23.181 0.4285714328
66247  19.517  -2.188  -23.555 0.2857142985
67245  20.391  -1.609  -24.362 0.4285714328
67295  23.938  -1.705  -25.340 0.4285714328
67271  23.176  -1.877  -24.940 0.5714285970
68288  21.509  -1.167  -25.027 0.5714285970
68289  20.964  -0.848  -25.074 0.4285714328
68314  22.871  -0.535  -25.515 0.5714285970
67272  22.177  -1.535  -24.948 0.4285714328
68313  23.803  -0.607  -25.835 0.7142857313
69286  22.676  0.127  -25.762 0.4285714328
68337  24.207  -0.165  -26.442 0.4285714328
67273  21.052  -1.686  -24.646 0.4285714328
67246  19.728  -1.270  -24.161 0.2857142985
68315  21.938  -0.515  -25.250 0.4285714328
68312  24.442  -1.073  -25.837 0.7142857313
70326  24.139  1.002  -26.826 0.7142857313
70328  22.433  1.622  -26.710 0.4285714328
70348  23.275  2.154  -27.096 0.7142857313
71343  23.181  2.971  -27.372 0.7142857313
69305  24.652  0.370  -26.863 0.5714285970
71341  25.061  2.601  -27.761 0.7142857313
72308  23.881  3.466  -27.505 0.7142857313
72327  24.333  4.034  -27.933 0.7142857313
72328  23.436  4.451  -27.888 0.7142857313
72309  23.301  3.757  -27.530 0.4285714328
73326  23.281  5.072  -28.222 0.4285714328
70347  24.337  1.890  -27.078 0.5714285970
71358  24.831  3.331  -27.924 0.5714285970
72326  25.372  3.848  -28.308 0.7142857313
73325  24.002  4.725  -28.463 0.7142857313
74338  25.235  4.954  -28.644 0.7142857313
73341  23.739  5.313  -28.579 0.5714285970
75352  23.636  6.467  -29.050 0.5714285970
73323  26.065  4.388  -28.493 0.7142857313
74358  25.114  5.385  -28.754 0.8571428657
73342  23.319  5.456  -28.465 0.4285714328
75351  24.617  6.372  -29.003 0.7142857313
76301  24.124  7.288  -29.525 0.7142857313
73324  25.026  4.667  -28.534 0.7142857313
75350  25.681  6.262  -29.093 0.8571428657
76300  25.156  7.240  -29.147 0.7142857313
78298  24.302  9.423  -29.556 0.2857142985
78297  24.955  9.748  -29.428 0.7142857313
77287  24.737  8.322  -29.333 0.8571428657
78282  25.500  9.546  -28.957 0.8571428657
77286  25.683  8.101  -29.169 0.8571428657
79266  24.616  10.396  -29.501 0.8571428657
80233  25.225  11.197  -29.253 0.8571428657
80221  25.520  10.748  -29.082 0.8571428657
82159  25.167  13.637  -29.184 0.7142857313
83159  24.562  14.099  -29.283 0.7142857313
83158  25.214  14.661  -29.211 0.5714285970
84125  24.197  15.094  -29.027 0.7142857313
83138  25.833  15.884  -29.022 0.7142857313
85082  25.054  17.061  -28.494 0.7142857313
84124  24.571  15.656  -28.802 0.7142857313
86094  24.842  17.990  -29.063 0.7142857313
87115  25.026  18.958  -29.144 0.7142857313
86095  24.224  18.017  -29.346 0.5714285970
85081  25.770  17.604  -28.786 0.7142857313
86093  25.613  18.321  -29.062 0.7142857313
87116  23.904  18.767  -29.475 0.5714285970
87114  25.810  18.843  -29.220 0.4285714328
88165  24.232  19.854  -29.237 0.5714285970
87131  25.555  19.366  -29.247 0.5714285970
88164  25.073  19.673  -29.193 0.5714285970
88166  23.031  20.150  -30.041 0.4285714328
87117  22.520  19.141  -29.764 0.4285714328
89247  23.680  20.709  -29.603 0.5714285970
88182  25.546  20.070  -29.363 0.5714285970
88185  22.289  20.674  -29.929 0.4285714328
87118  21.254  19.260  -29.914 0.4285714328
88184  22.623  20.758  -30.076 0.5714285970
90303  22.027  21.577  -29.464 0.4285714328
68334  26.789  -0.327  -26.495 0.2857142985
71357  25.539  3.165  -28.214 0.5714285970
90302  22.525  21.697  -29.531 0.2857142985
89264  21.864  21.216  -29.491 0.2857142985
65119  21.343  -3.498  -24.000 0.5714285970
63976  20.989  -4.217  -23.475 0.5714285970
65135  23.879  -3.313  -25.043 0.2857142985
65136  23.035  -3.259  -24.649 0.4285714328
65149  24.075  -2.742  -25.262 0.2857142985
67270  23.567  -2.024  -25.065 0.5714285970
65121  19.967  -2.889  -23.436 0.2857142985
67274  20.420  -1.156  -24.657 0.4285714328
68268  19.507  -0.315  -24.295 0.2857142985
68290  20.141  -0.306  -24.941 0.2857142985
69307  22.553  0.828  -26.306 0.5714285970
69302  27.383  0.402  -26.523 0.2857142985
70349  22.385  2.429  -26.970 0.2857142985
82136  25.159  12.999  -28.979 0.7142857313
83160  24.156  13.713  -29.623 0.7142857313
86111  24.486  17.305  -28.974 0.7142857313
87133  23.268  18.088  -29.681 0.5714285970
88167  21.786  20.200  -29.796 0.2857142985
86110  26.461  18.266  -29.474 0.5714285970
87130  26.165  19.338  -29.518 0.5714285970
90287  23.985  21.042  -29.431 0.2857142985
69287  21.824  0.523  -25.591 0.4285714328
63985  24.107  -3.803  -24.698 0.2857142985
71340  26.179  2.692  -27.994 0.7142857313
69325  24.796  1.196  -27.126 0.5714285970
73339  26.203  4.847  -28.594 0.7142857313
77272  25.358  8.761  -29.108 0.7142857313
84109  26.048  16.598  -28.692 0.8571428657
81198  24.770  12.347  -29.569 0.7142857313
66273  21.074  -2.323  -24.325 0.4285714328
65120  20.743  -3.510  -23.485 0.5714285970
66270  23.542  -2.482  -25.029 0.5714285970
67296  23.078  -1.196  -25.282 0.5714285970
67297  22.500  -0.951  -25.261 0.5714285970
68316  20.997  -0.053  -25.447 0.4285714328
69306  23.534  0.279  -26.442 0.5714285970
70327  23.332  1.239  -26.874 0.7142857313
71342  24.148  2.869  -27.421 0.7142857313
71359  24.319  3.444  -27.706 0.7142857313
73340  24.398  5.130  -28.678 0.7142857313
74359  24.130  5.736  -28.741 0.7142857313
74337  25.625  4.920  -28.575 0.5714285970
77288  23.726  8.442  -29.458 0.5714285970
83139  25.278  15.544  -28.717 0.7142857313
84110  25.114  15.966  -28.882 0.7142857313
89246  24.430  20.675  -29.221 0.7142857313
89262  22.970  21.037  -30.100 0.5714285970
89263  22.251  21.095  -29.839 0.4285714328
68317  20.496  0.267  -25.409 0.1428571492
69288  20.923  0.795  -25.707 0.4285714328
61826  18.726  -6.632  -21.511 0.4285714328
65117  25.933  -3.818  -23.874 0.1428571492
65133  25.693  -3.347  -24.519 0.1428571492
67293  26.140  -1.397  -25.773 0.1428571492
65132  26.363  -3.303  -24.230 0.1428571492
67292  26.803  -1.280  -25.119 0.1428571492
66267  26.535  -2.473  -24.696 0.1428571492
68310  26.808  -0.740  -25.883 0.1428571492
70324  27.490  1.382  -26.888 0.2857142985
71322  27.565  2.404  -27.186 0.1428571492
81175  25.211  12.613  -29.131 0.5714285970
93216  25.113  25.197  -36.353 0.1428571492
81199  23.744  12.240  -30.003 0.4285714328
94035  24.439  25.294  -36.092 0.1428571492
91321  25.047  22.263  -33.777 0.1428571492
92263  24.636  23.097  -31.262 0.2857142985
91290  25.043  22.185  -30.399 0.2857142985
89260  25.561  21.057  -29.614 0.2857142985
85112  21.661  15.812  -30.812 0.1428571492
85099  23.376  15.659  -29.872 0.5714285970
85097  24.647  16.632  -29.038 0.5714285970
91301  23.965  22.667  -30.519 0.2857142985
86127  22.975  16.257  -30.514 0.4285714328
86113  22.932  16.995  -30.028 0.5714285970
91291  24.422  22.203  -30.238 0.2857142985
86114  21.599  17.478  -30.512 0.4285714328
87134  22.052  18.235  -30.002 0.2857142985
91293  22.958  22.380  -29.436 0.1428571492
90301  23.580  21.524  -29.778 0.1428571492
91292  23.653  22.351  -30.013 0.1428571492
91281  22.213  22.561  -29.379 0.1428571492
92248  23.597  22.930  -30.302 0.1428571492
87135  20.787  18.455  -30.264 0.2857142985
90288  21.976  22.132  -29.318 0.2857142985
91268  21.235  22.691  -28.703 0.1428571492
92234  22.507  22.902  -29.476 0.1428571492
92249  22.979  23.294  -29.817 0.1428571492
91282  21.602  22.915  -29.079 0.1428571492
92235  21.973  23.346  -29.523 0.1428571492
92236  20.948  23.926  -29.525 0.1428571492
62839  19.022  -5.730  -22.006 0.4285714328
63947  18.374  -4.148  -21.859 0.2857142985
82161  24.132  13.103  -30.059 0.2857142985
86109  26.903  18.068  -29.983 0.4285714328
89272  26.206  20.952  -30.617 0.2857142985
91299  25.306  22.299  -30.968 0.2857142985
63926  18.643  -4.769  -21.717 0.2857142985
62883  25.696  -5.120  -22.907 0.1428571492
86128  22.181  16.502  -30.574 0.2857142985
88181  26.203  20.246  -29.988 0.4285714328
92264  23.845  23.490  -30.965 0.2857142985
91309  25.085  22.856  -31.295 0.2857142985
90321  25.721  21.781  -31.275 0.2857142985
91308  25.515  22.516  -31.756 0.2857142985
92278  25.000  23.430  -31.880 0.2857142985
92289  24.373  23.345  -32.823 0.1428571492
92290  23.814  23.864  -33.180 0.1428571492
90341  23.806  22.514  -34.308 0.1428571492
92265  22.776  24.084  -30.474 0.2857142985
92297  23.920  23.117  -33.543 0.1428571492
92306  23.897  23.610  -34.961 0.1428571492
91316  25.483  22.284  -32.656 0.1428571492
92296  24.479  22.821  -33.360 0.1428571492
92279  24.011  23.835  -32.190 0.2857142985
92277  25.349  22.836  -32.282 0.1428571492
62838  19.422  -5.992  -22.348 0.4285714328
90320  26.152  21.279  -31.440 0.2857142985
84126  23.740  14.496  -29.540 0.4285714328
85098  24.006  16.219  -29.364 0.5714285970
86112  24.064  17.435  -29.338 0.5714285970
89259  26.065  20.889  -30.025 0.2857142985
90289  21.769  21.912  -29.057 0.2857142985
81176  24.890  12.745  -29.386 0.5714285970
89245  24.881  21.075  -29.175 0.2857142985
90300  24.321  21.782  -29.746 0.2857142985
66286  26.308  -1.846  -25.276 0.1428571492
83177  23.407  13.815  -29.922 0.2857142985
91300  24.609  22.673  -30.817 0.2857142985
90299  25.050  21.862  -29.834 0.2857142985
90312  25.610  21.589  -30.449 0.2857142985
68309  27.520  -0.347  -25.404 0.1428571492
82181  23.180  13.074  -30.260 0.2857142985
92288  25.057  22.935  -32.828 0.2857142985
92298  23.705  23.681  -34.159 0.1428571492
93157  23.295  24.467  -30.884 0.1428571492
93995  23.698  25.275  -32.167 0.1428571492
93147  21.726  24.602  -29.629 0.1428571492
93986  23.648  25.167  -31.034 0.1428571492
93169  23.720  24.459  -31.629 0.1428571492
92266  22.362  24.403  -30.268 0.1428571492
93159  22.238  24.589  -30.040 0.1428571492
93979  23.132  25.117  -30.435 0.1428571492
93994  24.277  25.856  -31.694 0.1428571492
93987  23.167  24.898  -30.720 0.1428571492
93978  23.687  25.292  -30.104 0.1428571492
93146  22.706  25.060  -29.735 0.1428571492
93985  24.367  25.853  -30.596 0.1428571492
94003  24.385  25.772  -32.801 0.1428571492
93179  23.637  24.550  -32.670 0.1428571492
94004  23.696  25.331  -33.215 0.1428571492
62888  21.100  -4.763  -23.609 0.4285714328
62887  21.794  -5.150  -23.798 0.2857142985
62861  22.298  -5.962  -23.265 0.1428571492
63975  21.526  -4.160  -23.922 0.2857142985
63974  22.307  -4.593  -24.163 0.2857142985
62862  21.102  -5.658  -23.192 0.2857142985
63987  22.672  -3.975  -24.380 0.2857142985
63944  20.476  -4.450  -23.098 0.4285714328
63945  19.555  -4.379  -22.593 0.2857142985
62864  19.128  -4.954  -22.273 0.2857142985
69308  21.743  1.283  -26.062 0.2857142985
70329  21.598  2.001  -26.477 0.2857142985
72310  22.646  4.142  -27.554 0.1428571492
74360  23.311  5.838  -28.677 0.1428571492
77289  22.864  8.692  -29.386 0.1428571492
78299  23.332  9.584  -29.788 0.1428571492
79267  23.786  10.410  -29.790 0.1428571492
79268  23.075  10.480  -30.211 0.1428571492
80235  23.319  11.310  -30.029 0.1428571492
83178  22.641  13.971  -30.497 0.1428571492
84138  22.953  14.762  -30.151 0.1428571492
84139  22.155  14.905  -30.723 0.1428571492
89248  21.863  20.855  -29.753 0.1428571492
89249  21.462  20.883  -29.167 0.1428571492
62863  19.846  -5.668  -22.638 0.1428571492
80234  24.216  11.323  -29.646 0.2857142985
81219  22.827  12.200  -30.329 0.1428571492
85111  22.639  15.669  -30.567 0.1428571492
62840  18.141  -5.513  -21.067 0.2857142985
72329  22.877  4.729  -27.783 0.1428571492
75353  22.831  6.414  -28.870 0.1428571492
76302  22.924  7.397  -29.206 0.1428571492
78300  22.597  9.577  -29.756 0.1428571492
78313  22.817  10.000  -30.239 0.1428571492
79281  22.607  10.559  -30.244 0.1428571492
88168  20.687  20.014  -29.355 0.1428571492
69309  21.092  1.504  -26.042 0.2857142985
63946  18.835  -4.165  -22.149 0.2857142985
63923  17.435  -4.340  -20.508 0.1428571492
63927  17.984  -4.269  -21.449 0.1428571492
65092  18.976  -3.504  -22.714 0.1428571492
72290  28.309  3.370  -27.042 0.1428571492
61807  18.219  -6.974  -21.007 0.1428571492
65091  19.908  -3.627  -23.069 0.1428571492
65093  18.144  -3.372  -22.105 0.1428571492
82195  28.136  12.804  -32.118 0.1428571492
83195  27.698  14.209  -32.605 0.1428571492
67247  18.806  -1.583  -23.367 0.1428571492
61827  18.167  -6.418  -21.019 0.1428571492
72305  27.949  3.576  -27.861 0.1428571492
66218  19.228  -2.876  -23.267 0.1428571492
59055  18.519  -8.795  -20.631 0.1428571492
63988  22.070  -4.071  -24.323 0.4285714328
65148  24.401  -2.991  -25.119 0.2857142985
66244  26.739  -3.045  -24.114 0.1428571492
66289  24.036  -2.341  -25.263 0.2857142985
67309  25.783  -1.064  -26.206 0.4285714328
68311  26.293  -0.825  -26.222 0.1428571492
69285  23.226  -0.167  -25.873 0.7142857313
73327  22.657  5.232  -27.814 0.1428571492
74374  29.633  6.079  -31.031 0.1428571492
75365  29.961  6.320  -31.255 0.1428571492
75378  29.883  6.825  -31.479 0.1428571492
76327  29.989  7.274  -32.115 0.1428571492
77270  26.460  8.945  -29.030 0.8571428657
78283  24.942  9.144  -29.292 0.8571428657
79252  25.262  10.350  -29.188 0.8571428657
79265  26.491  10.749  -28.940 0.8571428657
82137  24.958  12.875  -29.206 0.7142857313
82160  24.740  13.204  -29.455 0.7142857313
87132  23.936  18.038  -29.504 0.5714285970
88183  24.889  20.170  -29.184 0.5714285970
89261  25.094  20.619  -29.201 0.7142857313
89273  25.923  21.156  -30.131 0.2857142985
90285  24.866  21.525  -29.360 0.2857142985
90286  24.346  21.267  -29.411 0.2857142985
90311  25.956  21.408  -30.933 0.2857142985
90340  23.876  22.266  -34.463 0.1428571492
90351  23.911  22.100  -35.033 0.1428571492
90352  23.767  22.606  -34.762 0.1428571492
91322  23.979  22.378  -33.856 0.1428571492
91323  23.786  22.894  -34.204 0.1428571492
91332  23.761  23.149  -34.663 0.1428571492
91341  24.533  22.066  -35.311 0.1428571492
93158  22.747  24.712  -30.413 0.1428571492
93204  24.782  24.441  -35.746 0.1428571492
