#!ascii label  , from subject 3829 vox2ras=TkReg
615
87629  21.848  -11.968  1.992 0.0000000000
95057  28.714  -6.935  -0.479 0.0000000000
107111  26.774  3.191  -2.107 0.0000000000
102307  21.071  -0.374  -1.264 0.0000000000
81386  25.704  -17.291  1.719 0.0000000000
86392  29.294  -13.802  0.730 0.0000000000
91416  25.945  -9.854  -0.948 0.0000000000
96303  21.474  -4.879  -1.247 0.0000000000
102285  26.993  -1.266  -0.449 0.0000000000
105962  31.359  1.931  -5.090 0.0000000000
109300  26.639  6.087  -4.767 0.0000000000
85143  23.558  -14.651  1.405 0.0000000000
83964  26.899  -15.516  0.432 0.0000000000
86434  24.765  -13.400  -0.344 0.0000000000
95028  20.403  -6.067  1.422 0.0000000000
98638  19.316  -3.741  2.268 0.0000000000
103562  23.636  0.841  -2.789 0.0000000000
101104  24.379  -1.410  -3.217 0.0000000000
104746  27.064  1.447  -1.226 0.0000000000
103542  30.551  0.312  -0.947 0.0000000000
105920  30.296  3.242  -1.556 0.0000000000
111091  25.385  7.552  -2.956 0.0000000000
110199  23.496  6.643  -3.256 0.0000000000
112080  25.609  8.382  -6.097 0.0000000000
92568  27.009  -7.999  -2.475 0.0000000000
90205  29.530  -10.102  -1.440 0.0000000000
92564  30.498  -8.651  -1.753 0.0000000000
105939  23.354  2.409  -3.328 0.0000000000
97502  31.124  -4.666  -2.491 0.0000000000
90158  21.103  -9.662  1.883 0.0000000000
90173  23.229  -10.601  0.483 0.0000000000
92550  21.716  -8.418  0.805 0.0000000000
93787  23.260  -7.194  -1.480 0.0000000000
96317  25.619  -5.715  -2.670 0.0000000000
98669  21.453  -3.086  -0.837 0.0000000000
98705  24.905  -3.567  -2.647 0.0000000000
98666  28.405  -3.903  -0.128 0.0000000000
99902  30.739  -2.560  -0.724 0.0000000000
108294  24.030  4.336  -3.224 0.0000000000
109271  26.071  5.323  -3.054 0.0000000000
113048  28.771  8.976  -5.862 0.0000000000
111104  29.958  7.309  -4.292 0.0000000000
109299  30.733  5.509  -4.079 0.0000000000
108318  31.365  3.800  -6.524 0.0000000000
87681  27.536  -11.867  -0.862 0.0000000000
87610  21.191  -12.284  2.723 0.0000000000
87609  21.968  -12.833  2.324 0.0000000000
86394  22.734  -13.503  1.704 0.0000000000
85163  23.728  -14.082  0.495 0.0000000000
87643  23.643  -12.759  0.501 0.0000000000
105936  25.738  2.369  -2.704 0.0000000000
103574  25.214  0.693  -2.473 0.0000000000
105905  27.051  2.392  -1.846 0.0000000000
105903  28.719  2.742  -0.501 0.0000000000
107109  28.204  3.550  -1.001 0.0000000000
112043  26.215  8.318  -3.083 0.0000000000
111106  25.478  7.516  -4.191 0.0000000000
113036  26.008  8.918  -5.001 0.0000000000
93782  28.024  -7.839  -1.324 0.0000000000
92566  28.511  -8.543  -2.017 0.0000000000
93781  29.208  -7.677  -1.564 0.0000000000
104763  22.195  2.149  -2.428 0.0000000000
105924  22.357  2.698  -2.071 0.0000000000
82712  24.105  -16.596  2.058 0.0000000000
81366  23.710  -17.491  2.714 0.0000000000
80020  26.086  -18.291  2.145 0.0000000000
81385  26.478  -17.359  1.393 0.0000000000
85159  27.515  -14.631  0.232 0.0000000000
82707  28.770  -15.994  1.398 0.0000000000
91384  21.551  -9.103  1.269 0.0000000000
92521  20.663  -8.098  1.801 0.0000000000
96268  20.901  -5.416  -0.064 0.0000000000
95025  22.273  -6.506  0.013 0.0000000000
95061  22.784  -6.416  -1.288 0.0000000000
93806  23.909  -6.797  -2.165 0.0000000000
96319  23.925  -5.481  -2.451 0.0000000000
101061  19.902  -1.456  1.332 0.0000000000
101073  21.418  -1.413  -0.955 0.0000000000
101088  25.446  -1.636  -1.952 0.0000000000
99916  24.534  -2.444  -2.893 0.0000000000
99904  25.631  -2.617  -1.639 0.0000000000
98685  26.051  -3.720  -1.649 0.0000000000
99889  27.761  -2.883  0.067 0.0000000000
99888  28.928  -2.906  -0.243 0.0000000000
101069  29.341  -1.751  -0.040 0.0000000000
103540  31.351  1.313  -2.062 0.0000000000
103559  30.733  0.070  -2.253 0.0000000000
110230  25.582  6.458  -4.707 0.0000000000
109274  23.262  5.647  -3.207 0.0000000000
109290  24.922  5.234  -4.015 0.0000000000
109273  25.085  4.417  -4.003 0.0000000000
109288  26.935  5.580  -4.125 0.0000000000
110210  30.122  6.818  -3.972 0.0000000000
109298  31.314  5.645  -4.682 0.0000000000
108302  31.368  4.622  -4.754 0.0000000000
91396  25.014  -10.092  -0.547 0.0000000000
88922  25.179  -11.657  -0.938 0.0000000000
90209  25.762  -10.699  -1.464 0.0000000000
90203  31.363  -10.323  -2.231 0.0000000000
88939  30.471  -10.837  -1.565 0.0000000000
83922  23.198  -15.427  2.369 0.0000000000
83946  23.927  -15.525  1.633 0.0000000000
82710  25.888  -16.772  1.019 0.0000000000
83966  25.112  -15.270  0.885 0.0000000000
83983  26.374  -14.960  0.396 0.0000000000
86411  27.320  -14.103  -0.322 0.0000000000
96225  18.980  -5.376  2.619 0.0000000000
97439  19.120  -4.646  2.423 0.0000000000
98654  20.356  -3.991  0.344 0.0000000000
102305  22.248  0.139  -2.011 0.0000000000
101106  22.615  -1.281  -2.406 0.0000000000
102340  23.791  -0.542  -3.597 0.0000000000
103560  25.430  0.265  -1.838 0.0000000000
102302  26.951  -0.065  -0.534 0.0000000000
102283  28.880  -0.664  0.048 0.0000000000
104728  28.660  1.251  -0.450 0.0000000000
105901  30.684  2.198  -1.293 0.0000000000
105935  32.142  2.416  -3.295 0.0000000000
111072  23.467  7.492  -1.008 0.0000000000
111092  23.922  7.293  -2.866 0.0000000000
110214  24.883  6.634  -3.966 0.0000000000
110241  25.867  7.130  -5.457 0.0000000000
91436  26.192  -8.841  -1.472 0.0000000000
90225  27.412  -9.921  -2.143 0.0000000000
91433  28.188  -9.338  -2.207 0.0000000000
91413  30.040  -9.430  -1.826 0.0000000000
103547  21.753  0.578  -1.515 0.0000000000
103546  22.282  1.038  -2.003 0.0000000000
104775  23.882  1.518  -3.073 0.0000000000
107140  25.509  2.936  -2.957 0.0000000000
82689  28.281  -16.638  1.848 0.0000000000
96297  30.240  -5.670  -1.016 0.0000000000
95076  30.392  -6.516  -2.290 0.0000000000
87645  21.341  -10.988  1.654 0.0000000000
88904  23.392  -11.835  1.024 0.0000000000
90175  21.811  -9.943  1.430 0.0000000000
91382  22.895  -9.840  0.455 0.0000000000
92548  23.007  -8.596  -0.307 0.0000000000
93758  21.117  -7.276  1.228 0.0000000000
92534  22.061  -7.767  0.454 0.0000000000
92570  24.449  -8.541  -1.455 0.0000000000
93785  24.945  -7.980  -2.033 0.0000000000
95059  26.372  -7.117  -1.403 0.0000000000
96300  26.893  -6.153  -0.892 0.0000000000
99877  20.349  -2.655  0.669 0.0000000000
97493  21.075  -4.253  -1.193 0.0000000000
99918  22.954  -2.007  -2.659 0.0000000000
98707  23.085  -3.217  -2.356 0.0000000000
97507  23.478  -4.400  -2.292 0.0000000000
97505  25.239  -4.698  -2.748 0.0000000000
97489  26.790  -4.856  -1.424 0.0000000000
96283  28.596  -5.553  -0.167 0.0000000000
97487  30.297  -4.620  -0.485 0.0000000000
98683  31.179  -3.742  -0.758 0.0000000000
102301  30.566  -0.699  -0.856 0.0000000000
107143  23.369  3.422  -3.114 0.0000000000
108278  25.239  4.040  -3.443 0.0000000000
108262  26.305  3.936  -1.945 0.0000000000
111145  26.443  7.952  -7.210 0.0000000000
111132  27.419  7.795  -5.626 0.0000000000
111130  29.078  7.862  -5.326 0.0000000000
110227  28.432  7.081  -4.549 0.0000000000
109287  27.846  6.113  -3.247 0.0000000000
109269  28.296  5.507  -2.506 0.0000000000
108274  28.912  4.475  -1.939 0.0000000000
108273  30.210  4.622  -2.456 0.0000000000
107155  31.386  3.658  -4.400 0.0000000000
107168  31.401  2.942  -5.470 0.0000000000
87642  23.885  -12.493  -0.215 0.0000000000
87660  26.280  -12.729  -0.671 0.0000000000
86430  28.662  -12.950  -0.389 0.0000000000
88941  28.944  -10.910  -1.069 0.0000000000
86460  29.698  -12.047  -0.890 0.0000000000
87608  22.285  -13.074  2.146 0.0000000000
87628  22.552  -12.843  1.744 0.0000000000
86393  23.214  -13.541  1.083 0.0000000000
87627  23.260  -12.686  1.247 0.0000000000
104772  25.894  1.865  -2.401 0.0000000000
105921  26.351  2.453  -2.325 0.0000000000
107110  27.564  3.234  -1.736 0.0000000000
113026  25.683  8.794  -4.418 0.0000000000
93802  29.824  -7.069  -2.111 0.0000000000
82690  23.155  -16.617  2.967 0.0000000000
81387  25.018  -17.337  2.146 0.0000000000
80046  24.851  -18.104  2.135 0.0000000000
80045  25.469  -17.946  1.918 0.0000000000
80044  25.944  -17.737  1.812 0.0000000000
85158  28.324  -14.419  0.633 0.0000000000
85141  28.880  -14.719  0.833 0.0000000000
85140  29.404  -14.396  1.078 0.0000000000
148127  20.334  -7.831  2.578 0.0000000000
96285  21.719  -5.541  -0.568 0.0000000000
96302  22.511  -5.440  -1.223 0.0000000000
95060  23.377  -6.105  -1.837 0.0000000000
96301  23.201  -5.244  -1.967 0.0000000000
101074  21.095  -1.395  -0.202 0.0000000000
102286  21.274  -0.782  -1.236 0.0000000000
101087  25.942  -1.709  -1.157 0.0000000000
101072  26.591  -1.858  -0.546 0.0000000000
99891  26.272  -2.748  -0.965 0.0000000000
101071  27.304  -1.897  -0.183 0.0000000000
101070  27.993  -1.867  0.276 0.0000000000
104771  31.643  1.463  -3.446 0.0000000000
103573  31.407  0.416  -3.687 0.0000000000
109301  26.097  5.812  -4.689 0.0000000000
109302  25.530  5.605  -4.565 0.0000000000
109289  25.820  5.212  -4.205 0.0000000000
110237  31.334  6.148  -5.499 0.0000000000
110250  31.388  5.767  -6.483 0.0000000000
91395  25.362  -10.247  -0.855 0.0000000000
91394  31.531  -9.771  -0.736 0.0000000000
90189  31.296  -10.314  -1.311 0.0000000000
86372  22.942  -14.039  1.846 0.0000000000
85122  22.568  -14.539  2.415 0.0000000000
85121  23.124  -14.616  2.073 0.0000000000
85142  24.219  -15.107  1.339 0.0000000000
83945  24.823  -15.687  1.354 0.0000000000
85162  24.526  -14.700  0.822 0.0000000000
85182  24.330  -13.872  0.200 0.0000000000
85181  25.255  -14.163  0.234 0.0000000000
85180  26.219  -14.344  -0.158 0.0000000000
86412  26.807  -14.242  -0.356 0.0000000000
86433  25.751  -13.465  -0.389 0.0000000000
98639  18.354  -3.592  2.635 0.0000000000
97456  20.172  -4.569  1.098 0.0000000000
98655  19.675  -3.484  1.326 0.0000000000
102325  23.535  -0.014  -2.895 0.0000000000
103576  24.066  0.470  -3.296 0.0000000000
104747  25.932  1.027  -1.272 0.0000000000
103561  24.880  0.046  -2.355 0.0000000000
103545  26.076  0.054  -1.314 0.0000000000
103544  26.587  0.428  -0.867 0.0000000000
103543  27.369  0.576  -0.537 0.0000000000
104745  28.067  1.591  -0.562 0.0000000000
105886  29.276  2.216  -0.486 0.0000000000
105902  29.961  2.703  -0.844 0.0000000000
104758  31.450  2.288  -2.066 0.0000000000
105919  30.876  2.779  -1.828 0.0000000000
111081  24.182  7.890  -1.902 0.0000000000
111082  23.362  7.159  -2.162 0.0000000000
111122  25.592  7.717  -5.348 0.0000000000
111134  25.902  7.977  -6.238 0.0000000000
92583  26.541  -8.293  -2.079 0.0000000000
91434  27.511  -9.341  -2.269 0.0000000000
92581  27.803  -8.829  -2.290 0.0000000000
92565  29.584  -8.594  -1.801 0.0000000000
91412  30.861  -9.504  -2.252 0.0000000000
104734  20.846  1.032  -0.148 0.0000000000
103528  21.338  0.873  -0.884 0.0000000000
105923  22.654  2.529  -2.929 0.0000000000
105922  22.741  1.922  -3.250 0.0000000000
105938  24.318  2.368  -3.197 0.0000000000
82727  26.512  -16.674  0.770 0.0000000000
81384  27.197  -17.015  1.035 0.0000000000
82726  27.340  -16.330  0.757 0.0000000000
82687  29.712  -16.061  2.456 0.0000000000
97503  30.710  -5.106  -2.200 0.0000000000
90145  20.823  -9.999  2.699 0.0000000000
88890  20.883  -10.569  1.989 0.0000000000
88906  21.821  -10.783  1.509 0.0000000000
88907  21.292  -10.452  1.697 0.0000000000
91400  21.708  -8.761  0.994 0.0000000000
91383  22.185  -9.493  0.880 0.0000000000
91399  21.994  -8.814  0.777 0.0000000000
91398  22.617  -9.095  0.256 0.0000000000
95008  20.105  -6.528  1.869 0.0000000000
93745  20.262  -7.139  1.854 0.0000000000
95007  20.526  -6.580  1.470 0.0000000000
93788  22.635  -6.996  -0.975 0.0000000000
93756  22.154  -7.231  0.458 0.0000000000
93768  22.827  -7.766  -0.706 0.0000000000
92571  23.590  -8.377  -1.072 0.0000000000
93786  24.121  -7.684  -1.823 0.0000000000
95079  25.139  -6.512  -2.763 0.0000000000
95078  25.840  -6.734  -2.275 0.0000000000
96316  26.267  -5.914  -1.839 0.0000000000
99893  21.194  -2.296  0.144 0.0000000000
98670  21.181  -3.442  -0.456 0.0000000000
98690  21.368  -3.774  -1.052 0.0000000000
101124  23.697  -1.155  -3.424 0.0000000000
99919  22.202  -1.997  -2.259 0.0000000000
98706  24.002  -3.406  -2.825 0.0000000000
98687  22.865  -4.085  -1.718 0.0000000000
97506  24.395  -4.536  -2.751 0.0000000000
98704  25.500  -4.028  -2.273 0.0000000000
98668  26.880  -3.699  -0.963 0.0000000000
97472  27.376  -4.480  -0.861 0.0000000000
97488  27.415  -5.283  -0.821 0.0000000000
97471  28.099  -4.837  -0.564 0.0000000000
97469  29.545  -4.986  -0.285 0.0000000000
98665  29.389  -4.116  -0.257 0.0000000000
98684  30.156  -3.403  -0.370 0.0000000000
99901  31.591  -2.782  -1.527 0.0000000000
103522  29.051  0.659  -0.412 0.0000000000
102282  29.984  -0.255  -0.379 0.0000000000
110200  22.721  6.420  -2.711 0.0000000000
108279  23.816  5.010  -2.806 0.0000000000
109275  22.526  5.373  -2.457 0.0000000000
108280  23.249  4.550  -2.638 0.0000000000
107126  23.271  3.877  -2.762 0.0000000000
108295  23.537  4.028  -2.881 0.0000000000
108277  25.691  4.356  -2.616 0.0000000000
108276  26.606  4.795  -2.164 0.0000000000
112090  27.312  8.706  -6.764 0.0000000000
112091  26.835  8.152  -6.990 0.0000000000
112078  26.955  8.064  -6.444 0.0000000000
112077  27.885  8.449  -6.171 0.0000000000
111118  30.360  7.615  -4.855 0.0000000000
112075  30.110  8.271  -5.621 0.0000000000
111119  29.471  7.641  -4.763 0.0000000000
111120  28.744  7.580  -4.923 0.0000000000
110226  28.989  7.282  -4.558 0.0000000000
110212  28.263  6.549  -3.936 0.0000000000
110211  29.275  6.806  -4.112 0.0000000000
109285  30.015  5.838  -3.507 0.0000000000
109286  28.895  6.305  -3.038 0.0000000000
109268  29.257  5.278  -2.762 0.0000000000
108275  27.693  4.870  -1.869 0.0000000000
108312  31.471  4.139  -5.512 0.0000000000
107156  31.121  4.310  -4.333 0.0000000000
107196  30.527  3.403  -6.898 0.0000000000
88905  22.583  -11.127  1.255 0.0000000000
88903  23.826  -12.021  0.211 0.0000000000
90172  24.035  -11.235  0.396 0.0000000000
87682  26.630  -12.138  -1.183 0.0000000000
87683  25.979  -12.267  -1.103 0.0000000000
87659  27.187  -12.687  -0.682 0.0000000000
87658  28.101  -12.470  -0.560 0.0000000000
90206  28.255  -10.078  -1.688 0.0000000000
90207  27.298  -10.506  -1.795 0.0000000000
88902  30.555  -11.592  -0.525 0.0000000000
87678  29.847  -11.822  -1.032 0.0000000000
87657  30.199  -12.102  -0.831 0.0000000000
86428  29.962  -12.885  -0.576 0.0000000000
86373  22.287  -13.565  2.272 0.0000000000
86413  23.676  -13.446  0.250 0.0000000000
86435  24.033  -13.411  -0.194 0.0000000000
104774  24.538  1.433  -2.976 0.0000000000
104773  25.304  1.466  -2.719 0.0000000000
104759  26.330  1.752  -1.895 0.0000000000
105904  27.858  2.464  -1.235 0.0000000000
107108  29.081  3.795  -0.884 0.0000000000
112044  26.011  7.989  -2.701 0.0000000000
111090  25.861  7.858  -3.159 0.0000000000
111105  25.737  7.893  -3.471 0.0000000000
112052  25.567  8.299  -4.773 0.0000000000
112065  25.635  8.468  -5.554 0.0000000000
93783  27.086  -7.809  -1.751 0.0000000000
92567  27.605  -8.256  -2.152 0.0000000000
93780  30.141  -7.788  -1.757 0.0000000000
105940  22.996  2.879  -3.263 0.0000000000
82691  22.533  -15.943  3.018 0.0000000000
83900  21.781  -15.812  3.136 0.0000000000
82662  22.925  -16.864  3.394 0.0000000000
78676  25.776  -18.803  2.365 0.0000000000
79993  26.699  -18.533  2.673 0.0000000000
81365  26.840  -17.876  2.329 0.0000000000
83963  27.786  -15.376  0.633 0.0000000000
82725  28.130  -15.999  0.852 0.0000000000
83962  28.501  -15.300  0.895 0.0000000000
91354  20.698  -8.837  2.391 0.0000000000
91370  21.092  -8.767  1.695 0.0000000000
92536  21.220  -8.124  1.132 0.0000000000
96269  20.496  -5.431  0.913 0.0000000000
95027  20.918  -6.426  0.974 0.0000000000
95026  21.687  -6.163  0.287 0.0000000000
95042  22.369  -6.208  -0.660 0.0000000000
95080  24.405  -6.283  -2.536 0.0000000000
96318  24.794  -5.554  -2.878 0.0000000000
101060  20.537  -1.433  0.567 0.0000000000
99892  21.477  -2.452  -0.689 0.0000000000
101103  24.903  -1.556  -2.607 0.0000000000
99917  23.763  -2.108  -3.105 0.0000000000
99905  25.175  -2.520  -2.364 0.0000000000
98686  25.450  -3.295  -2.126 0.0000000000
98667  27.494  -3.790  -0.283 0.0000000000
99903  29.816  -2.405  -0.489 0.0000000000
103541  31.048  0.727  -1.655 0.0000000000
103558  31.284  0.750  -2.589 0.0000000000
110215  24.224  6.113  -3.428 0.0000000000
109291  24.175  5.311  -3.154 0.0000000000
109272  25.409  4.741  -3.654 0.0000000000
110225  30.766  6.568  -4.342 0.0000000000
110224  31.290  6.411  -4.886 0.0000000000
108303  31.078  4.849  -4.188 0.0000000000
109309  31.430  5.185  -5.524 0.0000000000
109315  31.422  4.750  -6.242 0.0000000000
90192  23.930  -10.537  0.207 0.0000000000
90190  25.140  -10.830  -1.047 0.0000000000
88944  25.851  -11.534  -1.421 0.0000000000
88943  26.941  -11.324  -1.540 0.0000000000
90204  30.376  -10.229  -2.386 0.0000000000
88940  29.850  -10.933  -1.284 0.0000000000
88957  31.139  -10.832  -2.451 0.0000000000
88920  30.777  -10.829  -0.748 0.0000000000
83923  22.127  -15.285  2.710 0.0000000000
82711  25.252  -16.584  1.737 0.0000000000
83944  25.459  -16.207  1.219 0.0000000000
83965  25.818  -15.755  0.769 0.0000000000
83984  25.827  -14.778  0.470 0.0000000000
85160  26.867  -14.682  -0.074 0.0000000000
86410  28.019  -13.716  0.143 0.0000000000
96224  19.413  -5.948  2.213 0.0000000000
96249  19.304  -5.387  2.302 0.0000000000
96248  19.941  -5.353  1.861 0.0000000000
97455  20.225  -4.896  0.191 0.0000000000
96286  20.874  -5.001  -1.126 0.0000000000
102306  21.591  -0.326  -1.540 0.0000000000
101089  22.272  -0.769  -1.916 0.0000000000
101105  23.287  -0.998  -3.004 0.0000000000
102339  24.235  -0.468  -3.464 0.0000000000
103575  24.592  0.451  -2.850 0.0000000000
102324  24.672  -0.609  -2.830 0.0000000000
102323  25.208  -0.704  -2.231 0.0000000000
102303  26.495  -0.707  -0.765 0.0000000000
102284  27.538  -0.653  -0.272 0.0000000000
103521  29.848  0.956  -0.742 0.0000000000
104744  28.789  1.885  -0.475 0.0000000000
104727  29.286  1.551  -0.520 0.0000000000
104743  30.557  1.508  -1.002 0.0000000000
104742  31.218  1.764  -1.720 0.0000000000
104757  31.655  1.782  -2.418 0.0000000000
105952  31.624  2.378  -4.303 0.0000000000
110198  24.213  7.048  -3.600 0.0000000000
110229  26.270  6.451  -5.174 0.0000000000
91415  26.376  -9.943  -1.591 0.0000000000
91435  26.703  -9.507  -1.973 0.0000000000
90224  27.847  -9.705  -2.193 0.0000000000
91414  29.042  -9.362  -1.830 0.0000000000
103548  20.950  0.105  -1.269 0.0000000000
103563  22.992  0.693  -2.352 0.0000000000
104762  22.471  1.625  -2.514 0.0000000000
104761  23.219  1.507  -2.833 0.0000000000
105937  25.074  2.310  -2.943 0.0000000000
107124  25.997  3.258  -2.528 0.0000000000
81364  27.597  -17.195  2.004 0.0000000000
82708  27.834  -16.481  1.347 0.0000000000
95040  29.621  -6.254  -0.280 0.0000000000
95056  29.794  -6.725  -1.247 0.0000000000
95055  30.223  -6.105  -1.893 0.0000000000
87630  21.110  -11.301  1.888 0.0000000000
87644  21.539  -11.300  1.714 0.0000000000
88888  22.626  -11.903  1.629 0.0000000000
88889  22.045  -11.424  1.621 0.0000000000
90174  22.375  -10.299  0.982 0.0000000000
90176  21.451  -9.771  1.624 0.0000000000
91381  23.329  -9.999  0.301 0.0000000000
91397  23.678  -9.679  -0.277 0.0000000000
91417  24.711  -9.357  -1.043 0.0000000000
93724  20.099  -7.157  2.198 0.0000000000
93723  20.370  -7.521  1.950 0.0000000000
93757  21.561  -7.188  0.907 0.0000000000
92549  22.287  -8.093  0.237 0.0000000000
91418  24.081  -8.997  -1.005 0.0000000000
92569  25.365  -8.739  -1.386 0.0000000000
92584  25.757  -8.078  -1.836 0.0000000000
93784  26.591  -7.748  -2.011 0.0000000000
93805  24.632  -7.167  -2.472 0.0000000000
93803  26.025  -7.576  -1.984 0.0000000000
95058  27.285  -7.251  -0.587 0.0000000000
99864  19.018  -2.747  2.358 0.0000000000
97473  20.623  -4.593  -0.523 0.0000000000
96304  21.074  -4.653  -1.417 0.0000000000
101090  21.771  -1.252  -1.536 0.0000000000
99906  21.721  -2.136  -1.377 0.0000000000
98709  21.872  -2.438  -1.867 0.0000000000
98708  22.248  -2.792  -2.113 0.0000000000
98689  21.574  -3.271  -1.336 0.0000000000
98688  22.226  -3.693  -1.695 0.0000000000
97490  22.819  -4.754  -1.773 0.0000000000
97504  26.018  -4.801  -2.267 0.0000000000
96299  27.905  -6.078  -0.356 0.0000000000
95041  29.099  -6.307  -0.065 0.0000000000
96282  29.256  -5.700  0.091 0.0000000000
96281  29.831  -5.488  -0.300 0.0000000000
97486  30.785  -4.700  -1.571 0.0000000000
98682  31.371  -4.023  -1.743 0.0000000000
102300  30.656  -0.473  -1.702 0.0000000000
101085  30.892  -1.598  -1.205 0.0000000000
107144  22.922  3.089  -3.031 0.0000000000
107142  24.107  3.292  -3.428 0.0000000000
108293  24.722  4.074  -3.644 0.0000000000
107141  24.935  3.229  -3.242 0.0000000000
113051  25.747  9.060  -6.395 0.0000000000
112093  25.517  8.562  -6.701 0.0000000000
111159  25.952  8.390  -7.558 0.0000000000
111133  26.556  7.929  -6.108 0.0000000000
110240  26.408  7.290  -5.539 0.0000000000
110239  26.905  7.432  -5.534 0.0000000000
112076  29.223  8.469  -5.686 0.0000000000
111131  28.409  7.968  -5.466 0.0000000000
111121  28.075  7.405  -5.108 0.0000000000
110228  27.347  6.628  -4.981 0.0000000000
110213  27.661  6.102  -4.131 0.0000000000
109270  27.160  5.595  -2.637 0.0000000000
108261  27.214  3.952  -2.014 0.0000000000
108260  28.084  3.943  -1.817 0.0000000000
107123  29.856  3.787  -1.575 0.0000000000
107122  30.543  3.701  -2.031 0.0000000000
107139  30.942  4.267  -3.996 0.0000000000
107138  31.234  3.988  -3.418 0.0000000000
107121  31.224  3.610  -2.538 0.0000000000
105951  32.101  3.084  -3.884 0.0000000000
107181  30.832  2.843  -6.372 0.0000000000
105972  31.200  2.016  -5.935 0.0000000000
87662  24.286  -12.795  -0.486 0.0000000000
88923  24.519  -11.780  -0.378 0.0000000000
87661  25.318  -12.453  -0.707 0.0000000000
86432  26.759  -13.539  -0.385 0.0000000000
86431  27.655  -13.201  -0.238 0.0000000000
86409  29.037  -13.505  0.233 0.0000000000
90208  26.448  -10.472  -1.734 0.0000000000
88942  27.834  -10.896  -0.923 0.0000000000
87680  28.482  -11.694  -0.689 0.0000000000
87679  29.406  -11.765  -0.810 0.0000000000
86450  28.855  -12.278  -0.627 0.0000000000
93801  30.569  -7.148  -2.312 0.0000000000
81339  27.400  -17.723  2.903 0.0000000000
81340  27.000  -18.121  2.820 0.0000000000
81388  24.363  -17.676  2.330 0.0000000000
81408  26.999  -16.916  0.691 0.0000000000
81409  26.830  -17.075  0.849 0.0000000000
82709  26.262  -17.029  0.933 0.0000000000
82728  26.076  -16.452  0.809 0.0000000000
83943  29.090  -15.191  1.063 0.0000000000
85157  28.923  -14.096  0.797 0.0000000000
85161  25.310  -14.921  0.668 0.0000000000
85183  23.899  -13.703  0.149 0.0000000000
86429  29.432  -12.966  -0.474 0.0000000000
86448  29.747  -12.364  -0.792 0.0000000000
86449  29.373  -12.343  -0.673 0.0000000000
86461  29.526  -11.976  -0.705 0.0000000000
87663  23.753  -13.021  -0.197 0.0000000000
87690  29.602  -12.070  -1.094 0.0000000000
87691  29.647  -11.955  -0.858 0.0000000000
88887  22.988  -12.331  1.443 0.0000000000
88921  30.431  -11.131  -1.037 0.0000000000
88938  30.979  -10.751  -1.625 0.0000000000
88958  30.822  -10.902  -2.822 0.0000000000
88959  30.885  -10.675  -3.401 0.0000000000
88964  31.303  -10.846  -2.928 0.0000000000
88965  31.128  -10.709  -3.297 0.0000000000
88966  31.015  -10.525  -3.604 0.0000000000
90191  24.544  -10.671  -0.089 0.0000000000
90221  31.472  -10.375  -2.871 0.0000000000
90222  30.617  -10.339  -3.336 0.0000000000
90223  30.830  -10.263  -3.756 0.0000000000
90226  26.937  -10.143  -2.082 0.0000000000
90235  31.378  -10.299  -3.310 0.0000000000
90236  31.052  -10.315  -3.736 0.0000000000
90237  30.986  -10.245  -3.966 0.0000000000
91430  31.277  -9.846  -2.769 0.0000000000
91431  30.935  -9.713  -3.258 0.0000000000
91432  30.802  -9.853  -3.779 0.0000000000
91446  31.330  -9.940  -3.271 0.0000000000
91447  31.203  -9.806  -3.733 0.0000000000
91448  30.953  -9.931  -4.152 0.0000000000
92535  21.783  -7.859  0.628 0.0000000000
92551  21.532  -8.617  1.054 0.0000000000
92582  27.188  -8.684  -2.300 0.0000000000
93744  20.625  -7.250  1.525 0.0000000000
93769  22.595  -7.104  -0.186 0.0000000000
93804  25.386  -7.377  -2.363 0.0000000000
95043  22.056  -6.042  -0.207 0.0000000000
95077  29.977  -6.605  -2.012 0.0000000000
95081  23.882  -6.180  -2.317 0.0000000000
96267  21.397  -5.666  -0.129 0.0000000000
96284  22.231  -5.687  -0.771 0.0000000000
96298  28.716  -6.163  -0.044 0.0000000000
97438  19.677  -4.362  1.815 0.0000000000
97470  28.896  -4.858  -0.203 0.0000000000
97485  31.051  -4.452  -1.973 0.0000000000
97491  22.236  -4.498  -1.365 0.0000000000
97492  21.487  -4.263  -1.357 0.0000000000
99843  17.722  -3.126  3.072 0.0000000000
99890  26.867  -2.850  -0.181 0.0000000000
99920  21.897  -1.875  -1.861 0.0000000000
99936  23.794  -1.490  -3.351 0.0000000000
99937  23.543  -1.552  -3.112 0.0000000000
101107  22.175  -1.456  -1.980 0.0000000000
101123  23.944  -1.195  -3.595 0.0000000000
102287  20.752  -0.568  -0.890 0.0000000000
102304  25.755  -0.732  -1.552 0.0000000000
102326  22.813  -0.379  -2.472 0.0000000000
103523  28.239  0.505  -0.290 0.0000000000
104726  29.885  1.765  -0.652 0.0000000000
104741  31.405  1.610  -2.057 0.0000000000
104748  22.162  1.459  -2.135 0.0000000000
104760  25.673  1.205  -2.138 0.0000000000
105885  29.610  2.067  -0.565 0.0000000000
105917  31.924  3.269  -2.815 0.0000000000
105918  31.861  2.863  -2.475 0.0000000000
105934  32.138  3.176  -3.191 0.0000000000
107120  31.686  3.352  -2.683 0.0000000000
107125  25.495  3.560  -2.980 0.0000000000
107137  31.665  3.531  -3.050 0.0000000000
107154  31.657  3.461  -3.609 0.0000000000
108259  28.546  4.058  -1.297 0.0000000000
108272  30.734  4.072  -2.419 0.0000000000
108291  30.929  4.313  -2.758 0.0000000000
108292  30.802  4.833  -3.421 0.0000000000
111103  30.375  7.175  -4.262 0.0000000000
111146  26.190  7.871  -7.134 0.0000000000
111147  25.818  8.385  -7.235 0.0000000000
111157  26.290  7.986  -7.402 0.0000000000
111158  26.008  8.208  -7.425 0.0000000000
112051  25.569  8.428  -3.977 0.0000000000
112063  29.744  8.069  -5.229 0.0000000000
112064  29.392  7.985  -5.313 0.0000000000
112079  26.558  7.903  -6.725 0.0000000000
112092  26.586  7.915  -6.994 0.0000000000
112104  26.862  8.982  -6.953 0.0000000000
112105  26.445  8.399  -7.234 0.0000000000
112106  25.867  8.828  -7.211 0.0000000000
148419  25.290  9.082  -7.168 0.0000000000
