#!ascii label  , from subject 3574 vox2ras=TkReg
549
21702  -56.359  -57.377  5.884 0.0000000000
20875  -51.078  -58.480  -2.339 0.0000000000
22817  -54.096  -56.446  2.523 0.0000000000
20815  -53.822  -59.098  -0.002 0.0000000000
27300  -55.956  -52.409  -3.286 0.0000000000
22683  -57.452  -56.539  9.708 0.0000000000
23826  -50.875  -56.117  5.585 0.0000000000
25989  -45.253  -54.140  8.541 0.0000000000
24988  -51.729  -54.264  0.866 0.0000000000
23972  -54.326  -55.145  -1.252 0.0000000000
29502  -54.049  -51.207  -0.494 0.0000000000
22722  -53.843  -56.398  7.334 0.0000000000
22677  -51.363  -56.829  9.635 0.0000000000
29355  -44.807  -50.168  8.363 0.0000000000
27143  -45.988  -52.078  6.145 0.0000000000
19738  -51.287  -58.977  5.746 0.0000000000
20859  -53.244  -59.084  -2.383 0.0000000000
19824  -50.528  -59.692  0.366 0.0000000000
17926  -51.309  -61.828  -1.838 0.0000000000
23883  -57.532  -55.919  3.831 0.0000000000
20748  -55.849  -58.658  3.146 0.0000000000
21829  -55.404  -57.218  -1.850 0.0000000000
23980  -53.928  -55.386  -3.522 0.0000000000
24870  -56.465  -55.255  6.298 0.0000000000
23850  -51.764  -56.185  4.473 0.0000000000
26057  -49.997  -54.224  2.607 0.0000000000
24827  -48.967  -54.797  10.665 0.0000000000
23795  -46.962  -55.857  6.916 0.0000000000
26041  -48.109  -53.652  4.029 0.0000000000
28308  -49.840  -51.049  3.893 0.0000000000
19787  -51.081  -58.956  2.582 0.0000000000
24987  -48.865  -54.238  0.071 0.0000000000
20837  -49.065  -58.303  -0.933 0.0000000000
17923  -46.993  -61.747  -1.421 0.0000000000
27222  -51.440  -52.719  1.191 0.0000000000
27240  -52.457  -52.599  0.472 0.0000000000
20717  -53.963  -58.216  5.417 0.0000000000
20877  -52.983  -59.136  -3.172 0.0000000000
18899  -52.524  -60.469  -2.794 0.0000000000
18917  -51.794  -60.532  -2.910 0.0000000000
16927  -50.687  -62.508  -2.278 0.0000000000
19877  -50.450  -60.434  -2.294 0.0000000000
22795  -55.463  -56.422  3.427 0.0000000000
22837  -55.677  -56.415  1.431 0.0000000000
26133  -55.074  -53.576  -2.345 0.0000000000
23973  -55.501  -55.487  -1.699 0.0000000000
23982  -56.258  -54.566  -3.252 0.0000000000
22907  -54.656  -55.921  -3.803 0.0000000000
25034  -54.693  -54.204  -4.149 0.0000000000
24872  -58.371  -54.939  6.836 0.0000000000
22725  -57.133  -56.023  7.749 0.0000000000
22746  -52.209  -56.390  6.576 0.0000000000
23801  -53.466  -56.127  6.003 0.0000000000
23827  -51.704  -56.177  5.337 0.0000000000
23876  -50.750  -55.868  3.217 0.0000000000
23875  -50.051  -55.547  3.758 0.0000000000
24845  -46.767  -54.897  9.783 0.0000000000
22696  -48.395  -56.304  9.238 0.0000000000
24869  -45.852  -55.108  7.936 0.0000000000
28297  -47.218  -51.450  5.605 0.0000000000
27152  -47.127  -52.799  5.132 0.0000000000
28298  -47.979  -51.193  5.130 0.0000000000
28318  -48.928  -51.969  3.779 0.0000000000
20791  -55.228  -59.133  1.278 0.0000000000
20745  -52.381  -58.774  3.294 0.0000000000
20765  -52.181  -58.695  1.766 0.0000000000
18849  -48.587  -60.741  1.082 0.0000000000
24985  -47.467  -54.609  0.547 0.0000000000
22869  -48.697  -56.465  -0.639 0.0000000000
18871  -46.719  -60.130  -0.758 0.0000000000
23924  -52.664  -55.634  1.215 0.0000000000
23925  -54.015  -55.833  0.940 0.0000000000
23959  -52.840  -54.902  -0.124 0.0000000000
26132  -54.067  -53.366  -1.411 0.0000000000
27287  -55.173  -52.226  -2.376 0.0000000000
22682  -56.144  -56.714  9.163 0.0000000000
22700  -52.381  -56.814  8.532 0.0000000000
22719  -50.859  -56.618  7.562 0.0000000000
27132  -44.434  -52.350  8.150 0.0000000000
25999  -45.107  -53.451  7.479 0.0000000000
28275  -45.585  -50.942  7.305 0.0000000000
29395  -46.719  -50.491  6.740 0.0000000000
30460  -48.209  -49.676  6.673 0.0000000000
20840  -53.443  -58.587  -1.087 0.0000000000
20788  -52.130  -58.853  0.529 0.0000000000
19840  -51.875  -59.843  -1.327 0.0000000000
18874  -50.443  -61.452  -0.643 0.0000000000
16889  -49.545  -63.076  -0.616 0.0000000000
15883  -50.261  -64.225  -1.644 0.0000000000
14859  -50.010  -64.779  -2.183 0.0000000000
15902  -48.481  -64.031  -2.330 0.0000000000
21735  -58.463  -57.173  4.684 0.0000000000
21732  -56.132  -57.933  4.441 0.0000000000
20793  -56.943  -58.316  1.639 0.0000000000
20843  -56.456  -58.079  -0.085 0.0000000000
22872  -55.815  -56.358  -0.719 0.0000000000
21809  -55.904  -56.775  -1.416 0.0000000000
20861  -55.133  -58.246  -1.638 0.0000000000
21828  -54.666  -57.853  -2.433 0.0000000000
21847  -53.502  -57.800  -3.118 0.0000000000
22897  -52.805  -56.744  -2.895 0.0000000000
23858  -59.317  -54.930  4.959 0.0000000000
23832  -56.857  -55.626  4.650 0.0000000000
23853  -55.404  -56.047  4.384 0.0000000000
23775  -54.960  -55.983  6.624 0.0000000000
23829  -53.772  -56.004  5.342 0.0000000000
23878  -53.158  -56.339  3.651 0.0000000000
23905  -51.511  -55.596  2.192 0.0000000000
24967  -50.626  -54.119  1.805 0.0000000000
27200  -50.665  -52.554  1.798 0.0000000000
22676  -50.310  -56.175  9.949 0.0000000000
22718  -49.799  -56.828  7.777 0.0000000000
23797  -49.161  -56.255  6.307 0.0000000000
24905  -46.406  -54.204  6.101 0.0000000000
24922  -47.431  -54.656  5.165 0.0000000000
23847  -48.772  -55.574  4.894 0.0000000000
26055  -48.757  -53.666  3.461 0.0000000000
27180  -49.633  -52.604  2.854 0.0000000000
20730  -53.199  -58.589  4.457 0.0000000000
19765  -51.179  -58.897  3.969 0.0000000000
19806  -50.364  -59.422  1.612 0.0000000000
19784  -48.275  -59.532  2.536 0.0000000000
26141  -53.569  -53.507  -2.897 0.0000000000
23971  -52.360  -55.223  -2.047 0.0000000000
22885  -51.183  -56.353  -1.928 0.0000000000
22883  -49.942  -56.477  -1.271 0.0000000000
19855  -50.495  -58.784  -1.843 0.0000000000
18895  -48.634  -60.510  -1.426 0.0000000000
17924  -48.235  -61.811  -1.647 0.0000000000
28363  -51.659  -51.842  1.412 0.0000000000
27223  -52.011  -52.112  1.038 0.0000000000
20703  -53.676  -58.431  6.700 0.0000000000
21701  -55.560  -57.572  5.659 0.0000000000
20876  -51.898  -58.883  -2.897 0.0000000000
19879  -52.233  -59.848  -3.322 0.0000000000
19878  -51.153  -59.703  -2.482 0.0000000000
18916  -51.090  -60.844  -2.621 0.0000000000
22794  -54.692  -56.515  3.190 0.0000000000
22819  -56.014  -56.581  2.383 0.0000000000
22818  -55.082  -56.502  2.410 0.0000000000
26143  -55.968  -53.486  -2.993 0.0000000000
25025  -56.024  -54.073  -2.737 0.0000000000
26157  -56.149  -53.341  -3.611 0.0000000000
25035  -55.536  -53.985  -4.346 0.0000000000
26174  -55.998  -53.217  -4.143 0.0000000000
22664  -58.708  -56.508  10.483 0.0000000000
23722  -58.502  -55.926  10.056 0.0000000000
23761  -58.296  -56.005  8.176 0.0000000000
22705  -57.640  -56.216  8.509 0.0000000000
23798  -51.360  -56.313  5.906 0.0000000000
23799  -51.683  -56.331  5.903 0.0000000000
23849  -50.839  -55.816  4.554 0.0000000000
23848  -49.757  -55.643  4.586 0.0000000000
25988  -44.689  -53.319  8.643 0.0000000000
25973  -44.731  -53.374  9.772 0.0000000000
25974  -45.538  -54.006  9.693 0.0000000000
25975  -46.532  -54.437  10.187 0.0000000000
24844  -45.890  -54.564  9.301 0.0000000000
24858  -46.131  -55.078  8.859 0.0000000000
24857  -45.647  -54.683  8.463 0.0000000000
29406  -47.940  -50.665  5.645 0.0000000000
29414  -48.905  -50.849  4.509 0.0000000000
29407  -48.679  -50.527  5.207 0.0000000000
20790  -54.172  -58.822  1.091 0.0000000000
20789  -53.078  -58.630  0.876 0.0000000000
21806  -47.592  -57.498  -0.386 0.0000000000
19836  -47.041  -59.279  -0.558 0.0000000000
20834  -46.396  -58.470  -0.285 0.0000000000
24969  -51.827  -54.923  0.987 0.0000000000
24989  -52.347  -54.612  0.382 0.0000000000
27241  -53.048  -52.122  0.043 0.0000000000
27255  -52.823  -53.070  -0.195 0.0000000000
27271  -54.061  -52.384  -1.345 0.0000000000
27272  -54.673  -52.542  -1.967 0.0000000000
28419  -54.361  -51.964  -1.651 0.0000000000
22720  -51.833  -56.477  7.510 0.0000000000
22699  -51.523  -56.768  8.509 0.0000000000
28273  -44.330  -51.506  8.464 0.0000000000
29374  -44.715  -50.786  8.211 0.0000000000
28274  -44.905  -51.396  7.725 0.0000000000
29375  -45.284  -50.285  7.728 0.0000000000
29396  -47.487  -50.316  6.401 0.0000000000
19737  -50.540  -59.306  5.443 0.0000000000
20839  -52.562  -59.085  -1.199 0.0000000000
19841  -52.688  -59.757  -2.115 0.0000000000
18897  -51.588  -61.350  -1.962 0.0000000000
18875  -51.139  -60.887  -1.237 0.0000000000
17904  -50.827  -62.080  -1.220 0.0000000000
16890  -50.388  -63.130  -1.265 0.0000000000
15862  -49.883  -63.973  -1.221 0.0000000000
16926  -49.953  -62.999  -2.414 0.0000000000
15904  -50.436  -63.640  -2.213 0.0000000000
15903  -49.604  -64.031  -2.360 0.0000000000
14858  -48.930  -65.192  -2.409 0.0000000000
16925  -49.193  -63.297  -2.366 0.0000000000
22799  -58.258  -56.166  4.171 0.0000000000
21745  -57.805  -57.315  3.717 0.0000000000
20818  -56.749  -58.395  0.721 0.0000000000
21811  -57.124  -57.400  -0.174 0.0000000000
23944  -53.676  -55.627  0.171 0.0000000000
23945  -54.751  -55.829  0.179 0.0000000000
23961  -54.535  -55.743  -0.734 0.0000000000
21830  -55.805  -57.485  -1.406 0.0000000000
22898  -53.976  -56.601  -3.495 0.0000000000
24871  -57.388  -54.996  6.617 0.0000000000
24887  -58.055  -54.784  5.932 0.0000000000
24885  -56.495  -55.438  5.548 0.0000000000
23831  -56.035  -55.656  5.017 0.0000000000
22703  -55.590  -56.571  8.129 0.0000000000
22723  -54.919  -56.202  7.149 0.0000000000
23828  -52.661  -56.206  5.316 0.0000000000
23852  -54.144  -56.218  4.434 0.0000000000
23851  -52.902  -56.195  4.523 0.0000000000
23877  -52.053  -56.225  3.482 0.0000000000
24939  -49.949  -54.903  3.022 0.0000000000
24950  -50.404  -54.712  2.452 0.0000000000
26083  -50.602  -53.363  1.678 0.0000000000
26069  -50.176  -53.537  2.245 0.0000000000
23742  -49.603  -55.657  10.256 0.0000000000
22716  -47.839  -56.462  8.396 0.0000000000
22697  -49.444  -56.781  8.972 0.0000000000
22717  -48.601  -56.795  7.952 0.0000000000
22743  -49.197  -56.533  7.033 0.0000000000
23796  -48.244  -56.128  6.765 0.0000000000
27142  -45.456  -52.444  6.676 0.0000000000
26006  -45.735  -53.543  6.360 0.0000000000
26022  -46.000  -53.098  5.814 0.0000000000
26040  -47.501  -53.749  4.654 0.0000000000
26024  -47.016  -53.873  5.254 0.0000000000
23846  -47.949  -55.415  5.111 0.0000000000
24923  -48.082  -54.726  4.466 0.0000000000
24937  -48.574  -54.405  3.903 0.0000000000
28307  -49.186  -51.236  4.072 0.0000000000
28319  -49.532  -51.806  3.422 0.0000000000
28320  -50.160  -51.255  3.224 0.0000000000
20732  -55.342  -58.150  3.900 0.0000000000
20731  -54.351  -58.302  4.164 0.0000000000
20747  -54.907  -58.580  3.123 0.0000000000
20728  -49.936  -58.865  4.290 0.0000000000
19763  -49.472  -58.857  3.606 0.0000000000
19825  -51.463  -59.227  -0.175 0.0000000000
19807  -51.293  -59.197  1.150 0.0000000000
19823  -49.740  -59.683  0.953 0.0000000000
18848  -47.697  -60.887  1.602 0.0000000000
18833  -48.688  -59.914  1.850 0.0000000000
27298  -54.495  -52.385  -3.850 0.0000000000
27286  -53.743  -52.512  -3.123 0.0000000000
25015  -51.942  -54.504  -1.597 0.0000000000
23970  -51.702  -55.518  -1.722 0.0000000000
23969  -50.851  -55.532  -1.254 0.0000000000
21807  -48.415  -57.397  -0.684 0.0000000000
22870  -49.513  -56.374  -0.933 0.0000000000
21808  -49.211  -57.301  -1.068 0.0000000000
21824  -49.963  -57.120  -1.577 0.0000000000
20857  -49.780  -58.161  -1.506 0.0000000000
19854  -49.679  -59.515  -1.556 0.0000000000
19853  -48.690  -59.658  -1.070 0.0000000000
18894  -47.417  -60.822  -1.318 0.0000000000
16908  -47.501  -62.654  -1.635 0.0000000000
26101  -51.469  -53.629  0.994 0.0000000000
26102  -52.022  -53.632  0.584 0.0000000000
28384  -52.943  -51.769  0.367 0.0000000000
28385  -53.553  -51.649  -0.137 0.0000000000
30404  -45.325  -49.431  8.375 0.0000000000
31529  -46.032  -48.805  8.644 0.0000000000
20716  -52.878  -58.593  5.760 0.0000000000
19857  -52.888  -60.025  -2.893 0.0000000000
19880  -52.759  -59.953  -3.299 0.0000000000
18898  -51.930  -60.861  -2.418 0.0000000000
17927  -51.440  -61.552  -2.233 0.0000000000
16910  -51.071  -62.742  -1.959 0.0000000000
17942  -50.898  -61.661  -2.522 0.0000000000
17941  -50.096  -61.903  -2.294 0.0000000000
23882  -56.786  -56.094  3.863 0.0000000000
22796  -56.391  -56.488  3.246 0.0000000000
22838  -56.573  -56.563  1.395 0.0000000000
22856  -56.319  -56.487  0.434 0.0000000000
25017  -54.654  -54.509  -1.886 0.0000000000
25018  -55.889  -54.519  -2.406 0.0000000000
23974  -56.323  -55.319  -2.402 0.0000000000
22887  -56.137  -55.744  -2.831 0.0000000000
22899  -55.398  -56.564  -3.256 0.0000000000
22909  -55.529  -55.139  -3.627 0.0000000000
23990  -55.230  -54.796  -3.936 0.0000000000
25024  -54.116  -54.357  -3.420 0.0000000000
23778  -57.775  -55.485  7.465 0.0000000000
23777  -56.698  -55.443  7.095 0.0000000000
22721  -52.820  -56.504  7.439 0.0000000000
22747  -53.164  -56.374  6.587 0.0000000000
23800  -52.473  -56.334  5.923 0.0000000000
25976  -47.489  -54.507  10.599 0.0000000000
24846  -47.638  -54.936  10.261 0.0000000000
23741  -48.716  -55.583  10.049 0.0000000000
23739  -47.278  -55.331  9.733 0.0000000000
23773  -46.997  -56.158  8.295 0.0000000000
23794  -46.383  -55.547  7.625 0.0000000000
28296  -46.496  -51.644  6.052 0.0000000000
27151  -46.389  -52.458  5.677 0.0000000000
28305  -47.619  -51.862  4.829 0.0000000000
27163  -47.838  -52.690  4.443 0.0000000000
27164  -48.422  -52.658  3.781 0.0000000000
28306  -48.384  -51.555  4.388 0.0000000000
29415  -49.563  -50.314  4.557 0.0000000000
20768  -55.551  -59.000  2.282 0.0000000000
20746  -53.779  -58.672  3.220 0.0000000000
20767  -54.532  -58.666  2.153 0.0000000000
20766  -53.351  -58.665  2.080 0.0000000000
18850  -49.177  -60.002  1.258 0.0000000000
23942  -47.543  -55.552  -0.038 0.0000000000
25000  -47.970  -54.956  -0.063 0.0000000000
25001  -48.560  -54.839  -0.294 0.0000000000
22868  -47.792  -56.496  -0.396 0.0000000000
20836  -48.226  -58.332  -0.572 0.0000000000
19838  -48.801  -59.051  -0.808 0.0000000000
18893  -46.361  -60.991  -0.967 0.0000000000
22834  -53.024  -56.177  1.935 0.0000000000
22835  -53.622  -56.091  1.738 0.0000000000
23943  -52.909  -55.274  0.175 0.0000000000
23960  -53.493  -55.142  -0.503 0.0000000000
26118  -52.526  -53.642  -0.007 0.0000000000
26119  -53.168  -53.570  -0.635 0.0000000000
25005  -53.715  -54.393  -1.052 0.0000000000
27273  -55.318  -52.820  -2.367 0.0000000000
27288  -55.658  -52.488  -2.731 0.0000000000
22702  -54.540  -56.703  8.094 0.0000000000
22680  -54.251  -57.089  9.099 0.0000000000
22701  -53.516  -56.770  8.270 0.0000000000
22745  -51.257  -56.411  6.414 0.0000000000
27121  -44.291  -52.415  9.133 0.0000000000
27133  -44.927  -52.377  7.466 0.0000000000
28286  -45.357  -51.669  7.133 0.0000000000
28287  -46.088  -51.287  6.698 0.0000000000
30431  -45.813  -49.647  7.592 0.0000000000
28288  -46.808  -51.014  6.278 0.0000000000
29397  -48.404  -50.117  6.078 0.0000000000
20814  -52.830  -58.825  -0.197 0.0000000000
20813  -52.134  -58.937  -0.359 0.0000000000
19839  -51.026  -59.899  -0.599 0.0000000000
18861  -50.582  -60.267  -0.340 0.0000000000
17902  -49.088  -62.409  -0.318 0.0000000000
15884  -50.538  -63.792  -1.824 0.0000000000
14842  -50.308  -64.424  -1.904 0.0000000000
13885  -49.699  -65.386  -1.962 0.0000000000
13903  -49.398  -65.574  -2.130 0.0000000000
21721  -57.881  -57.483  5.432 0.0000000000
21719  -56.005  -57.770  5.026 0.0000000000
21734  -57.462  -57.723  4.420 0.0000000000
20734  -56.830  -57.963  3.786 0.0000000000
20749  -56.555  -58.376  3.172 0.0000000000
21775  -57.142  -57.889  2.202 0.0000000000
20769  -56.421  -58.816  2.417 0.0000000000
20792  -56.207  -59.020  1.460 0.0000000000
20817  -55.915  -58.864  0.451 0.0000000000
20816  -54.904  -58.980  0.200 0.0000000000
23926  -54.661  -56.104  0.759 0.0000000000
22855  -55.315  -56.298  0.557 0.0000000000
21810  -56.174  -57.330  -0.935 0.0000000000
20842  -55.648  -58.432  -0.684 0.0000000000
20841  -54.541  -58.787  -0.877 0.0000000000
20860  -54.104  -58.339  -1.889 0.0000000000
21827  -53.717  -58.151  -2.671 0.0000000000
21848  -54.483  -57.543  -3.159 0.0000000000
21846  -52.176  -57.750  -2.569 0.0000000000
21722  -58.411  -56.903  5.839 0.0000000000
22769  -58.472  -56.208  5.378 0.0000000000
23857  -58.655  -55.404  4.807 0.0000000000
24888  -58.898  -54.722  6.100 0.0000000000
24925  -58.461  -54.876  4.761 0.0000000000
22782  -57.385  -55.379  4.253 0.0000000000
23854  -56.360  -55.766  4.327 0.0000000000
23880  -55.535  -56.133  3.956 0.0000000000
22779  -54.828  -56.249  3.852 0.0000000000
22704  -56.702  -56.462  8.406 0.0000000000
22724  -56.123  -56.170  7.419 0.0000000000
23776  -55.598  -55.691  6.677 0.0000000000
22748  -54.125  -56.170  6.621 0.0000000000
23802  -54.634  -55.870  6.186 0.0000000000
23803  -55.682  -55.605  5.875 0.0000000000
23830  -54.949  -55.913  5.260 0.0000000000
23907  -53.412  -56.486  2.954 0.0000000000
23906  -52.658  -56.240  2.552 0.0000000000
23923  -51.706  -55.249  1.410 0.0000000000
24968  -51.268  -54.543  1.431 0.0000000000
23904  -50.808  -55.346  2.443 0.0000000000
24951  -50.866  -54.881  2.037 0.0000000000
27221  -50.868  -53.041  1.438 0.0000000000
27201  -51.183  -52.156  1.545 0.0000000000
22675  -49.202  -56.090  9.696 0.0000000000
22698  -50.542  -56.700  8.731 0.0000000000
22744  -50.154  -56.508  6.541 0.0000000000
22765  -50.395  -56.376  5.896 0.0000000000
24868  -45.510  -54.395  7.674 0.0000000000
24883  -46.214  -54.645  6.778 0.0000000000
24884  -46.773  -55.209  6.267 0.0000000000
26023  -46.424  -53.582  5.721 0.0000000000
24906  -46.799  -54.526  5.844 0.0000000000
23823  -47.429  -55.519  5.859 0.0000000000
23824  -48.532  -55.862  5.745 0.0000000000
23825  -49.668  -56.152  5.596 0.0000000000
24938  -49.293  -54.782  3.616 0.0000000000
26056  -49.558  -53.702  2.896 0.0000000000
27179  -49.107  -52.704  3.303 0.0000000000
26068  -49.839  -53.086  2.566 0.0000000000
27199  -50.131  -52.563  2.473 0.0000000000
28339  -50.531  -51.708  2.515 0.0000000000
20718  -55.149  -57.968  5.029 0.0000000000
20729  -51.952  -58.682  4.895 0.0000000000
19751  -51.013  -58.929  4.916 0.0000000000
19736  -49.864  -59.536  5.183 0.0000000000
19786  -49.985  -59.172  2.621 0.0000000000
19805  -49.579  -59.598  1.836 0.0000000000
28365  -53.363  -51.281  0.470 0.0000000000
28420  -54.951  -51.483  -1.986 0.0000000000
28435  -55.872  -51.342  -2.802 0.0000000000
28445  -55.981  -51.399  -3.499 0.0000000000
28451  -55.814  -52.043  -4.008 0.0000000000
27299  -55.174  -52.307  -4.314 0.0000000000
26155  -54.287  -53.373  -3.610 0.0000000000
25023  -53.384  -54.511  -2.789 0.0000000000
27285  -53.082  -52.662  -2.297 0.0000000000
23979  -53.044  -55.577  -2.784 0.0000000000
23978  -52.362  -55.931  -2.330 0.0000000000
22896  -51.957  -56.561  -2.248 0.0000000000
21825  -50.991  -57.379  -2.137 0.0000000000
23956  -49.008  -55.567  -0.551 0.0000000000
23957  -49.743  -55.521  -0.716 0.0000000000
22884  -50.419  -56.358  -1.481 0.0000000000
20858  -50.474  -57.986  -1.840 0.0000000000
18896  -49.794  -60.854  -1.974 0.0000000000
17925  -49.233  -61.516  -1.871 0.0000000000
17940  -49.228  -62.423  -2.173 0.0000000000
16909  -48.438  -62.951  -2.006 0.0000000000
13884  -49.084  -65.952  -1.771 0.0000000000
14860  -50.403  -64.206  -2.070 0.0000000000
15863  -50.330  -63.814  -1.512 0.0000000000
16911  -51.276  -62.052  -2.097 0.0000000000
16928  -51.158  -61.959  -2.286 0.0000000000
17943  -51.391  -61.224  -2.465 0.0000000000
18834  -49.141  -59.752  1.886 0.0000000000
18873  -48.281  -59.888  -0.960 0.0000000000
18876  -51.964  -60.578  -1.812 0.0000000000
18915  -50.520  -61.171  -2.389 0.0000000000
18918  -52.487  -60.386  -3.128 0.0000000000
19749  -49.593  -59.056  4.493 0.0000000000
19750  -50.335  -59.038  4.527 0.0000000000
19764  -50.321  -58.839  3.625 0.0000000000
19785  -49.101  -59.389  2.496 0.0000000000
19835  -46.047  -59.332  -0.435 0.0000000000
19856  -52.436  -60.353  -2.283 0.0000000000
20719  -55.752  -57.973  4.445 0.0000000000
20727  -49.683  -58.778  4.142 0.0000000000
20733  -56.148  -58.083  3.860 0.0000000000
20735  -57.294  -57.762  3.669 0.0000000000
20743  -49.916  -58.670  3.973 0.0000000000
20744  -50.158  -58.778  4.134 0.0000000000
20770  -56.999  -58.158  2.600 0.0000000000
20794  -57.160  -57.928  1.188 0.0000000000
20819  -57.081  -58.141  1.015 0.0000000000
20838  -51.995  -59.248  -0.738 0.0000000000
20862  -55.741  -57.808  -1.386 0.0000000000
21718  -55.550  -57.777  5.224 0.0000000000
21720  -56.966  -57.740  5.237 0.0000000000
21733  -56.601  -57.907  4.467 0.0000000000
21746  -58.307  -56.765  4.048 0.0000000000
21759  -57.169  -57.883  2.501 0.0000000000
21791  -57.010  -57.956  0.173 0.0000000000
21812  -57.337  -57.305  0.130 0.0000000000
21826  -51.560  -57.012  -2.215 0.0000000000
21845  -51.517  -58.129  -2.542 0.0000000000
22674  -48.775  -55.966  9.655 0.0000000000
22695  -47.670  -56.234  8.820 0.0000000000
22726  -57.777  -56.117  7.872 0.0000000000
22749  -54.672  -56.079  6.615 0.0000000000
22766  -50.722  -56.401  6.066 0.0000000000
22767  -57.207  -55.410  4.392 0.0000000000
22768  -57.476  -55.231  4.383 0.0000000000
22780  -55.294  -56.168  3.954 0.0000000000
22781  -57.208  -55.319  4.150 0.0000000000
22783  -58.384  -56.342  4.572 0.0000000000
22816  -53.341  -56.313  2.349 0.0000000000
22836  -54.620  -56.286  1.462 0.0000000000
22871  -49.996  -56.103  -1.003 0.0000000000
22900  -55.840  -55.485  -3.351 0.0000000000
22908  -55.228  -55.529  -3.662 0.0000000000
23717  -49.361  -55.216  10.549 0.0000000000
23740  -47.928  -55.358  9.886 0.0000000000
23744  -58.277  -55.806  9.167 0.0000000000
23758  -46.738  -55.567  9.141 0.0000000000
23759  -47.550  -55.858  9.291 0.0000000000
23760  -48.156  -55.717  9.582 0.0000000000
23762  -58.747  -55.658  8.657 0.0000000000
23772  -46.335  -55.552  8.384 0.0000000000
23774  -47.690  -56.379  7.625 0.0000000000
23833  -57.387  -55.380  4.603 0.0000000000
23834  -58.935  -55.624  5.824 0.0000000000
23835  -59.401  -55.091  5.467 0.0000000000
23855  -57.145  -55.568  4.215 0.0000000000
23856  -57.807  -55.313  4.351 0.0000000000
23879  -54.037  -56.490  3.503 0.0000000000
23881  -55.973  -56.094  3.892 0.0000000000
23884  -58.137  -55.797  4.007 0.0000000000
23955  -48.241  -55.632  -0.367 0.0000000000
23958  -50.275  -55.669  -0.965 0.0000000000
23981  -56.451  -55.044  -3.025 0.0000000000
23989  -54.661  -55.052  -3.723 0.0000000000
23991  -55.897  -54.681  -3.606 0.0000000000
23992  -56.122  -54.400  -3.486 0.0000000000
24847  -48.287  -55.010  10.363 0.0000000000
24882  -45.643  -54.006  7.061 0.0000000000
24886  -57.174  -55.052  5.749 0.0000000000
24889  -59.461  -54.930  6.196 0.0000000000
24907  -56.618  -55.633  5.096 0.0000000000
24908  -57.098  -55.477  5.132 0.0000000000
24909  -57.786  -54.915  5.022 0.0000000000
24910  -58.658  -54.638  5.268 0.0000000000
24911  -59.239  -54.781  5.457 0.0000000000
24924  -48.872  -55.056  4.254 0.0000000000
24926  -59.091  -54.714  4.893 0.0000000000
24927  -59.336  -54.843  5.194 0.0000000000
25004  -52.913  -54.412  -0.393 0.0000000000
25016  -52.579  -54.514  -2.214 0.0000000000
25019  -56.374  -54.849  -2.661 0.0000000000
25026  -56.244  -54.374  -2.941 0.0000000000
25027  -56.192  -54.239  -3.317 0.0000000000
25036  -56.099  -53.953  -3.897 0.0000000000
25037  -56.128  -54.163  -3.551 0.0000000000
25051  -55.746  -53.521  -4.289 0.0000000000
25052  -55.884  -53.699  -4.205 0.0000000000
25998  -44.611  -52.939  7.869 0.0000000000
26007  -46.181  -54.016  6.194 0.0000000000
26084  -51.010  -53.572  1.381 0.0000000000
26134  -55.630  -53.240  -2.604 0.0000000000
26142  -55.771  -53.805  -2.634 0.0000000000
26144  -56.147  -53.906  -3.281 0.0000000000
26156  -54.880  -53.242  -4.345 0.0000000000
26158  -56.176  -53.918  -3.537 0.0000000000
26173  -55.526  -53.123  -4.336 0.0000000000
27150  -45.852  -52.726  6.055 0.0000000000
27239  -51.772  -53.112  0.756 0.0000000000
27256  -53.356  -52.525  -0.551 0.0000000000
27305  -55.731  -52.421  -4.157 0.0000000000
27306  -55.969  -52.382  -3.844 0.0000000000
28338  -49.927  -51.930  2.833 0.0000000000
28402  -54.100  -51.577  -1.098 0.0000000000
28434  -55.440  -51.866  -2.510 0.0000000000
28444  -55.643  -51.525  -3.990 0.0000000000
28452  -55.860  -51.844  -3.863 0.0000000000
29446  -51.005  -51.299  2.469 0.0000000000
29519  -55.047  -51.073  -1.377 0.0000000000
