#!ascii label  , from subject 3575 vox2ras=TkReg
1590
49735  -50.369  -52.556  53.778 0.0000000000
28993  -40.386  -68.422  57.279 0.0000000000
61278  -56.329  -41.615  48.245 0.0000000000
54336  -43.877  -47.926  44.518 0.0000000000
56571  -49.119  -44.688  52.824 0.0000000000
36489  -48.035  -62.698  53.904 0.0000000000
36614  -39.426  -63.380  45.431 0.0000000000
47588  -39.452  -54.611  46.052 0.0000000000
26449  -31.053  -70.249  56.756 0.0000000000
70358  -55.667  -33.487  52.344 0.0000000000
36584  -29.701  -62.190  46.567 0.0000000000
50897  -47.347  -50.235  48.820 0.0000000000
56612  -46.480  -45.727  49.133 0.0000000000
53103  -48.135  -48.702  54.416 0.0000000000
42684  -49.622  -57.712  53.895 0.0000000000
41429  -43.481  -58.619  49.868 0.0000000000
46435  -45.845  -54.194  48.788 0.0000000000
50911  -41.601  -50.704  45.141 0.0000000000
76668  -55.707  -29.542  49.726 0.0000000000
28989  -35.184  -68.421  56.977 0.0000000000
31553  -29.976  -66.293  52.141 0.0000000000
33948  -35.397  -64.389  53.496 0.0000000000
58870  -52.841  -43.320  50.384 0.0000000000
30229  -44.520  -67.517  54.568 0.0000000000
33975  -40.750  -64.501  52.083 0.0000000000
35276  -43.077  -63.850  48.754 0.0000000000
40167  -39.047  -60.059  46.037 0.0000000000
23818  -26.476  -72.156  57.909 0.0000000000
57639  -54.618  -44.202  57.365 0.0000000000
59983  -57.533  -42.708  53.402 0.0000000000
67657  -55.657  -36.711  54.151 0.0000000000
63759  -54.366  -39.308  50.987 0.0000000000
69112  -52.325  -35.485  48.153 0.0000000000
29042  -25.380  -68.413  52.015 0.0000000000
37719  -34.900  -60.471  48.071 0.0000000000
50866  -48.902  -51.303  51.444 0.0000000000
53140  -47.902  -49.271  51.465 0.0000000000
50828  -48.839  -50.436  54.678 0.0000000000
46351  -50.196  -54.661  53.837 0.0000000000
45190  -47.633  -55.528  51.344 0.0000000000
47534  -48.318  -53.576  51.132 0.0000000000
48701  -46.603  -52.459  48.577 0.0000000000
62531  -56.426  -40.622  46.810 0.0000000000
62515  -58.072  -40.246  48.262 0.0000000000
28992  -37.678  -68.345  57.443 0.0000000000
31509  -35.199  -66.668  55.178 0.0000000000
32719  -37.334  -66.204  55.326 0.0000000000
57779  -43.788  -45.611  44.286 0.0000000000
56591  -47.996  -44.997  51.060 0.0000000000
57748  -47.547  -44.047  48.936 0.0000000000
57729  -49.115  -43.986  50.378 0.0000000000
58885  -50.483  -42.862  49.506 0.0000000000
58842  -51.582  -43.572  52.041 0.0000000000
33933  -46.930  -64.958  54.214 0.0000000000
32786  -44.407  -66.037  52.108 0.0000000000
35218  -45.871  -63.770  51.961 0.0000000000
44008  -41.721  -56.461  47.977 0.0000000000
40150  -40.674  -59.065  48.084 0.0000000000
42771  -38.870  -57.198  46.124 0.0000000000
52054  -42.790  -49.313  44.363 0.0000000000
57665  -56.495  -43.808  55.340 0.0000000000
65014  -55.880  -38.581  52.726 0.0000000000
67725  -54.724  -36.469  51.725 0.0000000000
66370  -53.217  -37.646  49.694 0.0000000000
70380  -53.813  -34.525  50.155 0.0000000000
75529  -53.367  -30.352  46.740 0.0000000000
25123  -28.840  -71.346  57.261 0.0000000000
26478  -26.102  -70.256  54.645 0.0000000000
27788  -27.814  -69.242  54.461 0.0000000000
35258  -29.740  -63.994  49.798 0.0000000000
32812  -28.038  -65.485  49.175 0.0000000000
35315  -27.630  -63.815  45.384 0.0000000000
36545  -40.152  -62.884  48.794 0.0000000000
36514  -38.226  -62.368  50.909 0.0000000000
37735  -37.999  -61.466  47.135 0.0000000000
52037  -45.129  -49.339  46.565 0.0000000000
55479  -45.018  -46.920  46.493 0.0000000000
54314  -46.863  -48.246  48.864 0.0000000000
54282  -47.274  -47.777  51.450 0.0000000000
55416  -48.404  -46.444  54.254 0.0000000000
38823  -48.597  -60.352  54.019 0.0000000000
37683  -46.155  -60.831  51.898 0.0000000000
41397  -46.701  -58.314  51.582 0.0000000000
43978  -44.621  -56.339  49.737 0.0000000000
46449  -42.811  -54.514  47.612 0.0000000000
48725  -40.527  -52.500  45.574 0.0000000000
48719  -43.460  -52.369  46.722 0.0000000000
49825  -44.611  -51.075  46.561 0.0000000000
72938  -56.132  -31.543  50.985 0.0000000000
76630  -57.878  -29.096  52.752 0.0000000000
27758  -32.544  -69.159  56.488 0.0000000000
29025  -30.480  -68.456  54.459 0.0000000000
31506  -32.588  -67.116  54.478 0.0000000000
33945  -32.706  -65.108  53.242 0.0000000000
36526  -32.511  -62.838  50.672 0.0000000000
57771  -45.141  -44.733  45.927 0.0000000000
60105  -52.600  -41.929  48.192 0.0000000000
60082  -54.659  -42.355  49.137 0.0000000000
30186  -42.691  -68.352  56.209 0.0000000000
32722  -40.219  -66.030  55.038 0.0000000000
31533  -42.228  -66.118  53.309 0.0000000000
32804  -42.373  -65.255  49.790 0.0000000000
34042  -41.370  -64.289  47.200 0.0000000000
38868  -43.399  -60.957  49.969 0.0000000000
37725  -41.519  -61.883  47.532 0.0000000000
37792  -39.396  -62.450  44.672 0.0000000000
49693  -50.997  -51.861  57.499 0.0000000000
27728  -42.807  -69.398  58.846 0.0000000000
31472  -46.420  -66.800  56.199 0.0000000000
33907  -48.282  -64.185  56.225 0.0000000000
51920  -49.329  -49.580  58.623 0.0000000000
55379  -48.833  -46.671  58.316 0.0000000000
56522  -50.409  -45.684  56.603 0.0000000000
57606  -52.771  -44.493  59.232 0.0000000000
56536  -52.316  -44.632  55.261 0.0000000000
56563  -53.442  -44.052  53.650 0.0000000000
58859  -55.844  -43.643  51.790 0.0000000000
60043  -57.258  -42.781  50.919 0.0000000000
63719  -57.573  -39.886  54.391 0.0000000000
62452  -56.354  -41.217  52.032 0.0000000000
62488  -57.141  -41.395  49.986 0.0000000000
63788  -55.251  -39.945  48.657 0.0000000000
72958  -53.680  -32.736  48.693 0.0000000000
25135  -24.287  -71.367  55.706 0.0000000000
29075  -23.217  -67.844  49.345 0.0000000000
30260  -27.872  -67.366  51.531 0.0000000000
31567  -25.455  -66.608  48.680 0.0000000000
33972  -37.708  -63.766  52.805 0.0000000000
36529  -35.289  -62.129  50.732 0.0000000000
37717  -32.465  -61.322  48.418 0.0000000000
36587  -33.806  -62.749  46.215 0.0000000000
49748  -49.614  -52.084  52.332 0.0000000000
50847  -49.486  -51.373  53.108 0.0000000000
49711  -49.942  -51.831  54.990 0.0000000000
48602  -50.558  -53.338  53.976 0.0000000000
47522  -49.511  -53.842  52.372 0.0000000000
48617  -50.130  -52.991  52.566 0.0000000000
48659  -48.953  -52.456  51.289 0.0000000000
61277  -55.499  -41.542  47.856 0.0000000000
62513  -56.419  -41.044  47.601 0.0000000000
62532  -57.251  -40.560  47.190 0.0000000000
62514  -57.208  -40.977  48.264 0.0000000000
30162  -38.871  -68.416  57.432 0.0000000000
31468  -37.946  -67.359  56.500 0.0000000000
31469  -38.826  -67.214  56.336 0.0000000000
55503  -42.858  -47.026  43.695 0.0000000000
55490  -43.400  -46.668  44.147 0.0000000000
56580  -48.346  -45.224  51.933 0.0000000000
57713  -48.697  -44.560  51.161 0.0000000000
56581  -49.134  -44.610  51.853 0.0000000000
57715  -50.433  -43.695  51.605 0.0000000000
57683  -50.322  -44.398  53.161 0.0000000000
33955  -47.101  -64.263  54.054 0.0000000000
33978  -46.237  -64.393  52.710 0.0000000000
35220  -46.993  -63.067  52.981 0.0000000000
45252  -40.759  -55.763  47.111 0.0000000000
44019  -40.368  -56.591  46.955 0.0000000000
45266  -38.660  -55.817  46.044 0.0000000000
45264  -37.389  -55.802  45.316 0.0000000000
53197  -43.391  -48.505  44.343 0.0000000000
52072  -41.677  -48.997  43.608 0.0000000000
53214  -42.338  -48.346  43.646 0.0000000000
67707  -55.460  -36.462  52.524 0.0000000000
70356  -54.703  -34.913  51.682 0.0000000000
69078  -54.424  -35.539  51.350 0.0000000000
70368  -54.866  -33.882  51.295 0.0000000000
26434  -30.197  -71.173  57.722 0.0000000000
26465  -28.280  -70.280  55.944 0.0000000000
26466  -29.397  -70.171  55.969 0.0000000000
36552  -29.731  -62.791  48.430 0.0000000000
35286  -28.412  -63.832  47.728 0.0000000000
36567  -28.896  -62.859  47.037 0.0000000000
34075  -27.976  -64.111  44.148 0.0000000000
36626  -29.313  -63.017  44.740 0.0000000000
36571  -39.627  -63.262  46.911 0.0000000000
36555  -39.178  -62.193  48.045 0.0000000000
37755  -38.853  -62.559  46.227 0.0000000000
52032  -46.043  -49.469  47.905 0.0000000000
53180  -45.882  -48.843  47.615 0.0000000000
52013  -47.074  -49.392  48.882 0.0000000000
53115  -48.042  -48.874  53.339 0.0000000000
53128  -47.584  -48.480  51.916 0.0000000000
53114  -47.657  -48.294  52.771 0.0000000000
54274  -47.741  -47.193  52.973 0.0000000000
54255  -48.313  -47.657  54.873 0.0000000000
41351  -49.422  -58.549  53.948 0.0000000000
40101  -47.679  -59.328  52.644 0.0000000000
42695  -48.019  -57.693  52.450 0.0000000000
45222  -46.158  -54.945  49.732 0.0000000000
43961  -45.924  -56.289  50.342 0.0000000000
45220  -44.783  -55.335  49.340 0.0000000000
45241  -43.289  -55.437  48.405 0.0000000000
46451  -44.375  -54.197  48.218 0.0000000000
47581  -43.416  -53.572  47.464 0.0000000000
47582  -44.329  -53.653  47.777 0.0000000000
49812  -46.657  -51.435  48.618 0.0000000000
48713  -46.029  -51.910  47.982 0.0000000000
49820  -46.191  -50.909  47.951 0.0000000000
50906  -44.825  -50.074  46.476 0.0000000000
28988  -34.004  -68.729  57.113 0.0000000000
29011  -32.897  -68.510  55.812 0.0000000000
30202  -33.543  -67.890  55.583 0.0000000000
32762  -35.128  -65.237  54.083 0.0000000000
32761  -34.252  -65.870  54.246 0.0000000000
33970  -34.092  -64.393  53.148 0.0000000000
35230  -32.009  -63.677  51.594 0.0000000000
35232  -33.968  -63.405  51.986 0.0000000000
55475  -45.529  -46.566  47.262 0.0000000000
56622  -45.281  -45.860  46.641 0.0000000000
57757  -45.942  -45.363  47.649 0.0000000000
58898  -48.268  -43.530  48.235 0.0000000000
58908  -46.983  -43.559  47.374 0.0000000000
58916  -48.438  -42.848  47.135 0.0000000000
60037  -51.792  -42.692  49.989 0.0000000000
60079  -51.784  -42.276  48.608 0.0000000000
60058  -52.771  -42.788  49.604 0.0000000000
60081  -53.668  -42.274  48.916 0.0000000000
60039  -54.039  -42.951  50.147 0.0000000000
30210  -44.141  -67.925  55.474 0.0000000000
31491  -42.890  -67.396  54.841 0.0000000000
31535  -44.098  -67.116  53.632 0.0000000000
34002  -43.957  -64.970  50.041 0.0000000000
32795  -43.239  -65.742  51.106 0.0000000000
32814  -42.953  -65.353  49.450 0.0000000000
34012  -41.872  -64.601  48.972 0.0000000000
34027  -42.391  -64.322  48.162 0.0000000000
40139  -45.466  -59.664  51.267 0.0000000000
37698  -44.767  -61.395  50.862 0.0000000000
40146  -43.434  -59.869  49.936 0.0000000000
40155  -39.696  -59.105  47.163 0.0000000000
38875  -40.800  -60.263  47.879 0.0000000000
38891  -39.971  -61.053  46.581 0.0000000000
37758  -40.817  -62.287  46.209 0.0000000000
49830  -41.045  -51.573  45.378 0.0000000000
33906  -47.603  -65.003  56.299 0.0000000000
38779  -50.324  -60.296  56.444 0.0000000000
50804  -49.822  -50.611  58.249 0.0000000000
54202  -49.026  -47.481  60.175 0.0000000000
55352  -49.463  -46.164  59.398 0.0000000000
55380  -49.339  -46.339  57.764 0.0000000000
56476  -50.546  -45.348  59.068 0.0000000000
57620  -53.749  -44.257  58.190 0.0000000000
56513  -51.930  -44.973  57.341 0.0000000000
57652  -52.920  -44.795  56.043 0.0000000000
56550  -52.556  -44.511  54.469 0.0000000000
57662  -53.979  -44.133  54.748 0.0000000000
58824  -57.240  -43.375  54.078 0.0000000000
57689  -55.881  -44.342  53.367 0.0000000000
58846  -56.880  -43.629  52.073 0.0000000000
58874  -56.587  -43.181  51.197 0.0000000000
60023  -57.608  -42.896  51.667 0.0000000000
64997  -56.882  -38.557  54.287 0.0000000000
63747  -54.974  -39.157  51.692 0.0000000000
63735  -56.365  -39.577  52.793 0.0000000000
62451  -55.822  -40.613  51.642 0.0000000000
62469  -56.630  -41.304  50.947 0.0000000000
62468  -55.643  -40.612  50.734 0.0000000000
63774  -57.121  -40.540  49.467 0.0000000000
62485  -54.681  -40.139  49.867 0.0000000000
67754  -52.630  -37.007  48.570 0.0000000000
65078  -53.452  -38.470  48.196 0.0000000000
66405  -53.474  -37.817  47.455 0.0000000000
75481  -55.969  -30.269  50.416 0.0000000000
72945  -54.671  -32.382  49.837 0.0000000000
74254  -54.606  -31.193  49.428 0.0000000000
27797  -25.872  -69.334  53.356 0.0000000000
26487  -25.200  -69.915  53.744 0.0000000000
27806  -25.016  -68.997  52.545 0.0000000000
29050  -23.285  -68.388  50.816 0.0000000000
29051  -24.190  -68.245  51.097 0.0000000000
30254  -30.418  -67.243  53.009 0.0000000000
29046  -28.711  -67.944  53.012 0.0000000000
30261  -28.711  -67.208  51.804 0.0000000000
31568  -26.355  -66.347  49.171 0.0000000000
30323  -25.708  -67.224  44.805 0.0000000000
32765  -40.729  -65.379  53.415 0.0000000000
32763  -39.188  -65.194  54.116 0.0000000000
33974  -39.522  -64.057  52.712 0.0000000000
37694  -36.438  -61.545  49.798 0.0000000000
36530  -36.284  -61.978  50.658 0.0000000000
37693  -35.450  -61.621  49.929 0.0000000000
37704  -33.380  -61.559  49.498 0.0000000000
37718  -33.607  -60.933  48.287 0.0000000000
36607  -32.518  -62.765  45.712 0.0000000000
50876  -48.024  -50.738  50.369 0.0000000000
52003  -48.080  -49.740  50.117 0.0000000000
50856  -48.686  -50.708  51.661 0.0000000000
51965  -48.553  -49.711  52.948 0.0000000000
51945  -48.295  -49.653  55.161 0.0000000000
43920  -49.988  -55.905  54.003 0.0000000000
43928  -48.579  -56.613  53.030 0.0000000000
45175  -48.684  -55.634  52.874 0.0000000000
46394  -47.686  -54.509  50.908 0.0000000000
47549  -46.687  -53.651  49.197 0.0000000000
47568  -46.406  -53.392  48.625 0.0000000000
48657  -47.640  -52.529  50.218 0.0000000000
49777  -47.594  -51.594  49.977 0.0000000000
63791  -58.295  -39.538  48.372 0.0000000000
28990  -36.313  -68.440  57.196 0.0000000000
30204  -35.647  -67.501  56.107 0.0000000000
30205  -36.206  -67.159  56.206 0.0000000000
32718  -36.323  -66.298  55.309 0.0000000000
33929  -36.024  -65.053  54.212 0.0000000000
56600  -46.648  -45.942  50.233 0.0000000000
57747  -46.721  -44.695  49.311 0.0000000000
57737  -47.519  -44.766  49.848 0.0000000000
57738  -48.401  -44.174  49.619 0.0000000000
57739  -49.169  -43.620  49.458 0.0000000000
58900  -49.822  -42.928  48.529 0.0000000000
58867  -49.922  -43.411  49.904 0.0000000000
58854  -51.058  -43.374  51.069 0.0000000000
58855  -52.050  -43.502  51.419 0.0000000000
31515  -45.741  -66.609  54.643 0.0000000000
31547  -44.697  -66.507  52.988 0.0000000000
32787  -45.430  -65.679  52.626 0.0000000000
33992  -45.065  -64.580  51.380 0.0000000000
35253  -44.603  -63.693  50.456 0.0000000000
42744  -42.975  -57.452  49.304 0.0000000000
41436  -42.076  -58.826  48.991 0.0000000000
41435  -41.354  -58.269  48.324 0.0000000000
41448  -39.887  -58.114  47.051 0.0000000000
41446  -38.774  -57.972  46.328 0.0000000000
41472  -37.085  -58.622  45.056 0.0000000000
42784  -37.506  -57.458  45.516 0.0000000000
50924  -42.237  -50.100  44.636 0.0000000000
52052  -41.006  -49.538  43.888 0.0000000000
57622  -55.217  -43.616  57.375 0.0000000000
57655  -55.525  -44.385  56.205 0.0000000000
57656  -56.231  -43.697  56.059 0.0000000000
58813  -56.569  -43.160  55.407 0.0000000000
59969  -57.362  -42.535  54.274 0.0000000000
67658  -55.783  -36.599  53.998 0.0000000000
66313  -56.216  -37.601  53.883 0.0000000000
67708  -55.742  -37.017  52.882 0.0000000000
66350  -55.049  -37.443  51.977 0.0000000000
65030  -54.661  -38.340  51.516 0.0000000000
63758  -53.922  -38.911  50.296 0.0000000000
66371  -53.686  -37.323  50.420 0.0000000000
69091  -53.542  -36.072  49.943 0.0000000000
69113  -52.771  -35.701  48.755 0.0000000000
77765  -55.587  -28.654  49.091 0.0000000000
76666  -54.769  -29.685  48.573 0.0000000000
77790  -54.615  -28.625  47.571 0.0000000000
25100  -27.796  -71.708  57.456 0.0000000000
25120  -26.422  -71.418  56.599 0.0000000000
26446  -27.850  -70.910  56.433 0.0000000000
27773  -27.506  -69.789  55.230 0.0000000000
27798  -27.130  -69.101  53.571 0.0000000000
33986  -29.919  -64.968  51.250 0.0000000000
32803  -28.949  -65.617  50.648 0.0000000000
34009  -28.679  -64.896  49.326 0.0000000000
34040  -27.753  -64.793  47.682 0.0000000000
34065  -26.658  -65.046  45.865 0.0000000000
31624  -26.570  -66.366  43.778 0.0000000000
32870  -27.333  -64.950  43.997 0.0000000000
35251  -40.533  -63.643  50.185 0.0000000000
35237  -39.243  -62.860  51.416 0.0000000000
36533  -39.442  -62.576  49.690 0.0000000000
37709  -38.259  -61.521  48.841 0.0000000000
37721  -36.866  -60.939  48.268 0.0000000000
53187  -44.494  -48.584  45.311 0.0000000000
55484  -44.668  -47.294  45.715 0.0000000000
54324  -45.093  -47.991  46.229 0.0000000000
54313  -46.581  -47.785  48.300 0.0000000000
55457  -46.826  -47.317  49.255 0.0000000000
53150  -47.867  -48.689  50.014 0.0000000000
54293  -47.248  -47.912  50.474 0.0000000000
55445  -46.672  -46.667  50.344 0.0000000000
55434  -47.277  -46.839  51.887 0.0000000000
56569  -47.894  -46.286  52.902 0.0000000000
56558  -48.782  -45.753  53.995 0.0000000000
37665  -48.398  -61.583  53.969 0.0000000000
36501  -47.177  -62.101  52.766 0.0000000000
38838  -47.884  -60.469  53.004 0.0000000000
40126  -46.710  -59.441  52.108 0.0000000000
41416  -45.694  -58.525  51.012 0.0000000000
42710  -47.004  -57.195  51.381 0.0000000000
42730  -45.548  -57.264  50.496 0.0000000000
42728  -44.249  -57.455  49.962 0.0000000000
43994  -42.828  -56.448  48.578 0.0000000000
45254  -42.399  -55.468  47.909 0.0000000000
46455  -40.528  -54.894  46.778 0.0000000000
47596  -39.140  -54.061  45.730 0.0000000000
47590  -40.978  -53.765  46.592 0.0000000000
48717  -41.564  -52.947  46.388 0.0000000000
48727  -42.402  -51.786  46.073 0.0000000000
48712  -45.362  -52.365  47.438 0.0000000000
48720  -44.218  -51.942  46.733 0.0000000000
49832  -43.067  -51.218  45.804 0.0000000000
50913  -43.512  -50.482  45.350 0.0000000000
52041  -44.158  -49.545  45.210 0.0000000000
72928  -55.583  -32.720  51.486 0.0000000000
74225  -56.562  -31.590  51.999 0.0000000000
75470  -56.967  -30.401  51.900 0.0000000000
76642  -57.025  -29.438  51.459 0.0000000000
78763  -57.198  -27.771  50.961 0.0000000000
79822  -57.002  -27.293  50.488 0.0000000000
27757  -31.470  -69.666  56.492 0.0000000000
27776  -30.692  -69.435  55.642 0.0000000000
27777  -31.632  -68.897  55.779 0.0000000000
30224  -31.095  -67.832  54.125 0.0000000000
31529  -31.455  -66.531  53.428 0.0000000000
31507  -33.498  -67.146  55.020 0.0000000000
31530  -32.384  -66.486  53.846 0.0000000000
32780  -31.077  -65.800  52.711 0.0000000000
33988  -31.102  -64.496  51.534 0.0000000000
35260  -31.261  -63.213  50.111 0.0000000000
36554  -31.264  -62.321  49.192 0.0000000000
56629  -44.741  -46.143  45.760 0.0000000000
57770  -44.635  -45.477  45.352 0.0000000000
57758  -46.442  -44.640  48.096 0.0000000000
61255  -54.630  -41.883  48.480 0.0000000000
61256  -55.536  -42.077  48.571 0.0000000000
30185  -41.685  -68.209  56.366 0.0000000000
31488  -40.052  -66.785  55.563 0.0000000000
31489  -41.268  -66.513  55.096 0.0000000000
32741  -41.254  -65.866  53.876 0.0000000000
32782  -41.065  -65.252  52.728 0.0000000000
31545  -43.362  -66.212  52.452 0.0000000000
32784  -42.811  -65.872  52.096 0.0000000000
33990  -41.400  -64.817  51.150 0.0000000000
34000  -41.150  -64.255  49.728 0.0000000000
35273  -40.691  -64.061  48.186 0.0000000000
35305  -40.583  -63.873  46.333 0.0000000000
37672  -45.977  -62.208  51.966 0.0000000000
36535  -44.541  -62.565  50.624 0.0000000000
36548  -43.384  -62.902  49.445 0.0000000000
40152  -42.028  -60.104  49.004 0.0000000000
37710  -42.560  -61.867  48.844 0.0000000000
36559  -42.462  -62.963  48.177 0.0000000000
35290  -41.615  -63.481  46.847 0.0000000000
35324  -40.497  -63.357  45.571 0.0000000000
48733  -38.224  -52.704  44.586 0.0000000000
48575  -51.098  -52.926  55.448 0.0000000000
49712  -50.570  -52.322  55.688 0.0000000000
23798  -28.919  -72.248  58.684 0.0000000000
27724  -32.124  -70.472  58.457 0.0000000000
27725  -32.982  -69.591  58.773 0.0000000000
28964  -33.893  -68.821  58.421 0.0000000000
28967  -37.073  -68.608  58.023 0.0000000000
28969  -38.936  -68.704  58.089 0.0000000000
28970  -39.882  -68.804  57.956 0.0000000000
28971  -41.108  -69.182  57.971 0.0000000000
28973  -42.927  -69.141  57.517 0.0000000000
28997  -44.128  -68.988  56.835 0.0000000000
30188  -44.546  -68.171  56.510 0.0000000000
31471  -45.812  -67.164  56.573 0.0000000000
30212  -45.962  -67.317  55.453 0.0000000000
32723  -46.553  -66.104  55.371 0.0000000000
33919  -47.862  -64.879  55.446 0.0000000000
33920  -48.271  -63.906  55.311 0.0000000000
36457  -48.893  -62.178  55.219 0.0000000000
37649  -49.400  -61.049  55.249 0.0000000000
40052  -49.605  -59.409  54.938 0.0000000000
47476  -51.192  -54.214  55.217 0.0000000000
50822  -49.570  -50.993  56.326 0.0000000000
51937  -49.127  -50.433  56.662 0.0000000000
51936  -48.632  -49.600  56.424 0.0000000000
53057  -49.269  -48.587  60.129 0.0000000000
53075  -48.660  -48.378  57.723 0.0000000000
54245  -48.728  -47.704  55.983 0.0000000000
55396  -48.852  -46.875  56.454 0.0000000000
55397  -49.350  -46.319  56.030 0.0000000000
56547  -50.032  -45.515  55.094 0.0000000000
56495  -51.209  -45.270  58.318 0.0000000000
56523  -51.299  -45.259  56.436 0.0000000000
56560  -50.958  -44.542  54.047 0.0000000000
56561  -52.018  -44.319  53.954 0.0000000000
57686  -52.794  -43.966  53.382 0.0000000000
57718  -53.581  -43.713  51.957 0.0000000000
57674  -54.988  -44.431  54.114 0.0000000000
57703  -54.889  -43.991  52.616 0.0000000000
58857  -54.116  -43.529  51.240 0.0000000000
58872  -54.801  -43.269  50.547 0.0000000000
60061  -55.670  -42.676  49.943 0.0000000000
60085  -56.861  -42.391  49.631 0.0000000000
62408  -57.481  -40.623  54.873 0.0000000000
62422  -57.423  -40.851  54.117 0.0000000000
65015  -56.458  -38.701  53.527 0.0000000000
62438  -56.726  -40.746  52.908 0.0000000000
61191  -57.246  -41.935  52.741 0.0000000000
61212  -57.050  -41.824  51.702 0.0000000000
61244  -57.388  -42.019  50.012 0.0000000000
61258  -57.194  -42.019  49.180 0.0000000000
63775  -57.437  -40.741  49.332 0.0000000000
63790  -57.602  -39.956  48.819 0.0000000000
65081  -57.161  -38.812  48.401 0.0000000000
63787  -54.080  -39.617  48.976 0.0000000000
65079  -54.777  -38.901  48.336 0.0000000000
65100  -56.462  -38.294  47.930 0.0000000000
72936  -54.905  -33.056  50.537 0.0000000000
71646  -53.369  -33.696  48.972 0.0000000000
71645  -52.707  -34.136  48.506 0.0000000000
74283  -53.416  -31.230  47.761 0.0000000000
72979  -52.503  -32.531  47.167 0.0000000000
70416  -51.872  -35.246  46.558 0.0000000000
25136  -25.237  -71.254  55.888 0.0000000000
27789  -28.990  -68.900  54.422 0.0000000000
29034  -27.598  -68.552  52.983 0.0000000000
30250  -26.642  -67.851  51.884 0.0000000000
31557  -27.481  -66.591  50.369 0.0000000000
30269  -26.680  -67.249  50.554 0.0000000000
30268  -25.692  -67.547  50.328 0.0000000000
30281  -24.613  -67.012  48.953 0.0000000000
32721  -39.365  -65.936  55.287 0.0000000000
33931  -38.158  -64.804  54.240 0.0000000000
35195  -36.778  -63.841  53.310 0.0000000000
35236  -38.144  -62.878  51.762 0.0000000000
36498  -36.724  -62.760  52.013 0.0000000000
35233  -34.918  -63.348  51.847 0.0000000000
36510  -34.188  -62.829  51.357 0.0000000000
37703  -32.204  -61.828  49.306 0.0000000000
37729  -30.750  -61.663  47.745 0.0000000000
37753  -36.808  -61.377  46.604 0.0000000000
38887  -35.451  -60.924  46.655 0.0000000000
37732  -33.848  -60.928  47.186 0.0000000000
37749  -33.041  -61.690  46.425 0.0000000000
37748  -31.901  -61.314  46.496 0.0000000000
37767  -30.438  -61.794  45.801 0.0000000000
49734  -50.032  -52.276  53.146 0.0000000000
49721  -50.027  -51.915  53.968 0.0000000000
48618  -50.505  -53.405  53.113 0.0000000000
48601  -50.447  -52.867  53.258 0.0000000000
30163  -39.508  -68.280  57.197 0.0000000000
30182  -38.767  -67.874  56.831 0.0000000000
30183  -39.698  -67.735  56.660 0.0000000000
54335  -43.330  -47.604  44.114 0.0000000000
55491  -43.886  -47.156  44.584 0.0000000000
57698  -49.926  -44.250  52.180 0.0000000000
35182  -47.749  -63.635  54.325 0.0000000000
35196  -46.831  -63.675  53.188 0.0000000000
46454  -39.638  -55.116  46.329 0.0000000000
45260  -40.026  -55.811  46.748 0.0000000000
53215  -42.962  -48.189  43.913 0.0000000000
54352  -42.772  -47.744  43.687 0.0000000000
70344  -55.739  -34.037  52.895 0.0000000000
70343  -55.513  -34.604  52.707 0.0000000000
70357  -55.099  -34.231  52.098 0.0000000000
71612  -55.427  -33.308  51.852 0.0000000000
26448  -30.296  -70.501  56.666 0.0000000000
26467  -30.192  -69.962  55.939 0.0000000000
36568  -29.623  -62.487  47.557 0.0000000000
35287  -29.119  -63.119  47.919 0.0000000000
36583  -28.917  -62.713  45.946 0.0000000000
36592  -39.528  -63.371  46.032 0.0000000000
36570  -39.233  -62.862  46.337 0.0000000000
36591  -39.010  -62.947  45.701 0.0000000000
50903  -46.190  -50.119  48.149 0.0000000000
52024  -46.588  -49.567  48.539 0.0000000000
52025  -47.127  -49.851  48.744 0.0000000000
54266  -47.757  -47.696  53.522 0.0000000000
41350  -48.926  -58.407  53.421 0.0000000000
42683  -49.054  -57.465  53.521 0.0000000000
46412  -46.039  -54.637  49.325 0.0000000000
46411  -45.439  -54.780  49.197 0.0000000000
46434  -44.914  -54.489  48.668 0.0000000000
47566  -44.910  -53.826  48.118 0.0000000000
49813  -47.155  -50.794  48.889 0.0000000000
50896  -46.725  -50.417  48.576 0.0000000000
50902  -45.703  -50.226  47.473 0.0000000000
29013  -34.442  -68.404  56.567 0.0000000000
29012  -33.820  -68.403  56.241 0.0000000000
33947  -34.560  -64.923  53.571 0.0000000000
33971  -34.704  -64.368  53.256 0.0000000000
35211  -33.678  -63.999  52.511 0.0000000000
35212  -34.746  -63.886  52.707 0.0000000000
56619  -46.002  -46.022  48.046 0.0000000000
58910  -48.820  -42.913  47.742 0.0000000000
58909  -47.953  -43.284  47.546 0.0000000000
60038  -52.318  -42.992  50.141 0.0000000000
58886  -53.241  -43.103  49.877 0.0000000000
58887  -53.543  -43.141  50.093 0.0000000000
30228  -43.763  -67.642  54.768 0.0000000000
34015  -44.059  -64.762  49.948 0.0000000000
34014  -43.620  -64.851  49.417 0.0000000000
34028  -42.995  -64.542  48.780 0.0000000000
40138  -44.893  -59.397  50.724 0.0000000000
38859  -44.184  -60.432  50.441 0.0000000000
40137  -44.123  -59.086  50.328 0.0000000000
40160  -39.312  -59.658  46.614 0.0000000000
38882  -39.774  -60.278  46.900 0.0000000000
38890  -39.510  -60.983  46.227 0.0000000000
50910  -40.479  -50.766  45.064 0.0000000000
56475  -49.840  -45.695  58.841 0.0000000000
57638  -53.780  -44.342  57.041 0.0000000000
57653  -53.684  -44.625  55.844 0.0000000000
57654  -54.909  -44.478  56.380 0.0000000000
58834  -57.403  -43.549  53.157 0.0000000000
57691  -57.153  -43.909  53.137 0.0000000000
58847  -57.337  -43.498  52.345 0.0000000000
60003  -57.678  -42.886  52.498 0.0000000000
67656  -55.346  -36.798  54.165 0.0000000000
66292  -56.218  -37.883  54.710 0.0000000000
64984  -57.151  -38.292  54.873 0.0000000000
63748  -55.653  -39.544  52.127 0.0000000000
62450  -55.030  -40.074  51.414 0.0000000000
62467  -54.767  -40.162  50.541 0.0000000000
62486  -55.301  -40.443  49.945 0.0000000000
67769  -52.397  -36.615  48.033 0.0000000000
66389  -52.686  -37.438  48.356 0.0000000000
67786  -52.516  -36.711  46.876 0.0000000000
74255  -55.308  -30.996  49.911 0.0000000000
75493  -55.225  -30.301  49.538 0.0000000000
25098  -25.990  -71.813  57.202 0.0000000000
27807  -25.816  -68.682  52.593 0.0000000000
29041  -24.516  -68.623  51.824 0.0000000000
29052  -25.054  -68.286  51.308 0.0000000000
31542  -29.661  -66.701  52.299 0.0000000000
30253  -29.650  -67.253  52.686 0.0000000000
31552  -29.339  -66.428  51.711 0.0000000000
33953  -40.651  -64.991  52.833 0.0000000000
33952  -40.120  -64.735  53.127 0.0000000000
35217  -39.777  -63.593  52.001 0.0000000000
37706  -35.651  -61.143  49.083 0.0000000000
37705  -34.570  -61.252  49.150 0.0000000000
50865  -48.568  -50.999  50.998 0.0000000000
50836  -49.024  -50.437  53.572 0.0000000000
50846  -48.925  -50.552  52.534 0.0000000000
51955  -48.504  -49.618  54.000 0.0000000000
45161  -49.975  -55.286  53.907 0.0000000000
45160  -49.455  -55.531  53.536 0.0000000000
45176  -49.176  -55.094  53.146 0.0000000000
47521  -48.879  -53.694  51.690 0.0000000000
46395  -48.385  -54.281  51.455 0.0000000000
46414  -47.503  -54.215  50.003 0.0000000000
47533  -47.761  -53.465  50.481 0.0000000000
47550  -47.252  -53.444  49.596 0.0000000000
49779  -48.872  -52.039  50.984 0.0000000000
49778  -48.326  -51.713  50.634 0.0000000000
62533  -58.096  -40.288  47.476 0.0000000000
28991  -37.255  -68.433  57.324 0.0000000000
30180  -36.625  -67.766  56.670 0.0000000000
31486  -38.057  -66.681  55.944 0.0000000000
31485  -36.924  -66.866  56.125 0.0000000000
32736  -36.644  -65.619  54.818 0.0000000000
56636  -43.549  -45.973  44.054 0.0000000000
56590  -47.342  -45.857  51.131 0.0000000000
56601  -47.187  -45.388  50.314 0.0000000000
57727  -47.654  -45.112  50.552 0.0000000000
57728  -48.232  -44.605  50.416 0.0000000000
57749  -48.632  -43.671  48.898 0.0000000000
57730  -50.123  -43.584  50.762 0.0000000000
58841  -51.197  -43.468  51.751 0.0000000000
32742  -45.913  -66.205  54.477 0.0000000000
32768  -45.706  -66.075  53.967 0.0000000000
32769  -46.212  -65.349  53.622 0.0000000000
33977  -45.754  -64.499  52.119 0.0000000000
35254  -44.941  -64.302  50.835 0.0000000000
35240  -45.404  -63.704  51.242 0.0000000000
42753  -42.412  -57.533  48.765 0.0000000000
42752  -41.747  -57.292  48.266 0.0000000000
44018  -39.751  -56.643  46.509 0.0000000000
42773  -40.042  -57.530  46.801 0.0000000000
42772  -39.398  -57.384  46.365 0.0000000000
41447  -39.455  -58.383  46.732 0.0000000000
42785  -38.335  -57.387  45.898 0.0000000000
50923  -41.228  -50.117  44.518 0.0000000000
52053  -41.916  -49.591  44.045 0.0000000000
58780  -55.421  -42.972  57.340 0.0000000000
57641  -55.692  -43.598  56.699 0.0000000000
61142  -56.562  -41.765  55.960 0.0000000000
59954  -56.547  -42.361  55.695 0.0000000000
59955  -57.053  -42.397  55.040 0.0000000000
61143  -57.000  -41.455  55.368 0.0000000000
70331  -55.919  -34.138  53.537 0.0000000000
70317  -55.975  -34.291  54.019 0.0000000000
69013  -55.985  -35.301  53.873 0.0000000000
67681  -55.747  -36.373  53.374 0.0000000000
66349  -54.388  -37.383  51.235 0.0000000000
67724  -54.150  -36.443  50.889 0.0000000000
69092  -53.810  -35.506  50.421 0.0000000000
69104  -53.566  -35.066  49.906 0.0000000000
69103  -53.291  -35.628  49.472 0.0000000000
70379  -53.395  -34.617  49.549 0.0000000000
78771  -55.897  -28.156  49.271 0.0000000000
77779  -55.067  -28.456  48.268 0.0000000000
25101  -28.585  -71.649  57.541 0.0000000000
25121  -27.348  -71.361  56.837 0.0000000000
25122  -28.269  -71.355  57.033 0.0000000000
27774  -28.612  -69.605  55.256 0.0000000000
35246  -29.794  -64.277  50.194 0.0000000000
33997  -29.461  -64.734  50.404 0.0000000000
34010  -29.138  -64.467  49.511 0.0000000000
34051  -27.606  -64.230  46.981 0.0000000000
34050  -26.954  -64.812  46.533 0.0000000000
34066  -27.165  -64.561  45.603 0.0000000000
34073  -26.782  -64.984  45.104 0.0000000000
34074  -27.382  -64.491  44.598 0.0000000000
35342  -28.893  -63.978  43.708 0.0000000000
34084  -28.394  -64.419  43.645 0.0000000000
35261  -40.114  -63.189  49.665 0.0000000000
35250  -39.753  -63.063  50.465 0.0000000000
37723  -38.727  -61.717  47.919 0.0000000000
37722  -37.743  -61.270  48.124 0.0000000000
37708  -37.453  -61.242  48.907 0.0000000000
37734  -37.145  -61.029  47.546 0.0000000000
53188  -44.785  -48.644  45.861 0.0000000000
53184  -45.051  -48.742  46.326 0.0000000000
53173  -46.524  -48.712  48.263 0.0000000000
54320  -46.097  -48.111  47.579 0.0000000000
55470  -46.853  -47.622  48.913 0.0000000000
51991  -48.299  -50.068  51.002 0.0000000000
53151  -48.091  -49.203  49.937 0.0000000000
51990  -47.922  -49.283  50.601 0.0000000000
53139  -47.561  -48.613  50.968 0.0000000000
54292  -46.773  -47.313  50.099 0.0000000000
55446  -46.852  -46.994  50.948 0.0000000000
55426  -47.922  -46.667  53.278 0.0000000000
56570  -48.371  -45.703  53.252 0.0000000000
38822  -48.144  -60.856  53.574 0.0000000000
38839  -48.324  -60.330  53.383 0.0000000000
41398  -47.303  -58.678  52.212 0.0000000000
40127  -47.193  -59.230  52.379 0.0000000000
40125  -46.119  -59.106  51.497 0.0000000000
41417  -46.251  -58.280  51.196 0.0000000000
45191  -48.145  -55.652  51.989 0.0000000000
43944  -48.210  -56.718  52.356 0.0000000000
43943  -47.610  -56.495  51.608 0.0000000000
43979  -45.340  -56.320  50.172 0.0000000000
42747  -44.966  -56.938  50.014 0.0000000000
42729  -44.666  -57.482  50.215 0.0000000000
42746  -44.473  -57.111  49.865 0.0000000000
42745  -43.749  -57.276  49.608 0.0000000000
43977  -44.037  -56.447  49.463 0.0000000000
45255  -43.002  -54.941  47.998 0.0000000000
46448  -41.940  -54.767  47.267 0.0000000000
46447  -41.155  -55.087  47.239 0.0000000000
46456  -41.235  -54.490  47.044 0.0000000000
47579  -41.667  -54.002  47.101 0.0000000000
47592  -42.848  -53.043  47.051 0.0000000000
48718  -42.389  -52.476  46.509 0.0000000000
48702  -46.865  -52.919  48.721 0.0000000000
47584  -45.957  -52.894  47.972 0.0000000000
49819  -45.403  -51.270  47.354 0.0000000000
49818  -44.801  -51.884  47.051 0.0000000000
49824  -43.764  -51.576  46.278 0.0000000000
49833  -44.031  -50.875  45.819 0.0000000000
52036  -44.756  -49.532  46.170 0.0000000000
50915  -44.581  -49.881  45.970 0.0000000000
52042  -44.559  -49.321  45.630 0.0000000000
52056  -44.335  -49.099  45.036 0.0000000000
75457  -57.182  -30.210  52.465 0.0000000000
76629  -57.648  -29.390  52.272 0.0000000000
75469  -56.540  -30.167  51.124 0.0000000000
77733  -57.872  -28.843  52.128 0.0000000000
77746  -58.039  -28.073  51.824 0.0000000000
78754  -57.754  -27.602  51.442 0.0000000000
78762  -56.762  -27.785  50.317 0.0000000000
79823  -57.361  -26.812  50.676 0.0000000000
27741  -32.199  -69.802  57.480 0.0000000000
30226  -32.721  -67.796  55.324 0.0000000000
29027  -31.849  -68.286  55.309 0.0000000000
30225  -31.752  -67.648  54.560 0.0000000000
30244  -31.288  -67.335  53.809 0.0000000000
31505  -31.854  -66.995  54.054 0.0000000000
31483  -35.049  -67.206  55.486 0.0000000000
31482  -34.283  -67.385  55.403 0.0000000000
31508  -34.560  -66.663  54.872 0.0000000000
32760  -33.067  -65.844  53.690 0.0000000000
32759  -31.975  -65.802  53.361 0.0000000000
32781  -31.978  -65.193  52.817 0.0000000000
32793  -30.900  -65.068  51.956 0.0000000000
33967  -31.618  -64.639  52.213 0.0000000000
36508  -32.575  -63.323  51.278 0.0000000000
36525  -31.776  -63.203  50.457 0.0000000000
36540  -30.880  -62.791  49.585 0.0000000000
36541  -31.768  -62.515  49.853 0.0000000000
55483  -44.340  -46.756  45.121 0.0000000000
57763  -45.648  -45.039  47.140 0.0000000000
58914  -46.758  -43.314  46.487 0.0000000000
58901  -50.371  -42.801  48.916 0.0000000000
60078  -50.763  -42.385  48.408 0.0000000000
60080  -52.673  -42.368  48.781 0.0000000000
60106  -53.282  -42.012  48.404 0.0000000000
61254  -53.917  -41.770  48.364 0.0000000000
60083  -55.574  -42.405  49.292 0.0000000000
30207  -40.961  -67.481  55.833 0.0000000000
30208  -42.034  -67.568  55.642 0.0000000000
31511  -42.052  -66.336  54.070 0.0000000000
32766  -41.613  -65.756  53.201 0.0000000000
32767  -42.292  -65.890  52.812 0.0000000000
31546  -43.895  -66.455  52.669 0.0000000000
32805  -42.974  -65.627  50.169 0.0000000000
32794  -42.255  -65.304  51.045 0.0000000000
33976  -41.576  -64.952  51.648 0.0000000000
34001  -41.666  -64.787  50.230 0.0000000000
34026  -41.643  -64.413  47.871 0.0000000000
35274  -41.277  -64.343  48.240 0.0000000000
34025  -41.002  -64.331  47.585 0.0000000000
35289  -40.322  -63.985  47.118 0.0000000000
34056  -40.759  -64.186  46.758 0.0000000000
37673  -46.507  -61.362  52.288 0.0000000000
36500  -46.509  -62.606  52.402 0.0000000000
37682  -45.605  -61.355  51.548 0.0000000000
37697  -43.778  -61.907  50.283 0.0000000000
36534  -43.984  -63.113  50.175 0.0000000000
37711  -43.154  -61.816  49.450 0.0000000000
40145  -42.734  -59.382  49.504 0.0000000000
40151  -41.309  -59.577  48.550 0.0000000000
38884  -41.065  -61.194  47.468 0.0000000000
38876  -41.495  -60.886  48.266 0.0000000000
37726  -41.938  -61.919  48.277 0.0000000000
36547  -42.887  -62.550  48.948 0.0000000000
36558  -41.861  -62.563  47.699 0.0000000000
36574  -41.908  -63.074  47.534 0.0000000000
36573  -41.562  -62.908  46.982 0.0000000000
37777  -40.264  -62.211  45.384 0.0000000000
36616  -40.955  -62.801  45.793 0.0000000000
37793  -40.141  -62.589  44.913 0.0000000000
35339  -40.290  -63.326  45.169 0.0000000000
36633  -39.799  -63.120  44.662 0.0000000000
47597  -40.159  -53.413  45.903 0.0000000000
48723  -38.558  -53.504  45.184 0.0000000000
48724  -39.354  -52.844  45.327 0.0000000000
23777  -28.517  -72.801  59.384 0.0000000000
27744  -42.056  -69.376  58.425 0.0000000000
28972  -42.107  -69.174  57.662 0.0000000000
27745  -42.761  -69.297  58.125 0.0000000000
31461  -45.962  -66.525  56.676 0.0000000000
30189  -45.818  -67.668  56.125 0.0000000000
30190  -46.295  -67.268  55.828 0.0000000000
31493  -46.376  -66.592  55.574 0.0000000000
31473  -46.729  -66.322  55.959 0.0000000000
33934  -47.671  -64.233  54.621 0.0000000000
35173  -49.140  -63.013  55.928 0.0000000000
36458  -49.265  -62.370  55.875 0.0000000000
37626  -49.223  -61.678  55.417 0.0000000000
38800  -49.746  -60.331  55.505 0.0000000000
40043  -50.153  -59.438  55.670 0.0000000000
41318  -49.944  -58.832  55.273 0.0000000000
47459  -51.160  -53.646  55.332 0.0000000000
49702  -50.685  -52.153  56.640 0.0000000000
49701  -50.120  -51.606  55.980 0.0000000000
49692  -50.169  -51.550  56.966 0.0000000000
50814  -49.635  -50.903  57.284 0.0000000000
51928  -49.157  -50.096  57.477 0.0000000000
51927  -48.753  -49.226  57.535 0.0000000000
54216  -48.737  -47.306  59.146 0.0000000000
54224  -48.594  -47.497  58.074 0.0000000000
54234  -48.576  -47.584  57.025 0.0000000000
55387  -48.755  -46.761  57.401 0.0000000000
55389  -49.985  -46.007  56.965 0.0000000000
55388  -49.433  -46.362  56.932 0.0000000000
56521  -49.756  -45.955  56.508 0.0000000000
56533  -49.827  -45.696  55.875 0.0000000000
56496  -52.021  -44.801  58.653 0.0000000000
56524  -52.195  -44.654  56.125 0.0000000000
56535  -51.470  -44.860  55.532 0.0000000000
56549  -51.693  -44.632  54.703 0.0000000000
56551  -53.324  -44.395  54.221 0.0000000000
56562  -52.814  -44.327  53.726 0.0000000000
56572  -53.061  -43.941  53.401 0.0000000000
57701  -53.026  -43.781  52.800 0.0000000000
56573  -53.488  -43.764  53.170 0.0000000000
57664  -55.797  -44.213  55.531 0.0000000000
57663  -54.875  -44.314  55.173 0.0000000000
57675  -55.827  -44.221  54.335 0.0000000000
57704  -55.784  -44.105  52.480 0.0000000000
58845  -55.383  -43.869  52.230 0.0000000000
58843  -54.324  -43.618  51.825 0.0000000000
58858  -54.968  -43.547  51.358 0.0000000000
58875  -57.057  -43.263  51.294 0.0000000000
60041  -55.952  -42.746  50.404 0.0000000000
60042  -56.544  -42.767  50.598 0.0000000000
60062  -56.456  -42.589  49.992 0.0000000000
60063  -57.051  -42.447  50.036 0.0000000000
64998  -57.374  -38.989  54.649 0.0000000000
63707  -57.527  -39.641  55.057 0.0000000000
66333  -55.928  -37.642  53.163 0.0000000000
62437  -56.159  -40.351  52.319 0.0000000000
61190  -56.791  -41.514  52.370 0.0000000000
61213  -57.449  -42.441  51.886 0.0000000000
62470  -57.250  -41.673  50.731 0.0000000000
62503  -57.702  -40.997  49.089 0.0000000000
62502  -55.638  -40.377  49.318 0.0000000000
63789  -56.519  -39.980  48.946 0.0000000000
65048  -53.472  -38.305  50.060 0.0000000000
63772  -53.659  -39.007  49.561 0.0000000000
63786  -53.464  -38.962  48.963 0.0000000000
65098  -54.431  -38.281  47.595 0.0000000000
65099  -55.500  -38.370  47.730 0.0000000000
72929  -56.136  -32.054  51.552 0.0000000000
72937  -55.542  -32.269  50.730 0.0000000000
72959  -54.168  -32.048  48.730 0.0000000000
71647  -54.066  -32.884  49.221 0.0000000000
71660  -53.158  -32.948  48.339 0.0000000000
75519  -53.917  -30.230  47.547 0.0000000000
75506  -53.693  -30.640  47.849 0.0000000000
74291  -53.292  -30.821  46.929 0.0000000000
71669  -51.716  -33.890  46.999 0.0000000000
26444  -26.341  -71.208  56.025 0.0000000000
25137  -25.943  -71.295  56.065 0.0000000000
26463  -26.042  -70.778  55.465 0.0000000000
27796  -24.686  -69.532  53.191 0.0000000000
26486  -24.421  -70.176  53.689 0.0000000000
27811  -22.773  -68.913  51.385 0.0000000000
29060  -22.770  -68.104  50.046 0.0000000000
29083  -22.991  -68.451  48.417 0.0000000000
27790  -30.109  -68.970  54.834 0.0000000000
29024  -29.770  -68.452  54.297 0.0000000000
30251  -28.285  -67.683  52.011 0.0000000000
29035  -28.373  -68.343  53.278 0.0000000000
29045  -28.127  -68.069  52.515 0.0000000000
29044  -27.176  -68.044  52.209 0.0000000000
29054  -27.452  -67.710  51.825 0.0000000000
31570  -27.990  -66.004  49.910 0.0000000000
31558  -28.353  -66.188  50.593 0.0000000000
31556  -26.833  -66.710  49.889 0.0000000000
30283  -26.259  -67.064  49.837 0.0000000000
30282  -25.539  -67.043  49.464 0.0000000000
30267  -24.745  -67.435  49.876 0.0000000000
31625  -27.242  -66.500  43.270 0.0000000000
30330  -26.710  -67.068  43.518 0.0000000000
33951  -38.956  -64.637  53.556 0.0000000000
33932  -38.757  -65.026  54.124 0.0000000000
33950  -37.578  -64.166  53.425 0.0000000000
33930  -37.097  -64.749  54.347 0.0000000000
36512  -36.051  -62.629  51.408 0.0000000000
36497  -36.186  -63.057  52.082 0.0000000000
35234  -35.607  -63.112  51.770 0.0000000000
36528  -34.394  -62.341  50.712 0.0000000000
36543  -33.368  -62.091  50.059 0.0000000000
37716  -31.370  -61.750  48.593 0.0000000000
37730  -31.624  -61.306  47.518 0.0000000000
37771  -35.689  -61.539  45.969 0.0000000000
38888  -36.017  -60.832  46.815 0.0000000000
37751  -35.201  -61.408  46.167 0.0000000000
37750  -34.269  -61.616  46.413 0.0000000000
35317  -32.022  -63.832  45.489 0.0000000000
37769  -32.159  -61.957  45.895 0.0000000000
36606  -31.563  -62.676  45.364 0.0000000000
37768  -31.238  -61.802  45.823 0.0000000000
36628  -30.926  -62.935  44.810 0.0000000000
49763  -49.152  -51.925  51.536 0.0000000000
50857  -49.159  -51.312  52.072 0.0000000000
50837  -49.383  -51.225  54.272 0.0000000000
47492  -50.465  -54.115  54.113 0.0000000000
46366  -49.758  -54.546  53.143 0.0000000000
47508  -50.254  -53.807  52.777 0.0000000000
48637  -48.824  -53.021  51.332 0.0000000000
48658  -48.427  -52.657  50.847 0.0000000000
48638  -49.317  -52.842  51.853 0.0000000000
61299  -55.149  -41.213  47.340 0.0000000000
62512  -55.779  -40.977  47.276 0.0000000000
30181  -37.856  -68.028  57.170 0.0000000000
31467  -37.326  -67.508  56.609 0.0000000000
56637  -43.868  -46.152  44.640 0.0000000000
57714  -49.582  -44.183  51.293 0.0000000000
57699  -50.959  -43.649  52.462 0.0000000000
33954  -46.631  -64.358  53.385 0.0000000000
35219  -46.387  -63.714  52.553 0.0000000000
44007  -40.985  -56.524  47.446 0.0000000000
44017  -39.064  -56.539  46.266 0.0000000000
44025  -38.062  -56.540  45.674 0.0000000000
45265  -37.784  -55.600  45.448 0.0000000000
45274  -37.607  -55.216  45.045 0.0000000000
52073  -42.294  -48.994  43.941 0.0000000000
53196  -42.757  -48.668  44.045 0.0000000000
69034  -55.727  -35.074  53.321 0.0000000000
69033  -55.660  -35.674  53.164 0.0000000000
69058  -55.470  -35.289  52.769 0.0000000000
69079  -54.966  -35.492  52.105 0.0000000000
70367  -54.464  -34.469  50.990 0.0000000000
26433  -29.574  -71.179  57.400 0.0000000000
26447  -29.131  -70.934  56.881 0.0000000000
36539  -30.039  -63.143  49.286 0.0000000000
35272  -29.056  -63.778  48.778 0.0000000000
35300  -28.168  -63.506  46.342 0.0000000000
35331  -27.906  -63.713  44.635 0.0000000000
35316  -28.343  -63.171  45.167 0.0000000000
36625  -28.809  -63.105  44.815 0.0000000000
35333  -29.658  -63.731  44.197 0.0000000000
36557  -40.390  -63.307  47.935 0.0000000000
36556  -39.699  -62.677  47.828 0.0000000000
37737  -39.384  -62.598  47.306 0.0000000000
37736  -38.942  -62.303  46.915 0.0000000000
52031  -45.571  -49.395  47.227 0.0000000000
53160  -46.694  -49.058  48.903 0.0000000000
53174  -46.743  -48.705  48.899 0.0000000000
53129  -48.038  -49.087  52.386 0.0000000000
54273  -47.544  -47.620  52.505 0.0000000000
40072  -49.011  -59.273  53.810 0.0000000000
40102  -48.512  -59.587  53.177 0.0000000000
41374  -48.306  -58.634  52.915 0.0000000000
41373  -47.886  -58.240  52.534 0.0000000000
45208  -47.130  -55.512  50.738 0.0000000000
43963  -47.206  -56.118  51.173 0.0000000000
45207  -46.334  -55.435  50.219 0.0000000000
45221  -45.549  -55.430  49.758 0.0000000000
43996  -44.232  -55.945  49.316 0.0000000000
45242  -44.174  -55.389  48.845 0.0000000000
46433  -44.045  -54.735  48.494 0.0000000000
47580  -42.418  -53.840  47.293 0.0000000000
48710  -43.520  -52.904  47.146 0.0000000000
49797  -46.779  -52.043  48.973 0.0000000000
49826  -45.161  -50.504  46.953 0.0000000000
49834  -44.474  -50.405  46.054 0.0000000000
50907  -45.303  -49.908  46.904 0.0000000000
27759  -33.280  -69.058  56.826 0.0000000000
27778  -32.276  -68.759  56.014 0.0000000000
28987  -33.298  -68.779  56.471 0.0000000000
30201  -33.060  -68.091  55.575 0.0000000000
30227  -33.245  -67.592  55.335 0.0000000000
32735  -35.441  -66.054  54.818 0.0000000000
32734  -34.758  -66.212  54.614 0.0000000000
33946  -33.670  -65.116  53.456 0.0000000000
33969  -33.253  -64.508  52.954 0.0000000000
33968  -32.466  -64.592  52.650 0.0000000000
35210  -32.948  -64.163  52.427 0.0000000000
35231  -32.972  -63.644  51.911 0.0000000000
36509  -33.276  -63.036  51.341 0.0000000000
56618  -45.696  -45.771  47.328 0.0000000000
57759  -47.428  -43.783  48.051 0.0000000000
58915  -47.679  -42.909  46.787 0.0000000000
60036  -51.174  -42.571  49.673 0.0000000000
60056  -51.068  -42.561  49.057 0.0000000000
60057  -51.876  -42.501  49.291 0.0000000000
60059  -53.800  -42.739  49.687 0.0000000000
60060  -54.751  -42.786  49.913 0.0000000000
30209  -43.104  -67.724  55.313 0.0000000000
31512  -43.161  -67.198  54.353 0.0000000000
31534  -43.043  -66.296  53.224 0.0000000000
32807  -44.148  -65.269  50.948 0.0000000000
32796  -43.981  -65.712  51.282 0.0000000000
32806  -43.727  -65.366  50.366 0.0000000000
32815  -43.359  -65.416  49.771 0.0000000000
32813  -42.531  -65.078  49.259 0.0000000000
34013  -42.771  -64.867  48.955 0.0000000000
34043  -41.847  -64.240  47.389 0.0000000000
38861  -45.435  -60.496  51.335 0.0000000000
38860  -45.000  -60.386  50.938 0.0000000000
40156  -40.221  -59.685  47.473 0.0000000000
38883  -40.366  -61.045  47.050 0.0000000000
37738  -40.499  -61.629  46.644 0.0000000000
37739  -40.853  -61.996  46.800 0.0000000000
37756  -39.915  -61.495  45.824 0.0000000000
27729  -43.258  -69.211  58.257 0.0000000000
28950  -43.611  -69.098  58.460 0.0000000000
32709  -46.466  -65.869  56.638 0.0000000000
32710  -46.947  -65.906  56.205 0.0000000000
33905  -47.025  -65.216  56.665 0.0000000000
37627  -49.633  -61.296  56.069 0.0000000000
50805  -50.538  -51.147  58.910 0.0000000000
50815  -50.344  -51.371  57.920 0.0000000000
50791  -50.078  -50.394  59.188 0.0000000000
55351  -49.041  -46.736  59.792 0.0000000000
55367  -49.446  -46.199  58.519 0.0000000000
55368  -49.765  -46.038  58.016 0.0000000000
56494  -50.272  -45.655  58.064 0.0000000000
57607  -53.407  -43.764  59.096 0.0000000000
57619  -52.881  -44.584  57.877 0.0000000000
57637  -52.873  -44.563  56.677 0.0000000000
56525  -52.855  -44.685  55.678 0.0000000000
56537  -53.091  -44.446  55.055 0.0000000000
57676  -56.594  -43.874  54.447 0.0000000000
57690  -56.705  -44.029  53.456 0.0000000000
57705  -56.652  -44.038  52.647 0.0000000000
57720  -56.330  -43.830  52.116 0.0000000000
58860  -56.694  -43.485  51.666 0.0000000000
58861  -57.247  -43.282  51.623 0.0000000000
66293  -57.013  -38.022  55.392 0.0000000000
65031  -55.352  -38.427  52.091 0.0000000000
62487  -56.286  -40.799  49.860 0.0000000000
62501  -54.828  -40.244  49.326 0.0000000000
66390  -52.805  -37.411  49.030 0.0000000000
65065  -53.145  -38.336  49.171 0.0000000000
65064  -52.899  -37.964  48.596 0.0000000000
65077  -52.891  -37.896  48.204 0.0000000000
65097  -53.827  -38.105  47.533 0.0000000000
74244  -55.748  -31.185  50.440 0.0000000000
72946  -55.249  -31.641  50.031 0.0000000000
75528  -52.942  -30.449  46.379 0.0000000000
25118  -24.784  -71.684  56.399 0.0000000000
27786  -25.813  -69.944  54.092 0.0000000000
27805  -23.781  -69.144  52.394 0.0000000000
27812  -23.695  -68.632  51.534 0.0000000000
29061  -23.799  -67.745  50.270 0.0000000000
29037  -30.138  -68.126  53.864 0.0000000000
29036  -29.190  -68.159  53.665 0.0000000000
30241  -29.238  -67.728  53.030 0.0000000000
30252  -28.835  -67.580  52.454 0.0000000000
32826  -27.112  -65.569  48.086 0.0000000000
32811  -27.132  -65.654  48.855 0.0000000000
31584  -26.028  -66.239  48.253 0.0000000000
31566  -24.895  -66.779  48.241 0.0000000000
30316  -24.980  -67.469  45.581 0.0000000000
29108  -26.008  -68.045  44.281 0.0000000000
27878  -26.406  -68.563  44.058 0.0000000000
32740  -40.641  -65.733  54.358 0.0000000000
32739  -39.674  -65.542  54.566 0.0000000000
32764  -39.869  -65.229  53.835 0.0000000000
33973  -38.416  -63.938  52.832 0.0000000000
36531  -37.313  -61.871  50.412 0.0000000000
37692  -34.475  -61.767  50.077 0.0000000000
35319  -33.392  -63.491  46.176 0.0000000000
36586  -33.030  -62.433  46.056 0.0000000000
50887  -47.591  -50.446  49.284 0.0000000000
52015  -47.917  -49.898  49.529 0.0000000000
50888  -47.855  -50.318  49.836 0.0000000000
51978  -48.346  -49.930  51.997 0.0000000000
43919  -49.539  -56.687  53.792 0.0000000000
43918  -48.837  -56.915  53.418 0.0000000000
45159  -48.929  -56.259  53.429 0.0000000000
46365  -49.070  -54.835  52.815 0.0000000000
46379  -48.094  -54.911  51.588 0.0000000000
46393  -47.088  -54.827  50.259 0.0000000000
46413  -46.736  -54.431  49.593 0.0000000000
46436  -46.320  -54.023  49.114 0.0000000000
47567  -45.587  -53.673  48.266 0.0000000000
47569  -46.928  -53.190  48.981 0.0000000000
48682  -47.061  -52.453  49.234 0.0000000000
49798  -47.177  -51.377  49.288 0.0000000000
62555  -57.981  -40.196  46.692 0.0000000000
30178  -35.202  -68.218  56.465 0.0000000000
30179  -35.624  -68.096  56.534 0.0000000000
31484  -35.805  -66.734  55.584 0.0000000000
32717  -35.839  -66.326  55.257 0.0000000000
57736  -46.824  -45.265  49.804 0.0000000000
58899  -49.028  -43.181  48.408 0.0000000000
58911  -49.475  -42.809  48.047 0.0000000000
57750  -49.287  -43.341  48.869 0.0000000000
58884  -49.825  -43.195  49.169 0.0000000000
58868  -50.831  -42.902  50.300 0.0000000000
58869  -51.819  -43.148  50.553 0.0000000000
58856  -53.140  -43.535  51.354 0.0000000000
30230  -45.387  -67.284  54.789 0.0000000000
30246  -44.938  -67.168  54.309 0.0000000000
31537  -45.340  -66.543  54.055 0.0000000000
31548  -45.249  -66.382  53.450 0.0000000000
32788  -46.049  -64.873  52.888 0.0000000000
32798  -45.187  -64.978  51.937 0.0000000000
32797  -44.559  -65.155  51.577 0.0000000000
33991  -44.658  -64.749  51.150 0.0000000000
35265  -44.187  -64.398  49.938 0.0000000000
35264  -43.968  -63.796  49.646 0.0000000000
41428  -42.828  -58.149  49.462 0.0000000000
41434  -40.841  -58.427  47.922 0.0000000000
42761  -40.564  -57.268  47.290 0.0000000000
41441  -40.952  -58.113  47.833 0.0000000000
41440  -40.380  -58.304  47.446 0.0000000000
41439  -39.817  -58.443  47.120 0.0000000000
40159  -38.751  -59.083  46.382 0.0000000000
40165  -37.582  -59.455  45.323 0.0000000000
41459  -38.041  -58.512  45.915 0.0000000000
42794  -37.185  -58.016  45.258 0.0000000000
42793  -36.738  -57.624  45.041 0.0000000000
44024  -37.324  -56.321  45.396 0.0000000000
52051  -40.203  -49.445  43.708 0.0000000000
52071  -40.794  -48.963  43.260 0.0000000000
57621  -54.521  -43.800  58.080 0.0000000000
56514  -54.990  -44.189  57.261 0.0000000000
56527  -55.435  -44.254  56.607 0.0000000000
56528  -55.812  -44.027  56.401 0.0000000000
58803  -56.218  -43.059  56.204 0.0000000000
57666  -56.900  -43.524  55.123 0.0000000000
58814  -57.123  -43.165  54.809 0.0000000000
66332  -55.603  -37.586  52.550 0.0000000000
65049  -53.942  -38.296  50.863 0.0000000000
67742  -53.694  -36.413  50.271 0.0000000000
67741  -53.308  -36.718  49.655 0.0000000000
67755  -52.776  -36.466  48.864 0.0000000000
77766  -56.048  -28.625  49.729 0.0000000000
76667  -55.102  -29.441  48.781 0.0000000000
76677  -54.638  -29.485  48.155 0.0000000000
76686  -54.049  -29.642  47.261 0.0000000000
25099  -26.889  -71.682  57.385 0.0000000000
26445  -26.866  -71.041  56.174 0.0000000000
26464  -27.204  -70.489  55.727 0.0000000000
27772  -26.690  -70.161  55.108 0.0000000000
27787  -26.674  -69.633  54.390 0.0000000000
29033  -26.658  -68.730  52.747 0.0000000000
32792  -30.208  -65.644  51.825 0.0000000000
32791  -29.439  -65.578  51.174 0.0000000000
32802  -28.582  -65.367  50.009 0.0000000000
34024  -28.793  -64.424  49.061 0.0000000000
34023  -28.377  -64.577  48.558 0.0000000000
32827  -27.720  -65.302  48.320 0.0000000000
32839  -27.007  -65.227  47.386 0.0000000000
32869  -26.814  -65.469  44.251 0.0000000000
32878  -26.974  -65.879  43.594 0.0000000000
34083  -27.669  -64.590  43.867 0.0000000000
32879  -27.599  -65.380  43.443 0.0000000000
35238  -40.191  -63.620  51.190 0.0000000000
36515  -39.045  -62.471  50.514 0.0000000000
36544  -39.147  -62.150  48.732 0.0000000000
36532  -38.357  -61.910  49.803 0.0000000000
37695  -37.335  -61.513  49.581 0.0000000000
37707  -36.627  -61.073  49.082 0.0000000000
37720  -36.013  -60.742  48.404 0.0000000000
54328  -44.313  -47.772  45.076 0.0000000000
54329  -44.681  -48.067  45.623 0.0000000000
54319  -45.423  -47.578  47.117 0.0000000000
53179  -45.420  -48.579  46.962 0.0000000000
55476  -45.961  -47.186  47.882 0.0000000000
55469  -46.478  -46.925  48.736 0.0000000000
55456  -46.609  -46.743  49.639 0.0000000000
53162  -47.870  -49.327  49.622 0.0000000000
53161  -47.180  -48.881  49.282 0.0000000000
54302  -47.159  -47.890  49.529 0.0000000000
54301  -46.801  -47.360  49.597 0.0000000000
56589  -46.841  -46.356  50.681 0.0000000000
55425  -47.671  -46.778  52.655 0.0000000000
56579  -47.711  -46.056  52.341 0.0000000000
56559  -49.589  -45.234  54.084 0.0000000000
36488  -47.494  -62.629  53.338 0.0000000000
37664  -47.734  -61.632  53.377 0.0000000000
37674  -47.283  -61.162  52.793 0.0000000000
38850  -46.447  -60.401  52.155 0.0000000000
38837  -47.064  -60.233  52.547 0.0000000000
41415  -44.777  -58.256  50.608 0.0000000000
42696  -48.398  -57.558  52.930 0.0000000000
42711  -47.665  -57.603  51.998 0.0000000000
43962  -46.579  -56.514  50.821 0.0000000000
42731  -46.337  -57.704  51.015 0.0000000000
41414  -44.096  -57.982  50.223 0.0000000000
42754  -43.079  -56.960  49.116 0.0000000000
43993  -42.217  -56.787  48.364 0.0000000000
43995  -43.629  -56.274  49.043 0.0000000000
45240  -42.705  -55.877  48.299 0.0000000000
45253  -41.486  -55.667  47.493 0.0000000000
47589  -39.923  -54.269  46.327 0.0000000000
47598  -40.951  -52.964  46.078 0.0000000000
47591  -42.004  -53.371  46.754 0.0000000000
48726  -41.572  -52.243  45.905 0.0000000000
49831  -42.058  -51.362  45.581 0.0000000000
47583  -45.161  -53.237  47.695 0.0000000000
48711  -44.310  -52.736  47.249 0.0000000000
49823  -43.018  -51.863  46.294 0.0000000000
50912  -42.624  -50.663  45.192 0.0000000000
50925  -43.161  -50.021  44.805 0.0000000000
50926  -43.761  -49.880  45.152 0.0000000000
52055  -43.729  -49.299  44.753 0.0000000000
53198  -44.098  -48.548  44.779 0.0000000000
72916  -56.291  -32.259  52.242 0.0000000000
74237  -56.509  -31.135  51.492 0.0000000000
74238  -56.685  -31.072  51.946 0.0000000000
74245  -56.272  -30.902  50.853 0.0000000000
76652  -56.357  -29.310  50.524 0.0000000000
77734  -58.079  -28.484  52.388 0.0000000000
77745  -57.624  -28.554  51.678 0.0000000000
77754  -56.812  -28.631  50.935 0.0000000000
77753  -56.510  -28.432  50.157 0.0000000000
78772  -56.296  -27.690  49.466 0.0000000000
79834  -57.024  -26.348  50.173 0.0000000000
79850  -56.445  -26.644  48.743 0.0000000000
27740  -31.527  -70.175  57.156 0.0000000000
27756  -30.737  -69.960  56.285 0.0000000000
27791  -30.889  -68.755  55.120 0.0000000000
29010  -32.185  -68.556  55.738 0.0000000000
27792  -31.370  -68.574  55.220 0.0000000000
29038  -30.709  -68.091  54.115 0.0000000000
30243  -30.658  -67.683  53.596 0.0000000000
30255  -30.957  -67.152  53.301 0.0000000000
31544  -30.840  -66.694  52.990 0.0000000000
30203  -34.791  -68.074  56.024 0.0000000000
31532  -33.902  -66.549  54.586 0.0000000000
31531  -33.281  -66.498  54.297 0.0000000000
32758  -31.450  -66.004  53.238 0.0000000000
32779  -30.396  -66.096  52.297 0.0000000000
33987  -30.523  -64.807  51.480 0.0000000000
35247  -30.174  -64.127  50.373 0.0000000000
35208  -31.797  -64.028  51.983 0.0000000000
35248  -31.211  -63.929  50.814 0.0000000000
35259  -30.566  -63.539  49.982 0.0000000000
36553  -30.589  -62.386  48.795 0.0000000000
36569  -30.271  -62.223  48.017 0.0000000000
36590  -38.521  -62.907  45.220 0.0000000000
56628  -44.359  -45.923  45.121 0.0000000000
57780  -44.374  -45.099  44.640 0.0000000000
57764  -46.262  -44.255  46.780 0.0000000000
61276  -54.533  -41.507  47.858 0.0000000000
61257  -56.383  -42.133  48.821 0.0000000000
30184  -40.726  -67.952  56.611 0.0000000000
30206  -40.192  -67.393  56.176 0.0000000000
31490  -42.441  -67.092  54.927 0.0000000000
31510  -41.281  -66.144  54.333 0.0000000000
32785  -43.633  -66.063  51.917 0.0000000000
32783  -41.779  -65.349  52.238 0.0000000000
33989  -40.886  -64.347  50.752 0.0000000000
35262  -40.711  -63.753  49.126 0.0000000000
35263  -41.153  -64.237  48.716 0.0000000000
36546  -40.525  -63.512  48.518 0.0000000000
36572  -40.014  -63.332  47.417 0.0000000000
35288  -39.980  -63.722  46.803 0.0000000000
35323  -39.901  -63.557  45.543 0.0000000000
36499  -45.933  -63.109  51.941 0.0000000000
37681  -45.086  -62.198  51.094 0.0000000000
36516  -45.060  -63.055  50.928 0.0000000000
35252  -44.211  -63.566  50.060 0.0000000000
38867  -42.752  -60.738  49.399 0.0000000000
38877  -42.108  -61.130  48.820 0.0000000000
36560  -42.949  -63.100  48.816 0.0000000000
35275  -42.546  -63.786  47.986 0.0000000000
35291  -41.909  -63.705  47.255 0.0000000000
35307  -41.645  -63.829  46.799 0.0000000000
36594  -41.210  -62.743  46.137 0.0000000000
35306  -41.366  -63.611  46.414 0.0000000000
35322  -39.511  -63.425  45.171 0.0000000000
49722  -50.540  -52.557  54.651 0.0000000000
23797  -27.965  -72.498  58.566 0.0000000000
23820  -28.306  -72.178  57.906 0.0000000000
25084  -28.954  -71.898  57.975 0.0000000000
23799  -29.839  -72.229  58.975 0.0000000000
25085  -29.570  -71.823  58.298 0.0000000000
25103  -29.898  -71.515  58.042 0.0000000000
26435  -31.059  -70.592  57.574 0.0000000000
26422  -31.591  -70.772  58.171 0.0000000000
26436  -31.736  -70.402  57.727 0.0000000000
27742  -33.224  -69.335  57.435 0.0000000000
28965  -35.006  -68.658  58.158 0.0000000000
28966  -36.080  -68.551  58.048 0.0000000000
30161  -38.398  -68.443  57.626 0.0000000000
28994  -41.384  -68.709  57.107 0.0000000000
28995  -42.355  -68.847  56.928 0.0000000000
27746  -43.192  -69.197  57.896 0.0000000000
28996  -43.279  -68.940  56.870 0.0000000000
30187  -43.660  -68.366  56.237 0.0000000000
30211  -45.133  -67.734  55.488 0.0000000000
30167  -45.203  -67.586  56.736 0.0000000000
30231  -45.764  -67.054  55.033 0.0000000000
31516  -46.110  -66.516  55.059 0.0000000000
32743  -46.379  -65.951  54.764 0.0000000000
32724  -47.012  -65.852  55.593 0.0000000000
32744  -47.339  -65.309  54.868 0.0000000000
35183  -48.220  -63.453  54.584 0.0000000000
35155  -48.831  -63.466  56.087 0.0000000000
35172  -48.812  -63.023  55.347 0.0000000000
36476  -48.571  -62.414  54.595 0.0000000000
37648  -48.932  -61.399  54.703 0.0000000000
38799  -49.284  -60.396  54.734 0.0000000000
40051  -49.136  -59.681  54.349 0.0000000000
40073  -49.374  -59.014  54.326 0.0000000000
41334  -50.479  -57.864  55.056 0.0000000000
42672  -50.390  -57.388  54.806 0.0000000000
42671  -50.038  -57.397  54.386 0.0000000000
43908  -50.292  -56.552  54.541 0.0000000000
43909  -50.809  -55.813  54.966 0.0000000000
46330  -50.622  -54.626  54.531 0.0000000000
47475  -50.855  -53.959  54.705 0.0000000000
48587  -50.873  -53.264  54.815 0.0000000000
50829  -49.411  -51.108  55.337 0.0000000000
50821  -48.893  -50.408  55.770 0.0000000000
53095  -48.377  -48.652  55.593 0.0000000000
51909  -50.043  -49.623  59.922 0.0000000000
53066  -49.264  -49.141  59.449 0.0000000000
53056  -48.893  -47.976  59.607 0.0000000000
53065  -48.822  -48.463  58.895 0.0000000000
51919  -48.754  -48.962  58.217 0.0000000000
53085  -48.590  -48.525  56.699 0.0000000000
55406  -48.731  -46.774  55.461 0.0000000000
55407  -49.152  -45.847  55.074 0.0000000000
56512  -50.966  -45.565  57.341 0.0000000000
56534  -50.629  -45.342  55.741 0.0000000000
56548  -50.720  -44.986  54.884 0.0000000000
57684  -51.485  -44.063  53.273 0.0000000000
57685  -52.401  -43.988  53.312 0.0000000000
57700  -52.144  -43.747  52.420 0.0000000000
57717  -52.899  -43.893  52.027 0.0000000000
57673  -54.147  -44.109  53.906 0.0000000000
57688  -54.999  -44.278  53.266 0.0000000000
57687  -54.150  -43.832  53.250 0.0000000000
57702  -54.037  -43.692  52.546 0.0000000000
58871  -53.837  -43.297  50.554 0.0000000000
60040  -54.358  -43.084  50.293 0.0000000000
58873  -55.711  -43.052  50.961 0.0000000000
58889  -55.432  -42.931  50.407 0.0000000000
60084  -56.408  -42.400  49.445 0.0000000000
61156  -57.332  -41.610  54.572 0.0000000000
61172  -57.359  -41.808  53.751 0.0000000000
63718  -57.193  -39.287  53.995 0.0000000000
63736  -56.875  -39.690  53.393 0.0000000000
63737  -57.351  -40.222  53.651 0.0000000000
62439  -57.163  -41.128  53.471 0.0000000000
61232  -57.457  -42.137  50.968 0.0000000000
61231  -57.269  -41.727  51.066 0.0000000000
61279  -56.823  -41.711  48.626 0.0000000000
62504  -57.930  -40.189  48.595 0.0000000000
65082  -58.046  -38.812  48.426 0.0000000000
63773  -54.278  -39.587  49.958 0.0000000000
62500  -54.460  -39.922  49.519 0.0000000000
65080  -55.980  -39.101  48.249 0.0000000000
71623  -55.274  -33.348  51.194 0.0000000000
71622  -54.809  -33.692  50.777 0.0000000000
71632  -54.234  -33.587  50.030 0.0000000000
71631  -53.621  -34.051  49.755 0.0000000000
70393  -52.849  -34.816  48.849 0.0000000000
75492  -54.561  -30.166  48.755 0.0000000000
74270  -53.738  -30.976  48.473 0.0000000000
72971  -53.423  -32.160  48.215 0.0000000000
74290  -52.755  -31.478  46.849 0.0000000000
74282  -52.852  -31.950  47.669 0.0000000000
72970  -52.806  -32.612  47.908 0.0000000000
71659  -52.393  -33.608  47.801 0.0000000000
70405  -52.025  -34.716  47.361 0.0000000000
69124  -51.999  -35.852  47.182 0.0000000000
26462  -24.752  -70.760  55.236 0.0000000000
26477  -25.221  -70.425  54.410 0.0000000000
27821  -21.838  -69.003  50.605 0.0000000000
27822  -22.467  -68.517  50.580 0.0000000000
27775  -29.686  -69.520  55.332 0.0000000000
27800  -28.640  -68.532  53.785 0.0000000000
27799  -28.091  -68.801  53.727 0.0000000000
29043  -26.219  -68.134  52.138 0.0000000000
31559  -28.998  -66.192  50.996 0.0000000000
31551  -28.510  -66.674  51.297 0.0000000000
31550  -27.855  -66.704  51.041 0.0000000000
31569  -27.324  -66.149  49.552 0.0000000000
30270  -27.328  -67.069  51.035 0.0000000000
30259  -26.935  -67.598  51.480 0.0000000000
30258  -26.216  -67.922  50.977 0.0000000000
29053  -25.795  -68.155  51.457 0.0000000000
29062  -24.826  -67.838  50.681 0.0000000000
30266  -23.998  -67.473  49.433 0.0000000000
30280  -23.710  -67.514  48.653 0.0000000000
30324  -26.187  -67.147  44.008 0.0000000000
31470  -39.537  -67.158  56.092 0.0000000000
31487  -39.032  -66.570  55.846 0.0000000000
32720  -38.365  -65.974  55.378 0.0000000000
32738  -38.734  -65.442  54.614 0.0000000000
32737  -37.718  -65.461  54.793 0.0000000000
33949  -36.494  -64.300  53.694 0.0000000000
35194  -36.108  -63.717  53.232 0.0000000000
35216  -38.860  -63.406  52.237 0.0000000000
35215  -37.904  -63.425  52.388 0.0000000000
36513  -37.163  -62.480  51.328 0.0000000000
35235  -37.380  -62.891  52.115 0.0000000000
35214  -36.902  -63.390  52.699 0.0000000000
35213  -35.708  -63.456  52.468 0.0000000000
35193  -35.469  -63.772  53.038 0.0000000000
37691  -33.816  -62.038  50.200 0.0000000000
36527  -33.471  -62.453  50.641 0.0000000000
36542  -32.787  -62.218  49.993 0.0000000000
37702  -31.658  -62.111  49.220 0.0000000000
37715  -30.698  -61.925  48.313 0.0000000000
36585  -30.219  -62.053  47.296 0.0000000000
37754  -38.155  -62.273  46.018 0.0000000000
38881  -36.615  -60.812  47.347 0.0000000000
38880  -36.099  -60.637  47.340 0.0000000000
38879  -35.479  -60.602  47.245 0.0000000000
37733  -34.804  -60.828  46.889 0.0000000000
37731  -32.717  -61.056  47.346 0.0000000000
37770  -32.679  -62.147  45.990 0.0000000000
37747  -30.754  -61.726  46.644 0.0000000000
37746  -30.059  -61.738  46.078 0.0000000000
36604  -29.708  -62.262  45.460 0.0000000000
36627  -30.157  -62.868  44.675 0.0000000000
25102  -29.357  -71.444  57.625 0.0000000000
25119  -25.596  -71.549  56.529 0.0000000000
29026  -31.198  -68.328  54.623 0.0000000000
29028  -32.405  -68.318  55.563 0.0000000000
29055  -27.806  -67.847  51.975 0.0000000000
29063  -25.544  -68.067  50.905 0.0000000000
30213  -46.241  -67.134  55.634 0.0000000000
30242  -29.892  -67.723  53.290 0.0000000000
30245  -44.616  -67.191  54.064 0.0000000000
30249  -26.338  -67.912  51.582 0.0000000000
30262  -29.241  -67.064  52.171 0.0000000000
30331  -27.133  -67.404  43.091 0.0000000000
31492  -45.992  -66.856  55.167 0.0000000000
31494  -46.687  -66.226  55.758 0.0000000000
31513  -43.891  -67.423  54.301 0.0000000000
31514  -45.245  -66.893  54.333 0.0000000000
31536  -44.874  -66.820  53.836 0.0000000000
31543  -30.287  -66.593  52.585 0.0000000000
31632  -27.657  -67.018  42.892 0.0000000000
32840  -27.458  -65.285  47.837 0.0000000000
32880  -28.783  -65.395  43.280 0.0000000000
33935  -48.116  -63.918  54.810 0.0000000000
33996  -28.932  -64.839  49.823 0.0000000000
33998  -30.346  -64.479  50.926 0.0000000000
33999  -30.808  -64.423  51.179 0.0000000000
34003  -44.360  -64.731  50.608 0.0000000000
34004  -44.771  -64.597  50.968 0.0000000000
34011  -41.221  -64.249  49.130 0.0000000000
34039  -27.298  -64.728  47.171 0.0000000000
34041  -40.903  -64.324  47.021 0.0000000000
34057  -41.137  -64.180  46.686 0.0000000000
34058  -41.609  -64.059  46.874 0.0000000000
34076  -29.772  -64.202  43.978 0.0000000000
34085  -29.414  -64.468  43.693 0.0000000000
35197  -47.388  -63.560  53.767 0.0000000000
35198  -47.850  -63.342  54.153 0.0000000000
35209  -32.274  -64.037  52.206 0.0000000000
35229  -31.533  -64.134  51.628 0.0000000000
35239  -45.085  -63.499  50.815 0.0000000000
35249  -32.050  -63.435  50.919 0.0000000000
35271  -28.559  -64.024  48.390 0.0000000000
35299  -27.539  -64.207  46.165 0.0000000000
35304  -39.985  -63.718  46.432 0.0000000000
35325  -41.047  -63.082  45.764 0.0000000000
35332  -28.685  -63.602  44.249 0.0000000000
35337  -39.565  -63.330  44.915 0.0000000000
35338  -40.095  -63.404  45.032 0.0000000000
35343  -29.154  -63.852  43.847 0.0000000000
36511  -35.086  -62.732  51.319 0.0000000000
36517  -45.502  -62.607  51.466 0.0000000000
36593  -40.814  -62.499  45.910 0.0000000000
36603  -28.979  -62.780  45.192 0.0000000000
36605  -30.664  -62.293  45.254 0.0000000000
36608  -33.141  -63.000  45.958 0.0000000000
36609  -35.617  -61.836  45.658 0.0000000000
36615  -40.609  -62.710  45.475 0.0000000000
36634  -40.314  -63.160  44.987 0.0000000000
37696  -37.847  -61.533  49.311 0.0000000000
37699  -45.214  -60.911  51.146 0.0000000000
37724  -39.171  -62.284  47.621 0.0000000000
37752  -35.864  -61.280  46.327 0.0000000000
37757  -40.365  -61.763  46.069 0.0000000000
38849  -45.994  -60.185  51.678 0.0000000000
38872  -35.752  -60.549  47.804 0.0000000000
38873  -36.348  -60.704  47.849 0.0000000000
38874  -36.734  -60.849  47.777 0.0000000000
38889  -36.414  -60.779  46.981 0.0000000000
40100  -47.145  -59.545  52.452 0.0000000000
41396  -46.194  -58.552  51.313 0.0000000000
41458  -37.448  -58.405  45.438 0.0000000000
42712  -48.087  -57.390  52.408 0.0000000000
42762  -41.123  -57.465  47.770 0.0000000000
42783  -36.981  -56.961  45.356 0.0000000000
43907  -49.817  -57.075  54.197 0.0000000000
43942  -47.110  -56.578  51.251 0.0000000000
44009  -42.362  -56.199  48.240 0.0000000000
44026  -38.615  -56.703  45.973 0.0000000000
45206  -45.766  -55.851  50.152 0.0000000000
45258  -38.950  -56.078  46.311 0.0000000000
45259  -39.273  -55.898  46.421 0.0000000000
45273  -37.175  -55.603  44.956 0.0000000000
46331  -51.073  -54.536  54.941 0.0000000000
46350  -49.803  -54.966  53.654 0.0000000000
46367  -50.182  -54.411  53.434 0.0000000000
46380  -48.753  -54.654  52.158 0.0000000000
46381  -49.278  -54.457  52.603 0.0000000000
46450  -43.603  -54.413  48.010 0.0000000000
47509  -50.437  -54.075  53.394 0.0000000000
48681  -46.827  -52.350  48.893 0.0000000000
49762  -48.812  -51.586  51.092 0.0000000000
50875  -47.630  -50.875  49.791 0.0000000000
50914  -44.203  -50.077  45.562 0.0000000000
52002  -48.069  -49.198  50.164 0.0000000000
52014  -47.602  -49.687  49.034 0.0000000000
52043  -44.826  -49.113  46.116 0.0000000000
54265  -47.596  -47.872  52.926 0.0000000000
55366  -49.094  -46.612  59.030 0.0000000000
55381  -49.867  -46.042  57.487 0.0000000000
55417  -48.926  -45.769  54.357 0.0000000000
56493  -49.808  -45.871  58.332 0.0000000000
56497  -54.859  -44.091  57.456 0.0000000000
56498  -54.991  -43.907  57.535 0.0000000000
56511  -50.330  -45.833  57.288 0.0000000000
56515  -55.215  -44.051  57.139 0.0000000000
56516  -55.517  -43.983  56.778 0.0000000000
56526  -55.082  -44.287  56.982 0.0000000000
56538  -55.783  -44.274  56.175 0.0000000000
56539  -56.118  -44.118  55.957 0.0000000000
57623  -55.515  -43.329  57.045 0.0000000000
57640  -55.399  -43.840  56.992 0.0000000000
57677  -57.017  -43.666  54.793 0.0000000000
57706  -57.156  -43.927  52.890 0.0000000000
57716  -52.579  -43.699  51.816 0.0000000000
57719  -56.012  -43.940  52.089 0.0000000000
58823  -57.017  -43.745  53.670 0.0000000000
58833  -57.110  -43.851  53.341 0.0000000000
58844  -54.922  -43.665  52.072 0.0000000000
58888  -55.146  -42.938  50.191 0.0000000000
66278  -56.469  -37.645  55.737 0.0000000000
66279  -56.832  -37.943  55.958 0.0000000000
66404  -52.806  -37.559  47.663 0.0000000000
67680  -55.625  -35.950  52.966 0.0000000000
67770  -52.520  -36.081  48.465 0.0000000000
70392  -52.413  -34.537  48.168 0.0000000000
70404  -51.789  -34.317  47.073 0.0000000000
71613  -55.721  -32.781  52.035 0.0000000000
71658  -51.913  -34.128  47.358 0.0000000000
72972  -53.630  -31.577  48.305 0.0000000000
74226  -56.734  -31.054  52.276 0.0000000000
74269  -53.562  -30.937  48.056 0.0000000000
74284  -53.550  -31.284  48.202 0.0000000000
75480  -55.593  -30.593  50.063 0.0000000000
75494  -55.648  -30.183  49.937 0.0000000000
75507  -54.192  -30.249  47.958 0.0000000000
75518  -53.633  -30.333  47.191 0.0000000000
76622  -58.002  -28.891  52.939 0.0000000000
76641  -56.625  -29.549  51.064 0.0000000000
76653  -56.674  -29.233  51.028 0.0000000000
76678  -54.910  -29.083  48.325 0.0000000000
76685  -53.723  -29.918  47.005 0.0000000000
76701  -53.134  -30.057  46.341 0.0000000000
76722  -53.001  -29.959  46.138 0.0000000000
77778  -54.764  -28.899  48.107 0.0000000000
79833  -56.712  -26.821  49.954 0.0000000000
