#!ascii label  , from subject 3575 vox2ras=TkReg
319
108538  27.790  -9.388  2.322 0.0000000000
99142  26.477  -18.548  -1.863 0.0000000000
114747  27.307  -3.487  3.905 0.0000000000
125479  29.334  8.068  7.318 0.0000000000
96974  24.965  -20.684  -1.634 0.0000000000
116844  29.376  -1.236  6.517 0.0000000000
120816  30.548  2.199  7.073 0.0000000000
106338  26.161  -11.069  0.413 0.0000000000
104329  27.634  -13.611  -0.875 0.0000000000
105328  29.424  -12.452  -0.489 0.0000000000
110646  29.436  -7.871  4.220 0.0000000000
107433  30.929  -9.987  0.468 0.0000000000
111695  27.187  -6.415  2.925 0.0000000000
113660  29.642  -4.815  5.954 0.0000000000
122775  28.394  5.077  5.928 0.0000000000
122721  31.464  4.939  7.974 0.0000000000
100236  28.272  -16.687  -1.341 0.0000000000
118877  28.717  0.817  6.143 0.0000000000
121839  29.431  2.682  5.902 0.0000000000
107422  26.720  -10.078  1.371 0.0000000000
106324  27.978  -12.132  1.082 0.0000000000
107436  28.315  -10.830  0.976 0.0000000000
98050  25.919  -19.463  -1.834 0.0000000000
112677  27.806  -4.853  3.832 0.0000000000
112676  28.306  -5.374  4.416 0.0000000000
113681  28.407  -4.323  4.782 0.0000000000
117859  31.483  -0.192  7.569 0.0000000000
115796  31.175  -2.449  7.338 0.0000000000
125481  28.035  7.985  6.338 0.0000000000
123698  27.565  5.653  5.021 0.0000000000
124573  29.062  6.627  6.290 0.0000000000
127233  33.554  9.728  8.456 0.0000000000
125461  33.364  7.634  8.462 0.0000000000
124545  31.514  6.656  8.498 0.0000000000
124544  32.667  6.608  8.461 0.0000000000
122719  33.103  4.680  8.357 0.0000000000
103399  28.266  -13.898  -2.714 0.0000000000
102396  28.301  -15.432  -1.695 0.0000000000
96975  23.973  -20.791  -1.919 0.0000000000
115844  27.982  -2.526  5.088 0.0000000000
117906  28.963  -0.506  5.837 0.0000000000
118875  30.012  0.459  6.814 0.0000000000
120806  31.567  1.590  7.851 0.0000000000
104331  25.780  -13.395  -0.612 0.0000000000
105331  26.460  -12.257  -0.365 0.0000000000
105349  28.201  -12.822  -1.459 0.0000000000
105356  29.796  -12.901  -2.249 0.0000000000
109648  28.334  -8.916  3.032 0.0000000000
107401  29.281  -10.092  2.082 0.0000000000
109646  30.515  -9.086  2.553 0.0000000000
108540  26.527  -8.540  1.755 0.0000000000
110675  26.499  -7.343  1.626 0.0000000000
109649  27.377  -8.356  2.775 0.0000000000
110647  28.347  -7.382  4.078 0.0000000000
111644  29.435  -6.358  4.929 0.0000000000
113680  30.819  -6.020  6.283 0.0000000000
114702  29.581  -3.003  6.359 0.0000000000
114700  31.236  -3.753  7.251 0.0000000000
121818  28.391  4.199  5.703 0.0000000000
125464  30.168  7.918  7.728 0.0000000000
124560  29.906  6.347  7.662 0.0000000000
123650  30.255  5.255  7.833 0.0000000000
121794  29.793  4.013  6.526 0.0000000000
121793  30.600  3.310  7.101 0.0000000000
121791  32.817  3.202  8.062 0.0000000000
100238  26.806  -17.400  -1.803 0.0000000000
102376  27.059  -15.031  -0.903 0.0000000000
106333  30.409  -11.344  0.136 0.0000000000
105327  30.166  -12.483  -0.737 0.0000000000
120862  29.146  2.274  5.714 0.0000000000
120863  28.562  2.469  5.337 0.0000000000
108559  27.119  -9.627  1.868 0.0000000000
107421  27.811  -10.109  1.469 0.0000000000
94593  23.588  -22.207  -1.774 0.0000000000
99166  26.076  -19.032  -2.151 0.0000000000
113702  27.450  -4.316  3.425 0.0000000000
113682  27.870  -4.312  4.136 0.0000000000
114746  27.820  -3.491  4.656 0.0000000000
117845  31.976  0.106  8.088 0.0000000000
117858  32.566  -0.302  7.729 0.0000000000
125480  28.729  7.606  6.724 0.0000000000
125495  28.042  7.459  5.883 0.0000000000
124574  28.461  6.573  5.848 0.0000000000
125465  29.530  7.443  7.313 0.0000000000
124543  33.885  6.491  8.099 0.0000000000
103361  28.897  -14.719  -1.309 0.0000000000
99144  24.673  -18.351  -1.774 0.0000000000
116886  28.215  -1.504  5.336 0.0000000000
117921  27.876  -0.647  4.895 0.0000000000
119860  29.559  1.393  6.519 0.0000000000
118876  29.279  0.389  6.263 0.0000000000
119859  30.309  1.367  6.898 0.0000000000
118850  30.710  0.550  7.252 0.0000000000
119836  30.877  1.392  7.383 0.0000000000
127255  29.108  9.662  7.289 0.0000000000
106352  26.361  -11.580  0.133 0.0000000000
105302  28.300  -12.333  0.795 0.0000000000
105316  28.210  -12.535  0.328 0.0000000000
105329  28.493  -12.662  -0.661 0.0000000000
105358  28.539  -12.549  -2.397 0.0000000000
105347  29.369  -12.584  -1.592 0.0000000000
95859  24.834  -21.394  -1.398 0.0000000000
109619  28.890  -8.396  3.604 0.0000000000
109647  29.417  -8.911  2.765 0.0000000000
109618  29.996  -8.567  3.458 0.0000000000
108560  26.218  -9.127  1.349 0.0000000000
112717  26.829  -5.457  2.637 0.0000000000
110674  26.944  -7.337  2.462 0.0000000000
110648  27.577  -7.365  3.259 0.0000000000
109620  28.005  -8.169  3.489 0.0000000000
111670  27.792  -6.477  3.657 0.0000000000
112653  29.159  -5.456  5.232 0.0000000000
112675  28.929  -5.858  4.765 0.0000000000
111621  30.097  -6.159  5.639 0.0000000000
112652  29.912  -5.678  5.785 0.0000000000
115799  29.136  -1.870  6.357 0.0000000000
115823  29.325  -2.832  6.206 0.0000000000
115798  29.580  -2.316  6.511 0.0000000000
114685  31.628  -2.881  7.412 0.0000000000
114723  30.830  -4.684  6.868 0.0000000000
123697  28.154  5.745  5.620 0.0000000000
122785  27.419  4.567  4.867 0.0000000000
122776  28.075  4.781  5.466 0.0000000000
122752  28.456  4.509  5.920 0.0000000000
126352  32.891  8.678  8.626 0.0000000000
127234  32.392  9.668  8.752 0.0000000000
125463  31.066  7.707  8.497 0.0000000000
123648  31.967  5.709  8.273 0.0000000000
123649  30.927  5.705  8.110 0.0000000000
122722  30.770  4.909  7.786 0.0000000000
122732  30.150  4.503  7.383 0.0000000000
122731  31.143  4.283  7.518 0.0000000000
121782  32.544  4.012  8.296 0.0000000000
121781  33.330  3.881  8.322 0.0000000000
101349  25.358  -16.705  -1.395 0.0000000000
104330  26.832  -13.531  -0.501 0.0000000000
103363  27.216  -14.360  -0.705 0.0000000000
101345  28.539  -16.060  -1.714 0.0000000000
101346  27.918  -16.185  -1.711 0.0000000000
100237  27.535  -17.169  -1.573 0.0000000000
107419  29.798  -10.020  1.191 0.0000000000
107435  29.373  -10.817  0.930 0.0000000000
107434  30.485  -10.420  0.428 0.0000000000
118907  28.241  0.056  5.087 0.0000000000
119895  28.221  0.898  5.059 0.0000000000
119880  29.149  1.731  6.091 0.0000000000
120837  30.077  2.174  6.513 0.0000000000
107438  26.396  -10.602  0.827 0.0000000000
106337  26.844  -11.364  0.575 0.0000000000
107437  27.325  -10.668  0.873 0.0000000000
106336  27.731  -11.479  0.894 0.0000000000
106335  28.693  -11.907  0.851 0.0000000000
98051  25.216  -19.828  -2.021 0.0000000000
96973  25.529  -20.063  -1.624 0.0000000000
96950  26.065  -20.364  -1.127 0.0000000000
110645  30.522  -7.922  4.014 0.0000000000
109617  31.114  -8.600  3.199 0.0000000000
113723  27.146  -4.724  2.934 0.0000000000
112699  27.609  -5.420  3.422 0.0000000000
112698  27.927  -5.910  3.969 0.0000000000
112654  28.678  -4.909  4.979 0.0000000000
113661  28.866  -4.463  5.478 0.0000000000
117860  30.516  -0.542  7.200 0.0000000000
116842  30.661  -1.862  7.308 0.0000000000
116817  31.215  -1.404  7.425 0.0000000000
116816  32.215  -1.261  7.482 0.0000000000
123673  29.227  5.940  6.716 0.0000000000
127232  33.987  9.493  8.196 0.0000000000
125462  32.209  7.645  8.613 0.0000000000
122720  32.255  4.779  8.214 0.0000000000
123647  32.944  5.594  8.344 0.0000000000
123646  33.610  5.366  7.883 0.0000000000
104350  28.336  -13.789  -2.182 0.0000000000
103386  27.813  -14.328  -1.189 0.0000000000
103385  28.348  -14.427  -1.735 0.0000000000
102374  28.707  -15.489  -1.411 0.0000000000
95861  23.401  -21.659  -1.794 0.0000000000
98053  23.567  -19.689  -1.608 0.0000000000
98077  24.796  -19.333  -2.223 0.0000000000
98076  25.472  -19.254  -2.154 0.0000000000
99167  25.823  -18.893  -2.176 0.0000000000
115845  27.342  -2.582  4.339 0.0000000000
116866  29.076  -0.940  6.177 0.0000000000
118892  29.167  -0.070  5.873 0.0000000000
117887  29.304  -0.468  6.175 0.0000000000
117886  29.747  -0.471  6.680 0.0000000000
118838  31.652  0.624  7.859 0.0000000000
119825  32.305  1.319  8.129 0.0000000000
126370  28.174  8.586  6.419 0.0000000000
126369  28.734  8.675  7.118 0.0000000000
126368  29.592  8.750  7.454 0.0000000000
105330  27.604  -12.782  -0.689 0.0000000000
105317  27.345  -12.266  0.604 0.0000000000
104351  28.093  -13.439  -1.769 0.0000000000
104369  27.610  -13.108  -3.740 0.0000000000
103398  28.906  -13.641  -2.879 0.0000000000
103383  29.914  -13.871  -1.822 0.0000000000
107402  28.435  -9.913  2.014 0.0000000000
108537  28.871  -9.429  2.397 0.0000000000
108536  29.940  -9.673  2.114 0.0000000000
108557  30.499  -9.844  1.346 0.0000000000
108535  30.829  -9.548  1.801 0.0000000000
108556  31.300  -9.797  0.955 0.0000000000
107423  25.898  -10.006  1.163 0.0000000000
108539  26.882  -8.889  2.121 0.0000000000
109650  26.743  -8.078  2.038 0.0000000000
111669  28.219  -6.383  4.254 0.0000000000
110619  29.022  -7.062  4.663 0.0000000000
110618  29.973  -7.176  4.598 0.0000000000
111643  30.455  -6.577  5.236 0.0000000000
114726  28.495  -3.485  5.369 0.0000000000
114725  29.379  -3.571  6.050 0.0000000000
115797  30.527  -2.508  6.892 0.0000000000
114701  30.086  -3.247  6.618 0.0000000000
114724  30.289  -4.244  6.516 0.0000000000
113659  30.553  -5.350  6.365 0.0000000000
121841  28.201  3.641  5.330 0.0000000000
126355  30.193  8.881  7.687 0.0000000000
126354  30.680  8.734  8.345 0.0000000000
124547  29.808  7.007  7.723 0.0000000000
124561  29.496  6.641  7.060 0.0000000000
123661  30.226  5.902  7.825 0.0000000000
123663  29.010  5.248  6.836 0.0000000000
121795  29.113  4.218  6.556 0.0000000000
121817  29.012  3.943  5.953 0.0000000000
121840  29.080  3.031  5.686 0.0000000000
121816  29.840  3.057  6.181 0.0000000000
121815  30.343  2.702  6.626 0.0000000000
121783  32.055  4.147  8.137 0.0000000000
121792  31.789  3.477  7.856 0.0000000000
120815  31.282  2.168  7.722 0.0000000000
120814  32.325  2.270  7.989 0.0000000000
100239  25.935  -17.566  -1.654 0.0000000000
103387  26.050  -15.428  -0.891 0.0000000000
102375  27.458  -14.789  -1.024 0.0000000000
102398  26.601  -15.657  -1.300 0.0000000000
102413  26.353  -16.126  -1.441 0.0000000000
101348  26.311  -16.650  -1.574 0.0000000000
107420  28.892  -10.478  1.619 0.0000000000
105315  29.929  -11.985  0.184 0.0000000000
105314  30.265  -12.102  -0.125 0.0000000000
105346  30.113  -12.714  -1.701 0.0000000000
98075  25.853  -19.155  -2.141 0.0000000000
99141  27.069  -17.842  -1.647 0.0000000000
99168  25.134  -18.840  -2.134 0.0000000000
101367  26.580  -16.237  -1.554 0.0000000000
102397  27.599  -15.296  -1.487 0.0000000000
103360  29.853  -14.399  -1.186 0.0000000000
103362  28.527  -15.018  -1.487 0.0000000000
103384  29.242  -14.005  -2.063 0.0000000000
103400  27.783  -13.879  -2.965 0.0000000000
103404  28.799  -13.358  -3.070 0.0000000000
103405  28.353  -13.498  -3.471 0.0000000000
103406  27.817  -13.679  -3.445 0.0000000000
103407  28.122  -13.277  -3.983 0.0000000000
103408  28.196  -12.940  -3.749 0.0000000000
104349  30.024  -13.622  -2.067 0.0000000000
104360  30.073  -13.101  -2.153 0.0000000000
104361  29.500  -13.292  -2.424 0.0000000000
104362  28.000  -13.720  -2.549 0.0000000000
104363  27.580  -13.291  -2.912 0.0000000000
104364  28.027  -12.990  -3.108 0.0000000000
104367  29.039  -13.176  -2.872 0.0000000000
104368  28.693  -13.057  -3.063 0.0000000000
104370  27.858  -12.704  -3.785 0.0000000000
104371  28.212  -13.054  -3.796 0.0000000000
104372  27.962  -13.123  -4.078 0.0000000000
105303  28.030  -12.438  0.887 0.0000000000
105318  26.749  -11.881  0.239 0.0000000000
105348  28.654  -12.621  -1.522 0.0000000000
105357  29.241  -12.774  -2.420 0.0000000000
105359  28.021  -12.692  -2.293 0.0000000000
105360  28.001  -12.349  -2.829 0.0000000000
105361  28.923  -12.932  -2.862 0.0000000000
105362  28.573  -12.461  -2.883 0.0000000000
105363  27.863  -12.464  -3.613 0.0000000000
105364  27.869  -12.347  -3.441 0.0000000000
105365  28.133  -12.837  -4.233 0.0000000000
105366  27.813  -12.899  -4.010 0.0000000000
106323  28.273  -12.268  1.008 0.0000000000
106334  29.744  -11.422  0.503 0.0000000000
106349  30.790  -11.573  -0.258 0.0000000000
106350  29.357  -12.047  0.261 0.0000000000
106351  28.851  -12.342  0.056 0.0000000000
106369  28.011  -12.317  -2.630 0.0000000000
106370  27.946  -12.125  -2.827 0.0000000000
106371  27.987  -12.038  -3.192 0.0000000000
106372  28.179  -12.232  -2.858 0.0000000000
106373  28.050  -11.851  -3.035 0.0000000000
106374  27.920  -12.157  -3.311 0.0000000000
107403  27.942  -9.753  1.861 0.0000000000
107418  30.593  -9.989  0.830 0.0000000000
108558  27.683  -9.719  1.857 0.0000000000
110620  28.555  -6.799  4.455 0.0000000000
111622  29.759  -6.091  5.411 0.0000000000
111645  28.741  -6.298  4.605 0.0000000000
112674  30.465  -6.083  5.925 0.0000000000
115824  28.756  -2.424  5.960 0.0000000000
116818  30.596  -1.318  7.283 0.0000000000
116843  30.129  -1.466  6.924 0.0000000000
116845  29.008  -1.293  6.325 0.0000000000
116867  28.846  -1.341  5.803 0.0000000000
117844  32.376  0.233  8.017 0.0000000000
117907  28.461  -0.593  5.461 0.0000000000
118837  32.115  0.641  8.223 0.0000000000
118849  31.228  0.740  7.506 0.0000000000
118893  28.708  0.303  5.669 0.0000000000
119826  31.757  1.186  8.066 0.0000000000
119835  31.398  1.285  7.699 0.0000000000
119861  28.937  1.174  6.293 0.0000000000
119881  28.640  1.443  5.724 0.0000000000
120805  31.813  1.715  8.030 0.0000000000
120838  29.531  2.249  6.166 0.0000000000
122730  31.731  4.336  7.915 0.0000000000
122733  29.231  4.566  7.057 0.0000000000
122751  28.731  4.696  6.425 0.0000000000
123662  29.627  5.514  7.368 0.0000000000
123674  28.685  5.691  6.248 0.0000000000
124546  30.427  6.728  8.184 0.0000000000
