#!ascii label  , from subject 3835 vox2ras=TkReg
1292
132910  -54.576  22.317  48.747 0.0000000000
144136  -44.237  36.337  41.604 0.0000000000
137246  -40.554  27.133  44.023 0.0000000000
133833  -51.104  23.534  39.015 0.0000000000
144796  -49.795  37.273  41.734 0.0000000000
139722  -49.869  31.071  43.590 0.0000000000
138183  -50.492  28.665  39.217 0.0000000000
133846  -44.250  23.880  37.961 0.0000000000
127784  -46.564  16.846  50.929 0.0000000000
132024  -50.516  21.149  52.760 0.0000000000
147617  -38.934  41.354  36.112 0.0000000000
144885  -44.939  37.961  34.805 0.0000000000
144191  -51.114  35.926  35.870 0.0000000000
133759  -47.567  24.315  46.544 0.0000000000
141832  -42.399  33.591  43.223 0.0000000000
136370  -45.935  26.294  40.573 0.0000000000
132951  -48.256  22.288  44.583 0.0000000000
131362  -45.922  20.636  43.584 0.0000000000
131357  -40.436  20.380  43.980 0.0000000000
131297  -52.490  20.564  48.585 0.0000000000
142635  -50.109  34.714  41.851 0.0000000000
141154  -51.245  32.588  43.181 0.0000000000
139752  -49.091  31.122  41.249 0.0000000000
138216  -47.428  27.728  37.808 0.0000000000
129609  -48.908  19.341  52.394 0.0000000000
131225  -47.159  19.539  53.434 0.0000000000
149075  -36.179  43.948  38.232 0.0000000000
144879  -48.658  37.573  35.463 0.0000000000
132923  -45.529  22.799  47.335 0.0000000000
134622  -43.774  24.622  45.443 0.0000000000
144150  -41.218  36.226  40.667 0.0000000000
144758  -43.167  37.106  45.237 0.0000000000
137291  -51.301  27.588  41.027 0.0000000000
138989  -47.807  29.304  41.648 0.0000000000
135526  -48.286  25.036  39.572 0.0000000000
133800  -46.686  23.624  42.064 0.0000000000
132162  -49.259  21.433  41.578 0.0000000000
131364  -48.171  20.991  43.230 0.0000000000
131407  -48.361  20.871  40.576 0.0000000000
132995  -42.403  23.151  40.555 0.0000000000
144139  -47.018  36.856  41.940 0.0000000000
144086  -46.711  36.502  44.086 0.0000000000
142598  -50.356  34.725  44.410 0.0000000000
138974  -52.799  29.632  42.617 0.0000000000
135553  -51.883  25.388  37.700 0.0000000000
133868  -47.950  23.684  37.470 0.0000000000
135586  -47.451  25.114  35.176 0.0000000000
134736  -43.862  24.574  35.288 0.0000000000
127788  -50.276  16.981  49.997 0.0000000000
129647  -51.759  18.970  50.839 0.0000000000
132052  -53.257  22.210  50.289 0.0000000000
146892  -34.613  40.559  39.300 0.0000000000
146214  -37.781  39.246  38.064 0.0000000000
145514  -40.469  38.340  38.265 0.0000000000
145505  -44.281  37.946  38.702 0.0000000000
144847  -47.980  37.432  38.823 0.0000000000
144172  -50.268  36.660  37.957 0.0000000000
142684  -51.104  34.748  38.130 0.0000000000
142767  -50.775  34.176  34.537 0.0000000000
131273  -47.083  19.857  49.646 0.0000000000
132076  -49.878  22.110  48.584 0.0000000000
159812  -51.963  24.734  48.464 0.0000000000
139714  -41.366  30.475  43.425 0.0000000000
141140  -46.209  32.650  43.272 0.0000000000
139735  -44.185  30.039  42.654 0.0000000000
137264  -42.711  27.176  42.785 0.0000000000
134634  -45.164  24.696  43.943 0.0000000000
134611  -49.185  24.240  45.651 0.0000000000
132932  -50.877  23.062  46.547 0.0000000000
131326  -49.193  20.883  46.894 0.0000000000
129706  -46.571  19.154  46.407 0.0000000000
129720  -44.825  18.790  45.468 0.0000000000
132998  -45.269  22.297  40.355 0.0000000000
131360  -43.526  20.491  43.279 0.0000000000
128796  -42.315  17.866  44.952 0.0000000000
131277  -55.179  21.208  49.331 0.0000000000
131316  -55.130  20.645  47.847 0.0000000000
131298  -53.725  20.866  48.415 0.0000000000
142634  -49.164  34.477  41.601 0.0000000000
141165  -49.536  32.739  42.272 0.0000000000
140471  -47.908  32.198  41.245 0.0000000000
139767  -47.748  30.842  40.367 0.0000000000
135470  -42.369  25.340  44.868 0.0000000000
143432  -42.515  35.841  40.799 0.0000000000
134680  -51.411  24.715  39.152 0.0000000000
136385  -49.717  25.957  39.528 0.0000000000
134678  -49.794  24.249  39.510 0.0000000000
133830  -48.707  23.495  39.832 0.0000000000
133016  -49.453  22.350  39.772 0.0000000000
131408  -49.035  21.065  40.743 0.0000000000
132188  -49.323  21.524  39.736 0.0000000000
144795  -48.890  37.328  41.690 0.0000000000
144774  -48.320  37.041  43.304 0.0000000000
144090  -50.579  36.013  44.080 0.0000000000
139771  -51.619  30.028  40.999 0.0000000000
139743  -52.781  30.747  43.159 0.0000000000
138169  -52.165  28.822  40.205 0.0000000000
137301  -53.096  27.222  39.799 0.0000000000
137327  -51.401  26.761  37.783 0.0000000000
135562  -50.070  25.243  36.513 0.0000000000
136411  -49.392  26.751  37.341 0.0000000000
136435  -45.311  26.187  35.666 0.0000000000
130442  -49.868  20.176  52.659 0.0000000000
129627  -50.447  18.973  51.560 0.0000000000
130459  -51.749  20.226  52.067 0.0000000000
130474  -52.498  20.096  51.217 0.0000000000
132042  -51.841  21.039  51.150 0.0000000000
148352  -37.628  42.056  36.508 0.0000000000
146907  -36.822  40.669  37.311 0.0000000000
146909  -38.189  39.922  37.102 0.0000000000
145513  -39.507  38.389  38.308 0.0000000000
145533  -39.629  38.750  36.907 0.0000000000
145545  -43.400  38.540  35.122 0.0000000000
144864  -42.985  37.794  36.741 0.0000000000
144865  -44.041  37.658  36.334 0.0000000000
144845  -45.704  37.543  38.554 0.0000000000
144867  -46.416  37.314  36.724 0.0000000000
145548  -49.790  37.958  34.916 0.0000000000
144870  -49.661  37.205  36.760 0.0000000000
144871  -50.272  36.678  36.884 0.0000000000
144168  -51.283  35.897  38.162 0.0000000000
143469  -51.369  35.112  36.685 0.0000000000
141952  -51.227  34.350  36.304 0.0000000000
143481  -51.234  34.869  35.478 0.0000000000
132090  -41.128  21.556  47.603 0.0000000000
130500  -42.433  19.336  48.424 0.0000000000
131290  -44.072  19.979  48.382 0.0000000000
130485  -45.776  19.434  49.843 0.0000000000
131291  -45.263  20.184  48.341 0.0000000000
133745  -46.717  23.762  46.991 0.0000000000
132906  -48.096  22.271  48.008 0.0000000000
132926  -48.904  23.446  47.581 0.0000000000
132909  -50.928  23.166  48.712 0.0000000000
133748  -50.219  24.170  47.697 0.0000000000
141830  -40.606  33.768  43.707 0.0000000000
140437  -39.826  32.085  43.655 0.0000000000
141136  -42.001  32.472  43.160 0.0000000000
141837  -47.762  33.572  43.532 0.0000000000
142610  -46.063  34.598  43.518 0.0000000000
140445  -47.938  31.808  43.650 0.0000000000
138163  -46.674  27.743  40.687 0.0000000000
138967  -46.021  29.675  41.984 0.0000000000
138147  -45.167  28.095  41.419 0.0000000000
138965  -43.829  29.115  42.370 0.0000000000
137266  -44.071  27.260  41.903 0.0000000000
135487  -43.899  25.423  43.433 0.0000000000
135489  -45.088  25.057  42.361 0.0000000000
132958  -47.365  22.800  43.535 0.0000000000
134637  -47.407  23.864  44.271 0.0000000000
133779  -48.578  23.593  45.224 0.0000000000
133769  -50.637  24.053  46.431 0.0000000000
132942  -50.069  22.990  45.863 0.0000000000
132107  -50.413  22.277  46.793 0.0000000000
132116  -48.835  21.733  45.894 0.0000000000
131363  -47.097  20.759  43.488 0.0000000000
130552  -47.019  20.368  45.805 0.0000000000
130551  -46.174  20.132  45.825 0.0000000000
129705  -46.035  18.662  46.117 0.0000000000
130568  -44.780  19.858  44.960 0.0000000000
134691  -46.205  24.382  37.982 0.0000000000
133028  -47.001  23.083  39.118 0.0000000000
133828  -45.388  23.660  39.076 0.0000000000
132967  -41.180  22.247  42.318 0.0000000000
132157  -43.125  21.781  41.877 0.0000000000
131359  -42.607  21.032  43.418 0.0000000000
130565  -42.774  19.347  44.380 0.0000000000
130564  -41.793  19.725  44.297 0.0000000000
128795  -41.521  17.683  44.711 0.0000000000
128732  -54.068  18.045  48.544 0.0000000000
129679  -51.292  18.920  48.150 0.0000000000
144141  -50.630  36.087  41.481 0.0000000000
143414  -51.353  35.084  43.791 0.0000000000
142623  -50.357  34.182  42.724 0.0000000000
140474  -50.650  31.290  41.943 0.0000000000
139025  -49.834  29.274  39.659 0.0000000000
138201  -48.835  28.053  38.393 0.0000000000
138181  -48.257  28.718  38.897 0.0000000000
128708  -47.855  17.958  51.461 0.0000000000
129607  -47.541  18.810  53.241 0.0000000000
132021  -48.903  20.381  52.840 0.0000000000
149094  -38.625  43.280  37.080 0.0000000000
144887  -46.929  37.708  34.858 0.0000000000
145558  -49.819  38.690  34.207 0.0000000000
144893  -50.379  37.618  33.778 0.0000000000
132093  -44.284  21.709  47.523 0.0000000000
133756  -44.635  24.214  46.403 0.0000000000
134596  -45.755  24.759  46.145 0.0000000000
143375  -42.899  36.246  44.773 0.0000000000
138992  -50.712  29.283  42.277 0.0000000000
138970  -49.113  29.820  42.483 0.0000000000
138166  -49.420  28.160  40.724 0.0000000000
137288  -48.049  27.271  40.131 0.0000000000
136371  -46.874  26.252  40.401 0.0000000000
135497  -46.126  25.035  41.116 0.0000000000
134663  -47.519  24.286  40.354 0.0000000000
133000  -47.666  22.756  41.385 0.0000000000
132148  -48.723  21.590  42.511 0.0000000000
132135  -47.742  21.707  44.069 0.0000000000
131365  -49.146  20.970  42.700 0.0000000000
131379  -48.000  20.676  42.386 0.0000000000
131378  -46.792  20.629  42.434 0.0000000000
133826  -43.414  23.462  38.991 0.0000000000
138112  -39.876  28.338  43.947 0.0000000000
144137  -45.166  36.735  41.658 0.0000000000
144781  -45.213  36.911  43.270 0.0000000000
144783  -46.801  37.499  43.060 0.0000000000
143380  -48.530  35.757  44.051 0.0000000000
141144  -50.005  32.540  44.328 0.0000000000
142600  -51.578  34.474  44.167 0.0000000000
140434  -52.008  31.779  44.637 0.0000000000
138948  -51.656  30.022  43.473 0.0000000000
137277  -52.372  27.906  41.261 0.0000000000
135531  -52.917  25.822  39.943 0.0000000000
133851  -51.700  24.662  38.475 0.0000000000
133031  -49.479  22.440  38.296 0.0000000000
133871  -50.368  23.963  37.349 0.0000000000
133908  -47.798  24.239  36.140 0.0000000000
133906  -45.986  24.331  35.860 0.0000000000
136423  -47.682  26.601  36.728 0.0000000000
135583  -45.571  25.018  35.216 0.0000000000
129645  -49.776  18.417  50.848 0.0000000000
129662  -51.250  18.382  50.044 0.0000000000
129663  -52.033  18.521  49.919 0.0000000000
130488  -53.968  19.635  50.211 0.0000000000
130476  -54.214  20.558  50.327 0.0000000000
132053  -54.064  22.320  50.127 0.0000000000
144820  -35.556  37.644  39.580 0.0000000000
145509  -36.013  39.114  38.469 0.0000000000
144804  -37.365  37.355  39.661 0.0000000000
144806  -39.590  37.114  39.840 0.0000000000
144825  -40.370  37.836  39.374 0.0000000000
144827  -42.378  37.949  39.418 0.0000000000
146923  -40.532  40.365  35.485 0.0000000000
145535  -41.266  38.562  36.443 0.0000000000
145516  -42.437  38.099  38.253 0.0000000000
144810  -44.064  37.280  39.962 0.0000000000
144811  -45.200  37.297  40.122 0.0000000000
144831  -47.103  37.581  39.689 0.0000000000
144832  -48.195  37.586  39.838 0.0000000000
144868  -47.506  37.210  36.800 0.0000000000
144848  -49.039  37.281  39.010 0.0000000000
144834  -50.010  37.111  40.092 0.0000000000
144161  -50.591  36.320  39.506 0.0000000000
143441  -50.166  35.372  39.696 0.0000000000
142683  -50.123  34.822  38.512 0.0000000000
142731  -50.392  34.217  36.367 0.0000000000
143500  -50.136  35.286  33.908 0.0000000000
131245  -47.052  20.026  51.555 0.0000000000
132038  -49.277  20.301  50.903 0.0000000000
132073  -46.609  21.158  48.140 0.0000000000
131294  -48.362  21.018  48.782 0.0000000000
132048  -49.841  21.046  50.322 0.0000000000
132883  -51.100  22.071  49.999 0.0000000000
132885  -52.529  22.843  49.357 0.0000000000
132896  -52.863  23.537  48.766 0.0000000000
138125  -40.719  28.392  43.514 0.0000000000
144760  -45.058  37.084  44.386 0.0000000000
143397  -44.470  35.501  43.978 0.0000000000
141851  -44.196  33.118  42.864 0.0000000000
139719  -46.503  30.980  43.318 0.0000000000
140442  -44.765  31.704  43.296 0.0000000000
140441  -43.738  31.626  43.292 0.0000000000
139715  -42.452  30.418  43.118 0.0000000000
138134  -42.117  28.729  42.759 0.0000000000
137257  -42.237  27.264  43.169 0.0000000000
136334  -43.029  25.666  44.071 0.0000000000
135472  -44.623  24.845  44.886 0.0000000000
135445  -46.165  24.762  45.720 0.0000000000
134646  -46.350  24.183  42.614 0.0000000000
134625  -46.534  24.469  44.910 0.0000000000
134598  -47.943  24.557  46.417 0.0000000000
134600  -50.212  24.510  46.705 0.0000000000
135446  -51.590  24.408  47.260 0.0000000000
159818  -52.870  22.884  48.486 0.0000000000
132099  -51.549  21.926  47.745 0.0000000000
131314  -50.290  20.401  48.027 0.0000000000
130522  -49.640  19.424  47.891 0.0000000000
132115  -48.334  21.276  45.759 0.0000000000
130537  -48.079  19.907  47.017 0.0000000000
128745  -48.048  17.853  47.407 0.0000000000
127806  -47.277  17.556  46.782 0.0000000000
127818  -45.912  17.370  46.213 0.0000000000
132199  -47.840  21.831  39.223 0.0000000000
132173  -46.872  21.128  40.272 0.0000000000
131393  -46.298  20.783  41.350 0.0000000000
132997  -44.298  22.533  40.427 0.0000000000
131391  -44.106  21.027  41.782 0.0000000000
131361  -44.521  20.423  43.797 0.0000000000
130566  -43.599  19.291  44.725 0.0000000000
129718  -43.273  18.288  45.265 0.0000000000
132064  -55.209  22.081  49.019 0.0000000000
131300  -55.228  21.086  48.440 0.0000000000
132081  -54.737  21.823  48.408 0.0000000000
131299  -54.775  21.104  48.050 0.0000000000
132080  -54.087  21.653  48.342 0.0000000000
142633  -48.365  34.229  41.121 0.0000000000
141858  -48.630  33.597  41.605 0.0000000000
141857  -48.030  33.590  41.301 0.0000000000
135469  -41.523  25.484  44.968 0.0000000000
136332  -41.439  26.097  44.294 0.0000000000
143424  -43.154  35.927  40.878 0.0000000000
144135  -43.282  35.872  41.527 0.0000000000
144118  -43.779  36.370  42.562 0.0000000000
134679  -50.717  24.318  39.276 0.0000000000
133832  -50.256  23.286  39.372 0.0000000000
133017  -50.355  22.480  39.147 0.0000000000
144786  -49.389  37.166  42.437 0.0000000000
144787  -50.148  37.016  42.531 0.0000000000
139026  -50.850  29.284  39.816 0.0000000000
139007  -52.040  29.298  40.442 0.0000000000
138184  -51.725  28.643  39.699 0.0000000000
138204  -52.085  27.858  38.996 0.0000000000
138203  -51.173  28.001  38.677 0.0000000000
136412  -50.665  26.550  37.362 0.0000000000
136399  -49.900  26.797  37.792 0.0000000000
128721  -48.109  17.410  50.438 0.0000000000
131230  -50.356  20.976  53.140 0.0000000000
130443  -50.604  20.276  52.547 0.0000000000
131240  -50.914  20.899  52.885 0.0000000000
131241  -51.531  20.913  52.421 0.0000000000
132032  -51.047  21.234  52.233 0.0000000000
147616  -38.042  41.381  36.409 0.0000000000
147615  -37.374  41.448  36.580 0.0000000000
146914  -38.421  40.362  36.595 0.0000000000
146229  -39.102  39.391  36.634 0.0000000000
145553  -44.612  38.558  34.516 0.0000000000
145552  -44.030  38.896  34.768 0.0000000000
145546  -44.094  38.304  34.990 0.0000000000
144876  -45.082  37.619  35.573 0.0000000000
144866  -45.249  37.444  36.587 0.0000000000
144881  -50.486  37.203  35.717 0.0000000000
143468  -50.912  35.606  36.884 0.0000000000
144192  -51.475  35.254  36.074 0.0000000000
144199  -50.810  36.178  35.009 0.0000000000
132091  -42.208  21.527  47.624 0.0000000000
131308  -42.017  20.304  47.826 0.0000000000
131309  -43.122  20.674  47.887 0.0000000000
133746  -47.871  24.005  47.085 0.0000000000
132925  -47.769  23.111  47.548 0.0000000000
132927  -49.744  23.725  47.777 0.0000000000
133747  -49.046  24.066  47.284 0.0000000000
142595  -41.376  35.100  44.552 0.0000000000
142605  -41.104  34.272  43.764 0.0000000000
141135  -41.114  32.598  43.484 0.0000000000
141849  -41.945  33.077  42.904 0.0000000000
141142  -48.409  32.664  43.709 0.0000000000
139721  -48.695  31.163  43.319 0.0000000000
137286  -46.312  27.129  40.610 0.0000000000
138148  -45.890  28.109  40.856 0.0000000000
137274  -45.532  27.218  40.978 0.0000000000
137273  -44.820  27.257  41.466 0.0000000000
136358  -44.735  26.395  41.772 0.0000000000
136359  -45.319  26.360  41.190 0.0000000000
132959  -47.649  22.464  43.703 0.0000000000
133778  -48.171  23.135  44.548 0.0000000000
132952  -48.666  22.844  45.150 0.0000000000
133767  -49.303  23.349  45.566 0.0000000000
132941  -49.161  22.573  45.645 0.0000000000
132117  -49.564  22.314  46.056 0.0000000000
132124  -48.623  22.173  45.261 0.0000000000
131348  -46.263  20.654  44.706 0.0000000000
131335  -45.589  20.342  45.211 0.0000000000
131347  -45.143  20.323  44.672 0.0000000000
133847  -45.458  24.234  37.959 0.0000000000
132145  -41.094  21.785  42.956 0.0000000000
132146  -42.071  21.654  42.629 0.0000000000
131358  -41.586  20.765  44.049 0.0000000000
131345  -41.095  20.189  44.264 0.0000000000
129734  -40.834  18.747  44.618 0.0000000000
130579  -40.165  19.350  44.125 0.0000000000
129665  -54.408  18.702  49.306 0.0000000000
129680  -52.334  18.983  47.992 0.0000000000
130507  -51.908  19.653  48.468 0.0000000000
143425  -50.447  35.222  41.443 0.0000000000
142636  -50.539  34.755  42.488 0.0000000000
140473  -49.711  31.907  42.059 0.0000000000
139753  -50.143  30.933  41.384 0.0000000000
139769  -49.697  30.464  40.691 0.0000000000
139024  -48.769  29.326  39.518 0.0000000000
139004  -49.230  29.857  40.165 0.0000000000
139022  -46.688  29.418  39.414 0.0000000000
129606  -46.898  18.504  53.281 0.0000000000
131221  -48.605  20.061  54.067 0.0000000000
131226  -47.600  20.040  53.654 0.0000000000
149831  -38.270  43.995  37.702 0.0000000000
146251  -49.410  39.040  33.972 0.0000000000
145567  -49.713  38.832  33.552 0.0000000000
146943  -49.346  40.698  33.087 0.0000000000
134607  -43.799  24.599  45.752 0.0000000000
134594  -43.584  24.603  46.007 0.0000000000
134595  -44.709  24.774  46.133 0.0000000000
133757  -45.712  24.271  46.441 0.0000000000
134608  -44.440  24.767  45.769 0.0000000000
144149  -39.840  36.231  40.910 0.0000000000
138168  -51.020  28.115  41.265 0.0000000000
138167  -50.492  28.127  41.089 0.0000000000
135527  -49.085  25.274  39.288 0.0000000000
136373  -48.800  26.415  39.711 0.0000000000
136372  -47.737  26.363  40.043 0.0000000000
135510  -47.565  25.359  40.035 0.0000000000
134676  -47.999  24.549  39.798 0.0000000000
133002  -48.961  22.217  40.699 0.0000000000
133001  -48.209  22.591  41.022 0.0000000000
132985  -48.720  21.974  41.342 0.0000000000
132971  -48.153  22.092  42.266 0.0000000000
132161  -48.786  21.748  41.930 0.0000000000
132137  -49.130  21.244  42.646 0.0000000000
131381  -49.622  20.998  42.228 0.0000000000
131418  -48.987  21.077  40.307 0.0000000000
131395  -48.715  20.708  41.497 0.0000000000
131394  -47.614  20.572  41.445 0.0000000000
144138  -46.157  36.889  41.575 0.0000000000
144121  -46.476  36.997  42.456 0.0000000000
144122  -47.048  37.250  42.471 0.0000000000
143381  -49.685  35.672  44.220 0.0000000000
144088  -48.870  36.520  43.767 0.0000000000
142597  -49.202  34.669  44.197 0.0000000000
141816  -49.327  34.048  44.230 0.0000000000
141817  -49.873  33.809  44.374 0.0000000000
141840  -51.691  33.728  43.779 0.0000000000
142615  -51.657  34.572  43.966 0.0000000000
141146  -52.108  32.778  43.919 0.0000000000
140435  -52.379  31.753  44.212 0.0000000000
138950  -52.777  30.379  43.332 0.0000000000
139724  -52.059  30.784  44.154 0.0000000000
138973  -52.206  29.350  42.933 0.0000000000
138139  -51.900  28.811  42.423 0.0000000000
138140  -52.464  28.857  42.374 0.0000000000
136401  -52.616  26.482  38.641 0.0000000000
136389  -53.157  26.338  39.640 0.0000000000
135555  -53.170  25.006  38.189 0.0000000000
134695  -51.983  25.278  39.000 0.0000000000
133873  -51.780  24.817  38.067 0.0000000000
133872  -51.328  24.129  37.580 0.0000000000
133894  -50.916  24.456  37.039 0.0000000000
135575  -48.747  25.465  35.675 0.0000000000
134724  -48.965  24.665  36.576 0.0000000000
134754  -47.893  24.366  35.625 0.0000000000
133907  -47.019  24.361  36.196 0.0000000000
137309  -47.887  27.623  37.843 0.0000000000
136409  -47.865  26.775  37.212 0.0000000000
137337  -47.422  26.895  37.118 0.0000000000
135570  -44.210  25.445  35.595 0.0000000000
135572  -45.814  25.610  35.245 0.0000000000
129625  -48.492  18.654  51.827 0.0000000000
128709  -48.529  17.945  51.040 0.0000000000
129626  -49.445  19.100  51.667 0.0000000000
129628  -51.251  18.943  51.537 0.0000000000
129646  -50.725  18.469  50.684 0.0000000000
129664  -53.086  18.821  49.723 0.0000000000
129648  -52.485  19.253  50.416 0.0000000000
131264  -52.953  21.181  50.710 0.0000000000
130475  -53.472  20.416  50.621 0.0000000000
131265  -53.811  21.388  50.454 0.0000000000
131276  -54.551  21.327  50.010 0.0000000000
146888  -34.381  40.492  40.186 0.0000000000
146200  -34.331  39.480  40.676 0.0000000000
146204  -34.573  39.501  39.628 0.0000000000
145495  -34.935  38.500  39.453 0.0000000000
146205  -34.942  39.143  38.941 0.0000000000
149074  -35.397  43.510  38.491 0.0000000000
148326  -35.438  42.474  37.927 0.0000000000
146221  -37.411  39.801  37.678 0.0000000000
146899  -36.489  40.245  37.870 0.0000000000
146213  -37.088  39.309  38.078 0.0000000000
144839  -37.021  38.148  38.640 0.0000000000
144822  -37.704  37.891  38.907 0.0000000000
144805  -38.450  37.394  39.582 0.0000000000
144823  -38.600  38.006  38.683 0.0000000000
145500  -40.143  38.187  38.809 0.0000000000
145501  -40.916  38.483  39.028 0.0000000000
144826  -41.342  38.006  39.562 0.0000000000
145502  -41.898  38.405  39.003 0.0000000000
146231  -40.561  38.907  36.106 0.0000000000
145543  -41.859  38.660  35.681 0.0000000000
145529  -43.769  37.906  37.939 0.0000000000
144852  -42.688  37.865  37.477 0.0000000000
145517  -43.360  38.027  38.321 0.0000000000
144828  -43.451  37.948  39.411 0.0000000000
145504  -43.782  38.123  38.844 0.0000000000
144829  -44.638  37.786  39.224 0.0000000000
144846  -46.853  37.566  38.693 0.0000000000
144888  -47.974  37.719  34.830 0.0000000000
144878  -47.482  37.205  35.830 0.0000000000
144190  -48.203  36.898  36.015 0.0000000000
144859  -49.853  36.822  37.488 0.0000000000
144858  -48.939  36.960  37.869 0.0000000000
144165  -49.350  36.883  38.433 0.0000000000
144849  -49.620  37.120  39.460 0.0000000000
144160  -50.036  36.827  39.454 0.0000000000
144835  -50.362  36.565  40.435 0.0000000000
142685  -51.506  34.937  37.962 0.0000000000
143449  -51.128  35.491  38.522 0.0000000000
143448  -50.608  35.319  38.868 0.0000000000
143447  -50.258  35.276  39.006 0.0000000000
142748  -51.373  34.006  35.337 0.0000000000
141961  -50.931  34.128  36.082 0.0000000000
142747  -50.726  33.942  35.433 0.0000000000
142766  -50.639  33.984  34.577 0.0000000000
144206  -50.313  36.349  33.944 0.0000000000
130483  -44.343  19.109  50.168 0.0000000000
130504  -46.606  19.731  49.239 0.0000000000
130470  -46.421  19.670  50.707 0.0000000000
131258  -47.106  19.865  50.561 0.0000000000
130454  -48.119  19.591  51.033 0.0000000000
131260  -48.602  20.011  50.306 0.0000000000
132094  -45.467  21.706  47.596 0.0000000000
132095  -46.550  22.045  47.575 0.0000000000
132075  -48.899  21.605  48.501 0.0000000000
132060  -49.133  20.974  49.382 0.0000000000
132061  -49.899  21.433  49.346 0.0000000000
132049  -50.723  21.386  50.312 0.0000000000
132062  -50.561  22.029  49.414 0.0000000000
133730  -51.615  24.098  48.752 0.0000000000
132895  -51.678  22.887  49.019 0.0000000000
159811  -52.385  23.574  48.981 0.0000000000
159813  -52.215  24.459  48.567 0.0000000000
140438  -40.628  31.604  43.562 0.0000000000
138943  -40.282  29.447  43.649 0.0000000000
144761  -46.066  37.051  44.171 0.0000000000
144105  -46.178  36.279  43.818 0.0000000000
141835  -45.597  33.614  43.232 0.0000000000
143398  -45.485  35.627  43.837 0.0000000000
142609  -45.014  34.614  43.500 0.0000000000
142608  -43.980  34.621  43.452 0.0000000000
141834  -44.558  33.601  43.153 0.0000000000
138969  -48.044  29.939  42.231 0.0000000000
138968  -47.013  29.722  42.267 0.0000000000
139736  -45.210  30.235  42.570 0.0000000000
139718  -45.484  30.928  43.244 0.0000000000
139717  -44.480  30.815  43.262 0.0000000000
140440  -42.723  31.538  43.306 0.0000000000
139716  -43.474  30.691  43.239 0.0000000000
138136  -43.425  28.203  42.176 0.0000000000
138964  -42.772  29.214  42.536 0.0000000000
138135  -42.551  28.195  42.600 0.0000000000
138126  -41.787  28.326  43.059 0.0000000000
136341  -42.362  26.366  43.573 0.0000000000
136349  -42.701  26.520  43.088 0.0000000000
135488  -44.525  25.306  42.929 0.0000000000
135480  -44.807  24.803  44.010 0.0000000000
135459  -45.542  25.000  45.418 0.0000000000
135473  -45.652  24.818  44.765 0.0000000000
133813  -46.767  23.755  41.389 0.0000000000
134654  -46.232  24.443  41.689 0.0000000000
134626  -47.840  23.922  44.862 0.0000000000
134636  -46.853  24.061  43.782 0.0000000000
134610  -47.927  24.418  45.691 0.0000000000
134599  -49.101  24.489  46.490 0.0000000000
133760  -50.972  23.861  46.536 0.0000000000
134601  -51.086  24.482  46.776 0.0000000000
159822  -51.407  23.873  47.088 0.0000000000
135429  -52.446  23.872  47.665 0.0000000000
159820  -52.196  23.421  47.700 0.0000000000
132100  -52.054  22.594  47.934 0.0000000000
159816  -51.457  22.848  47.385 0.0000000000
132106  -49.646  21.687  46.632 0.0000000000
132098  -50.477  21.591  47.439 0.0000000000
132097  -49.709  21.005  47.337 0.0000000000
130523  -50.211  19.726  48.132 0.0000000000
131313  -49.143  20.331  47.467 0.0000000000
132123  -48.132  21.541  45.147 0.0000000000
131349  -47.041  21.100  44.789 0.0000000000
130535  -46.788  19.909  46.243 0.0000000000
131324  -47.850  20.425  46.529 0.0000000000
130536  -47.484  19.878  46.689 0.0000000000
130520  -47.968  19.580  47.121 0.0000000000
129707  -47.159  18.838  46.879 0.0000000000
128744  -47.339  17.985  46.979 0.0000000000
128761  -46.845  18.264  46.605 0.0000000000
128778  -45.181  18.108  45.661 0.0000000000
128759  -45.732  17.937  45.898 0.0000000000
127836  -45.130  17.154  45.858 0.0000000000
128777  -44.413  17.893  45.653 0.0000000000
133045  -48.748  22.888  37.730 0.0000000000
133030  -48.722  22.383  38.423 0.0000000000
133044  -48.153  23.001  38.037 0.0000000000
132999  -45.987  22.264  40.213 0.0000000000
132185  -46.565  21.831  40.155 0.0000000000
132172  -46.017  21.470  40.615 0.0000000000
131405  -46.601  20.876  40.644 0.0000000000
132160  -45.410  21.201  41.142 0.0000000000
133810  -42.856  23.419  40.048 0.0000000000
132996  -43.395  22.881  40.560 0.0000000000
131375  -43.331  21.039  42.394 0.0000000000
131390  -43.611  21.307  41.837 0.0000000000
131376  -44.333  20.711  42.536 0.0000000000
130583  -44.042  19.756  44.199 0.0000000000
130582  -43.543  19.802  43.928 0.0000000000
129735  -42.038  18.632  44.630 0.0000000000
129736  -42.881  18.532  44.863 0.0000000000
128775  -42.872  17.641  45.164 0.0000000000
127834  -43.130  17.091  45.254 0.0000000000
130490  -55.289  20.121  48.907 0.0000000000
130526  -55.146  20.008  47.372 0.0000000000
142649  -49.695  34.902  41.260 0.0000000000
141859  -49.552  33.619  42.277 0.0000000000
141164  -48.980  32.764  41.758 0.0000000000
140472  -48.430  31.961  41.402 0.0000000000
139768  -48.694  30.608  40.527 0.0000000000
140487  -48.243  31.273  40.912 0.0000000000
135456  -42.403  25.099  45.388 0.0000000000
135457  -43.138  24.891  45.381 0.0000000000
144134  -42.120  35.760  41.489 0.0000000000
144769  -43.434  37.067  44.350 0.0000000000
136387  -51.591  26.188  39.919 0.0000000000
136375  -50.995  26.772  40.163 0.0000000000
135529  -50.911  25.409  39.380 0.0000000000
135528  -50.198  25.189  39.395 0.0000000000
134677  -48.780  24.263  39.596 0.0000000000
133831  -49.362  23.373  39.609 0.0000000000
133816  -48.959  22.863  40.000 0.0000000000
132175  -49.065  21.489  40.707 0.0000000000
131417  -48.844  21.106  40.115 0.0000000000
144794  -47.762  37.345  41.746 0.0000000000
144784  -47.598  37.298  42.729 0.0000000000
144785  -48.512  37.149  42.490 0.0000000000
144107  -49.543  36.798  43.588 0.0000000000
143382  -50.720  35.554  44.324 0.0000000000
139741  -51.538  31.201  42.161 0.0000000000
140461  -52.301  31.732  43.379 0.0000000000
139755  -52.082  30.480  41.735 0.0000000000
138993  -52.348  29.708  41.317 0.0000000000
138994  -52.691  29.248  41.560 0.0000000000
138155  -52.532  28.545  41.571 0.0000000000
138185  -52.419  27.874  39.564 0.0000000000
137314  -52.473  27.366  39.069 0.0000000000
136413  -51.943  26.275  37.639 0.0000000000
135563  -50.833  25.397  36.710 0.0000000000
136426  -51.233  26.052  36.791 0.0000000000
136425  -49.905  25.923  36.621 0.0000000000
136439  -49.200  25.955  35.947 0.0000000000
137335  -46.286  27.217  36.737 0.0000000000
127786  -49.332  16.992  50.114 0.0000000000
130456  -49.507  19.620  52.443 0.0000000000
130457  -50.142  19.735  52.078 0.0000000000
130458  -51.112  19.600  52.163 0.0000000000
130473  -51.778  19.471  51.715 0.0000000000
131263  -52.236  20.927  50.993 0.0000000000
147597  -34.478  41.452  39.740 0.0000000000
149092  -36.456  43.510  37.637 0.0000000000
148338  -36.113  42.496  37.471 0.0000000000
147614  -36.911  41.525  36.823 0.0000000000
146908  -37.781  40.202  37.202 0.0000000000
146222  -38.177  39.499  37.581 0.0000000000
145512  -38.534  38.754  38.232 0.0000000000
145523  -38.595  39.078  37.710 0.0000000000
145524  -39.099  38.798  37.525 0.0000000000
145525  -39.971  38.492  37.537 0.0000000000
146246  -42.830  39.926  34.716 0.0000000000
145536  -42.279  38.160  36.318 0.0000000000
145537  -43.174  38.071  35.909 0.0000000000
144854  -44.374  37.572  37.549 0.0000000000
144844  -44.751  37.746  38.349 0.0000000000
144855  -45.507  37.436  37.610 0.0000000000
144856  -46.605  37.183  37.746 0.0000000000
145547  -49.315  37.926  35.113 0.0000000000
144880  -49.510  37.662  35.799 0.0000000000
144860  -50.303  36.606  37.445 0.0000000000
144167  -50.792  36.341  38.474 0.0000000000
144173  -50.800  36.161  37.498 0.0000000000
143455  -51.142  35.521  37.346 0.0000000000
142711  -51.223  34.727  37.098 0.0000000000
142733  -51.418  34.534  36.163 0.0000000000
142749  -51.515  34.348  35.787 0.0000000000
143491  -50.538  35.158  34.524 0.0000000000
132918  -40.314  22.517  47.303 0.0000000000
131307  -40.777  20.738  47.711 0.0000000000
130484  -44.943  19.223  49.928 0.0000000000
130502  -45.047  19.338  48.938 0.0000000000
130503  -46.038  19.557  49.016 0.0000000000
131292  -46.625  20.179  48.723 0.0000000000
132924  -46.571  23.011  47.412 0.0000000000
132096  -47.327  22.394  47.695 0.0000000000
132907  -48.922  22.593  48.036 0.0000000000
132077  -50.560  22.523  48.769 0.0000000000
132908  -49.909  23.083  48.277 0.0000000000
133729  -50.464  23.751  48.339 0.0000000000
141134  -40.200  32.786  43.627 0.0000000000
140439  -41.719  31.509  43.388 0.0000000000
143400  -47.459  35.092  43.809 0.0000000000
143399  -46.577  35.650  43.709 0.0000000000
142611  -47.091  34.486  43.554 0.0000000000
141836  -46.675  33.582  43.343 0.0000000000
138150  -47.599  28.587  41.134 0.0000000000
138988  -46.836  29.136  41.561 0.0000000000
138149  -46.712  28.408  41.046 0.0000000000
138987  -45.954  28.919  41.365 0.0000000000
138966  -44.984  29.178  41.864 0.0000000000
138137  -44.332  28.206  41.784 0.0000000000
137265  -43.318  27.202  42.352 0.0000000000
136350  -43.380  26.168  42.783 0.0000000000
136351  -44.113  26.344  42.305 0.0000000000
135495  -44.751  25.703  42.185 0.0000000000
133792  -47.157  23.073  42.263 0.0000000000
133791  -46.848  23.270  42.920 0.0000000000
133785  -47.211  23.136  43.574 0.0000000000
133786  -47.541  23.472  44.129 0.0000000000
134627  -48.494  23.976  45.302 0.0000000000
132943  -50.553  23.549  46.251 0.0000000000
132928  -50.971  22.362  47.133 0.0000000000
132931  -50.130  22.494  46.326 0.0000000000
132105  -49.002  21.059  46.359 0.0000000000
130569  -46.721  20.351  45.059 0.0000000000
129722  -46.030  19.249  46.124 0.0000000000
130550  -45.182  19.838  45.377 0.0000000000
130549  -44.525  19.391  45.163 0.0000000000
134693  -47.302  24.184  37.575 0.0000000000
133849  -47.563  23.752  38.119 0.0000000000
133848  -46.767  23.827  38.472 0.0000000000
133829  -46.269  23.650  38.997 0.0000000000
133013  -45.443  22.973  39.879 0.0000000000
132980  -42.279  22.573  41.587 0.0000000000
132156  -42.445  21.909  42.087 0.0000000000
131374  -42.756  21.359  42.722 0.0000000000
130581  -42.740  20.028  43.736 0.0000000000
128794  -40.486  17.589  44.511 0.0000000000
128731  -53.318  17.787  48.852 0.0000000000
144797  -50.377  36.783  41.719 0.0000000000
144123  -50.454  36.225  42.456 0.0000000000
142624  -51.039  34.711  43.148 0.0000000000
141854  -50.962  33.634  43.351 0.0000000000
141853  -50.271  33.546  42.741 0.0000000000
141153  -50.227  32.754  42.675 0.0000000000
140459  -50.773  31.953  42.494 0.0000000000
139754  -51.114  30.631  41.545 0.0000000000
139770  -50.703  30.322  40.786 0.0000000000
138202  -49.991  28.023  38.493 0.0000000000
138182  -49.356  28.643  39.072 0.0000000000
138200  -47.691  28.070  38.084 0.0000000000
139786  -48.239  30.094  39.880 0.0000000000
138180  -47.190  28.785  38.897 0.0000000000
128720  -47.283  17.495  50.921 0.0000000000
128707  -46.813  18.126  51.930 0.0000000000
129624  -47.693  18.528  52.396 0.0000000000
129608  -48.206  19.271  52.941 0.0000000000
129595  -47.196  19.188  53.661 0.0000000000
129596  -47.916  19.315  53.874 0.0000000000
130440  -48.476  19.577  53.812 0.0000000000
130430  -48.773  19.932  53.951 0.0000000000
131228  -49.126  20.190  53.412 0.0000000000
132022  -49.468  20.466  52.681 0.0000000000
149813  -36.839  44.384  38.292 0.0000000000
149093  -37.589  43.363  37.274 0.0000000000
148340  -37.939  42.720  36.790 0.0000000000
149112  -38.685  42.788  36.778 0.0000000000
144886  -45.831  37.829  34.826 0.0000000000
145557  -48.938  38.421  34.336 0.0000000000
145549  -50.191  37.924  34.663 0.0000000000
144889  -50.533  37.357  34.531 0.0000000000
145559  -50.338  38.259  34.074 0.0000000000
145568  -50.097  38.239  33.471 0.0000000000
133744  -45.626  23.624  46.876 0.0000000000
133758  -46.752  24.194  46.421 0.0000000000
143374  -42.118  35.787  45.039 0.0000000000
143395  -42.474  35.382  44.269 0.0000000000
138971  -50.200  29.709  42.671 0.0000000000
139740  -49.458  30.382  43.036 0.0000000000
138991  -49.996  29.348  41.992 0.0000000000
138990  -48.877  29.387  41.763 0.0000000000
138151  -48.613  28.742  41.178 0.0000000000
137290  -50.176  27.376  40.643 0.0000000000
137289  -49.105  27.342  40.271 0.0000000000
138165  -48.342  28.102  40.532 0.0000000000
138164  -47.392  27.905  40.614 0.0000000000
137287  -47.155  27.109  40.424 0.0000000000
135508  -45.775  25.639  40.904 0.0000000000
135509  -46.581  25.291  40.557 0.0000000000
134662  -46.687  24.322  40.919 0.0000000000
134664  -48.206  23.920  39.900 0.0000000000
133814  -47.380  23.362  40.902 0.0000000000
133801  -47.172  23.181  41.639 0.0000000000
132983  -47.601  22.624  41.968 0.0000000000
132960  -48.168  22.019  42.879 0.0000000000
132136  -48.477  21.465  43.106 0.0000000000
131396  -49.422  20.948  41.535 0.0000000000
131380  -49.051  20.758  42.308 0.0000000000
133845  -43.320  23.424  38.044 0.0000000000
133825  -42.643  23.363  39.115 0.0000000000
133011  -42.185  23.214  39.584 0.0000000000
132994  -41.087  23.311  40.731 0.0000000000
133798  -40.659  22.922  41.416 0.0000000000
132966  -40.305  22.107  42.493 0.0000000000
132144  -40.266  21.532  43.000 0.0000000000
144119  -44.700  36.547  42.730 0.0000000000
144120  -45.660  36.746  42.502 0.0000000000
144782  -46.011  37.277  43.181 0.0000000000
144762  -47.053  37.113  44.113 0.0000000000
144773  -47.347  37.344  43.575 0.0000000000
144087  -47.737  36.524  43.966 0.0000000000
143379  -47.456  35.853  43.887 0.0000000000
142613  -48.615  34.473  43.932 0.0000000000
141838  -48.977  33.699  43.891 0.0000000000
141143  -49.443  32.588  44.029 0.0000000000
143401  -51.067  35.659  44.043 0.0000000000
143383  -51.253  35.103  44.256 0.0000000000
142599  -51.218  34.611  44.444 0.0000000000
141147  -52.337  32.305  43.897 0.0000000000
141131  -52.055  32.521  44.295 0.0000000000
141818  -50.931  33.728  44.549 0.0000000000
140433  -51.101  32.114  44.544 0.0000000000
140447  -50.320  31.897  44.346 0.0000000000
138947  -50.574  30.128  43.310 0.0000000000
138972  -51.281  29.256  42.742 0.0000000000
138138  -51.552  28.925  42.330 0.0000000000
137292  -52.163  27.383  40.696 0.0000000000
137293  -52.734  27.456  40.517 0.0000000000
136377  -52.711  26.615  40.414 0.0000000000
135512  -52.372  25.935  40.264 0.0000000000
134694  -51.834  25.308  39.243 0.0000000000
133834  -51.493  24.196  38.827 0.0000000000
133850  -51.347  23.709  38.459 0.0000000000
133032  -50.284  22.629  38.411 0.0000000000
133033  -51.044  23.258  38.003 0.0000000000
133047  -50.330  23.372  37.735 0.0000000000
133869  -48.660  23.647  37.255 0.0000000000
134726  -50.558  24.815  36.782 0.0000000000
133891  -48.539  24.358  36.665 0.0000000000
134709  -47.286  24.226  37.056 0.0000000000
134721  -45.912  24.313  36.764 0.0000000000
133867  -45.315  23.791  36.751 0.0000000000
137326  -49.162  27.032  37.612 0.0000000000
136424  -48.870  26.461  36.404 0.0000000000
136438  -48.309  26.154  35.745 0.0000000000
136436  -46.220  26.256  35.669 0.0000000000
135573  -46.708  25.606  35.292 0.0000000000
135585  -47.049  25.067  35.003 0.0000000000
128722  -49.131  17.446  50.378 0.0000000000
128723  -50.005  17.702  50.238 0.0000000000
128724  -50.651  17.719  49.825 0.0000000000
128730  -52.379  17.705  49.313 0.0000000000
130487  -53.129  19.655  50.474 0.0000000000
130489  -54.795  20.086  49.670 0.0000000000
132063  -54.648  22.164  49.572 0.0000000000
132897  -54.350  22.666  49.080 0.0000000000
147604  -34.732  41.494  38.913 0.0000000000
147610  -35.863  41.655  37.695 0.0000000000
146898  -35.924  40.647  37.986 0.0000000000
146211  -35.468  39.635  38.498 0.0000000000
145496  -35.813  38.607  38.964 0.0000000000
144821  -36.602  37.725  39.180 0.0000000000
144147  -37.778  36.799  40.264 0.0000000000
144148  -38.704  36.467  40.409 0.0000000000
144824  -39.393  37.799  38.948 0.0000000000
144807  -40.702  37.095  40.003 0.0000000000
144808  -41.814  37.207  39.991 0.0000000000
144151  -42.394  36.358  40.490 0.0000000000
144152  -43.493  36.406  40.607 0.0000000000
146915  -39.528  40.397  35.944 0.0000000000
146238  -39.718  39.598  36.036 0.0000000000
145534  -40.349  38.651  36.767 0.0000000000
145526  -40.895  38.415  37.449 0.0000000000
144863  -42.446  37.963  36.961 0.0000000000
145527  -41.906  38.210  37.329 0.0000000000
145515  -41.413  38.312  38.273 0.0000000000
144153  -44.707  36.680  40.679 0.0000000000
144154  -45.566  37.121  40.945 0.0000000000
144792  -46.277  37.307  41.127 0.0000000000
144830  -45.945  37.544  39.496 0.0000000000
144812  -46.272  37.377  40.557 0.0000000000
144793  -46.799  37.311  41.283 0.0000000000
144813  -47.421  37.517  40.665 0.0000000000
144814  -48.465  37.562  40.824 0.0000000000
144815  -49.395  37.340  40.896 0.0000000000
144877  -46.158  37.463  35.715 0.0000000000
144857  -47.744  37.271  37.785 0.0000000000
144869  -48.577  37.240  36.620 0.0000000000
144833  -49.152  37.475  40.009 0.0000000000
144816  -50.032  36.910  40.994 0.0000000000
144817  -50.407  36.447  41.041 0.0000000000
144156  -50.700  36.087  40.558 0.0000000000
143436  -50.590  35.620  41.036 0.0000000000
143443  -51.023  35.858  39.135 0.0000000000
143442  -50.717  35.665  39.768 0.0000000000
143435  -50.163  35.326  40.814 0.0000000000
143434  -49.869  35.335  40.344 0.0000000000
142648  -49.219  35.118  40.711 0.0000000000
142710  -50.743  34.425  37.135 0.0000000000
142709  -49.552  34.604  37.354 0.0000000000
130453  -46.398  19.629  51.696 0.0000000000
130469  -45.685  19.430  50.802 0.0000000000
131235  -47.105  19.734  52.598 0.0000000000
131236  -47.717  20.161  52.476 0.0000000000
131238  -48.944  20.616  51.870 0.0000000000
132030  -49.435  20.946  51.999 0.0000000000
131311  -44.980  21.073  47.936 0.0000000000
132072  -45.777  20.871  48.176 0.0000000000
132074  -47.616  21.611  48.235 0.0000000000
131293  -47.595  20.693  48.700 0.0000000000
131275  -48.437  20.548  49.441 0.0000000000
132047  -49.130  20.689  50.287 0.0000000000
132039  -49.643  20.906  51.237 0.0000000000
132040  -50.666  20.811  51.165 0.0000000000
131250  -51.178  20.665  50.974 0.0000000000
132050  -51.526  21.525  50.569 0.0000000000
132051  -52.341  21.801  50.501 0.0000000000
132894  -51.100  22.531  49.335 0.0000000000
132884  -51.749  22.309  49.831 0.0000000000
132886  -53.449  22.893  49.739 0.0000000000
132887  -54.017  22.943  49.602 0.0000000000
159814  -53.580  22.913  48.702 0.0000000000
138932  -39.741  29.439  43.895 0.0000000000
138124  -40.126  28.912  43.717 0.0000000000
137255  -40.890  27.512  43.688 0.0000000000
144103  -44.106  36.847  43.205 0.0000000000
144759  -44.084  37.078  44.746 0.0000000000
143377  -44.889  36.103  44.511 0.0000000000
143376  -44.063  36.155  44.694 0.0000000000
143396  -43.458  35.485  44.062 0.0000000000
142607  -42.903  34.612  43.567 0.0000000000
141833  -43.556  33.535  43.141 0.0000000000
139739  -48.336  30.519  42.812 0.0000000000
139720  -47.559  31.070  43.326 0.0000000000
139737  -46.230  30.353  42.698 0.0000000000
140443  -45.793  31.761  43.355 0.0000000000
141152  -44.510  32.741  42.970 0.0000000000
141138  -44.107  32.565  43.012 0.0000000000
141137  -42.889  32.577  43.097 0.0000000000
141150  -42.322  32.621  43.041 0.0000000000
139734  -43.216  29.947  42.709 0.0000000000
138946  -42.444  29.771  42.775 0.0000000000
138945  -41.981  29.439  42.869 0.0000000000
137256  -41.563  27.322  43.510 0.0000000000
137247  -41.229  26.889  43.844 0.0000000000
136340  -41.764  26.441  43.835 0.0000000000
136333  -42.364  25.736  44.201 0.0000000000
135471  -43.363  24.945  44.768 0.0000000000
135479  -43.706  24.994  44.013 0.0000000000
134623  -44.246  24.675  45.326 0.0000000000
135458  -44.921  25.125  45.633 0.0000000000
135444  -45.680  25.011  45.895 0.0000000000
134597  -46.667  24.474  46.091 0.0000000000
135496  -45.412  25.394  41.639 0.0000000000
134653  -45.660  24.672  42.235 0.0000000000
134645  -45.550  24.599  43.085 0.0000000000
134624  -45.943  24.670  44.628 0.0000000000
134609  -46.856  24.396  45.716 0.0000000000
134583  -49.125  24.430  47.033 0.0000000000
134584  -50.191  24.503  47.221 0.0000000000
133749  -50.905  24.736  48.025 0.0000000000
134585  -51.097  24.993  47.601 0.0000000000
135414  -52.208  24.873  48.172 0.0000000000
159821  -52.569  24.431  47.916 0.0000000000
159815  -52.715  23.730  48.083 0.0000000000
159817  -53.872  22.306  48.449 0.0000000000
132079  -52.811  21.870  48.299 0.0000000000
132078  -51.844  21.168  48.327 0.0000000000
131315  -51.125  21.047  47.912 0.0000000000
131296  -51.308  20.367  48.335 0.0000000000
130506  -50.781  19.680  48.267 0.0000000000
129678  -50.364  18.973  48.140 0.0000000000
131337  -48.522  21.022  46.102 0.0000000000
131336  -47.824  20.792  45.967 0.0000000000
131325  -48.352  20.505  46.864 0.0000000000
130521  -48.526  19.680  47.382 0.0000000000
129691  -48.777  18.600  47.609 0.0000000000
127807  -47.533  17.374  46.952 0.0000000000
128760  -46.344  18.102  46.270 0.0000000000
127819  -46.871  17.337  46.479 0.0000000000
132202  -49.879  22.111  38.631 0.0000000000
132200  -48.615  21.744  39.020 0.0000000000
132187  -48.325  21.321  39.789 0.0000000000
133015  -47.303  22.343  39.289 0.0000000000
132186  -47.290  21.692  39.775 0.0000000000
132174  -47.619  21.066  40.179 0.0000000000
131406  -47.225  20.701  40.662 0.0000000000
131377  -45.507  20.762  42.552 0.0000000000
133827  -44.398  23.491  39.138 0.0000000000
132981  -43.216  22.413  41.217 0.0000000000
132170  -44.317  21.832  40.918 0.0000000000
132171  -44.995  21.736  40.780 0.0000000000
131392  -45.046  20.901  41.730 0.0000000000
131346  -44.663  20.202  44.366 0.0000000000
130567  -44.415  19.792  44.587 0.0000000000
130548  -44.084  19.337  45.030 0.0000000000
129737  -43.373  18.742  45.098 0.0000000000
129719  -43.885  18.765  45.457 0.0000000000
127787  -49.674  16.959  50.110 0.0000000000
127817  -45.593  17.461  46.020 0.0000000000
128728  -49.005  17.015  50.105 0.0000000000
128776  -43.561  17.740  45.478 0.0000000000
129644  -49.041  18.356  51.087 0.0000000000
129690  -47.841  18.904  47.284 0.0000000000
129721  -45.569  18.956  45.814 0.0000000000
130431  -49.377  20.071  53.316 0.0000000000
130441  -49.082  19.699  53.205 0.0000000000
130444  -51.198  20.392  52.469 0.0000000000
130452  -45.685  19.386  51.799 0.0000000000
130455  -48.420  19.604  51.064 0.0000000000
130471  -48.247  19.702  50.737 0.0000000000
130472  -48.635  19.708  50.789 0.0000000000
130486  -46.516  19.648  49.820 0.0000000000
130505  -50.232  19.432  48.149 0.0000000000
130510  -54.959  20.604  47.665 0.0000000000
130519  -41.742  19.720  48.126 0.0000000000
130563  -40.831  19.774  44.365 0.0000000000
130570  -46.836  20.296  45.249 0.0000000000
130580  -42.283  20.448  44.022 0.0000000000
131220  -48.129  20.097  54.234 0.0000000000
131227  -48.375  20.204  53.345 0.0000000000
131229  -49.854  20.482  52.884 0.0000000000
131237  -48.485  20.379  52.222 0.0000000000
131239  -50.359  20.619  52.923 0.0000000000
131246  -47.926  19.945  51.276 0.0000000000
131247  -48.775  20.058  51.263 0.0000000000
131248  -49.174  20.648  51.470 0.0000000000
131249  -50.936  20.625  50.945 0.0000000000
131251  -52.016  20.828  51.807 0.0000000000
131259  -47.747  19.909  50.310 0.0000000000
131261  -50.988  20.810  50.765 0.0000000000
131262  -51.252  20.969  50.733 0.0000000000
131274  -47.704  20.161  49.466 0.0000000000
131295  -50.775  20.142  48.251 0.0000000000
131312  -48.648  20.180  47.272 0.0000000000
131334  -45.278  20.239  45.128 0.0000000000
131344  -40.783  20.135  44.255 0.0000000000
131366  -49.401  21.093  42.472 0.0000000000
132023  -49.936  21.102  52.798 0.0000000000
132029  -48.938  20.540  52.222 0.0000000000
132031  -50.204  21.248  52.138 0.0000000000
132033  -51.628  21.094  51.921 0.0000000000
132041  -51.409  20.855  51.300 0.0000000000
132082  -55.088  22.030  48.704 0.0000000000
132132  -40.069  20.996  43.357 0.0000000000
132133  -40.867  21.186  43.495 0.0000000000
132134  -41.692  21.368  43.376 0.0000000000
132147  -42.790  21.563  42.356 0.0000000000
132149  -49.324  21.344  42.267 0.0000000000
132158  -43.858  21.668  41.404 0.0000000000
132159  -44.625  21.340  41.272 0.0000000000
132189  -50.005  21.933  38.924 0.0000000000
132201  -49.451  21.887  38.816 0.0000000000
132898  -54.911  22.273  48.996 0.0000000000
132911  -54.935  22.200  48.785 0.0000000000
132929  -52.460  22.725  48.177 0.0000000000
132933  -51.178  23.725  46.750 0.0000000000
132968  -41.870  22.190  42.050 0.0000000000
132969  -47.270  22.826  43.305 0.0000000000
132970  -47.503  22.582  42.756 0.0000000000
132978  -40.336  22.567  41.792 0.0000000000
132979  -41.244  22.820  41.714 0.0000000000
132982  -43.823  22.197  40.871 0.0000000000
132984  -48.167  22.237  41.617 0.0000000000
133014  -46.458  22.702  39.643 0.0000000000
133018  -50.999  23.005  38.659 0.0000000000
133029  -47.725  22.621  38.631 0.0000000000
133046  -49.535  22.992  37.651 0.0000000000
133048  -50.873  23.613  37.602 0.0000000000
133761  -51.252  24.091  46.771 0.0000000000
133768  -50.036  23.753  46.032 0.0000000000
133799  -40.918  23.239  41.282 0.0000000000
133808  -40.701  23.205  41.088 0.0000000000
133809  -40.891  23.415  41.044 0.0000000000
133815  -48.302  23.228  40.376 0.0000000000
133843  -42.140  22.981  38.450 0.0000000000
133844  -42.517  23.002  38.106 0.0000000000
133852  -51.902  25.107  38.290 0.0000000000
133853  -52.466  24.931  38.204 0.0000000000
133870  -49.482  23.863  37.366 0.0000000000
133874  -52.180  24.976  37.900 0.0000000000
133875  -52.649  25.148  38.232 0.0000000000
133888  -45.434  23.965  36.118 0.0000000000
133889  -47.165  24.312  36.510 0.0000000000
133890  -47.721  24.177  36.735 0.0000000000
133892  -49.542  24.409  36.964 0.0000000000
133893  -50.437  24.388  36.983 0.0000000000
133909  -48.121  24.274  35.944 0.0000000000
133920  -47.466  24.296  35.739 0.0000000000
133921  -47.830  24.177  35.850 0.0000000000
134570  -51.607  24.872  48.239 0.0000000000
134582  -48.321  24.347  46.896 0.0000000000
134602  -51.473  24.237  47.112 0.0000000000
134612  -50.323  24.228  46.415 0.0000000000
134613  -50.707  24.301  46.542 0.0000000000
134635  -45.621  24.550  44.154 0.0000000000
134644  -45.093  24.737  43.623 0.0000000000
134681  -51.660  24.814  38.905 0.0000000000
134692  -46.773  24.341  37.853 0.0000000000
134696  -52.304  25.291  38.946 0.0000000000
134697  -52.598  25.135  38.246 0.0000000000
134707  -45.963  24.382  37.392 0.0000000000
134708  -46.649  24.361  37.217 0.0000000000
134710  -51.628  24.833  37.796 0.0000000000
134711  -51.988  25.092  38.062 0.0000000000
134712  -52.644  24.983  37.945 0.0000000000
134713  -52.697  24.730  38.443 0.0000000000
134722  -46.708  24.347  36.657 0.0000000000
134723  -47.238  24.271  36.728 0.0000000000
134725  -49.550  24.845  36.514 0.0000000000
134727  -51.259  24.909  37.259 0.0000000000
134735  -43.344  24.109  35.345 0.0000000000
134738  -46.031  24.336  36.386 0.0000000000
134739  -46.423  24.349  36.306 0.0000000000
134740  -47.785  25.078  35.288 0.0000000000
134741  -48.433  24.738  35.802 0.0000000000
134742  -49.086  25.044  35.963 0.0000000000
134750  -45.046  24.477  35.186 0.0000000000
134751  -45.818  24.626  35.207 0.0000000000
134752  -46.587  24.694  35.177 0.0000000000
135427  -51.803  24.685  47.544 0.0000000000
135428  -52.044  24.169  47.458 0.0000000000
135442  -43.109  24.843  45.699 0.0000000000
135443  -45.074  25.146  46.044 0.0000000000
135447  -51.764  24.114  47.394 0.0000000000
135460  -46.146  24.761  45.289 0.0000000000
135474  -46.121  24.760  45.014 0.0000000000
135481  -45.356  24.747  44.348 0.0000000000
135511  -48.232  25.721  39.635 0.0000000000
135513  -52.631  25.999  40.295 0.0000000000
135514  -53.032  26.164  40.296 0.0000000000
135530  -52.130  25.686  39.954 0.0000000000
135532  -53.235  26.309  40.103 0.0000000000
135542  -52.374  25.570  39.450 0.0000000000
135543  -52.745  25.695  39.127 0.0000000000
135544  -52.746  25.589  38.779 0.0000000000
135545  -53.004  25.216  38.472 0.0000000000
135554  -52.595  25.794  38.321 0.0000000000
135556  -52.893  25.124  38.371 0.0000000000
135564  -51.515  25.658  37.134 0.0000000000
135571  -44.995  25.319  35.485 0.0000000000
135574  -47.725  25.450  35.368 0.0000000000
135576  -49.410  25.437  36.230 0.0000000000
135584  -46.248  25.088  34.981 0.0000000000
136342  -43.158  25.860  43.489 0.0000000000
136374  -49.885  26.647  40.041 0.0000000000
136376  -52.060  26.310  40.427 0.0000000000
136378  -53.129  26.693  40.262 0.0000000000
136386  -50.637  26.110  39.494 0.0000000000
136388  -52.015  25.902  40.233 0.0000000000
136390  -53.313  26.775  40.049 0.0000000000
136398  -49.547  26.891  37.725 0.0000000000
136400  -52.201  26.569  38.137 0.0000000000
136410  -48.345  26.754  37.172 0.0000000000
136414  -52.487  26.173  38.140 0.0000000000
136422  -46.662  26.692  36.332 0.0000000000
136427  -51.628  26.012  37.088 0.0000000000
136437  -47.239  26.210  35.722 0.0000000000
136440  -49.464  25.771  36.278 0.0000000000
137275  -51.531  27.999  41.404 0.0000000000
137276  -51.858  27.870  41.462 0.0000000000
137294  -53.213  26.987  40.176 0.0000000000
137302  -53.353  27.031  40.013 0.0000000000
137310  -48.346  27.535  37.926 0.0000000000
137311  -49.375  27.206  37.945 0.0000000000
137312  -50.630  27.207  38.025 0.0000000000
137313  -51.846  27.022  38.282 0.0000000000
137323  -46.569  27.433  37.377 0.0000000000
137324  -47.634  27.203  37.550 0.0000000000
137325  -48.711  27.101  37.579 0.0000000000
137328  -51.750  26.660  37.882 0.0000000000
137336  -47.026  27.023  36.962 0.0000000000
138113  -40.480  27.838  43.745 0.0000000000
138127  -42.294  27.748  42.885 0.0000000000
138152  -49.772  28.798  41.341 0.0000000000
138153  -51.235  28.671  41.655 0.0000000000
138154  -52.182  28.319  41.928 0.0000000000
138170  -52.480  28.432  40.530 0.0000000000
138205  -52.341  27.703  39.214 0.0000000000
138215  -46.986  27.846  37.806 0.0000000000
138949  -52.498  30.151  43.466 0.0000000000
138963  -42.317  28.911  42.649 0.0000000000
138986  -45.484  28.590  41.394 0.0000000000
139005  -50.251  29.762  40.300 0.0000000000
139006  -51.216  29.768  40.282 0.0000000000
139008  -52.484  29.167  40.971 0.0000000000
139023  -47.727  29.432  39.385 0.0000000000
139027  -51.451  29.260  40.067 0.0000000000
139706  -52.270  31.204  44.358 0.0000000000
139707  -52.394  31.408  44.294 0.0000000000
139723  -51.039  30.915  43.845 0.0000000000
139725  -52.779  30.951  44.003 0.0000000000
139733  -42.699  29.874  42.747 0.0000000000
139738  -47.255  30.404  42.830 0.0000000000
139742  -52.393  31.068  42.499 0.0000000000
139756  -52.676  30.128  42.163 0.0000000000
140432  -50.662  32.236  44.488 0.0000000000
140444  -46.851  31.779  43.517 0.0000000000
140446  -49.077  31.831  43.853 0.0000000000
140448  -51.482  31.445  44.432 0.0000000000
140449  -52.016  31.264  44.528 0.0000000000
140450  -52.501  31.606  43.833 0.0000000000
140458  -50.185  32.166  42.491 0.0000000000
140460  -51.809  31.856  42.811 0.0000000000
141129  -50.522  32.741  44.476 0.0000000000
141130  -51.454  32.733  44.475 0.0000000000
141132  -52.341  32.371  44.100 0.0000000000
141139  -45.020  32.676  43.081 0.0000000000
141141  -47.294  32.644  43.496 0.0000000000
141145  -51.726  33.147  43.749 0.0000000000
141149  -42.094  32.723  42.956 0.0000000000
141151  -44.312  32.851  42.875 0.0000000000
141155  -51.965  32.407  43.488 0.0000000000
141156  -52.218  32.290  43.706 0.0000000000
141163  -47.967  32.791  41.329 0.0000000000
141819  -51.703  33.559  44.263 0.0000000000
141820  -52.044  33.001  43.992 0.0000000000
141831  -41.524  33.513  43.400 0.0000000000
141839  -49.784  33.052  44.211 0.0000000000
141841  -51.958  33.642  43.995 0.0000000000
141842  -52.182  32.825  44.011 0.0000000000
141850  -42.307  32.913  42.930 0.0000000000
141852  -44.532  32.993  42.881 0.0000000000
141935  -50.912  34.271  36.730 0.0000000000
141936  -51.049  34.359  36.832 0.0000000000
141950  -50.839  34.174  36.304 0.0000000000
141951  -50.978  34.220  36.486 0.0000000000
141962  -51.226  34.072  35.883 0.0000000000
141963  -51.453  34.169  35.864 0.0000000000
142596  -48.192  35.049  44.050 0.0000000000
142606  -41.715  34.714  43.796 0.0000000000
142612  -48.032  34.405  43.728 0.0000000000
142614  -51.564  34.214  43.752 0.0000000000
142625  -51.455  34.673  43.729 0.0000000000
142662  -49.989  35.252  39.155 0.0000000000
142732  -50.783  34.274  36.658 0.0000000000
143361  -41.670  36.281  45.533 0.0000000000
143378  -46.919  36.067  43.824 0.0000000000
143394  -41.780  35.326  44.544 0.0000000000
143402  -51.403  34.994  44.109 0.0000000000
143413  -50.699  35.532  43.269 0.0000000000
143423  -42.805  35.727  40.992 0.0000000000
143426  -50.555  35.354  42.145 0.0000000000
143433  -42.869  36.033  40.691 0.0000000000
143440  -49.644  35.363  40.082 0.0000000000
143456  -51.421  35.307  37.701 0.0000000000
143482  -51.584  34.819  35.988 0.0000000000
144083  -43.715  36.773  45.183 0.0000000000
144084  -44.598  36.703  44.793 0.0000000000
144085  -45.620  36.529  44.297 0.0000000000
144089  -50.044  36.322  44.106 0.0000000000
144104  -45.999  35.996  43.710 0.0000000000
144106  -48.991  36.927  43.492 0.0000000000
144108  -50.288  36.375  43.478 0.0000000000
144140  -47.383  37.123  42.223 0.0000000000
144155  -46.025  37.306  41.075 0.0000000000
144162  -51.168  36.030  38.806 0.0000000000
144166  -49.892  36.726  38.794 0.0000000000
144171  -49.641  36.768  38.096 0.0000000000
144174  -51.237  35.723  37.728 0.0000000000
144179  -47.664  37.059  36.316 0.0000000000
144180  -47.986  36.984  36.389 0.0000000000
144181  -50.741  36.178  36.525 0.0000000000
144182  -51.165  35.586  36.379 0.0000000000
144189  -47.839  36.899  36.128 0.0000000000
144763  -47.829  36.911  43.746 0.0000000000
144770  -44.452  37.294  43.847 0.0000000000
144771  -45.552  37.299  43.873 0.0000000000
144772  -46.469  37.331  43.747 0.0000000000
144775  -49.105  37.048  43.090 0.0000000000
144776  -49.752  36.981  43.066 0.0000000000
144803  -36.858  37.303  39.668 0.0000000000
144809  -42.929  37.159  39.837 0.0000000000
144838  -36.645  38.201  38.781 0.0000000000
144840  -38.804  38.400  38.460 0.0000000000
144841  -38.972  38.302  38.550 0.0000000000
144842  -43.030  37.816  37.950 0.0000000000
144843  -43.299  37.834  37.955 0.0000000000
144853  -43.445  37.673  37.510 0.0000000000
144875  -44.392  37.900  35.340 0.0000000000
144884  -44.479  38.121  34.874 0.0000000000
145497  -36.393  38.304  38.863 0.0000000000
145498  -38.214  38.343  38.522 0.0000000000
145499  -38.557  38.399  38.463 0.0000000000
145503  -42.909  38.387  38.946 0.0000000000
145510  -36.600  38.719  38.506 0.0000000000
145511  -37.582  38.630  38.406 0.0000000000
145518  -44.066  38.024  38.286 0.0000000000
145528  -43.537  37.879  37.962 0.0000000000
145538  -43.808  38.059  35.532 0.0000000000
146210  -34.746  39.853  38.862 0.0000000000
146212  -36.343  39.665  38.186 0.0000000000
146220  -36.833  39.943  37.843 0.0000000000
146223  -38.645  39.234  37.296 0.0000000000
146228  -38.456  39.640  37.008 0.0000000000
146230  -39.870  38.991  36.269 0.0000000000
146239  -40.272  39.456  35.775 0.0000000000
146247  -43.391  39.485  34.676 0.0000000000
146897  -35.040  40.609  38.571 0.0000000000
146906  -36.245  41.151  37.550 0.0000000000
146912  -37.074  41.057  36.708 0.0000000000
146913  -37.553  40.829  36.733 0.0000000000
146922  -39.942  39.908  35.665 0.0000000000
147611  -36.472  41.661  37.292 0.0000000000
148339  -36.957  42.464  36.895 0.0000000000
148341  -38.436  42.763  36.786 0.0000000000
148351  -37.196  41.884  36.670 0.0000000000
148353  -38.525  42.279  36.484 0.0000000000
149066  -35.138  43.970  39.246 0.0000000000
149091  -35.733  43.073  37.734 0.0000000000
149830  -37.386  44.043  37.756 0.0000000000
159819  -51.352  23.408  47.093 0.0000000000
159823  -51.746  23.808  47.327 0.0000000000
