#!ascii label  , from subject 3835 vox2ras=TkReg
2135
80073  49.603  -21.119  58.392 0.0000000000
58940  43.660  -37.468  75.860 0.0000000000
49980  26.491  -43.033  78.942 0.0000000000
46466  23.835  -48.293  83.514 0.0000000000
52719  37.956  -41.116  82.481 0.0000000000
52854  32.704  -41.840  73.704 0.0000000000
74701  53.927  -25.655  61.494 0.0000000000
86847  58.995  -16.525  59.634 0.0000000000
77068  56.041  -23.041  71.019 0.0000000000
66791  45.355  -31.738  67.755 0.0000000000
59050  38.547  -36.788  67.453 0.0000000000
52706  28.508  -42.314  84.153 0.0000000000
49957  22.749  -44.017  82.264 0.0000000000
53795  24.163  -41.307  86.582 0.0000000000
51320  32.353  -42.621  81.102 0.0000000000
84117  52.040  -18.575  72.883 0.0000000000
60021  46.306  -36.747  80.526 0.0000000000
62637  48.440  -34.191  76.481 0.0000000000
67984  49.061  -30.136  73.271 0.0000000000
61431  45.241  -35.346  70.851 0.0000000000
61495  42.264  -35.424  66.524 0.0000000000
58983  41.201  -37.364  71.371 0.0000000000
50168  27.350  -43.307  70.011 0.0000000000
54053  30.390  -41.464  67.319 0.0000000000
83000  54.054  -19.610  57.745 0.0000000000
81650  56.460  -20.599  52.470 0.0000000000
50074  24.624  -44.678  73.496 0.0000000000
46530  23.099  -47.449  76.671 0.0000000000
55133  41.112  -40.292  79.245 0.0000000000
56520  38.028  -38.760  75.123 0.0000000000
52803  35.095  -41.790  77.932 0.0000000000
51429  29.435  -42.693  75.781 0.0000000000
75964  48.272  -23.927  61.693 0.0000000000
49889  22.431  -44.481  89.052 0.0000000000
42924  22.575  -49.583  84.867 0.0000000000
81450  55.559  -19.375  63.004 0.0000000000
82899  51.598  -19.855  65.255 0.0000000000
79925  50.119  -21.799  68.382 0.0000000000
77155  55.019  -23.009  66.401 0.0000000000
73302  51.360  -25.818  66.275 0.0000000000
75733  53.435  -24.903  74.867 0.0000000000
73241  49.346  -26.502  70.192 0.0000000000
70720  46.061  -28.339  65.086 0.0000000000
65613  41.778  -32.518  62.248 0.0000000000
56579  35.189  -38.709  70.517 0.0000000000
55042  29.287  -40.689  86.229 0.0000000000
53828  27.003  -41.213  85.450 0.0000000000
56283  27.093  -39.677  87.149 0.0000000000
51239  31.057  -41.766  84.064 0.0000000000
58902  45.343  -37.529  78.210 0.0000000000
60109  46.517  -35.965  75.513 0.0000000000
61382  46.844  -34.887  73.493 0.0000000000
60170  44.741  -36.447  73.042 0.0000000000
58993  42.985  -36.545  70.640 0.0000000000
58971  42.087  -37.447  72.813 0.0000000000
48984  24.918  -45.650  68.476 0.0000000000
51587  26.423  -43.594  67.572 0.0000000000
81558  51.675  -20.202  58.084 0.0000000000
81613  53.025  -20.293  54.669 0.0000000000
80098  50.209  -21.333  55.414 0.0000000000
50027  25.547  -43.883  76.280 0.0000000000
47691  23.239  -46.436  75.062 0.0000000000
48815  23.353  -44.790  77.660 0.0000000000
47609  22.290  -46.426  83.232 0.0000000000
47635  22.701  -47.384  80.689 0.0000000000
45364  24.790  -48.931  80.858 0.0000000000
42972  25.294  -50.061  81.875 0.0000000000
55090  42.438  -39.289  81.107 0.0000000000
52761  39.719  -40.640  80.785 0.0000000000
53911  38.804  -41.214  79.265 0.0000000000
51338  36.746  -41.731  80.373 0.0000000000
51368  28.994  -42.660  79.558 0.0000000000
51384  31.365  -42.937  78.512 0.0000000000
50006  27.781  -43.020  77.658 0.0000000000
50071  27.217  -43.297  74.465 0.0000000000
75941  50.664  -24.213  62.394 0.0000000000
74731  49.933  -26.128  59.063 0.0000000000
73447  51.770  -26.617  59.945 0.0000000000
44108  19.973  -48.300  84.766 0.0000000000
82885  50.661  -19.706  66.946 0.0000000000
84169  51.413  -18.736  69.222 0.0000000000
82803  54.922  -20.538  72.138 0.0000000000
79907  53.324  -22.235  70.052 0.0000000000
77126  55.532  -23.353  68.630 0.0000000000
74640  54.317  -24.758  66.758 0.0000000000
74599  53.609  -24.677  68.469 0.0000000000
68014  47.534  -30.642  71.044 0.0000000000
70668  49.373  -28.395  71.953 0.0000000000
70682  47.460  -28.806  69.134 0.0000000000
71926  47.993  -27.271  67.513 0.0000000000
69411  45.583  -29.780  66.085 0.0000000000
68167  44.103  -30.177  63.699 0.0000000000
66842  44.236  -31.622  65.470 0.0000000000
61544  40.367  -35.626  64.205 0.0000000000
55211  35.707  -40.271  74.851 0.0000000000
57758  37.081  -38.821  73.468 0.0000000000
55237  33.934  -40.112  71.912 0.0000000000
55321  32.047  -40.312  65.864 0.0000000000
85622  60.263  -17.780  57.470 0.0000000000
83013  59.492  -19.307  57.171 0.0000000000
51325  27.674  -42.703  81.527 0.0000000000
49972  24.145  -43.651  80.078 0.0000000000
51284  25.585  -42.370  82.925 0.0000000000
52734  23.728  -42.834  84.116 0.0000000000
48752  22.720  -45.183  85.710 0.0000000000
53843  36.035  -40.978  83.443 0.0000000000
51295  34.798  -42.517  81.507 0.0000000000
52724  32.633  -42.315  83.268 0.0000000000
51300  30.083  -42.492  82.439 0.0000000000
86680  52.709  -16.570  71.005 0.0000000000
82728  55.279  -19.942  73.910 0.0000000000
65410  48.975  -32.414  74.499 0.0000000000
65437  47.183  -33.066  71.945 0.0000000000
64115  45.756  -33.817  69.347 0.0000000000
64143  44.508  -33.675  67.394 0.0000000000
61464  43.925  -35.492  68.858 0.0000000000
60220  41.865  -36.478  69.075 0.0000000000
59014  39.556  -36.682  69.247 0.0000000000
51503  30.025  -42.651  71.873 0.0000000000
52902  31.725  -41.550  70.577 0.0000000000
52906  28.791  -41.973  69.016 0.0000000000
84319  56.332  -18.202  58.599 0.0000000000
83048  57.577  -18.991  55.523 0.0000000000
83050  55.248  -18.987  55.316 0.0000000000
47645  22.403  -46.149  79.237 0.0000000000
56412  44.491  -38.830  80.131 0.0000000000
56452  42.809  -38.655  77.528 0.0000000000
57727  41.235  -37.942  75.532 0.0000000000
55180  40.031  -39.792  77.341 0.0000000000
53935  37.171  -40.757  76.889 0.0000000000
53948  33.446  -42.018  75.609 0.0000000000
51381  33.700  -42.715  78.728 0.0000000000
51412  32.652  -43.145  76.615 0.0000000000
51465  30.993  -42.634  74.355 0.0000000000
51468  28.634  -42.864  72.731 0.0000000000
50129  25.721  -44.010  72.191 0.0000000000
78608  47.882  -22.044  60.417 0.0000000000
77278  48.210  -22.570  56.347 0.0000000000
76014  46.848  -24.621  58.047 0.0000000000
52644  23.269  -42.437  87.905 0.0000000000
46442  23.738  -47.709  86.247 0.0000000000
42896  23.048  -49.015  87.059 0.0000000000
41740  24.728  -50.865  84.376 0.0000000000
84272  57.092  -18.570  61.507 0.0000000000
81527  54.471  -19.481  60.630 0.0000000000
81512  53.010  -19.867  61.520 0.0000000000
81487  50.464  -20.595  62.588 0.0000000000
79968  49.246  -21.230  63.707 0.0000000000
78532  48.689  -22.590  65.156 0.0000000000
77192  51.655  -23.564  64.531 0.0000000000
82806  51.086  -19.382  71.308 0.0000000000
78503  52.671  -22.701  67.658 0.0000000000
77205  54.607  -23.792  64.095 0.0000000000
74680  55.368  -25.260  63.811 0.0000000000
73341  52.453  -25.777  64.194 0.0000000000
75773  54.522  -23.693  72.959 0.0000000000
70651  51.377  -28.205  74.134 0.0000000000
73225  51.903  -25.995  73.227 0.0000000000
75808  52.712  -24.470  70.846 0.0000000000
74602  50.543  -25.463  67.944 0.0000000000
73326  48.788  -26.327  65.482 0.0000000000
62907  42.334  -34.141  64.569 0.0000000000
57772  39.425  -37.931  72.885 0.0000000000
57806  37.838  -37.759  70.818 0.0000000000
59017  36.701  -37.402  69.009 0.0000000000
55257  33.124  -40.291  69.661 0.0000000000
56603  33.712  -38.942  68.388 0.0000000000
56294  28.654  -39.906  87.385 0.0000000000
57543  28.452  -38.818  86.712 0.0000000000
58929  44.510  -37.491  76.902 0.0000000000
58917  45.974  -36.623  77.256 0.0000000000
58938  45.247  -37.010  75.488 0.0000000000
60130  45.415  -36.513  74.280 0.0000000000
58960  44.019  -37.096  74.267 0.0000000000
58970  43.065  -37.086  72.914 0.0000000000
58961  43.167  -37.399  74.181 0.0000000000
80072  50.528  -20.745  57.953 0.0000000000
81587  50.696  -20.779  56.669 0.0000000000
80091  49.589  -21.318  56.718 0.0000000000
50008  25.947  -43.422  77.396 0.0000000000
50009  24.729  -43.865  77.174 0.0000000000
49993  24.996  -43.314  78.098 0.0000000000
46467  23.038  -47.685  83.715 0.0000000000
46483  23.876  -48.057  81.943 0.0000000000
46482  24.454  -48.449  82.038 0.0000000000
45356  25.191  -49.301  81.497 0.0000000000
45339  24.815  -49.124  82.813 0.0000000000
53840  38.448  -39.959  82.767 0.0000000000
55094  39.371  -40.133  82.419 0.0000000000
53875  40.133  -39.895  81.486 0.0000000000
52744  39.137  -41.114  81.776 0.0000000000
51313  38.550  -41.363  80.793 0.0000000000
51293  37.612  -41.586  81.533 0.0000000000
51369  27.994  -42.769  79.615 0.0000000000
51387  28.143  -42.812  78.513 0.0000000000
49990  27.381  -43.212  78.147 0.0000000000
50026  26.665  -43.289  76.453 0.0000000000
75940  51.913  -24.408  62.332 0.0000000000
74713  51.766  -25.708  60.392 0.0000000000
74712  53.052  -25.744  60.869 0.0000000000
84166  53.868  -17.721  68.030 0.0000000000
84186  52.721  -18.655  68.035 0.0000000000
84151  53.273  -17.313  68.781 0.0000000000
81352  56.123  -21.611  70.904 0.0000000000
79885  55.701  -21.816  70.576 0.0000000000
77109  56.061  -23.047  69.295 0.0000000000
74619  55.296  -24.495  68.238 0.0000000000
74577  55.139  -24.064  69.431 0.0000000000
66772  46.019  -31.637  69.350 0.0000000000
69353  47.598  -29.866  70.491 0.0000000000
69365  46.792  -30.032  69.001 0.0000000000
69378  46.357  -29.651  68.317 0.0000000000
68066  45.473  -30.873  67.298 0.0000000000
68084  44.770  -30.990  65.817 0.0000000000
66812  45.082  -31.754  67.014 0.0000000000
53965  33.807  -40.984  73.462 0.0000000000
55230  34.978  -40.192  73.197 0.0000000000
53983  32.946  -41.032  71.922 0.0000000000
84318  60.044  -18.303  57.946 0.0000000000
85624  59.031  -18.044  57.788 0.0000000000
51281  28.104  -42.425  83.386 0.0000000000
51304  26.368  -42.542  82.311 0.0000000000
52730  27.526  -42.259  83.650 0.0000000000
53812  25.294  -41.183  86.024 0.0000000000
52690  25.218  -41.489  84.780 0.0000000000
53832  23.782  -41.869  85.363 0.0000000000
51268  23.108  -43.446  84.607 0.0000000000
51243  23.279  -43.250  86.368 0.0000000000
53802  34.520  -40.750  84.351 0.0000000000
52701  34.456  -41.488  83.446 0.0000000000
52702  33.361  -41.500  83.744 0.0000000000
51253  29.932  -41.915  84.047 0.0000000000
51264  30.643  -41.985  83.760 0.0000000000
51280  29.145  -42.298  83.141 0.0000000000
51301  29.283  -42.782  82.364 0.0000000000
61284  48.066  -34.710  78.194 0.0000000000
62597  48.750  -33.872  78.282 0.0000000000
64022  49.481  -32.962  77.276 0.0000000000
65391  49.832  -32.298  76.321 0.0000000000
62656  48.751  -33.710  76.022 0.0000000000
61416  45.936  -34.829  72.161 0.0000000000
64063  47.102  -33.836  73.205 0.0000000000
62736  46.414  -34.326  71.656 0.0000000000
64099  46.418  -33.541  70.716 0.0000000000
62785  45.704  -34.466  69.938 0.0000000000
62786  44.919  -34.597  69.171 0.0000000000
61447  44.965  -34.971  70.136 0.0000000000
58995  41.930  -37.311  70.653 0.0000000000
59011  42.574  -36.739  70.142 0.0000000000
59012  41.669  -36.843  69.797 0.0000000000
59032  40.301  -36.630  68.542 0.0000000000
58997  39.919  -36.912  70.329 0.0000000000
51504  29.199  -42.677  71.677 0.0000000000
51540  29.762  -42.472  70.181 0.0000000000
51542  27.743  -42.588  69.140 0.0000000000
82998  55.377  -19.015  58.565 0.0000000000
83015  55.611  -18.867  57.467 0.0000000000
83016  54.677  -19.257  57.188 0.0000000000
80113  53.090  -21.262  53.194 0.0000000000
50131  24.483  -45.329  71.982 0.0000000000
48922  23.553  -46.148  73.120 0.0000000000
51352  23.850  -43.582  81.041 0.0000000000
49983  23.402  -44.201  79.236 0.0000000000
49974  22.453  -44.636  80.658 0.0000000000
46507  24.737  -48.640  79.311 0.0000000000
46509  23.282  -47.762  78.777 0.0000000000
53885  42.454  -39.606  80.309 0.0000000000
55104  43.424  -39.339  80.588 0.0000000000
55130  43.049  -39.619  79.822 0.0000000000
56432  43.271  -39.004  78.539 0.0000000000
56433  42.271  -39.221  78.433 0.0000000000
56454  40.910  -39.126  77.657 0.0000000000
55149  40.814  -40.166  78.686 0.0000000000
52793  37.029  -41.341  78.754 0.0000000000
53927  37.367  -40.896  77.739 0.0000000000
53928  36.183  -41.223  77.560 0.0000000000
53946  35.631  -41.136  75.996 0.0000000000
52810  34.413  -41.940  77.231 0.0000000000
51319  33.254  -42.700  80.966 0.0000000000
51341  34.356  -42.696  80.216 0.0000000000
51364  32.781  -42.603  79.353 0.0000000000
51415  30.169  -42.906  76.677 0.0000000000
51399  31.737  -42.938  77.582 0.0000000000
51428  30.636  -43.202  75.894 0.0000000000
51446  32.105  -43.022  75.527 0.0000000000
51448  30.040  -42.899  74.974 0.0000000000
51466  30.060  -42.747  73.908 0.0000000000
50096  29.054  -42.667  74.178 0.0000000000
50073  25.263  -44.423  73.927 0.0000000000
50099  26.133  -44.219  73.164 0.0000000000
50100  25.114  -44.251  72.937 0.0000000000
77247  47.379  -23.238  61.202 0.0000000000
77265  46.855  -23.506  59.300 0.0000000000
75991  47.596  -24.675  59.917 0.0000000000
73476  49.106  -27.414  57.792 0.0000000000
51209  22.430  -43.779  88.433 0.0000000000
48743  22.674  -45.420  87.103 0.0000000000
48733  22.800  -46.152  87.833 0.0000000000
42908  22.366  -48.895  86.353 0.0000000000
42915  23.301  -49.744  85.632 0.0000000000
41720  24.016  -50.081  85.333 0.0000000000
41742  23.698  -50.671  84.547 0.0000000000
40599  24.229  -51.135  83.524 0.0000000000
42960  23.017  -50.462  82.802 0.0000000000
85568  58.833  -17.335  61.870 0.0000000000
81481  56.332  -19.369  62.212 0.0000000000
81482  55.694  -19.397  62.274 0.0000000000
81528  53.383  -19.690  60.518 0.0000000000
81483  54.861  -19.520  62.402 0.0000000000
82928  52.747  -19.985  64.058 0.0000000000
81453  52.350  -20.174  63.332 0.0000000000
81431  50.976  -20.217  63.917 0.0000000000
81488  49.776  -20.739  63.209 0.0000000000
81432  50.512  -20.296  64.296 0.0000000000
81383  49.753  -20.748  67.988 0.0000000000
79945  49.094  -21.701  66.310 0.0000000000
79936  49.486  -21.813  67.127 0.0000000000
77177  49.748  -23.328  65.430 0.0000000000
78520  50.104  -22.956  66.747 0.0000000000
85419  52.089  -17.249  71.983 0.0000000000
85431  51.430  -17.882  70.935 0.0000000000
82782  51.355  -19.483  72.006 0.0000000000
78501  54.549  -22.816  67.900 0.0000000000
78489  52.799  -22.518  68.664 0.0000000000
78517  53.459  -22.873  67.004 0.0000000000
77157  53.208  -23.133  66.302 0.0000000000
77172  54.886  -23.194  65.568 0.0000000000
75921  55.332  -24.462  64.220 0.0000000000
75913  55.227  -24.211  65.251 0.0000000000
74641  53.351  -25.041  66.357 0.0000000000
74656  53.441  -25.320  65.501 0.0000000000
73323  52.162  -25.817  65.387 0.0000000000
73324  50.900  -26.162  65.432 0.0000000000
75753  53.677  -24.661  74.329 0.0000000000
67950  49.990  -30.156  74.825 0.0000000000
69301  51.331  -28.902  75.307 0.0000000000
69321  50.118  -29.290  74.147 0.0000000000
71896  49.455  -27.397  71.588 0.0000000000
71889  50.555  -27.414  72.626 0.0000000000
73233  51.021  -26.012  71.989 0.0000000000
74548  52.313  -25.044  71.574 0.0000000000
74550  50.774  -25.525  70.730 0.0000000000
75828  52.156  -24.743  69.531 0.0000000000
73249  49.765  -25.687  69.801 0.0000000000
70705  46.613  -28.435  66.142 0.0000000000
73283  48.355  -26.568  67.085 0.0000000000
71960  47.060  -27.224  65.476 0.0000000000
73346  47.696  -26.707  64.645 0.0000000000
71995  46.240  -27.486  63.514 0.0000000000
70749  45.242  -28.386  63.462 0.0000000000
66888  42.773  -31.403  63.176 0.0000000000
68215  42.775  -30.170  61.547 0.0000000000
62834  43.475  -34.882  67.101 0.0000000000
64200  43.685  -33.490  65.962 0.0000000000
62882  42.563  -34.682  65.482 0.0000000000
61560  40.238  -35.266  63.561 0.0000000000
56496  39.782  -38.400  75.603 0.0000000000
57755  39.716  -37.842  74.040 0.0000000000
56536  38.971  -38.251  74.168 0.0000000000
56554  36.186  -38.893  72.111 0.0000000000
57791  36.906  -38.276  71.491 0.0000000000
57792  36.203  -38.326  71.056 0.0000000000
59000  37.061  -37.406  69.720 0.0000000000
57825  35.657  -37.860  69.484 0.0000000000
52921  30.837  -41.523  69.326 0.0000000000
54015  31.956  -40.814  69.964 0.0000000000
54029  31.717  -40.725  68.900 0.0000000000
56622  32.720  -39.739  66.984 0.0000000000
57866  34.249  -38.037  67.094 0.0000000000
84376  56.980  -18.743  54.141 0.0000000000
83060  58.498  -19.479  54.594 0.0000000000
76025  48.824  -24.049  54.097 0.0000000000
52672  29.183  -41.839  85.145 0.0000000000
52687  27.673  -41.856  84.945 0.0000000000
53809  28.487  -40.843  85.921 0.0000000000
53793  26.827  -40.302  86.394 0.0000000000
53794  25.488  -40.487  86.639 0.0000000000
52671  29.799  -41.730  84.839 0.0000000000
58882  46.151  -37.188  79.438 0.0000000000
60028  46.724  -36.296  79.321 0.0000000000
60045  46.408  -36.653  78.810 0.0000000000
60066  46.977  -35.967  77.330 0.0000000000
60087  47.612  -35.271  76.401 0.0000000000
62658  47.940  -34.610  75.104 0.0000000000
61364  46.717  -35.526  74.735 0.0000000000
61384  45.895  -35.831  73.464 0.0000000000
60185  45.132  -35.985  72.537 0.0000000000
60201  44.206  -36.111  71.183 0.0000000000
60187  43.742  -36.427  71.620 0.0000000000
58981  42.532  -36.682  71.999 0.0000000000
58972  41.331  -37.372  72.345 0.0000000000
50189  26.070  -44.020  69.299 0.0000000000
51543  26.972  -43.347  68.995 0.0000000000
50237  25.523  -44.662  67.433 0.0000000000
81557  52.518  -19.665  58.391 0.0000000000
81584  53.032  -19.813  56.723 0.0000000000
81585  52.149  -20.054  56.472 0.0000000000
81599  51.095  -20.653  55.359 0.0000000000
50049  25.191  -44.439  75.130 0.0000000000
48901  23.739  -45.823  73.608 0.0000000000
48835  23.947  -44.912  75.666 0.0000000000
48836  23.559  -45.239  76.298 0.0000000000
47675  22.650  -46.047  76.902 0.0000000000
49958  22.261  -44.744  82.636 0.0000000000
48792  22.053  -45.502  81.000 0.0000000000
47627  22.295  -46.490  81.418 0.0000000000
46491  23.678  -47.875  80.973 0.0000000000
44162  26.194  -50.132  80.934 0.0000000000
53887  41.001  -39.956  80.664 0.0000000000
52772  40.362  -40.583  80.201 0.0000000000
55134  40.443  -40.409  79.180 0.0000000000
52774  39.338  -40.949  80.111 0.0000000000
51358  37.909  -41.505  79.805 0.0000000000
51378  35.772  -41.661  79.090 0.0000000000
51345  30.717  -42.581  80.444 0.0000000000
51365  31.921  -42.821  79.381 0.0000000000
51367  30.040  -42.677  79.527 0.0000000000
51401  29.727  -42.770  77.545 0.0000000000
51416  29.022  -42.684  76.584 0.0000000000
50070  28.225  -42.803  74.783 0.0000000000
50047  27.392  -42.944  75.585 0.0000000000
50048  26.375  -43.656  75.351 0.0000000000
75963  49.137  -24.544  61.616 0.0000000000
75990  48.977  -25.199  60.062 0.0000000000
75989  50.190  -25.303  60.021 0.0000000000
74721  50.798  -25.849  59.790 0.0000000000
45303  20.208  -48.029  86.395 0.0000000000
44107  21.195  -48.846  85.113 0.0000000000
42951  22.115  -49.746  82.920 0.0000000000
44141  21.094  -48.649  83.102 0.0000000000
82883  53.212  -19.389  66.391 0.0000000000
81402  51.079  -20.015  65.617 0.0000000000
82869  51.387  -19.247  67.478 0.0000000000
82851  51.106  -19.128  68.518 0.0000000000
82852  50.208  -19.889  68.810 0.0000000000
82780  53.761  -19.877  73.273 0.0000000000
81306  52.550  -20.314  72.922 0.0000000000
79861  54.341  -21.467  71.348 0.0000000000
79922  55.010  -22.298  69.430 0.0000000000
78500  55.054  -23.147  67.931 0.0000000000
75903  55.404  -23.984  66.146 0.0000000000
74639  55.108  -24.494  67.309 0.0000000000
74620  54.521  -24.736  67.810 0.0000000000
73278  52.723  -25.057  67.204 0.0000000000
68000  48.205  -31.036  72.144 0.0000000000
69344  49.166  -29.151  72.404 0.0000000000
69352  48.303  -29.520  71.085 0.0000000000
70675  48.475  -28.485  70.484 0.0000000000
71903  48.547  -27.804  70.001 0.0000000000
73251  48.412  -26.644  68.654 0.0000000000
70688  47.699  -28.078  69.030 0.0000000000
70697  46.589  -28.687  67.021 0.0000000000
69435  46.059  -29.102  65.751 0.0000000000
69460  44.975  -29.242  64.040 0.0000000000
69437  44.659  -29.855  64.522 0.0000000000
66868  44.069  -31.166  64.765 0.0000000000
65591  42.968  -32.313  63.814 0.0000000000
60265  41.093  -36.156  66.616 0.0000000000
61519  41.311  -35.541  65.384 0.0000000000
60285  40.739  -36.094  65.864 0.0000000000
60287  39.878  -36.498  64.972 0.0000000000
59135  38.718  -36.790  63.658 0.0000000000
55220  36.780  -39.518  74.856 0.0000000000
56538  37.295  -39.192  74.198 0.0000000000
56540  35.439  -39.802  73.229 0.0000000000
56555  35.152  -39.617  72.477 0.0000000000
56569  34.596  -39.677  71.543 0.0000000000
55296  31.351  -40.848  66.945 0.0000000000
55344  30.818  -40.745  65.356 0.0000000000
86870  60.529  -16.931  58.083 0.0000000000
84331  60.260  -18.572  57.574 0.0000000000
81583  60.264  -20.129  56.140 0.0000000000
51349  26.894  -42.804  80.649 0.0000000000
49971  25.086  -42.932  79.869 0.0000000000
51350  25.860  -42.686  80.691 0.0000000000
51327  25.599  -42.777  81.591 0.0000000000
51306  24.246  -43.040  82.549 0.0000000000
52709  26.193  -41.567  84.089 0.0000000000
52733  24.537  -42.356  83.786 0.0000000000
51307  23.357  -43.489  82.841 0.0000000000
49943  22.584  -44.467  84.181 0.0000000000
48769  22.366  -45.584  84.058 0.0000000000
46460  22.853  -47.312  84.589 0.0000000000
52720  37.024  -41.369  82.653 0.0000000000
52763  36.436  -41.936  81.582 0.0000000000
52721  35.970  -41.716  82.714 0.0000000000
51275  33.737  -42.166  82.195 0.0000000000
51297  33.036  -42.547  81.737 0.0000000000
52704  31.959  -42.040  83.954 0.0000000000
51277  31.886  -42.566  82.971 0.0000000000
51321  31.415  -42.520  81.257 0.0000000000
52775  29.519  -42.689  81.392 0.0000000000
51347  28.759  -42.621  80.555 0.0000000000
74700  55.379  -25.372  62.062 0.0000000000
73411  54.100  -26.173  61.324 0.0000000000
72035  55.226  -26.996  61.932 0.0000000000
86678  53.336  -16.608  70.052 0.0000000000
85388  53.254  -18.365  73.692 0.0000000000
85402  53.991  -19.247  73.584 0.0000000000
82777  55.131  -20.487  72.493 0.0000000000
78394  56.261  -21.966  72.181 0.0000000000
66659  50.364  -31.022  75.597 0.0000000000
66691  49.225  -31.616  73.967 0.0000000000
62692  47.903  -34.097  74.066 0.0000000000
65420  48.519  -32.700  73.676 0.0000000000
66710  48.358  -32.113  72.876 0.0000000000
66738  47.209  -31.808  71.341 0.0000000000
65464  46.387  -32.813  70.305 0.0000000000
65481  45.767  -32.793  69.023 0.0000000000
65500  44.816  -33.098  67.578 0.0000000000
64128  45.377  -33.763  68.536 0.0000000000
62810  44.258  -34.813  68.537 0.0000000000
61480  43.349  -35.236  67.623 0.0000000000
61449  43.670  -35.581  69.882 0.0000000000
60237  43.406  -36.103  69.000 0.0000000000
60252  42.134  -36.079  67.785 0.0000000000
60240  40.749  -36.472  67.809 0.0000000000
57863  39.733  -36.500  67.992 0.0000000000
57843  38.934  -36.613  68.230 0.0000000000
52856  31.244  -42.309  72.482 0.0000000000
53975  32.464  -41.544  72.304 0.0000000000
52873  31.268  -42.132  71.651 0.0000000000
52904  30.425  -42.051  69.675 0.0000000000
52923  29.538  -41.989  68.439 0.0000000000
51562  27.097  -43.222  68.191 0.0000000000
51585  27.777  -42.671  66.721 0.0000000000
85613  56.861  -17.660  58.487 0.0000000000
85625  58.009  -17.616  57.719 0.0000000000
83014  56.341  -18.640  57.259 0.0000000000
83049  56.380  -18.727  55.422 0.0000000000
83077  55.428  -19.642  53.480 0.0000000000
83052  53.535  -19.766  55.114 0.0000000000
83078  54.568  -19.812  53.803 0.0000000000
49982  24.491  -43.550  79.065 0.0000000000
48816  22.762  -45.197  77.968 0.0000000000
47660  22.693  -46.614  77.357 0.0000000000
47644  22.670  -47.210  79.553 0.0000000000
46517  23.154  -47.584  77.743 0.0000000000
57632  45.443  -37.805  80.782 0.0000000000
57671  44.710  -38.420  79.429 0.0000000000
57697  44.217  -38.068  77.461 0.0000000000
57710  42.937  -38.372  76.553 0.0000000000
56494  42.201  -38.122  75.612 0.0000000000
56473  42.379  -38.486  76.564 0.0000000000
57712  40.771  -38.512  76.366 0.0000000000
56476  39.365  -39.628  76.439 0.0000000000
55151  39.281  -40.682  78.270 0.0000000000
55182  38.550  -40.224  76.933 0.0000000000
55198  37.397  -39.951  76.052 0.0000000000
55200  35.996  -40.598  75.536 0.0000000000
55201  35.258  -40.735  75.423 0.0000000000
53956  33.465  -41.718  74.924 0.0000000000
51316  35.919  -42.583  81.030 0.0000000000
51361  34.986  -42.340  79.650 0.0000000000
51380  34.289  -42.527  78.778 0.0000000000
51383  32.213  -42.813  78.489 0.0000000000
51397  33.059  -42.718  78.040 0.0000000000
51410  33.964  -42.286  77.250 0.0000000000
52812  33.184  -42.609  76.543 0.0000000000
52829  32.555  -42.608  75.101 0.0000000000
52841  32.258  -42.229  74.156 0.0000000000
51486  31.095  -42.517  73.385 0.0000000000
51488  29.354  -42.768  72.412 0.0000000000
51489  28.672  -42.901  72.163 0.0000000000
50097  28.104  -42.845  73.546 0.0000000000
50128  26.734  -43.683  72.294 0.0000000000
50149  26.233  -43.838  71.274 0.0000000000
50170  25.622  -44.097  70.370 0.0000000000
80058  48.256  -21.501  59.693 0.0000000000
78631  48.278  -21.991  57.408 0.0000000000
78632  47.477  -22.464  57.631 0.0000000000
74733  47.603  -25.540  58.558 0.0000000000
73478  47.613  -26.472  57.103 0.0000000000
72062  53.593  -27.447  60.528 0.0000000000
57545  26.548  -38.601  86.591 0.0000000000
57521  25.622  -39.282  87.491 0.0000000000
55011  24.962  -40.194  87.510 0.0000000000
54999  24.259  -40.694  88.103 0.0000000000
52656  23.390  -42.145  87.253 0.0000000000
51242  22.898  -43.574  86.879 0.0000000000
47587  22.706  -46.127  86.011 0.0000000000
45319  23.910  -48.104  85.184 0.0000000000
46409  22.961  -46.958  88.597 0.0000000000
44083  24.084  -48.644  86.493 0.0000000000
44105  24.439  -49.219  84.869 0.0000000000
44122  24.993  -49.911  83.944 0.0000000000
41754  24.973  -50.655  83.639 0.0000000000
86834  59.116  -16.527  60.741 0.0000000000
85585  57.880  -17.199  60.663 0.0000000000
84304  56.301  -18.381  59.644 0.0000000000
82989  55.546  -19.050  59.576 0.0000000000
82948  57.990  -19.013  62.819 0.0000000000
81524  56.152  -19.146  61.658 0.0000000000
81541  54.940  -19.476  59.891 0.0000000000
81543  52.811  -19.656  59.452 0.0000000000
81544  51.661  -19.786  59.070 0.0000000000
80036  50.381  -20.506  59.964 0.0000000000
81485  52.802  -20.169  62.506 0.0000000000
81514  51.004  -20.482  61.484 0.0000000000
80010  50.109  -20.699  60.907 0.0000000000
80011  49.303  -21.317  61.270 0.0000000000
79988  47.998  -21.880  62.261 0.0000000000
78563  48.003  -22.526  62.665 0.0000000000
81416  49.638  -20.717  65.393 0.0000000000
79954  48.675  -21.932  64.925 0.0000000000
77211  48.533  -23.231  63.623 0.0000000000
77222  49.745  -23.828  62.924 0.0000000000
75926  51.275  -24.232  63.046 0.0000000000
75924  52.637  -23.979  63.050 0.0000000000
85441  52.299  -17.571  69.829 0.0000000000
84154  51.208  -18.680  69.941 0.0000000000
81357  50.504  -20.781  69.830 0.0000000000
79863  52.140  -21.437  71.415 0.0000000000
79909  51.116  -22.160  69.766 0.0000000000
78491  50.992  -22.535  68.153 0.0000000000
77158  52.036  -22.986  66.510 0.0000000000
77191  52.766  -23.557  64.576 0.0000000000
75938  54.272  -24.384  62.911 0.0000000000
74689  55.731  -24.910  62.418 0.0000000000
73360  55.685  -25.436  62.983 0.0000000000
74668  54.924  -25.188  64.802 0.0000000000
74682  53.512  -25.559  63.980 0.0000000000
78362  55.504  -22.063  73.399 0.0000000000
77047  55.226  -23.189  72.287 0.0000000000
73208  52.825  -26.490  74.716 0.0000000000
70661  50.643  -28.064  73.210 0.0000000000
73218  51.576  -26.814  73.281 0.0000000000
73224  52.515  -25.864  73.589 0.0000000000
75775  53.134  -24.785  73.284 0.0000000000
75792  54.068  -24.014  72.372 0.0000000000
75825  54.307  -23.793  70.311 0.0000000000
75845  53.505  -24.433  69.338 0.0000000000
74600  52.611  -25.043  68.215 0.0000000000
73262  50.906  -25.490  67.434 0.0000000000
73263  48.973  -26.022  68.278 0.0000000000
74625  49.598  -25.563  67.076 0.0000000000
73303  50.286  -25.846  66.244 0.0000000000
73344  49.302  -26.333  64.663 0.0000000000
69500  44.064  -29.134  62.486 0.0000000000
68242  42.910  -30.107  60.583 0.0000000000
64199  44.175  -33.175  66.395 0.0000000000
64228  43.283  -33.294  64.930 0.0000000000
64252  42.440  -33.247  63.815 0.0000000000
62908  41.591  -34.648  64.523 0.0000000000
62936  41.344  -34.039  63.173 0.0000000000
57753  41.966  -38.030  73.710 0.0000000000
57770  41.489  -37.711  73.161 0.0000000000
57788  39.978  -37.565  72.226 0.0000000000
57757  37.771  -38.424  73.563 0.0000000000
57789  39.078  -37.506  71.916 0.0000000000
58985  39.294  -37.084  71.013 0.0000000000
58998  38.752  -36.938  70.272 0.0000000000
59016  37.704  -37.211  69.076 0.0000000000
59035  37.584  -37.038  68.203 0.0000000000
53996  32.998  -40.999  71.073 0.0000000000
55246  33.627  -40.382  70.533 0.0000000000
56581  33.776  -39.881  69.957 0.0000000000
55271  32.244  -40.354  68.224 0.0000000000
55270  33.008  -39.781  68.567 0.0000000000
57826  34.680  -38.356  69.395 0.0000000000
57844  35.164  -37.684  68.779 0.0000000000
59037  35.552  -37.421  67.831 0.0000000000
84349  58.922  -18.864  57.104 0.0000000000
83059  59.352  -19.707  55.269 0.0000000000
81610  59.688  -20.088  54.514 0.0000000000
78640  49.224  -22.308  55.503 0.0000000000
57724  43.814  -37.511  76.189 0.0000000000
58939  44.319  -37.253  75.934 0.0000000000
58950  44.616  -36.889  74.749 0.0000000000
58951  43.752  -37.085  75.121 0.0000000000
58952  43.168  -37.499  75.390 0.0000000000
80056  50.463  -20.937  58.961 0.0000000000
80086  49.615  -21.208  57.542 0.0000000000
49992  25.919  -42.976  78.237 0.0000000000
49981  25.441  -42.758  78.913 0.0000000000
46475  23.393  -47.900  82.773 0.0000000000
46474  24.174  -48.400  82.662 0.0000000000
45349  24.701  -48.762  82.476 0.0000000000
45340  24.521  -48.899  83.285 0.0000000000
53858  38.414  -40.376  82.677 0.0000000000
55079  38.852  -40.066  82.861 0.0000000000
53877  38.867  -40.740  82.368 0.0000000000
52745  38.282  -41.387  82.007 0.0000000000
51292  38.454  -41.403  81.376 0.0000000000
51370  27.117  -43.059  79.756 0.0000000000
51388  27.297  -43.189  78.869 0.0000000000
49991  26.716  -43.282  78.186 0.0000000000
75960  52.819  -25.112  61.680 0.0000000000
75976  52.794  -25.408  61.111 0.0000000000
74702  53.134  -25.495  61.240 0.0000000000
85439  53.673  -17.224  69.745 0.0000000000
78447  56.122  -22.721  70.666 0.0000000000
79884  55.954  -22.002  70.825 0.0000000000
77092  55.962  -23.382  70.253 0.0000000000
75843  55.377  -23.650  69.636 0.0000000000
75823  55.295  -23.596  70.008 0.0000000000
66773  45.648  -31.737  68.558 0.0000000000
68031  46.681  -30.707  69.512 0.0000000000
68047  46.107  -30.700  68.868 0.0000000000
68048  45.735  -30.787  68.094 0.0000000000
53974  33.156  -41.243  72.944 0.0000000000
53973  33.733  -40.974  73.027 0.0000000000
86861  59.134  -16.898  58.684 0.0000000000
86860  59.870  -16.980  58.858 0.0000000000
85611  58.644  -17.296  58.252 0.0000000000
51267  28.406  -42.393  83.928 0.0000000000
52707  28.011  -42.317  84.119 0.0000000000
53813  24.374  -41.591  85.929 0.0000000000
52675  23.673  -42.322  85.959 0.0000000000
53796  23.840  -41.785  86.222 0.0000000000
55055  35.060  -40.005  84.322 0.0000000000
52682  34.238  -41.196  84.178 0.0000000000
52667  33.546  -41.092  84.610 0.0000000000
51254  29.382  -42.046  84.362 0.0000000000
51265  29.695  -42.029  83.838 0.0000000000
51266  28.873  -42.300  83.958 0.0000000000
61303  48.172  -34.650  77.222 0.0000000000
61283  48.538  -34.237  77.752 0.0000000000
61302  48.533  -34.130  77.428 0.0000000000
62616  48.938  -33.686  77.568 0.0000000000
62636  48.910  -33.520  76.788 0.0000000000
62714  46.448  -34.448  72.356 0.0000000000
61430  45.784  -34.829  71.262 0.0000000000
62760  46.179  -34.279  70.732 0.0000000000
61446  45.637  -34.828  70.535 0.0000000000
58996  40.949  -37.235  70.469 0.0000000000
59013  40.609  -36.881  69.581 0.0000000000
51523  28.046  -42.758  70.475 0.0000000000
82999  54.715  -19.447  58.264 0.0000000000
50101  24.529  -44.957  72.730 0.0000000000
48900  24.214  -45.264  73.313 0.0000000000
49964  22.951  -44.021  81.306 0.0000000000
49973  23.204  -44.075  80.346 0.0000000000
55118  41.762  -39.864  79.913 0.0000000000
53895  42.506  -39.685  80.079 0.0000000000
55131  42.621  -39.624  79.638 0.0000000000
55147  42.161  -39.639  79.109 0.0000000000
55148  41.569  -39.867  78.775 0.0000000000
55164  41.067  -39.682  78.309 0.0000000000
52794  35.878  -41.540  78.626 0.0000000000
52802  36.018  -41.405  78.139 0.0000000000
53929  35.587  -41.494  77.667 0.0000000000
53937  35.206  -41.446  76.986 0.0000000000
51342  33.465  -42.521  80.170 0.0000000000
51343  32.558  -42.516  80.217 0.0000000000
51414  31.236  -43.150  76.726 0.0000000000
50095  29.603  -42.737  74.578 0.0000000000
50069  29.208  -42.664  75.088 0.0000000000
75965  47.746  -23.512  61.530 0.0000000000
77254  47.114  -23.571  60.311 0.0000000000
75981  47.641  -24.039  60.998 0.0000000000
52618  22.596  -42.872  88.816 0.0000000000
51210  22.376  -43.860  88.700 0.0000000000
49898  22.566  -44.410  88.372 0.0000000000
48717  22.640  -45.390  88.481 0.0000000000
42916  22.764  -49.546  85.720 0.0000000000
42923  23.229  -50.078  85.005 0.0000000000
42935  23.196  -50.329  84.328 0.0000000000
41756  23.789  -50.996  83.854 0.0000000000
42949  23.138  -50.449  83.561 0.0000000000
85522  59.395  -17.072  63.312 0.0000000000
86776  59.007  -16.499  63.513 0.0000000000
82925  56.489  -19.133  62.887 0.0000000000
81449  56.195  -19.381  62.570 0.0000000000
82912  52.306  -20.001  64.679 0.0000000000
82929  51.888  -20.012  63.963 0.0000000000
82913  51.298  -20.009  64.455 0.0000000000
82900  51.012  -19.881  64.943 0.0000000000
81384  49.568  -21.255  67.494 0.0000000000
79926  49.672  -21.523  67.754 0.0000000000
78506  49.808  -22.492  67.106 0.0000000000
79935  49.796  -22.149  67.642 0.0000000000
85404  52.133  -17.636  72.937 0.0000000000
85405  51.734  -17.911  72.422 0.0000000000
78515  54.980  -22.951  67.177 0.0000000000
78502  53.661  -22.671  67.805 0.0000000000
78516  54.388  -22.884  67.077 0.0000000000
77156  54.227  -23.079  66.298 0.0000000000
77188  55.114  -23.789  64.988 0.0000000000
77171  55.259  -23.551  65.833 0.0000000000
73301  52.347  -25.463  66.456 0.0000000000
74642  52.816  -25.348  65.825 0.0000000000
75732  54.094  -24.118  74.905 0.0000000000
67965  49.390  -30.496  73.883 0.0000000000
73235  49.487  -26.636  70.960 0.0000000000
73234  50.266  -26.215  71.534 0.0000000000
74549  51.389  -25.455  71.270 0.0000000000
73240  49.908  -25.803  70.609 0.0000000000
74564  50.614  -25.195  69.921 0.0000000000
71941  46.703  -27.779  65.636 0.0000000000
71961  46.651  -27.572  65.088 0.0000000000
71979  46.503  -27.553  64.399 0.0000000000
70737  45.881  -28.048  64.089 0.0000000000
70748  45.747  -27.892  63.587 0.0000000000
66889  42.425  -31.704  62.931 0.0000000000
68193  42.578  -31.088  62.392 0.0000000000
65638  41.693  -32.305  61.621 0.0000000000
61494  43.003  -35.104  67.008 0.0000000000
62856  43.240  -34.540  66.408 0.0000000000
62857  42.566  -35.006  66.007 0.0000000000
56519  39.106  -38.327  74.889 0.0000000000
56568  35.438  -38.884  71.263 0.0000000000
56567  36.141  -38.532  71.523 0.0000000000
57808  35.812  -38.234  70.408 0.0000000000
54031  30.644  -41.530  68.035 0.0000000000
54030  31.103  -41.229  68.574 0.0000000000
83076  56.541  -19.401  53.387 0.0000000000
83086  56.978  -19.922  52.819 0.0000000000
56295  27.636  -39.564  87.347 0.0000000000
55024  27.938  -40.344  87.222 0.0000000000
55025  27.216  -40.187  86.766 0.0000000000
55026  26.414  -40.065  86.633 0.0000000000
55009  26.759  -39.784  86.873 0.0000000000
55041  30.067  -40.648  85.998 0.0000000000
53808  29.497  -41.240  85.607 0.0000000000
57670  45.437  -37.669  79.039 0.0000000000
60029  46.418  -36.740  79.317 0.0000000000
58901  45.821  -37.154  78.376 0.0000000000
58927  45.871  -36.596  76.070 0.0000000000
60067  46.531  -36.242  77.213 0.0000000000
60089  46.502  -36.121  76.635 0.0000000000
60065  47.679  -35.398  76.865 0.0000000000
60088  47.156  -35.536  76.270 0.0000000000
60108  46.949  -35.459  75.647 0.0000000000
60152  44.893  -36.627  73.917 0.0000000000
60150  46.021  -36.013  73.721 0.0000000000
60169  45.190  -36.002  73.052 0.0000000000
61403  45.671  -35.543  72.922 0.0000000000
60186  44.589  -36.183  71.961 0.0000000000
60171  43.908  -36.623  72.504 0.0000000000
58982  41.953  -37.145  71.650 0.0000000000
50211  25.901  -44.037  68.685 0.0000000000
50212  25.449  -44.530  68.409 0.0000000000
81572  52.332  -19.849  57.416 0.0000000000
81573  51.527  -20.185  57.180 0.0000000000
80090  50.378  -21.094  56.283 0.0000000000
81586  51.215  -20.614  56.309 0.0000000000
81600  50.631  -20.911  55.189 0.0000000000
80107  50.538  -21.515  54.629 0.0000000000
50050  24.421  -44.683  75.485 0.0000000000
50010  23.873  -44.454  77.120 0.0000000000
50029  23.753  -44.766  76.639 0.0000000000
48823  23.479  -45.079  77.023 0.0000000000
48837  23.043  -45.623  76.871 0.0000000000
48824  23.069  -45.308  77.394 0.0000000000
48778  22.156  -45.596  83.153 0.0000000000
48785  22.268  -45.556  82.057 0.0000000000
47618  22.391  -46.425  82.454 0.0000000000
46490  24.352  -48.398  81.291 0.0000000000
46499  24.458  -48.294  80.114 0.0000000000
45363  25.567  -49.498  80.470 0.0000000000
44163  25.642  -49.850  81.346 0.0000000000
41777  25.872  -51.021  81.097 0.0000000000
42971  25.566  -50.428  81.488 0.0000000000
56370  40.390  -39.218  82.285 0.0000000000
52743  39.646  -40.520  81.318 0.0000000000
53874  40.956  -39.818  81.255 0.0000000000
52742  40.176  -39.915  80.933 0.0000000000
52773  39.795  -40.797  80.343 0.0000000000
53899  39.779  -40.868  80.039 0.0000000000
51335  39.291  -40.995  80.401 0.0000000000
51337  37.760  -41.545  80.311 0.0000000000
51359  36.854  -41.616  79.582 0.0000000000
51360  35.733  -41.793  79.722 0.0000000000
51386  29.318  -42.672  78.502 0.0000000000
51402  28.611  -42.834  77.461 0.0000000000
51417  28.464  -42.732  76.791 0.0000000000
50024  28.442  -42.693  76.463 0.0000000000
50025  27.826  -42.840  76.712 0.0000000000
75962  50.269  -24.654  61.485 0.0000000000
75979  49.695  -24.914  60.712 0.0000000000
74714  51.075  -25.535  60.192 0.0000000000
73448  50.903  -26.653  59.423 0.0000000000
45320  20.386  -48.193  85.480 0.0000000000
45302  20.899  -48.257  85.765 0.0000000000
44126  21.760  -49.095  84.026 0.0000000000
44127  20.500  -48.670  84.051 0.0000000000
82868  52.671  -19.053  67.313 0.0000000000
84168  52.127  -18.492  68.657 0.0000000000
82850  52.090  -19.090  68.084 0.0000000000
82804  54.487  -20.343  72.488 0.0000000000
81334  53.670  -20.835  72.320 0.0000000000
81333  54.789  -21.011  71.807 0.0000000000
79920  55.767  -22.664  69.406 0.0000000000
79906  55.207  -22.171  69.916 0.0000000000
78486  55.492  -22.909  68.744 0.0000000000
78487  54.935  -22.471  68.861 0.0000000000
77141  55.497  -23.620  67.898 0.0000000000
75880  55.612  -24.217  67.864 0.0000000000
74598  54.646  -24.553  68.693 0.0000000000
74621  53.347  -24.923  67.398 0.0000000000
68001  47.748  -31.187  71.670 0.0000000000
68013  48.090  -30.466  71.585 0.0000000000
69364  47.335  -29.617  69.642 0.0000000000
69363  47.848  -29.109  70.352 0.0000000000
70681  47.972  -28.467  69.709 0.0000000000
69393  46.105  -29.343  67.399 0.0000000000
70690  46.666  -28.881  67.731 0.0000000000
69410  46.120  -29.226  66.532 0.0000000000
69436  45.258  -29.316  65.136 0.0000000000
66843  43.719  -31.795  64.879 0.0000000000
66869  43.530  -31.341  64.113 0.0000000000
60266  40.540  -36.406  66.729 0.0000000000
59100  40.475  -36.420  66.240 0.0000000000
60308  39.596  -36.442  64.481 0.0000000000
59123  38.824  -36.990  64.246 0.0000000000
55221  36.366  -39.824  74.323 0.0000000000
55222  35.453  -40.104  73.893 0.0000000000
55231  34.178  -40.560  72.771 0.0000000000
56556  34.417  -39.929  72.201 0.0000000000
84332  59.990  -18.715  57.806 0.0000000000
84317  60.160  -18.203  57.843 0.0000000000
83012  60.060  -19.337  57.422 0.0000000000
83029  60.013  -19.811  56.793 0.0000000000
51326  26.645  -42.670  81.521 0.0000000000
51305  25.306  -42.588  82.461 0.0000000000
51328  24.589  -43.189  81.752 0.0000000000
52708  27.196  -41.818  84.158 0.0000000000
52688  26.646  -41.615  84.866 0.0000000000
52711  24.166  -42.139  84.430 0.0000000000
52710  25.103  -41.729  84.324 0.0000000000
51285  23.917  -42.878  83.323 0.0000000000
51286  23.231  -43.553  83.732 0.0000000000
49950  22.693  -44.158  83.205 0.0000000000
49936  22.782  -44.262  85.213 0.0000000000
48760  22.716  -45.321  84.907 0.0000000000
47601  22.649  -46.328  84.737 0.0000000000
47593  22.723  -46.093  85.420 0.0000000000
53822  36.220  -40.451  83.298 0.0000000000
55053  36.364  -40.027  82.970 0.0000000000
53821  36.770  -40.261  82.668 0.0000000000
53842  36.943  -40.685  82.725 0.0000000000
53860  36.499  -41.271  83.049 0.0000000000
53861  35.542  -41.446  83.248 0.0000000000
52723  33.511  -41.937  83.093 0.0000000000
52722  34.731  -41.785  82.622 0.0000000000
51276  32.854  -42.506  82.594 0.0000000000
51238  31.336  -41.701  84.389 0.0000000000
52684  32.262  -41.633  84.381 0.0000000000
51263  31.200  -42.104  83.940 0.0000000000
51278  30.891  -42.022  82.982 0.0000000000
51299  31.151  -42.519  82.203 0.0000000000
51322  30.444  -42.609  81.469 0.0000000000
51323  29.620  -42.854  81.711 0.0000000000
51302  28.422  -42.723  82.412 0.0000000000
51324  28.771  -42.731  81.531 0.0000000000
51348  27.855  -42.708  80.602 0.0000000000
73410  54.774  -26.389  61.589 0.0000000000
85403  53.776  -19.005  73.112 0.0000000000
85387  53.726  -18.787  73.971 0.0000000000
84084  55.062  -19.480  74.033 0.0000000000
84113  55.067  -19.995  73.285 0.0000000000
82751  55.242  -20.284  73.196 0.0000000000
81303  55.594  -21.292  72.116 0.0000000000
81281  55.528  -21.090  72.850 0.0000000000
65404  49.530  -32.322  75.609 0.0000000000
65403  50.123  -31.720  75.943 0.0000000000
66660  49.916  -31.555  75.567 0.0000000000
66675  49.652  -31.255  74.935 0.0000000000
62677  47.646  -34.575  74.494 0.0000000000
62676  48.177  -34.214  74.698 0.0000000000
64076  47.173  -33.586  72.631 0.0000000000
64062  47.755  -33.544  73.415 0.0000000000
65429  48.109  -32.939  72.922 0.0000000000
66711  47.969  -32.534  72.642 0.0000000000
66725  47.695  -32.058  72.209 0.0000000000
65450  47.186  -32.473  71.699 0.0000000000
64114  46.190  -33.749  70.057 0.0000000000
65465  46.133  -33.167  69.629 0.0000000000
65480  46.101  -32.422  69.703 0.0000000000
62787  44.330  -35.107  69.051 0.0000000000
61479  43.757  -35.082  68.218 0.0000000000
60202  43.413  -36.314  70.727 0.0000000000
61433  43.705  -35.650  70.158 0.0000000000
60219  42.588  -36.408  69.407 0.0000000000
60238  42.557  -36.179  68.553 0.0000000000
60253  41.336  -36.318  67.454 0.0000000000
60239  41.450  -36.470  68.324 0.0000000000
59033  39.748  -36.625  68.722 0.0000000000
57842  39.447  -36.558  68.525 0.0000000000
57823  39.157  -36.573  68.867 0.0000000000
52857  30.669  -42.368  72.030 0.0000000000
52874  30.642  -42.407  71.316 0.0000000000
51541  28.815  -42.352  69.867 0.0000000000
52905  29.606  -42.014  69.361 0.0000000000
51609  27.735  -42.615  66.156 0.0000000000
52945  28.500  -42.210  67.115 0.0000000000
84336  56.172  -18.571  57.550 0.0000000000
83033  55.510  -19.014  56.374 0.0000000000
83062  56.145  -18.802  54.217 0.0000000000
83063  54.893  -19.296  54.373 0.0000000000
81597  52.883  -19.930  55.752 0.0000000000
83035  53.656  -19.567  56.009 0.0000000000
81631  53.913  -20.500  53.601 0.0000000000
48876  23.651  -45.683  74.536 0.0000000000
47728  23.487  -46.537  73.429 0.0000000000
47713  23.492  -46.492  74.148 0.0000000000
48807  22.470  -45.011  78.924 0.0000000000
47661  22.648  -45.756  77.414 0.0000000000
47653  22.389  -45.924  78.199 0.0000000000
47636  22.301  -46.391  80.303 0.0000000000
46516  24.000  -47.965  78.087 0.0000000000
57613  41.900  -38.465  81.539 0.0000000000
57612  42.842  -38.440  81.567 0.0000000000
56397  44.067  -39.124  80.492 0.0000000000
57634  44.143  -38.686  81.035 0.0000000000
57654  44.411  -38.583  80.731 0.0000000000
57653  44.859  -38.376  80.408 0.0000000000
57652  45.565  -37.904  79.926 0.0000000000
57686  43.574  -38.715  78.301 0.0000000000
57698  43.528  -38.553  77.850 0.0000000000
57709  43.376  -38.277  76.842 0.0000000000
56472  42.917  -38.500  76.847 0.0000000000
56455  40.408  -39.511  77.396 0.0000000000
56474  41.292  -38.632  76.703 0.0000000000
56475  40.136  -39.095  76.634 0.0000000000
53910  39.579  -40.774  79.451 0.0000000000
53918  39.345  -40.794  78.719 0.0000000000
53919  38.560  -41.110  78.523 0.0000000000
55168  38.148  -40.617  77.397 0.0000000000
55183  37.722  -40.442  76.801 0.0000000000
55197  38.255  -39.877  76.286 0.0000000000
55184  37.076  -40.501  76.459 0.0000000000
55199  36.639  -40.378  75.891 0.0000000000
53945  36.218  -40.849  75.972 0.0000000000
53947  34.206  -41.290  75.860 0.0000000000
53955  33.957  -41.039  74.466 0.0000000000
52764  35.666  -42.328  81.537 0.0000000000
51317  35.089  -42.887  80.965 0.0000000000
51363  33.631  -42.652  79.409 0.0000000000
51340  35.172  -42.806  80.338 0.0000000000
51362  34.364  -42.627  79.540 0.0000000000
51413  31.799  -43.326  76.771 0.0000000000
51398  32.530  -42.861  77.612 0.0000000000
50004  32.891  -42.837  77.262 0.0000000000
50003  33.326  -42.633  77.578 0.0000000000
50021  33.153  -42.732  77.156 0.0000000000
51411  33.208  -42.682  76.883 0.0000000000
50044  32.567  -43.135  76.742 0.0000000000
51464  31.819  -42.645  74.710 0.0000000000
52821  32.544  -42.893  75.767 0.0000000000
51485  31.675  -42.411  73.899 0.0000000000
51467  29.257  -42.758  73.251 0.0000000000
50098  27.155  -43.791  73.350 0.0000000000
50150  25.344  -44.323  71.314 0.0000000000
80075  47.817  -21.624  58.850 0.0000000000
80059  47.554  -21.881  59.273 0.0000000000
77273  46.908  -23.464  58.105 0.0000000000
76015  46.651  -24.601  57.332 0.0000000000
74722  49.572  -25.574  59.428 0.0000000000
74723  48.363  -25.430  59.357 0.0000000000
74732  48.873  -25.966  58.790 0.0000000000
73477  48.534  -27.099  57.554 0.0000000000
72128  48.136  -27.319  56.663 0.0000000000
72061  54.485  -27.431  61.145 0.0000000000
73430  53.915  -26.586  61.028 0.0000000000
57559  27.396  -38.408  85.745 0.0000000000
57534  25.628  -38.968  87.270 0.0000000000
56286  24.770  -39.819  87.600 0.0000000000
53771  23.611  -41.676  88.448 0.0000000000
51230  23.110  -42.895  86.913 0.0000000000
51229  22.885  -43.352  87.382 0.0000000000
47576  22.754  -46.522  87.151 0.0000000000
47586  22.648  -46.299  86.582 0.0000000000
46443  23.146  -47.292  86.000 0.0000000000
45301  23.990  -47.898  85.873 0.0000000000
42897  22.721  -48.861  87.041 0.0000000000
44066  22.103  -48.381  88.348 0.0000000000
44065  22.725  -48.446  88.153 0.0000000000
45249  22.666  -47.433  88.696 0.0000000000
44064  23.220  -48.364  87.977 0.0000000000
45274  23.542  -47.738  87.501 0.0000000000
42894  23.634  -48.757  87.138 0.0000000000
41729  24.157  -50.568  84.923 0.0000000000
41719  24.106  -49.889  85.302 0.0000000000
41727  24.781  -50.128  84.358 0.0000000000
44104  24.715  -49.749  84.312 0.0000000000
42947  25.138  -50.233  83.945 0.0000000000
42948  25.130  -50.227  83.603 0.0000000000
40621  24.502  -50.617  82.348 0.0000000000
42961  22.467  -50.201  82.540 0.0000000000
88036  59.931  -15.794  61.249 0.0000000000
84271  57.818  -18.294  61.661 0.0000000000
84289  57.220  -17.994  60.949 0.0000000000
84290  56.520  -18.521  60.796 0.0000000000
82988  55.956  -18.851  60.476 0.0000000000
85523  58.692  -17.414  63.406 0.0000000000
84229  58.167  -18.482  63.068 0.0000000000
81509  55.738  -19.194  61.695 0.0000000000
81508  56.059  -19.386  61.871 0.0000000000
82979  55.476  -19.010  61.001 0.0000000000
81526  55.229  -19.232  60.720 0.0000000000
81542  53.964  -19.526  59.693 0.0000000000
81529  51.830  -20.167  60.408 0.0000000000
80035  51.077  -20.366  59.398 0.0000000000
81484  53.935  -20.036  62.458 0.0000000000
81452  53.638  -20.106  63.611 0.0000000000
81486  51.672  -20.330  62.482 0.0000000000
79986  50.067  -20.993  61.732 0.0000000000
79987  49.197  -21.317  62.431 0.0000000000
79969  48.470  -21.881  63.118 0.0000000000
81403  50.395  -20.193  66.109 0.0000000000
79946  48.755  -21.980  65.599 0.0000000000
79953  49.041  -21.400  65.561 0.0000000000
78540  48.532  -22.562  64.294 0.0000000000
77195  48.814  -23.183  64.425 0.0000000000
77210  49.210  -23.681  63.695 0.0000000000
77194  49.577  -23.546  64.468 0.0000000000
77176  50.817  -23.401  65.422 0.0000000000
77193  50.576  -23.658  64.527 0.0000000000
77208  51.414  -23.794  63.684 0.0000000000
75925  52.132  -24.083  63.045 0.0000000000
86679  53.003  -16.494  70.573 0.0000000000
85429  53.332  -16.848  70.107 0.0000000000
85430  52.338  -17.099  70.739 0.0000000000
84141  51.211  -18.679  70.733 0.0000000000
82819  50.713  -19.655  70.529 0.0000000000
82820  50.514  -20.306  70.192 0.0000000000
81356  50.726  -20.768  70.585 0.0000000000
79862  53.203  -21.420  71.405 0.0000000000
81335  52.341  -21.022  72.176 0.0000000000
79888  52.744  -21.726  70.605 0.0000000000
79908  52.345  -22.234  69.788 0.0000000000
79923  51.798  -22.351  69.081 0.0000000000
79924  51.092  -22.028  68.806 0.0000000000
78490  51.824  -22.591  68.310 0.0000000000
77143  51.385  -23.066  66.980 0.0000000000
78519  52.085  -22.769  66.875 0.0000000000
77190  53.830  -23.472  64.671 0.0000000000
77174  52.956  -23.342  65.509 0.0000000000
77206  53.743  -23.815  63.742 0.0000000000
75923  54.698  -24.202  63.482 0.0000000000
75958  55.171  -24.854  62.447 0.0000000000
75937  55.407  -24.658  62.956 0.0000000000
74679  55.764  -24.978  63.580 0.0000000000
73361  55.026  -25.740  63.137 0.0000000000
74654  55.022  -24.566  65.921 0.0000000000
74655  54.265  -25.039  65.694 0.0000000000
74670  53.081  -25.560  64.874 0.0000000000
74669  54.020  -25.357  64.792 0.0000000000
77010  54.770  -22.991  73.866 0.0000000000
77026  55.032  -22.882  73.604 0.0000000000
78396  55.316  -22.855  73.015 0.0000000000
69319  51.330  -28.627  74.797 0.0000000000
69318  51.701  -28.494  75.100 0.0000000000
70650  51.852  -28.134  74.655 0.0000000000
71872  52.675  -27.408  75.138 0.0000000000
71881  51.895  -27.485  74.239 0.0000000000
70662  49.833  -28.349  72.786 0.0000000000
73226  51.330  -26.453  72.609 0.0000000000
71888  51.199  -27.438  73.086 0.0000000000
73217  52.064  -26.661  73.787 0.0000000000
74531  53.110  -25.268  73.712 0.0000000000
74537  52.602  -25.187  73.089 0.0000000000
74547  52.722  -24.885  72.246 0.0000000000
75807  53.391  -24.216  71.476 0.0000000000
75806  54.541  -23.693  71.423 0.0000000000
75826  53.380  -24.070  70.244 0.0000000000
75844  54.099  -24.258  69.692 0.0000000000
75827  52.523  -24.391  70.022 0.0000000000
74582  50.399  -25.384  68.907 0.0000000000
74581  51.765  -25.061  69.093 0.0000000000
74601  51.537  -25.189  67.936 0.0000000000
71915  47.916  -27.459  68.375 0.0000000000
73264  48.436  -26.681  67.892 0.0000000000
73305  48.101  -26.662  66.202 0.0000000000
73282  48.938  -25.969  67.445 0.0000000000
73304  49.176  -26.056  66.447 0.0000000000
74644  49.771  -25.656  66.588 0.0000000000
73325  49.806  -26.228  65.489 0.0000000000
71994  47.302  -26.950  63.762 0.0000000000
69461  44.506  -29.857  63.966 0.0000000000
69480  44.329  -29.363  63.408 0.0000000000
69501  43.623  -29.823  62.910 0.0000000000
68243  42.366  -30.791  61.034 0.0000000000
68264  42.400  -30.626  60.098 0.0000000000
65525  44.618  -32.817  66.846 0.0000000000
64168  44.097  -33.719  66.759 0.0000000000
62881  43.170  -34.106  65.258 0.0000000000
64229  42.817  -33.495  64.496 0.0000000000
64251  42.992  -32.967  64.318 0.0000000000
61542  41.819  -34.932  65.033 0.0000000000
61543  40.947  -35.257  64.484 0.0000000000
61574  40.158  -34.827  62.956 0.0000000000
62923  40.762  -34.707  63.566 0.0000000000
62937  40.775  -34.411  62.912 0.0000000000
56517  41.778  -37.940  75.393 0.0000000000
57738  42.354  -37.656  74.890 0.0000000000
57739  41.538  -37.771  74.773 0.0000000000
57754  40.979  -37.768  73.921 0.0000000000
57771  40.536  -37.725  72.932 0.0000000000
57774  37.157  -38.439  72.677 0.0000000000
57790  37.945  -37.872  71.808 0.0000000000
57805  38.537  -37.327  71.182 0.0000000000
58999  37.815  -37.371  69.930 0.0000000000
52888  31.860  -41.792  71.212 0.0000000000
53984  32.421  -41.450  71.535 0.0000000000
53997  32.350  -41.314  70.764 0.0000000000
55258  32.342  -40.285  69.113 0.0000000000
54014  32.833  -40.796  70.395 0.0000000000
55322  31.189  -40.665  66.231 0.0000000000
55295  32.010  -40.462  67.079 0.0000000000
56621  33.244  -39.258  67.502 0.0000000000
55294  32.686  -39.971  67.665 0.0000000000
56589  34.251  -38.938  69.533 0.0000000000
56602  34.147  -38.725  68.992 0.0000000000
57845  34.441  -38.068  68.212 0.0000000000
59038  34.922  -37.710  67.281 0.0000000000
59036  36.608  -37.122  67.998 0.0000000000
86877  60.305  -16.887  57.214 0.0000000000
84351  57.432  -18.585  56.778 0.0000000000
84350  58.154  -18.569  56.848 0.0000000000
83031  57.929  -18.854  56.294 0.0000000000
81611  58.984  -20.020  53.974 0.0000000000
77277  48.659  -22.342  56.370 0.0000000000
77282  48.774  -22.567  56.110 0.0000000000
56293  29.395  -40.040  87.133 0.0000000000
55023  28.842  -40.479  86.917 0.0000000000
57530  29.234  -39.632  87.088 0.0000000000
57531  28.545  -39.273  87.247 0.0000000000
57532  27.704  -38.914  87.386 0.0000000000
58919  44.643  -37.715  77.371 0.0000000000
58918  45.155  -37.453  77.559 0.0000000000
58928  45.196  -37.144  76.499 0.0000000000
58937  45.890  -36.680  75.091 0.0000000000
58949  45.333  -36.762  74.783 0.0000000000
60131  45.053  -36.706  74.434 0.0000000000
58968  44.535  -36.740  73.547 0.0000000000
58969  44.009  -36.940  73.451 0.0000000000
58962  42.519  -37.581  73.516 0.0000000000
80071  51.147  -20.508  58.110 0.0000000000
81559  51.173  -20.463  57.705 0.0000000000
80085  50.227  -20.820  57.026 0.0000000000
80099  49.637  -21.541  56.039 0.0000000000
49994  24.074  -44.263  78.149 0.0000000000
47617  22.637  -47.178  82.987 0.0000000000
45357  24.861  -48.741  81.773 0.0000000000
44151  25.222  -49.684  82.157 0.0000000000
56371  39.667  -39.614  82.442 0.0000000000
55093  40.011  -39.840  82.090 0.0000000000
53876  39.586  -40.439  81.948 0.0000000000
51291  39.219  -41.138  81.146 0.0000000000
51312  39.251  -41.065  80.655 0.0000000000
51314  37.662  -41.571  80.924 0.0000000000
50007  27.059  -43.259  77.448 0.0000000000
75961  51.497  -24.762  61.487 0.0000000000
75978  50.966  -25.207  60.595 0.0000000000
75977  52.182  -25.290  60.927 0.0000000000
73431  52.669  -26.499  60.414 0.0000000000
45321  19.433  -48.018  85.517 0.0000000000
84167  53.043  -18.050  68.355 0.0000000000
84152  52.626  -17.786  69.131 0.0000000000
81331  55.446  -21.263  71.609 0.0000000000
81354  55.531  -21.411  71.040 0.0000000000
79904  55.958  -22.438  70.020 0.0000000000
77125  55.613  -23.451  68.975 0.0000000000
75879  55.553  -24.093  68.439 0.0000000000
75862  55.503  -23.833  68.960 0.0000000000
74597  55.179  -24.394  68.936 0.0000000000
66756  46.509  -31.638  70.104 0.0000000000
68030  47.140  -30.637  70.217 0.0000000000
69377  47.078  -29.346  68.874 0.0000000000
69379  45.609  -30.018  67.711 0.0000000000
69394  45.598  -29.960  66.926 0.0000000000
68113  45.056  -30.251  65.758 0.0000000000
68083  45.204  -30.778  66.452 0.0000000000
66813  44.617  -31.737  66.324 0.0000000000
55223  34.576  -40.650  73.709 0.0000000000
55232  33.464  -40.628  72.220 0.0000000000
86859  60.653  -16.652  58.981 0.0000000000
85610  59.668  -17.890  58.206 0.0000000000
84333  59.420  -18.761  57.521 0.0000000000
51303  27.401  -42.580  82.366 0.0000000000
51282  27.041  -42.466  83.042 0.0000000000
52731  26.647  -42.040  83.482 0.0000000000
53829  26.020  -41.129  85.338 0.0000000000
52689  25.723  -41.417  84.762 0.0000000000
53830  25.034  -41.414  85.250 0.0000000000
53849  24.501  -41.633  84.835 0.0000000000
53850  23.781  -41.843  84.966 0.0000000000
52692  23.587  -42.277  85.397 0.0000000000
51255  23.278  -43.191  85.519 0.0000000000
49929  22.949  -44.174  86.018 0.0000000000
55054  35.666  -40.111  83.794 0.0000000000
53844  35.162  -41.165  83.705 0.0000000000
53862  33.251  -41.734  83.467 0.0000000000
51252  30.742  -41.921  83.970 0.0000000000
51279  29.952  -42.071  83.200 0.0000000000
52749  29.820  -42.164  82.858 0.0000000000
60043  47.577  -35.450  77.755 0.0000000000
64021  49.732  -32.538  77.302 0.0000000000
64031  49.850  -32.372  76.757 0.0000000000
64032  49.513  -32.881  76.781 0.0000000000
64033  49.290  -33.175  76.092 0.0000000000
64044  48.700  -33.251  75.220 0.0000000000
61402  46.428  -34.859  72.937 0.0000000000
62693  47.251  -34.352  73.604 0.0000000000
62713  46.664  -34.125  72.956 0.0000000000
62735  46.698  -34.054  72.262 0.0000000000
64085  46.842  -33.755  71.867 0.0000000000
65438  46.807  -33.410  71.595 0.0000000000
64086  46.600  -33.758  71.279 0.0000000000
61448  44.059  -35.393  69.652 0.0000000000
58994  42.726  -36.809  70.902 0.0000000000
59010  42.980  -36.490  70.401 0.0000000000
59031  41.177  -36.758  69.070 0.0000000000
51521  29.890  -42.590  71.056 0.0000000000
51522  28.966  -42.459  70.859 0.0000000000
84305  55.806  -18.618  58.894 0.0000000000
83034  54.558  -19.384  56.202 0.0000000000
81633  52.162  -21.047  53.920 0.0000000000
49984  22.717  -44.611  79.819 0.0000000000
48798  22.272  -45.351  79.967 0.0000000000
46500  23.525  -47.780  79.845 0.0000000000
46508  24.419  -47.963  78.968 0.0000000000
53872  42.273  -39.513  80.648 0.0000000000
55089  43.039  -39.169  81.017 0.0000000000
55105  42.844  -39.438  80.619 0.0000000000
55115  43.612  -39.413  80.314 0.0000000000
56398  43.756  -39.425  79.963 0.0000000000
56413  44.130  -39.154  79.724 0.0000000000
56414  43.343  -39.431  79.538 0.0000000000
56415  42.736  -39.418  79.069 0.0000000000
56453  41.862  -38.778  77.585 0.0000000000
56434  41.532  -39.292  78.227 0.0000000000
55165  40.342  -39.718  78.074 0.0000000000
52792  37.879  -41.329  78.756 0.0000000000
53920  37.731  -41.221  78.467 0.0000000000
52801  36.609  -41.139  78.102 0.0000000000
53936  36.444  -40.927  76.662 0.0000000000
53938  34.361  -41.747  76.736 0.0000000000
51318  34.157  -42.657  80.894 0.0000000000
51400  30.816  -42.845  77.574 0.0000000000
51427  31.687  -43.337  76.058 0.0000000000
51426  32.532  -43.194  76.298 0.0000000000
51447  31.237  -42.955  75.262 0.0000000000
50072  26.253  -44.032  74.234 0.0000000000
50130  24.967  -44.601  72.082 0.0000000000
50152  24.376  -45.498  71.352 0.0000000000
78594  47.434  -22.656  60.748 0.0000000000
78609  47.409  -22.488  59.792 0.0000000000
77266  47.042  -24.190  59.410 0.0000000000
76003  47.165  -24.488  58.999 0.0000000000
73459  49.406  -26.831  58.333 0.0000000000
52617  23.045  -42.489  88.981 0.0000000000
52633  22.819  -42.831  88.435 0.0000000000
51220  22.694  -43.645  87.753 0.0000000000
49897  22.740  -44.760  87.909 0.0000000000
48734  22.697  -45.663  87.631 0.0000000000
47575  23.120  -46.890  87.346 0.0000000000
44084  21.764  -48.504  87.047 0.0000000000
42907  22.816  -49.307  86.436 0.0000000000
42906  23.143  -49.394  86.470 0.0000000000
42914  23.572  -49.608  85.767 0.0000000000
41730  23.771  -50.438  84.960 0.0000000000
41741  24.234  -51.069  84.346 0.0000000000
40591  24.640  -51.223  83.908 0.0000000000
41755  24.221  -51.241  83.933 0.0000000000
40600  23.924  -51.027  83.292 0.0000000000
85544  59.414  -17.288  62.581 0.0000000000
85545  59.051  -17.777  62.479 0.0000000000
84251  58.589  -18.358  62.569 0.0000000000
82924  57.619  -18.989  62.899 0.0000000000
82950  56.558  -19.282  62.494 0.0000000000
81510  54.995  -19.309  61.533 0.0000000000
81511  54.093  -19.603  61.530 0.0000000000
81454  51.301  -20.252  63.383 0.0000000000
81455  50.468  -20.438  63.536 0.0000000000
81456  49.898  -20.621  63.850 0.0000000000
81433  49.764  -20.677  64.513 0.0000000000
81392  49.865  -20.344  67.087 0.0000000000
81404  49.441  -20.845  66.290 0.0000000000
81393  49.445  -21.079  67.078 0.0000000000
78522  48.890  -22.360  65.863 0.0000000000
77178  49.060  -23.184  65.071 0.0000000000
78521  49.408  -22.649  66.377 0.0000000000
77160  50.165  -23.192  66.114 0.0000000000
86666  52.531  -16.688  71.551 0.0000000000
85420  51.618  -17.806  71.653 0.0000000000
84130  51.297  -18.633  71.490 0.0000000000
78471  54.226  -22.446  69.691 0.0000000000
78488  53.957  -22.784  68.751 0.0000000000
78518  52.519  -22.817  66.919 0.0000000000
77173  54.023  -23.262  65.502 0.0000000000
77189  54.677  -23.499  64.828 0.0000000000
75922  55.210  -24.301  63.725 0.0000000000
77204  55.072  -23.930  64.347 0.0000000000
74667  55.359  -24.812  64.564 0.0000000000
74657  52.871  -25.504  65.397 0.0000000000
73342  51.394  -26.139  64.440 0.0000000000
75731  54.532  -23.499  74.285 0.0000000000
75752  54.498  -23.856  73.967 0.0000000000
67949  50.568  -30.089  75.348 0.0000000000
67948  51.041  -29.489  75.532 0.0000000000
69303  50.519  -29.502  74.793 0.0000000000
69320  50.852  -28.871  74.458 0.0000000000
70652  50.768  -28.526  73.801 0.0000000000
71890  49.775  -27.687  72.313 0.0000000000
71895  49.991  -26.954  72.252 0.0000000000
73227  50.640  -26.603  72.249 0.0000000000
74538  52.047  -25.500  72.467 0.0000000000
74539  51.597  -25.643  72.009 0.0000000000
74562  52.126  -24.891  70.799 0.0000000000
74563  51.550  -24.868  70.215 0.0000000000
71927  47.491  -27.693  67.126 0.0000000000
71940  47.246  -27.441  66.294 0.0000000000
73306  47.532  -26.905  65.723 0.0000000000
73327  47.968  -26.577  65.337 0.0000000000
73328  47.461  -26.892  65.197 0.0000000000
71978  47.082  -27.115  64.771 0.0000000000
72019  45.950  -27.446  62.737 0.0000000000
70787  44.497  -28.455  62.069 0.0000000000
68168  43.536  -30.564  63.388 0.0000000000
68192  42.924  -30.576  62.525 0.0000000000
68216  42.466  -30.986  61.919 0.0000000000
62855  43.825  -34.230  66.758 0.0000000000
64169  43.725  -34.010  66.471 0.0000000000
60319  39.919  -35.880  64.106 0.0000000000
57728  40.567  -38.251  75.890 0.0000000000
57740  40.398  -37.680  75.022 0.0000000000
57741  39.687  -37.838  74.795 0.0000000000
57756  38.773  -38.231  73.595 0.0000000000
57807  36.840  -37.836  70.502 0.0000000000
57824  36.376  -37.686  69.862 0.0000000000
52903  31.227  -41.755  70.005 0.0000000000
54016  31.320  -41.174  69.391 0.0000000000
56643  32.680  -39.904  66.202 0.0000000000
57846  33.810  -38.532  67.615 0.0000000000
83061  57.268  -18.872  54.488 0.0000000000
76022  47.813  -24.057  55.141 0.0000000000
77283  48.326  -23.109  55.645 0.0000000000
76026  48.152  -24.545  54.452 0.0000000000
52686  28.620  -42.111  84.605 0.0000000000
52673  28.389  -41.660  85.271 0.0000000000
53827  27.808  -41.251  85.532 0.0000000000
53810  27.417  -40.582  85.907 0.0000000000
53791  28.242  -40.705  86.824 0.0000000000
53792  27.699  -40.663  86.700 0.0000000000
53811  26.341  -40.618  85.903 0.0000000000
52654  30.940  -41.544  84.216 0.0000000000
53790  30.641  -41.267  84.885 0.0000000000
52655  30.310  -41.652  84.452 0.0000000000
51241  29.674  -41.878  84.427 0.0000000000
58864  46.084  -37.366  80.308 0.0000000000
58881  46.452  -36.792  79.555 0.0000000000
60044  46.940  -36.090  78.309 0.0000000000
58900  46.517  -36.519  77.944 0.0000000000
61322  47.932  -34.894  76.194 0.0000000000
61341  47.934  -34.741  75.538 0.0000000000
61342  47.366  -35.072  75.378 0.0000000000
61363  47.133  -35.056  74.182 0.0000000000
60129  46.100  -36.228  74.352 0.0000000000
61383  46.407  -35.538  73.684 0.0000000000
61417  45.314  -35.495  71.824 0.0000000000
61418  44.753  -35.737  71.253 0.0000000000
60172  43.216  -36.598  72.092 0.0000000000
60188  43.077  -36.566  71.364 0.0000000000
50169  26.581  -43.680  70.280 0.0000000000
51544  26.564  -43.681  69.090 0.0000000000
51563  26.295  -43.688  68.512 0.0000000000
51588  25.748  -43.946  67.876 0.0000000000
49012  25.248  -45.587  67.634 0.0000000000
81571  53.227  -19.617  57.651 0.0000000000
81598  52.008  -20.282  55.497 0.0000000000
81614  51.849  -20.747  54.499 0.0000000000
48853  24.688  -44.641  74.431 0.0000000000
48875  24.230  -45.068  74.055 0.0000000000
48854  24.184  -44.928  74.960 0.0000000000
48855  23.510  -45.544  75.448 0.0000000000
50028  24.347  -44.481  76.202 0.0000000000
47674  22.959  -46.289  76.229 0.0000000000
49965  22.337  -44.694  81.648 0.0000000000
47626  23.066  -47.267  81.900 0.0000000000
46498  24.795  -48.772  79.701 0.0000000000
55092  40.825  -39.675  81.812 0.0000000000
55091  41.563  -39.393  81.346 0.0000000000
53873  41.670  -39.603  80.896 0.0000000000
53886  41.743  -39.715  80.415 0.0000000000
53897  41.118  -40.246  80.067 0.0000000000
53908  41.165  -40.291  79.638 0.0000000000
53909  40.640  -40.495  79.635 0.0000000000
52783  38.829  -41.173  79.744 0.0000000000
51336  38.693  -41.257  80.250 0.0000000000
51357  38.408  -41.380  79.814 0.0000000000
52784  38.132  -41.395  79.275 0.0000000000
52785  37.490  -41.502  79.386 0.0000000000
51377  36.371  -41.541  79.043 0.0000000000
52795  35.303  -41.701  78.623 0.0000000000
51344  31.665  -42.596  80.295 0.0000000000
51366  31.026  -42.855  79.446 0.0000000000
51385  30.410  -42.736  78.516 0.0000000000
51430  28.944  -42.560  76.079 0.0000000000
50045  29.020  -42.569  75.588 0.0000000000
50046  28.558  -42.646  75.850 0.0000000000
75943  48.768  -24.009  62.267 0.0000000000
75980  48.444  -24.805  60.953 0.0000000000
73458  50.351  -26.689  58.927 0.0000000000
44094  21.030  -48.061  87.001 0.0000000000
44093  21.485  -48.414  86.182 0.0000000000
42925  22.007  -49.176  85.087 0.0000000000
44125  22.243  -49.446  84.389 0.0000000000
42936  22.478  -49.904  84.008 0.0000000000
44140  21.790  -49.268  83.262 0.0000000000
82898  52.745  -19.884  65.546 0.0000000000
82884  51.690  -19.516  66.286 0.0000000000
82870  50.416  -19.803  67.829 0.0000000000
81370  50.092  -20.746  69.056 0.0000000000
82752  53.160  -19.422  73.570 0.0000000000
81305  53.356  -20.285  73.125 0.0000000000
79887  53.985  -21.956  70.576 0.0000000000
79886  55.110  -21.742  70.477 0.0000000000
78448  55.067  -21.996  70.090 0.0000000000
77154  55.292  -23.448  66.869 0.0000000000
75892  55.356  -24.090  67.010 0.0000000000
73300  52.798  -25.058  66.893 0.0000000000
73279  52.336  -25.333  67.097 0.0000000000
74494  53.469  -25.283  75.515 0.0000000000
67985  48.552  -30.871  73.059 0.0000000000
69335  48.887  -29.854  72.843 0.0000000000
69345  48.526  -29.967  72.111 0.0000000000
69351  48.878  -29.086  71.705 0.0000000000
70674  48.936  -28.432  71.217 0.0000000000
71902  48.958  -27.476  70.645 0.0000000000
71909  48.827  -27.056  69.921 0.0000000000
71910  48.269  -27.338  69.334 0.0000000000
70689  47.173  -28.497  68.382 0.0000000000
70696  47.015  -28.220  67.505 0.0000000000
70704  47.048  -28.130  66.805 0.0000000000
70721  45.609  -28.770  64.887 0.0000000000
70738  45.540  -28.706  64.433 0.0000000000
68114  44.556  -30.497  65.136 0.0000000000
68143  43.871  -30.656  63.865 0.0000000000
65592  42.288  -32.202  63.153 0.0000000000
60264  41.883  -35.914  67.146 0.0000000000
61496  41.497  -35.699  66.025 0.0000000000
60306  40.684  -35.867  65.171 0.0000000000
60286  40.178  -36.383  65.360 0.0000000000
60307  40.255  -36.034  64.675 0.0000000000
56521  37.258  -39.181  75.229 0.0000000000
56539  36.256  -39.343  73.306 0.0000000000
54054  29.863  -41.551  66.745 0.0000000000
54052  31.182  -41.092  67.558 0.0000000000
54079  30.443  -41.152  66.408 0.0000000000
55343  31.505  -40.483  65.282 0.0000000000
85609  60.156  -17.715  58.133 0.0000000000
83028  60.703  -19.492  56.736 0.0000000000
81582  60.795  -20.060  56.387 0.0000000000
81595  60.832  -20.244  55.676 0.0000000000
80129  56.984  -21.342  52.225 0.0000000000
51371  26.155  -42.681  79.752 0.0000000000
51351  24.839  -43.163  80.846 0.0000000000
51329  23.601  -43.554  81.963 0.0000000000
52732  25.533  -42.111  83.410 0.0000000000
52751  25.287  -42.331  82.927 0.0000000000
52752  24.733  -42.389  83.006 0.0000000000
49951  22.280  -44.834  83.467 0.0000000000
48770  22.228  -45.242  83.649 0.0000000000
49944  22.258  -45.001  83.882 0.0000000000
48777  22.311  -46.061  83.610 0.0000000000
47608  22.539  -46.683  83.886 0.0000000000
46459  23.529  -48.010  84.435 0.0000000000
55068  37.401  -40.167  82.510 0.0000000000
52699  37.608  -40.798  82.664 0.0000000000
52746  37.243  -41.639  82.015 0.0000000000
52747  36.313  -41.879  82.142 0.0000000000
52748  35.342  -42.048  82.062 0.0000000000
51274  34.505  -42.165  81.937 0.0000000000
51296  33.914  -42.483  81.529 0.0000000000
52683  33.089  -41.344  84.374 0.0000000000
53847  32.387  -41.792  83.871 0.0000000000
52705  31.283  -42.102  83.946 0.0000000000
52725  32.053  -42.290  83.537 0.0000000000
51298  32.121  -42.567  81.993 0.0000000000
51346  29.679  -42.585  80.748 0.0000000000
52776  29.252  -42.637  81.284 0.0000000000
75959  54.185  -24.963  62.167 0.0000000000
73429  54.594  -26.947  61.321 0.0000000000
72036  54.846  -27.300  61.639 0.0000000000
86665  52.825  -16.238  71.115 0.0000000000
86651  52.419  -16.944  72.449 0.0000000000
86634  52.442  -17.263  72.984 0.0000000000
86633  52.516  -16.995  73.105 0.0000000000
84101  52.687  -18.541  73.441 0.0000000000
84100  53.348  -19.023  73.680 0.0000000000
84116  53.953  -19.351  73.407 0.0000000000
82778  54.651  -20.073  72.831 0.0000000000
85401  54.292  -19.392  73.867 0.0000000000
84114  54.735  -19.732  73.388 0.0000000000
82802  55.210  -20.895  71.996 0.0000000000
81304  55.339  -21.076  71.980 0.0000000000
79859  56.146  -21.842  71.420 0.0000000000
78419  56.158  -22.313  71.489 0.0000000000
67934  50.618  -30.519  75.735 0.0000000000
66674  50.193  -30.655  75.201 0.0000000000
67966  49.045  -31.241  73.562 0.0000000000
62657  48.355  -34.255  75.500 0.0000000000
64045  48.423  -33.853  74.915 0.0000000000
64053  48.588  -32.998  74.588 0.0000000000
64054  48.362  -33.491  74.332 0.0000000000
65411  48.572  -32.898  74.271 0.0000000000
65419  48.932  -32.167  73.862 0.0000000000
66692  48.824  -31.820  73.466 0.0000000000
66724  48.236  -31.537  72.543 0.0000000000
65451  46.687  -32.871  71.267 0.0000000000
66739  46.699  -32.086  70.762 0.0000000000
66755  47.054  -31.369  70.663 0.0000000000
65524  45.033  -32.462  67.455 0.0000000000
65499  45.202  -32.764  68.156 0.0000000000
64142  44.887  -33.662  67.931 0.0000000000
62832  44.577  -34.084  67.737 0.0000000000
62809  44.732  -34.291  68.207 0.0000000000
62833  44.014  -34.480  67.473 0.0000000000
61481  42.563  -35.526  67.366 0.0000000000
61432  44.355  -35.638  70.547 0.0000000000
60236  43.719  -35.728  69.343 0.0000000000
60218  43.334  -35.930  69.831 0.0000000000
61465  43.341  -35.643  68.370 0.0000000000
61466  42.789  -35.684  67.968 0.0000000000
60254  40.628  -36.424  67.145 0.0000000000
59048  40.144  -36.500  67.584 0.0000000000
57886  39.718  -36.578  67.337 0.0000000000
57864  39.357  -36.611  67.546 0.0000000000
52855  32.204  -42.285  73.022 0.0000000000
52872  31.890  -41.888  72.039 0.0000000000
52889  31.279  -42.091  70.844 0.0000000000
52890  30.579  -42.315  70.490 0.0000000000
52922  30.291  -41.645  68.781 0.0000000000
52943  30.190  -41.957  67.978 0.0000000000
50187  27.243  -43.241  69.434 0.0000000000
51561  27.811  -42.668  67.744 0.0000000000
51586  27.161  -43.193  67.143 0.0000000000
52924  28.684  -42.292  68.137 0.0000000000
52944  29.529  -42.001  67.439 0.0000000000
85612  57.617  -17.265  58.482 0.0000000000
85626  57.315  -17.602  57.980 0.0000000000
84335  57.017  -18.242  57.517 0.0000000000
83032  56.685  -18.691  56.560 0.0000000000
83017  53.832  -19.458  56.940 0.0000000000
83051  54.276  -19.380  55.240 0.0000000000
81612  53.635  -20.158  54.329 0.0000000000
83064  54.026  -19.805  54.420 0.0000000000
81630  54.781  -20.136  53.418 0.0000000000
47744  23.493  -46.603  72.812 0.0000000000
48806  23.151  -44.639  78.372 0.0000000000
47652  22.713  -46.920  78.475 0.0000000000
56384  43.625  -38.975  80.988 0.0000000000
57684  44.906  -37.919  78.301 0.0000000000
57672  44.158  -38.830  79.237 0.0000000000
57685  44.031  -38.617  78.519 0.0000000000
57696  44.753  -37.830  77.650 0.0000000000
57708  43.885  -37.668  76.601 0.0000000000
58941  43.348  -37.724  75.922 0.0000000000
57726  42.932  -38.048  75.998 0.0000000000
56495  41.719  -38.386  75.907 0.0000000000
57711  41.073  -38.325  76.166 0.0000000000
56497  38.990  -39.314  75.801 0.0000000000
55150  39.911  -40.347  78.656 0.0000000000
55166  39.625  -40.171  77.848 0.0000000000
53926  38.245  -40.854  77.833 0.0000000000
55167  38.832  -40.555  77.679 0.0000000000
55181  39.395  -40.004  76.986 0.0000000000
55196  38.952  -39.909  76.420 0.0000000000
56498  37.887  -39.437  75.683 0.0000000000
55209  36.959  -39.763  75.465 0.0000000000
55210  36.380  -40.012  75.164 0.0000000000
55212  34.829  -40.630  74.718 0.0000000000
53966  33.291  -41.467  73.991 0.0000000000
52762  36.891  -41.742  81.608 0.0000000000
51315  36.742  -41.799  81.144 0.0000000000
51339  35.802  -42.175  80.473 0.0000000000
51379  34.800  -41.896  78.755 0.0000000000
51394  34.473  -42.156  77.849 0.0000000000
51382  32.999  -42.685  78.572 0.0000000000
51396  33.693  -42.601  78.110 0.0000000000
51395  34.091  -42.428  77.961 0.0000000000
52811  33.718  -42.212  76.615 0.0000000000
52819  33.579  -42.035  76.034 0.0000000000
52820  33.026  -42.576  76.007 0.0000000000
52828  33.093  -42.284  75.194 0.0000000000
52840  32.874  -42.043  74.500 0.0000000000
51487  30.261  -42.637  72.762 0.0000000000
51505  28.306  -42.844  71.528 0.0000000000
50148  27.244  -43.243  71.223 0.0000000000
50127  27.933  -43.395  72.400 0.0000000000
50190  25.023  -44.756  69.504 0.0000000000
50171  24.865  -44.683  70.571 0.0000000000
80057  49.439  -21.009  59.316 0.0000000000
78622  48.918  -21.653  57.910 0.0000000000
80074  48.641  -21.355  58.679 0.0000000000
78623  48.062  -21.927  58.179 0.0000000000
78637  47.830  -22.340  56.889 0.0000000000
78624  47.194  -22.334  58.695 0.0000000000
77279  47.241  -23.254  56.721 0.0000000000
74724  47.680  -25.054  59.205 0.0000000000
73460  48.229  -26.366  58.076 0.0000000000
73461  47.520  -26.036  57.855 0.0000000000
72129  47.765  -26.872  56.445 0.0000000000
74711  53.719  -26.044  61.205 0.0000000000
72063  52.835  -27.112  60.295 0.0000000000
72088  52.613  -27.559  60.048 0.0000000000
57544  27.532  -38.612  86.716 0.0000000000
56296  27.024  -39.167  87.498 0.0000000000
57533  26.665  -38.895  87.378 0.0000000000
57520  26.347  -39.232  87.497 0.0000000000
55010  25.852  -39.949  87.096 0.0000000000
53779  25.097  -40.352  87.178 0.0000000000
56275  23.985  -40.246  88.076 0.0000000000
53780  24.200  -41.056  87.546 0.0000000000
52657  23.495  -42.252  86.559 0.0000000000
49919  22.753  -44.344  87.047 0.0000000000
48751  22.717  -45.094  86.465 0.0000000000
46453  22.725  -46.988  85.315 0.0000000000
46452  23.315  -47.558  85.138 0.0000000000
45333  24.231  -48.640  84.188 0.0000000000
48718  22.557  -45.215  88.939 0.0000000000
47555  23.030  -46.381  88.128 0.0000000000
46421  23.403  -47.284  87.351 0.0000000000
45300  24.068  -48.103  86.234 0.0000000000
42913  24.023  -49.413  85.752 0.0000000000
44092  24.312  -48.861  85.701 0.0000000000
45318  24.214  -48.498  85.491 0.0000000000
45332  24.306  -48.773  84.805 0.0000000000
44124  24.532  -49.048  83.808 0.0000000000
44138  24.993  -49.604  83.251 0.0000000000
42959  25.135  -50.209  82.612 0.0000000000
40598  24.496  -50.812  83.345 0.0000000000
41767  24.761  -50.508  82.547 0.0000000000
42950  22.559  -50.106  83.239 0.0000000000
42973  22.884  -50.453  82.239 0.0000000000
86833  59.986  -15.983  60.716 0.0000000000
85596  58.141  -16.870  59.185 0.0000000000
85597  57.106  -17.533  59.528 0.0000000000
85598  56.556  -17.897  59.067 0.0000000000
84288  57.568  -17.762  61.201 0.0000000000
84303  56.884  -17.982  60.207 0.0000000000
82990  54.999  -19.353  59.089 0.0000000000
82966  57.829  -18.990  62.319 0.0000000000
82949  57.099  -19.175  62.487 0.0000000000
82967  56.973  -19.063  61.934 0.0000000000
82977  56.470  -19.079  61.706 0.0000000000
81540  55.557  -19.105  60.486 0.0000000000
81555  54.455  -19.474  59.116 0.0000000000
81556  53.683  -19.593  58.622 0.0000000000
80055  51.127  -20.512  58.616 0.0000000000
81451  54.773  -19.872  63.340 0.0000000000
81513  52.092  -20.295  61.664 0.0000000000
81530  50.832  -20.437  60.677 0.0000000000
80037  49.358  -21.138  60.307 0.0000000000
80038  48.543  -21.659  60.715 0.0000000000
80012  48.353  -21.727  61.552 0.0000000000
78593  47.970  -22.128  61.054 0.0000000000
78582  47.655  -22.485  61.504 0.0000000000
77239  47.647  -23.019  61.779 0.0000000000
77238  47.949  -23.320  61.958 0.0000000000
81415  50.484  -20.139  65.104 0.0000000000
79959  49.122  -21.313  64.708 0.0000000000
79960  48.631  -21.902  64.055 0.0000000000
78546  48.317  -22.589  63.430 0.0000000000
77224  48.225  -23.325  62.639 0.0000000000
77223  48.916  -23.771  62.945 0.0000000000
75942  49.574  -24.200  62.291 0.0000000000
77209  50.329  -23.890  63.531 0.0000000000
75939  53.022  -24.352  62.666 0.0000000000
85440  52.971  -17.178  69.713 0.0000000000
84153  51.880  -18.168  69.466 0.0000000000
84140  51.648  -17.920  70.223 0.0000000000
82831  50.741  -19.312  69.490 0.0000000000
82832  50.309  -20.062  69.698 0.0000000000
81307  51.811  -20.225  72.342 0.0000000000
81336  51.281  -20.536  71.529 0.0000000000
79889  51.432  -21.689  70.727 0.0000000000
79890  50.714  -21.466  70.139 0.0000000000
79910  50.543  -21.496  69.359 0.0000000000
78505  50.496  -22.862  67.492 0.0000000000
77159  50.966  -23.165  66.405 0.0000000000
77175  51.855  -23.344  65.489 0.0000000000
77207  52.560  -23.799  63.578 0.0000000000
77220  53.299  -24.005  63.158 0.0000000000
75936  55.645  -24.771  63.395 0.0000000000
74688  55.915  -25.123  62.682 0.0000000000
74681  54.571  -25.507  63.943 0.0000000000
79817  55.559  -21.523  73.236 0.0000000000
78378  55.714  -22.071  72.836 0.0000000000
78395  55.742  -22.516  72.400 0.0000000000
77069  55.647  -23.295  71.301 0.0000000000
73194  53.087  -26.452  75.330 0.0000000000
74495  53.259  -25.630  74.935 0.0000000000
69334  49.465  -29.365  73.291 0.0000000000
70653  50.163  -28.668  73.473 0.0000000000
70660  51.121  -27.968  73.556 0.0000000000
71882  51.532  -27.462  73.668 0.0000000000
73209  52.368  -26.857  74.320 0.0000000000
73216  52.701  -26.089  74.095 0.0000000000
74515  53.275  -25.378  74.378 0.0000000000
74530  53.492  -24.955  74.020 0.0000000000
75774  53.723  -24.428  73.449 0.0000000000
75793  53.263  -24.536  72.670 0.0000000000
75791  54.786  -23.708  72.128 0.0000000000
75805  55.154  -23.507  71.541 0.0000000000
75824  55.301  -23.573  70.571 0.0000000000
74561  54.919  -23.771  69.855 0.0000000000
75863  54.288  -24.448  69.227 0.0000000000
75864  54.076  -24.511  68.905 0.0000000000
74580  52.687  -24.846  68.833 0.0000000000
74622  52.452  -25.135  67.514 0.0000000000
74623  51.993  -25.301  67.376 0.0000000000
73280  51.568  -25.520  67.143 0.0000000000
73250  49.132  -26.191  69.247 0.0000000000
74583  49.702  -25.608  68.465 0.0000000000
74603  49.648  -25.572  67.803 0.0000000000
74624  50.296  -25.436  67.361 0.0000000000
73281  50.789  -25.560  66.868 0.0000000000
73343  50.309  -26.340  64.578 0.0000000000
73345  48.417  -26.411  64.695 0.0000000000
69479  44.855  -28.969  63.556 0.0000000000
70767  44.615  -28.675  62.904 0.0000000000
69523  43.896  -28.880  61.589 0.0000000000
69524  43.374  -29.615  62.045 0.0000000000
65552  44.226  -32.598  66.026 0.0000000000
65553  43.722  -32.533  65.318 0.0000000000
65573  43.342  -32.391  64.565 0.0000000000
64272  41.815  -32.966  63.134 0.0000000000
61518  42.079  -35.300  65.693 0.0000000000
61559  40.780  -34.862  63.903 0.0000000000
62922  41.355  -34.393  63.843 0.0000000000
62921  41.983  -33.866  63.923 0.0000000000
64253  41.716  -33.671  63.430 0.0000000000
57752  42.456  -37.739  74.036 0.0000000000
57769  41.873  -37.792  73.233 0.0000000000
58973  40.657  -37.417  72.037 0.0000000000
58984  40.177  -37.393  71.294 0.0000000000
56537  38.295  -38.475  74.263 0.0000000000
57773  38.289  -37.847  72.834 0.0000000000
59015  38.606  -36.846  69.169 0.0000000000
59034  38.303  -36.888  68.433 0.0000000000
59051  37.458  -36.858  67.177 0.0000000000
55238  33.527  -40.576  71.445 0.0000000000
55245  34.151  -40.157  71.113 0.0000000000
56580  34.444  -39.283  70.339 0.0000000000
54051  31.682  -40.819  68.059 0.0000000000
56590  33.807  -39.443  69.338 0.0000000000
57809  35.179  -38.534  70.013 0.0000000000
59018  35.924  -37.461  68.645 0.0000000000
84334  58.451  -18.303  57.346 0.0000000000
83030  58.990  -19.256  56.587 0.0000000000
83047  58.656  -19.390  55.735 0.0000000000
83046  59.547  -19.851  56.051 0.0000000000
81596  60.037  -20.219  55.454 0.0000000000
81609  60.722  -20.278  54.817 0.0000000000
81649  57.481  -20.618  52.590 0.0000000000
78630  48.984  -21.731  57.137 0.0000000000
78649  48.832  -22.860  54.991 0.0000000000
78648  49.508  -22.548  54.615 0.0000000000
40592  24.474  -51.279  83.941 0.0000000000
40609  24.447  -50.647  82.828 0.0000000000
40610  24.235  -50.770  82.828 0.0000000000
41721  23.753  -50.099  85.266 0.0000000000
41728  24.418  -50.103  84.841 0.0000000000
41739  24.988  -50.411  84.168 0.0000000000
41753  25.166  -50.459  83.872 0.0000000000
41768  23.594  -50.749  83.072 0.0000000000
41781  22.981  -50.495  81.924 0.0000000000
42895  23.443  -48.898  87.099 0.0000000000
42904  23.885  -49.026  86.831 0.0000000000
42905  23.523  -49.263  86.534 0.0000000000
42917  22.144  -49.072  85.578 0.0000000000
42921  24.611  -49.811  84.556 0.0000000000
42922  24.339  -49.468  85.108 0.0000000000
42934  24.962  -50.076  84.140 0.0000000000
42937  22.168  -49.645  83.516 0.0000000000
44055  23.325  -47.941  88.146 0.0000000000
44056  22.956  -47.994  88.384 0.0000000000
44063  23.510  -48.089  87.760 0.0000000000
44073  23.732  -48.389  87.158 0.0000000000
44074  23.421  -48.555  87.442 0.0000000000
44075  23.062  -48.682  87.567 0.0000000000
44076  22.571  -48.666  87.652 0.0000000000
44106  21.990  -49.210  84.703 0.0000000000
44123  24.620  -49.331  84.114 0.0000000000
44137  25.148  -50.028  83.748 0.0000000000
44139  24.677  -49.262  83.618 0.0000000000
44174  26.060  -49.878  80.767 0.0000000000
45236  22.537  -47.127  88.938 0.0000000000
45248  23.154  -47.493  88.369 0.0000000000
45262  23.464  -47.561  88.010 0.0000000000
45286  23.725  -47.942  86.905 0.0000000000
45341  21.675  -49.131  83.118 0.0000000000
45342  21.547  -48.938  83.116 0.0000000000
45348  25.054  -49.142  82.342 0.0000000000
45350  21.738  -49.293  82.940 0.0000000000
46398  22.643  -46.858  88.847 0.0000000000
46399  22.446  -46.835  89.083 0.0000000000
46408  23.274  -46.996  88.256 0.0000000000
46414  23.416  -47.072  87.845 0.0000000000
46430  23.408  -47.371  86.765 0.0000000000
46431  22.898  -46.973  86.671 0.0000000000
46444  22.709  -46.679  85.755 0.0000000000
47546  22.990  -46.623  88.382 0.0000000000
47547  22.554  -46.176  88.596 0.0000000000
47556  22.658  -45.877  88.239 0.0000000000
47564  23.161  -46.617  87.736 0.0000000000
47565  22.877  -46.419  87.583 0.0000000000
48723  22.985  -46.183  87.975 0.0000000000
48724  22.754  -45.656  88.059 0.0000000000
48874  24.678  -44.638  73.993 0.0000000000
49035  25.537  -45.315  66.793 0.0000000000
49887  22.711  -44.972  88.350 0.0000000000
49888  22.614  -44.749  88.701 0.0000000000
49899  22.447  -44.251  88.684 0.0000000000
49910  22.736  -44.554  87.516 0.0000000000
49928  22.874  -44.079  86.572 0.0000000000
50002  33.674  -42.535  77.748 0.0000000000
50005  32.575  -43.028  77.011 0.0000000000
50020  33.615  -42.512  77.500 0.0000000000
50022  32.829  -43.070  76.849 0.0000000000
50023  32.534  -43.138  76.859 0.0000000000
50043  33.259  -42.955  76.891 0.0000000000
50068  29.618  -42.764  74.855 0.0000000000
50188  26.797  -43.533  69.530 0.0000000000
51196  22.219  -43.715  88.947 0.0000000000
51208  22.566  -43.910  87.930 0.0000000000
51227  30.840  -41.720  84.047 0.0000000000
51228  30.580  -41.747  84.016 0.0000000000
51240  30.113  -41.855  83.996 0.0000000000
51251  31.359  -41.842  84.117 0.0000000000
51283  26.098  -42.436  82.958 0.0000000000
51294  37.135  -41.675  81.593 0.0000000000
51409  34.439  -42.069  77.560 0.0000000000
51425  32.848  -42.845  76.549 0.0000000000
51449  29.553  -42.750  75.270 0.0000000000
51564  25.788  -43.972  68.386 0.0000000000
52619  22.393  -43.617  88.675 0.0000000000
52634  22.518  -43.399  88.557 0.0000000000
52635  22.523  -43.703  88.567 0.0000000000
52669  31.608  -41.632  84.428 0.0000000000
52670  31.239  -41.625  84.210 0.0000000000
52674  23.930  -41.773  85.803 0.0000000000
52685  31.880  -41.840  84.270 0.0000000000
52691  23.771  -41.924  85.630 0.0000000000
52700  37.189  -40.992  82.744 0.0000000000
52703  32.572  -41.572  84.038 0.0000000000
52712  23.500  -42.573  84.813 0.0000000000
52726  31.431  -42.149  83.599 0.0000000000
52727  29.686  -42.061  83.071 0.0000000000
52728  29.456  -42.119  83.114 0.0000000000
52729  27.898  -42.397  83.756 0.0000000000
52750  29.529  -42.284  82.795 0.0000000000
52760  40.344  -40.372  80.467 0.0000000000
52765  29.445  -42.817  81.600 0.0000000000
52766  29.215  -42.812  81.586 0.0000000000
53758  23.352  -42.019  89.170 0.0000000000
53759  23.066  -42.340  89.157 0.0000000000
53807  30.181  -41.333  85.262 0.0000000000
53814  23.902  -41.828  86.008 0.0000000000
53823  35.296  -40.696  83.907 0.0000000000
53831  24.157  -41.653  85.409 0.0000000000
53841  37.866  -40.287  82.630 0.0000000000
53845  33.070  -41.655  83.610 0.0000000000
53846  32.762  -41.676  83.729 0.0000000000
53848  24.963  -41.530  84.793 0.0000000000
53857  38.661  -40.041  82.820 0.0000000000
53859  36.964  -41.087  82.808 0.0000000000
53863  32.938  -41.870  83.461 0.0000000000
53864  32.416  -41.989  83.639 0.0000000000
53896  41.984  -39.729  80.099 0.0000000000
53898  40.225  -40.727  79.945 0.0000000000
54078  30.942  -41.087  66.886 0.0000000000
55008  27.328  -39.927  87.085 0.0000000000
55022  29.564  -40.305  86.655 0.0000000000
55035  35.032  -40.356  84.252 0.0000000000
55036  34.406  -40.299  84.487 0.0000000000
55095  38.940  -40.233  82.701 0.0000000000
55116  43.057  -39.635  80.120 0.0000000000
55117  42.296  -39.726  79.917 0.0000000000
55132  41.706  -39.938  79.554 0.0000000000
55323  30.671  -40.905  65.899 0.0000000000
55365  31.145  -40.707  64.708 0.0000000000
56284  26.631  -39.487  87.268 0.0000000000
56285  25.698  -39.573  87.431 0.0000000000
56350  39.366  -39.575  82.623 0.0000000000
56367  43.082  -38.967  81.347 0.0000000000
56368  42.251  -39.019  81.486 0.0000000000
56372  39.381  -39.893  82.570 0.0000000000
56396  44.440  -38.722  80.464 0.0000000000
56431  43.807  -39.059  79.134 0.0000000000
56499  37.366  -39.566  75.609 0.0000000000
56516  42.020  -37.724  75.131 0.0000000000
56518  39.693  -37.958  75.164 0.0000000000
57683  45.400  -37.560  78.516 0.0000000000
57725  43.529  -37.821  76.234 0.0000000000
57822  39.401  -36.597  68.933 0.0000000000
57841  39.767  -36.564  68.475 0.0000000000
58863  46.529  -36.845  79.932 0.0000000000
58916  46.541  -36.324  77.478 0.0000000000
58948  45.693  -36.570  74.623 0.0000000000
58959  44.441  -36.904  73.943 0.0000000000
59074  40.504  -36.405  66.476 0.0000000000
60151  45.510  -36.201  73.565 0.0000000000
60203  43.026  -36.577  70.963 0.0000000000
60217  43.711  -35.658  69.584 0.0000000000
61323  47.559  -35.217  76.092 0.0000000000
61343  46.851  -35.454  75.328 0.0000000000
61401  46.757  -34.519  73.248 0.0000000000
62615  49.437  -33.106  77.615 0.0000000000
62617  48.533  -33.992  77.117 0.0000000000
62635  49.284  -33.258  77.241 0.0000000000
62906  42.983  -33.814  64.768 0.0000000000
64075  47.697  -33.287  72.861 0.0000000000
65392  49.582  -32.710  76.214 0.0000000000
65430  47.662  -32.945  72.525 0.0000000000
66908  42.626  -31.168  62.646 0.0000000000
66909  42.394  -31.619  62.468 0.0000000000
67947  51.390  -29.163  75.587 0.0000000000
68142  44.231  -30.532  64.266 0.0000000000
69302  50.908  -29.204  75.061 0.0000000000
69481  43.878  -29.963  63.379 0.0000000000
69549  43.348  -29.455  61.075 0.0000000000
70638  52.249  -28.108  74.972 0.0000000000
70750  44.763  -28.842  63.339 0.0000000000
71873  52.347  -27.475  74.686 0.0000000000
71916  47.466  -27.759  67.813 0.0000000000
71939  47.898  -27.176  66.839 0.0000000000
71996  45.680  -27.742  63.243 0.0000000000
73261  51.122  -25.455  67.594 0.0000000000
73432  51.884  -26.167  60.283 0.0000000000
73446  52.465  -26.933  60.167 0.0000000000
74514  53.462  -24.971  74.265 0.0000000000
74559  55.105  -24.051  70.003 0.0000000000
74560  55.174  -23.713  69.906 0.0000000000
74576  55.172  -23.968  69.672 0.0000000000
74578  54.715  -24.267  69.427 0.0000000000
74579  53.135  -24.643  68.950 0.0000000000
74596  55.320  -24.076  69.197 0.0000000000
74618  55.374  -24.244  68.690 0.0000000000
74643  50.151  -25.506  66.799 0.0000000000
74720  51.496  -26.026  60.165 0.0000000000
74730  50.464  -26.292  59.336 0.0000000000
74744  46.638  -24.925  57.137 0.0000000000
75734  53.348  -25.229  74.709 0.0000000000
75751  54.596  -23.443  74.035 0.0000000000
75754  53.410  -25.012  74.587 0.0000000000
75846  52.708  -24.633  69.282 0.0000000000
75847  52.336  -24.884  69.165 0.0000000000
75988  50.784  -25.452  60.116 0.0000000000
75992  47.226  -24.349  59.622 0.0000000000
76004  47.276  -24.451  59.404 0.0000000000
76019  46.613  -24.594  56.889 0.0000000000
76998  54.556  -23.058  74.408 0.0000000000
77011  54.675  -23.322  73.834 0.0000000000
77027  54.921  -23.201  73.419 0.0000000000
77046  55.835  -22.883  71.683 0.0000000000
77093  55.850  -23.365  70.782 0.0000000000
77140  55.612  -23.834  68.319 0.0000000000
77142  51.723  -22.890  66.914 0.0000000000
77221  52.880  -23.942  63.061 0.0000000000
77225  47.818  -22.971  62.263 0.0000000000
77255  47.029  -24.107  59.734 0.0000000000
77274  46.665  -23.932  57.437 0.0000000000
77284  47.380  -23.824  55.790 0.0000000000
77290  48.462  -23.603  54.735 0.0000000000
78379  55.337  -22.546  73.341 0.0000000000
78380  55.173  -22.856  73.399 0.0000000000
78418  56.305  -21.956  71.810 0.0000000000
78449  54.752  -22.106  70.133 0.0000000000
78469  56.127  -22.884  69.857 0.0000000000
78470  54.904  -22.224  69.817 0.0000000000
78472  53.326  -22.480  69.394 0.0000000000
78485  55.821  -22.965  69.150 0.0000000000
78504  51.744  -22.797  67.307 0.0000000000
78531  49.018  -22.901  65.657 0.0000000000
78564  47.750  -22.506  62.079 0.0000000000
78581  47.894  -22.044  61.434 0.0000000000
78635  49.044  -22.021  56.387 0.0000000000
78636  48.499  -22.131  56.727 0.0000000000
78641  48.830  -22.800  55.412 0.0000000000
79802  55.440  -21.897  73.637 0.0000000000
79818  55.424  -21.148  73.600 0.0000000000
79836  55.812  -21.632  72.438 0.0000000000
79858  56.079  -21.667  71.759 0.0000000000
79860  54.969  -21.375  71.195 0.0000000000
79883  56.031  -21.641  71.238 0.0000000000
79905  55.549  -22.222  69.957 0.0000000000
79921  55.393  -22.444  69.363 0.0000000000
79989  47.736  -22.187  61.905 0.0000000000
80013  47.820  -21.988  61.728 0.0000000000
80089  50.736  -20.968  55.809 0.0000000000
80097  50.656  -20.947  55.493 0.0000000000
80105  51.825  -21.288  53.959 0.0000000000
81282  55.410  -20.738  73.417 0.0000000000
81283  53.198  -20.041  73.445 0.0000000000
81284  52.873  -20.001  73.477 0.0000000000
81330  55.839  -21.449  71.436 0.0000000000
81332  55.221  -21.132  71.660 0.0000000000
81353  55.895  -21.508  71.064 0.0000000000
81355  55.214  -21.424  71.118 0.0000000000
81414  51.028  -19.917  65.244 0.0000000000
81480  56.582  -19.347  62.119 0.0000000000
81507  56.433  -19.367  61.941 0.0000000000
81523  56.581  -19.227  61.877 0.0000000000
81525  55.881  -18.922  61.283 0.0000000000
81539  56.134  -18.901  60.994 0.0000000000
81574  50.881  -20.555  57.135 0.0000000000
81615  50.923  -20.940  54.764 0.0000000000
81616  50.508  -21.091  54.956 0.0000000000
82750  55.355  -20.793  72.575 0.0000000000
82753  52.490  -19.392  73.251 0.0000000000
82776  55.319  -20.926  72.246 0.0000000000
82779  54.304  -19.830  72.974 0.0000000000
82781  51.917  -19.439  72.652 0.0000000000
82805  53.992  -20.188  72.827 0.0000000000
82914  50.806  -20.039  64.695 0.0000000000
82923  58.010  -18.973  63.053 0.0000000000
82930  51.363  -20.144  63.934 0.0000000000
82968  56.713  -18.767  61.656 0.0000000000
82969  55.600  -18.992  61.277 0.0000000000
82970  55.166  -19.199  61.210 0.0000000000
82978  56.204  -18.877  61.317 0.0000000000
82980  55.029  -19.292  60.993 0.0000000000
83011  60.324  -19.094  57.478 0.0000000000
83065  53.567  -20.024  54.648 0.0000000000
84098  55.120  -19.697  73.842 0.0000000000
84099  54.955  -19.630  74.015 0.0000000000
84115  54.294  -19.647  73.152 0.0000000000
84118  51.546  -18.627  72.236 0.0000000000
84250  59.047  -17.862  62.733 0.0000000000
84273  56.543  -18.735  61.354 0.0000000000
84320  55.943  -18.521  58.073 0.0000000000
84375  57.207  -18.780  54.252 0.0000000000
84385  57.290  -18.820  53.994 0.0000000000
84386  56.937  -18.941  53.787 0.0000000000
85370  55.112  -19.285  74.160 0.0000000000
85389  52.595  -17.685  73.358 0.0000000000
85428  53.581  -16.840  69.958 0.0000000000
85586  57.251  -17.678  60.345 0.0000000000
85623  59.619  -18.386  57.824 0.0000000000
