#!ascii label  , from subject 3835 vox2ras=TkReg
1301
61354  19.245  -33.287  75.087 0.0000000000
63989  32.534  -32.109  81.972 0.0000000000
86840  42.315  -15.150  60.945 0.0000000000
78526  33.733  -23.099  66.957 0.0000000000
68018  37.546  -28.511  72.771 0.0000000000
98374  53.338  -6.983  54.533 0.0000000000
86731  40.769  -14.677  67.308 0.0000000000
85501  36.087  -16.338  65.060 0.0000000000
56510  15.503  -39.077  74.646 0.0000000000
61294  25.514  -33.245  78.935 0.0000000000
66671  28.361  -29.850  76.911 0.0000000000
60193  23.221  -34.108  71.582 0.0000000000
93129  47.587  -10.311  57.018 0.0000000000
62504  22.180  -32.601  82.984 0.0000000000
62574  15.974  -34.041  81.310 0.0000000000
90544  45.926  -12.324  61.053 0.0000000000
53903  12.654  -40.661  80.081 0.0000000000
48821  9.062  -44.803  78.065 0.0000000000
84148  34.262  -17.708  70.407 0.0000000000
75869  37.176  -25.112  69.162 0.0000000000
68089  34.955  -28.654  66.607 0.0000000000
68007  32.225  -28.392  71.685 0.0000000000
86702  39.855  -14.899  69.245 0.0000000000
85498  38.844  -15.618  65.627 0.0000000000
85458  38.382  -15.773  68.544 0.0000000000
87921  41.794  -14.251  70.157 0.0000000000
58964  17.989  -36.259  72.155 0.0000000000
56529  16.919  -38.647  72.662 0.0000000000
60144  17.048  -36.236  74.676 0.0000000000
61313  22.619  -33.469  77.492 0.0000000000
60117  24.201  -33.969  75.429 0.0000000000
60161  21.121  -33.625  73.043 0.0000000000
60196  19.969  -35.737  70.169 0.0000000000
89326  42.584  -13.849  58.188 0.0000000000
88008  43.815  -14.053  63.376 0.0000000000
88061  44.132  -13.878  60.639 0.0000000000
91801  44.506  -12.667  58.725 0.0000000000
61197  15.116  -34.348  84.830 0.0000000000
58856  14.144  -36.720  81.450 0.0000000000
57604  13.149  -38.113  83.586 0.0000000000
49948  9.436  -43.418  84.265 0.0000000000
49968  10.339  -42.920  81.223 0.0000000000
47649  8.065  -45.419  79.652 0.0000000000
46504  6.895  -47.142  79.347 0.0000000000
45354  5.733  -47.640  81.950 0.0000000000
77073  38.650  -24.662  71.722 0.0000000000
71919  38.312  -26.571  69.935 0.0000000000
70709  36.803  -27.603  66.577 0.0000000000
68053  36.321  -28.212  69.161 0.0000000000
67998  27.170  -29.654  73.234 0.0000000000
69328  30.211  -28.411  74.341 0.0000000000
68024  28.935  -28.100  71.122 0.0000000000
68058  30.606  -28.090  68.115 0.0000000000
81375  32.564  -20.365  68.906 0.0000000000
82892  32.510  -18.155  66.651 0.0000000000
79957  31.965  -21.549  65.380 0.0000000000
103127  55.498  -3.105  53.165 0.0000000000
100860  53.838  -5.291  52.658 0.0000000000
86785  41.183  -15.088  63.506 0.0000000000
85556  39.575  -15.505  62.323 0.0000000000
87969  42.828  -14.162  66.334 0.0000000000
62539  29.349  -32.230  81.111 0.0000000000
65372  30.395  -30.934  78.948 0.0000000000
61310  27.188  -32.589  77.547 0.0000000000
62706  25.422  -33.202  73.339 0.0000000000
61452  24.596  -33.590  70.149 0.0000000000
91795  49.414  -10.338  59.880 0.0000000000
93127  49.942  -9.841  58.703 0.0000000000
95791  50.450  -8.989  55.583 0.0000000000
97135  51.886  -8.373  52.904 0.0000000000
62589  20.345  -32.577  79.317 0.0000000000
62630  17.189  -33.927  78.106 0.0000000000
62525  19.007  -33.080  82.618 0.0000000000
61241  23.592  -33.479  80.787 0.0000000000
91787  46.634  -11.625  59.742 0.0000000000
58908  15.319  -36.809  78.055 0.0000000000
55175  14.202  -40.127  77.096 0.0000000000
51420  13.014  -42.130  76.490 0.0000000000
53881  11.894  -40.733  82.454 0.0000000000
49987  11.277  -42.688  78.970 0.0000000000
41762  4.145  -51.090  82.602 0.0000000000
86658  36.881  -15.442  72.381 0.0000000000
79915  34.406  -22.380  70.219 0.0000000000
78459  37.530  -22.824  71.049 0.0000000000
77167  35.500  -24.444  67.658 0.0000000000
73333  36.439  -26.253  65.513 0.0000000000
69464  35.713  -28.535  63.994 0.0000000000
68198  34.261  -29.633  61.825 0.0000000000
67923  32.235  -28.734  77.573 0.0000000000
67955  33.668  -28.625  74.854 0.0000000000
66733  35.118  -28.972  71.825 0.0000000000
66780  33.950  -28.824  68.680 0.0000000000
68121  32.572  -28.551  65.261 0.0000000000
84172  35.051  -16.334  67.742 0.0000000000
84223  33.526  -17.421  64.378 0.0000000000
86671  39.631  -14.739  70.863 0.0000000000
85444  38.922  -15.392  69.080 0.0000000000
86672  38.917  -14.717  71.025 0.0000000000
87913  40.661  -14.525  71.198 0.0000000000
61395  18.721  -34.326  73.416 0.0000000000
60143  17.418  -35.752  73.849 0.0000000000
61376  17.697  -34.764  74.643 0.0000000000
62648  20.742  -32.644  76.715 0.0000000000
60120  21.657  -33.226  75.349 0.0000000000
61373  20.402  -32.956  73.720 0.0000000000
60162  19.702  -34.228  72.243 0.0000000000
86864  42.403  -14.257  59.851 0.0000000000
86822  42.854  -14.746  62.298 0.0000000000
157679  44.231  -13.813  62.497 0.0000000000
86852  42.922  -14.349  60.666 0.0000000000
88062  43.190  -13.895  59.894 0.0000000000
48783  8.322  -44.367  83.325 0.0000000000
48796  8.404  -44.456  81.482 0.0000000000
47632  7.626  -44.870  81.812 0.0000000000
47642  7.588  -46.128  80.139 0.0000000000
46495  6.787  -46.508  80.594 0.0000000000
46496  6.438  -47.467  80.291 0.0000000000
73245  39.028  -26.152  71.077 0.0000000000
70679  37.998  -27.489  71.257 0.0000000000
69382  37.747  -27.713  69.785 0.0000000000
68034  37.056  -28.490  70.816 0.0000000000
65344  32.810  -31.462  80.626 0.0000000000
66750  26.251  -30.230  71.205 0.0000000000
68010  28.036  -28.667  72.100 0.0000000000
68026  26.823  -29.376  70.580 0.0000000000
69372  27.757  -28.560  69.072 0.0000000000
79932  33.135  -21.717  68.276 0.0000000000
81399  32.281  -20.669  67.347 0.0000000000
98369  53.723  -7.108  55.787 0.0000000000
99586  54.215  -6.446  55.900 0.0000000000
99601  53.989  -5.619  54.756 0.0000000000
100850  54.023  -4.915  54.066 0.0000000000
99602  53.450  -5.979  53.950 0.0000000000
86757  41.050  -14.704  65.449 0.0000000000
85531  40.276  -15.077  63.271 0.0000000000
85512  39.781  -15.224  64.614 0.0000000000
85499  37.964  -16.300  65.338 0.0000000000
85533  38.011  -15.346  63.413 0.0000000000
85534  37.022  -15.704  63.427 0.0000000000
86700  41.171  -14.513  68.743 0.0000000000
86743  41.706  -14.375  66.544 0.0000000000
86768  42.220  -14.563  64.702 0.0000000000
56530  16.471  -38.992  73.438 0.0000000000
53950  15.049  -40.511  74.690 0.0000000000
61255  27.399  -32.161  80.402 0.0000000000
62586  28.325  -31.721  79.830 0.0000000000
61292  26.618  -32.660  78.673 0.0000000000
60178  23.586  -34.101  72.699 0.0000000000
60136  24.998  -33.527  74.344 0.0000000000
60191  24.382  -34.123  72.272 0.0000000000
62749  25.201  -33.065  71.600 0.0000000000
60222  23.986  -34.283  70.580 0.0000000000
60224  22.856  -34.812  69.306 0.0000000000
72025  36.279  -27.049  62.883 0.0000000000
93111  49.104  -10.603  58.671 0.0000000000
93110  49.826  -10.435  59.240 0.0000000000
94421  49.171  -10.402  58.252 0.0000000000
94469  49.738  -9.315  55.078 0.0000000000
95806  50.470  -9.300  53.453 0.0000000000
95805  51.094  -8.845  53.913 0.0000000000
62545  21.434  -32.517  81.216 0.0000000000
62571  19.104  -32.730  80.589 0.0000000000
62524  20.057  -32.715  82.439 0.0000000000
62522  22.504  -32.436  81.951 0.0000000000
62568  22.646  -32.788  80.002 0.0000000000
90542  47.928  -11.491  61.326 0.0000000000
91774  46.133  -12.014  60.378 0.0000000000
91821  44.912  -12.123  57.411 0.0000000000
62612  16.369  -34.001  79.565 0.0000000000
61317  15.829  -34.847  78.005 0.0000000000
60036  15.352  -35.437  79.354 0.0000000000
56409  13.498  -39.039  80.118 0.0000000000
56427  14.019  -38.744  78.807 0.0000000000
53913  13.493  -40.421  78.734 0.0000000000
52798  13.607  -41.115  77.196 0.0000000000
52788  12.925  -41.315  78.898 0.0000000000
52715  11.529  -40.802  83.366 0.0000000000
48803  9.391  -43.763  79.964 0.0000000000
49967  10.910  -42.561  80.707 0.0000000000
48811  10.212  -43.421  78.540 0.0000000000
50015  11.181  -43.670  77.194 0.0000000000
81361  34.289  -20.983  70.772 0.0000000000
77116  38.009  -24.855  70.236 0.0000000000
78458  38.005  -23.547  71.420 0.0000000000
77118  37.090  -24.023  69.943 0.0000000000
78495  36.567  -23.332  69.336 0.0000000000
75885  36.546  -24.889  68.390 0.0000000000
75907  36.109  -25.335  67.043 0.0000000000
74648  36.531  -25.772  67.252 0.0000000000
68116  36.030  -28.755  66.416 0.0000000000
70726  36.674  -28.134  65.464 0.0000000000
69442  35.691  -28.999  65.205 0.0000000000
69507  35.163  -29.337  62.260 0.0000000000
68147  35.130  -29.141  64.377 0.0000000000
66633  30.138  -30.775  78.464 0.0000000000
66631  31.049  -29.769  78.747 0.0000000000
67925  30.287  -29.661  77.630 0.0000000000
67994  31.656  -28.335  73.115 0.0000000000
69308  32.173  -28.252  75.040 0.0000000000
67993  33.213  -28.075  72.400 0.0000000000
66701  34.612  -28.638  73.560 0.0000000000
66720  34.067  -28.246  72.047 0.0000000000
66748  34.237  -28.840  70.566 0.0000000000
68021  32.829  -28.510  70.559 0.0000000000
69419  30.005  -27.541  66.280 0.0000000000
68073  31.529  -27.900  67.351 0.0000000000
85434  36.040  -16.536  71.364 0.0000000000
85447  36.436  -15.742  70.016 0.0000000000
84159  34.332  -17.553  69.184 0.0000000000
81425  31.852  -19.580  64.479 0.0000000000
82917  32.482  -17.750  64.832 0.0000000000
104312  56.187  -2.731  52.406 0.0000000000
86718  40.090  -15.131  68.394 0.0000000000
85483  39.651  -15.266  66.372 0.0000000000
86733  39.762  -15.648  67.780 0.0000000000
85473  38.226  -15.962  67.596 0.0000000000
85486  37.126  -16.670  66.084 0.0000000000
87912  41.538  -14.309  71.316 0.0000000000
86684  41.128  -14.608  69.616 0.0000000000
58965  17.632  -36.790  72.574 0.0000000000
58955  17.073  -37.070  73.555 0.0000000000
57734  16.344  -37.792  74.667 0.0000000000
60053  23.729  -33.507  78.427 0.0000000000
60073  24.744  -33.154  77.320 0.0000000000
60097  23.520  -33.928  76.620 0.0000000000
60140  22.417  -33.465  74.419 0.0000000000
60180  21.753  -33.935  71.909 0.0000000000
60209  22.040  -34.655  69.914 0.0000000000
60181  20.468  -34.505  71.441 0.0000000000
60197  19.350  -35.939  70.444 0.0000000000
93158  47.332  -10.887  55.351 0.0000000000
62485  20.865  -32.971  84.189 0.0000000000
89269  44.732  -13.691  63.405 0.0000000000
157681  44.863  -13.407  62.480 0.0000000000
88050  45.125  -13.397  60.911 0.0000000000
90558  45.204  -12.786  60.300 0.0000000000
89310  44.595  -13.425  60.188 0.0000000000
90572  44.028  -13.358  58.787 0.0000000000
61222  15.395  -33.853  82.928 0.0000000000
60025  14.652  -35.909  80.746 0.0000000000
60006  14.260  -35.735  82.712 0.0000000000
57625  13.576  -37.698  82.032 0.0000000000
56392  12.979  -38.931  81.556 0.0000000000
51288  11.287  -42.343  82.848 0.0000000000
49962  9.496  -43.213  82.664 0.0000000000
48795  9.089  -43.837  81.106 0.0000000000
48813  8.777  -44.693  79.210 0.0000000000
47658  7.700  -46.426  78.512 0.0000000000
75851  38.399  -25.222  70.207 0.0000000000
74607  37.648  -25.780  69.251 0.0000000000
73309  36.803  -26.340  67.152 0.0000000000
70699  37.698  -27.163  68.521 0.0000000000
69398  36.931  -27.711  68.228 0.0000000000
68070  35.499  -28.424  67.694 0.0000000000
66702  26.841  -30.253  74.850 0.0000000000
67957  29.776  -28.880  75.551 0.0000000000
67976  29.095  -29.218  74.078 0.0000000000
67996  29.776  -28.905  73.080 0.0000000000
68008  30.817  -28.158  72.141 0.0000000000
68022  31.742  -28.208  70.732 0.0000000000
69359  29.565  -27.650  70.366 0.0000000000
69401  28.711  -27.949  67.063 0.0000000000
84161  32.767  -19.256  69.673 0.0000000000
84174  33.428  -17.937  68.630 0.0000000000
82878  32.253  -19.397  67.790 0.0000000000
82906  32.153  -19.876  65.840 0.0000000000
103123  55.401  -3.350  54.174 0.0000000000
102003  54.257  -4.760  52.623 0.0000000000
86823  42.087  -15.009  61.770 0.0000000000
86841  41.412  -15.198  60.570 0.0000000000
85554  41.400  -15.317  62.045 0.0000000000
85513  38.562  -15.546  64.520 0.0000000000
85557  38.523  -15.496  62.323 0.0000000000
87919  43.382  -13.767  70.340 0.0000000000
87944  43.193  -13.647  68.852 0.0000000000
89229  43.841  -13.122  67.468 0.0000000000
87977  43.085  -14.343  65.456 0.0000000000
86783  42.794  -14.572  63.668 0.0000000000
63991  30.613  -32.005  81.481 0.0000000000
65345  31.432  -31.522  80.729 0.0000000000
64002  29.806  -31.171  80.571 0.0000000000
64016  29.250  -31.103  78.990 0.0000000000
64037  27.776  -31.596  77.205 0.0000000000
61351  25.793  -33.109  75.913 0.0000000000
62667  26.652  -32.831  76.038 0.0000000000
65415  26.739  -31.022  75.568 0.0000000000
65434  25.940  -31.322  73.170 0.0000000000
64103  25.518  -31.762  70.876 0.0000000000
64121  25.545  -32.151  69.914 0.0000000000
93125  51.088  -9.143  58.443 0.0000000000
94470  49.071  -9.812  55.444 0.0000000000
95779  50.726  -9.116  56.649 0.0000000000
95778  51.463  -9.067  56.993 0.0000000000
97111  52.098  -8.298  55.455 0.0000000000
97119  52.284  -8.098  54.292 0.0000000000
97126  52.920  -7.689  53.390 0.0000000000
98379  53.242  -7.194  53.289 0.0000000000
62649  19.703  -32.842  76.777 0.0000000000
62651  17.924  -34.249  76.438 0.0000000000
62609  19.278  -33.109  78.494 0.0000000000
62591  18.177  -33.359  79.792 0.0000000000
62548  18.006  -33.147  81.816 0.0000000000
62506  19.972  -33.090  83.413 0.0000000000
62527  16.586  -33.533  82.997 0.0000000000
61196  15.889  -33.857  85.268 0.0000000000
63980  31.638  -32.398  82.417 0.0000000000
62496  29.298  -32.391  82.404 0.0000000000
62516  28.018  -33.222  81.914 0.0000000000
61237  26.372  -32.303  81.057 0.0000000000
61219  25.127  -32.903  81.439 0.0000000000
61259  24.554  -33.398  80.335 0.0000000000
61296  22.988  -33.438  78.634 0.0000000000
62607  21.674  -33.058  78.371 0.0000000000
91770  48.695  -10.812  61.193 0.0000000000
91785  48.352  -11.022  60.183 0.0000000000
93113  46.864  -10.808  58.483 0.0000000000
93103  45.541  -11.865  59.187 0.0000000000
93114  46.175  -11.229  58.365 0.0000000000
93130  46.808  -10.801  57.489 0.0000000000
61335  16.654  -34.992  76.362 0.0000000000
58923  16.072  -36.833  76.451 0.0000000000
57720  15.534  -38.141  76.038 0.0000000000
58891  14.536  -36.942  79.182 0.0000000000
56446  14.716  -38.504  77.348 0.0000000000
55189  14.516  -39.719  76.088 0.0000000000
53942  14.311  -40.686  75.976 0.0000000000
52816  13.516  -41.682  75.875 0.0000000000
55084  12.366  -39.574  83.142 0.0000000000
53890  11.992  -40.303  80.990 0.0000000000
51331  11.501  -41.763  80.581 0.0000000000
52789  12.517  -41.664  79.359 0.0000000000
50013  12.124  -42.622  78.092 0.0000000000
42968  4.831  -49.141  82.020 0.0000000000
86639  38.242  -14.748  72.544 0.0000000000
84138  33.951  -18.761  71.469 0.0000000000
82827  34.031  -20.036  71.431 0.0000000000
81373  33.664  -21.851  70.319 0.0000000000
79939  33.789  -22.828  68.433 0.0000000000
79913  36.395  -22.496  70.281 0.0000000000
78497  35.054  -23.060  68.830 0.0000000000
77168  34.661  -24.377  67.406 0.0000000000
75909  34.879  -25.248  66.310 0.0000000000
74676  36.033  -26.008  64.772 0.0000000000
72000  36.244  -27.304  63.730 0.0000000000
71965  36.621  -26.954  66.069 0.0000000000
71983  36.476  -27.404  64.603 0.0000000000
70753  35.772  -28.162  63.068 0.0000000000
69506  35.816  -29.123  61.662 0.0000000000
69530  34.904  -29.703  61.571 0.0000000000
66715  37.395  -30.408  72.735 0.0000000000
66601  32.547  -30.186  79.619 0.0000000000
67890  33.381  -29.767  78.973 0.0000000000
67905  34.270  -29.391  77.905 0.0000000000
67942  31.427  -28.682  76.699 0.0000000000
67940  33.598  -28.365  76.096 0.0000000000
66669  35.197  -28.909  76.500 0.0000000000
66684  35.299  -28.641  75.365 0.0000000000
66699  36.216  -28.928  73.858 0.0000000000
66731  36.340  -29.592  72.247 0.0000000000
66760  35.766  -28.841  70.458 0.0000000000
66778  34.954  -28.683  68.996 0.0000000000
66795  34.341  -29.032  67.930 0.0000000000
68056  32.452  -28.076  68.548 0.0000000000
66797  33.105  -28.409  67.435 0.0000000000
66848  33.812  -28.561  65.883 0.0000000000
68149  33.153  -28.926  63.965 0.0000000000
86705  37.672  -15.546  70.254 0.0000000000
85475  35.963  -16.173  67.316 0.0000000000
84202  35.876  -16.727  66.134 0.0000000000
84192  33.286  -17.269  67.636 0.0000000000
84203  34.671  -16.668  65.962 0.0000000000
85517  34.855  -16.580  64.340 0.0000000000
99618  53.730  -6.814  51.718 0.0000000000
86655  39.423  -14.496  71.475 0.0000000000
86687  39.127  -15.041  70.375 0.0000000000
86654  40.075  -14.536  71.368 0.0000000000
61375  18.316  -34.244  74.173 0.0000000000
61355  18.158  -33.870  75.127 0.0000000000
62668  19.895  -32.749  75.968 0.0000000000
61353  20.883  -32.764  75.413 0.0000000000
61374  19.422  -33.324  74.088 0.0000000000
86865  41.563  -14.384  59.286 0.0000000000
86853  41.871  -14.635  60.239 0.0000000000
86839  42.938  -14.661  61.508 0.0000000000
47623  7.808  -45.015  82.801 0.0000000000
47624  6.934  -45.476  82.229 0.0000000000
47633  7.227  -45.650  81.142 0.0000000000
46487  6.632  -46.060  81.472 0.0000000000
46488  6.207  -46.926  81.384 0.0000000000
69349  37.729  -28.283  73.123 0.0000000000
70678  38.529  -27.563  72.009 0.0000000000
69357  37.995  -28.259  71.951 0.0000000000
69358  37.448  -28.202  71.195 0.0000000000
68019  37.086  -28.476  72.138 0.0000000000
63988  33.065  -31.303  82.395 0.0000000000
65330  32.413  -32.222  81.156 0.0000000000
66765  26.314  -30.332  70.166 0.0000000000
66766  26.119  -30.616  69.252 0.0000000000
68041  26.630  -29.440  69.319 0.0000000000
79940  33.447  -22.383  67.831 0.0000000000
79949  32.729  -22.041  66.885 0.0000000000
99594  53.768  -6.271  55.150 0.0000000000
86758  40.395  -15.266  65.167 0.0000000000
85500  36.982  -16.373  65.170 0.0000000000
85514  37.513  -15.764  64.440 0.0000000000
85515  36.590  -16.089  64.318 0.0000000000
85535  36.221  -16.165  63.407 0.0000000000
86716  41.364  -14.687  67.944 0.0000000000
86744  41.113  -14.529  66.443 0.0000000000
56531  15.817  -39.285  74.022 0.0000000000
55215  15.819  -39.944  73.538 0.0000000000
55216  15.362  -39.892  74.258 0.0000000000
55204  15.110  -39.740  75.125 0.0000000000
61275  26.132  -33.117  79.692 0.0000000000
61274  26.650  -32.613  79.593 0.0000000000
61293  26.150  -33.161  78.824 0.0000000000
60177  24.198  -34.198  72.957 0.0000000000
60192  23.860  -34.247  71.995 0.0000000000
60206  24.085  -34.114  71.398 0.0000000000
60207  23.635  -34.187  70.961 0.0000000000
60223  23.678  -34.665  69.904 0.0000000000
60208  22.949  -34.339  70.425 0.0000000000
72024  36.161  -27.297  62.115 0.0000000000
93112  47.938  -10.622  58.247 0.0000000000
94422  48.856  -10.431  58.116 0.0000000000
94440  48.466  -10.262  57.405 0.0000000000
62546  20.183  -32.600  81.422 0.0000000000
62523  21.206  -32.427  82.229 0.0000000000
90509  45.907  -13.072  61.868 0.0000000000
90528  46.797  -12.270  61.622 0.0000000000
90543  47.154  -11.856  61.243 0.0000000000
62593  16.278  -33.947  80.352 0.0000000000
61280  15.678  -34.529  79.754 0.0000000000
61262  15.452  -34.344  80.490 0.0000000000
55124  12.935  -39.939  79.959 0.0000000000
55141  13.521  -39.738  79.194 0.0000000000
53902  13.297  -40.415  79.521 0.0000000000
53923  13.367  -40.998  78.556 0.0000000000
53914  13.322  -40.973  79.341 0.0000000000
52694  11.207  -40.494  84.254 0.0000000000
48812  9.553  -44.012  78.830 0.0000000000
48802  9.841  -43.196  79.249 0.0000000000
48820  9.982  -44.103  77.826 0.0000000000
77117  37.626  -24.469  70.089 0.0000000000
77133  37.153  -24.489  69.411 0.0000000000
77134  36.632  -24.198  69.293 0.0000000000
75897  36.512  -25.316  67.743 0.0000000000
75884  36.701  -25.287  68.272 0.0000000000
68117  35.618  -28.947  65.897 0.0000000000
68146  35.415  -29.169  65.120 0.0000000000
68118  35.038  -28.982  65.629 0.0000000000
66651  28.757  -30.153  77.837 0.0000000000
66649  30.375  -29.808  78.074 0.0000000000
66670  29.275  -29.646  76.989 0.0000000000
67974  32.689  -27.824  74.080 0.0000000000
68006  33.097  -28.769  71.304 0.0000000000
66735  33.764  -28.638  71.348 0.0000000000
85435  35.207  -17.020  70.822 0.0000000000
86719  39.492  -15.411  68.584 0.0000000000
85457  38.959  -15.536  68.770 0.0000000000
85485  38.114  -16.190  66.443 0.0000000000
85474  37.043  -16.260  67.265 0.0000000000
87901  42.140  -13.643  72.797 0.0000000000
86670  40.250  -14.742  70.695 0.0000000000
86669  40.989  -14.695  70.518 0.0000000000
86685  40.433  -14.853  69.909 0.0000000000
86701  40.474  -14.609  69.016 0.0000000000
58956  16.780  -36.941  74.267 0.0000000000
57746  16.656  -37.912  73.928 0.0000000000
58946  16.665  -36.996  75.069 0.0000000000
60076  23.280  -33.463  77.695 0.0000000000
60075  23.699  -33.561  77.579 0.0000000000
60098  22.914  -33.826  76.938 0.0000000000
60141  21.522  -33.076  74.562 0.0000000000
60160  22.484  -33.528  73.237 0.0000000000
60163  18.431  -35.317  72.445 0.0000000000
60182  19.145  -35.454  71.077 0.0000000000
89253  43.995  -13.607  64.330 0.0000000000
87987  44.197  -13.748  63.667 0.0000000000
88052  44.497  -13.581  61.633 0.0000000000
157680  44.587  -13.670  62.635 0.0000000000
157674  45.116  -13.310  61.268 0.0000000000
88051  44.839  -13.668  60.986 0.0000000000
88060  44.878  -13.579  60.677 0.0000000000
89325  43.450  -13.822  59.004 0.0000000000
90573  43.159  -13.349  58.044 0.0000000000
61206  15.281  -34.179  83.897 0.0000000000
61207  14.590  -34.713  83.305 0.0000000000
61198  14.549  -34.729  84.124 0.0000000000
58829  13.915  -36.386  83.252 0.0000000000
57603  13.545  -37.516  83.346 0.0000000000
56380  12.859  -38.247  82.696 0.0000000000
49947  9.915  -42.718  83.846 0.0000000000
49954  10.156  -42.718  83.044 0.0000000000
48789  8.828  -43.714  82.143 0.0000000000
48804  8.566  -44.533  80.366 0.0000000000
47657  8.089  -45.736  78.330 0.0000000000
47650  7.741  -46.381  79.073 0.0000000000
45360  5.916  -48.048  80.824 0.0000000000
44169  5.623  -48.788  80.663 0.0000000000
44159  5.497  -48.498  81.477 0.0000000000
71913  38.494  -26.526  70.740 0.0000000000
74568  38.667  -25.640  70.882 0.0000000000
74586  38.442  -25.589  70.180 0.0000000000
74587  38.263  -25.434  69.851 0.0000000000
74606  38.176  -25.800  69.582 0.0000000000
73269  37.816  -26.275  69.086 0.0000000000
71920  37.984  -26.690  69.166 0.0000000000
69383  37.041  -27.855  69.225 0.0000000000
69384  36.538  -27.945  68.448 0.0000000000
68069  36.045  -28.221  68.100 0.0000000000
68054  35.565  -28.459  68.711 0.0000000000
67978  27.141  -29.973  74.174 0.0000000000
67977  27.855  -29.537  74.584 0.0000000000
68009  29.330  -27.975  72.213 0.0000000000
68023  30.364  -27.836  70.846 0.0000000000
69386  28.745  -28.232  68.324 0.0000000000
82840  32.659  -19.822  70.328 0.0000000000
82842  32.512  -19.916  68.911 0.0000000000
79950  32.148  -21.685  66.487 0.0000000000
81411  32.078  -20.618  66.149 0.0000000000
100851  53.228  -5.020  53.159 0.0000000000
101993  53.913  -4.102  53.115 0.0000000000
103134  53.998  -4.819  52.618 0.0000000000
99609  54.261  -5.768  52.282 0.0000000000
86803  41.954  -15.077  62.731 0.0000000000
86804  41.112  -15.313  62.756 0.0000000000
85555  40.563  -15.544  62.171 0.0000000000
85497  39.645  -15.282  65.839 0.0000000000
85558  37.388  -15.789  62.250 0.0000000000
85578  38.095  -16.298  61.357 0.0000000000
87920  42.861  -13.954  70.694 0.0000000000
87958  42.338  -14.090  67.208 0.0000000000
87957  43.176  -13.589  67.378 0.0000000000
87968  43.456  -13.774  65.947 0.0000000000
86784  42.054  -14.961  63.670 0.0000000000
62513  29.933  -32.026  81.750 0.0000000000
64001  30.430  -31.251  81.002 0.0000000000
62563  29.243  -31.603  80.460 0.0000000000
62605  27.520  -31.769  78.595 0.0000000000
62603  28.725  -31.496  79.037 0.0000000000
62624  27.921  -31.397  78.407 0.0000000000
64026  28.309  -31.028  78.318 0.0000000000
62645  27.648  -31.502  77.827 0.0000000000
60095  24.612  -33.016  76.333 0.0000000000
60072  25.290  -32.734  77.166 0.0000000000
60116  24.619  -33.384  75.370 0.0000000000
61392  25.413  -33.447  73.941 0.0000000000
61372  25.586  -33.360  74.915 0.0000000000
62687  26.210  -32.813  75.045 0.0000000000
62686  26.641  -32.431  75.782 0.0000000000
64059  26.336  -32.680  74.387 0.0000000000
64068  26.439  -31.778  74.238 0.0000000000
64069  26.155  -32.221  73.792 0.0000000000
62772  24.977  -32.813  70.588 0.0000000000
62771  25.289  -32.400  71.272 0.0000000000
64104  25.300  -32.285  70.652 0.0000000000
64120  25.763  -31.562  70.323 0.0000000000
62798  25.209  -33.226  69.444 0.0000000000
60210  21.124  -35.493  69.529 0.0000000000
93093  50.003  -10.312  60.729 0.0000000000
93100  50.238  -9.877  59.713 0.0000000000
93109  50.310  -9.724  59.207 0.0000000000
93108  51.036  -9.321  58.896 0.0000000000
93126  50.645  -9.449  58.540 0.0000000000
94471  48.273  -10.228  55.720 0.0000000000
94457  48.812  -9.873  56.617 0.0000000000
95790  51.316  -8.776  55.866 0.0000000000
95789  52.028  -8.911  56.178 0.0000000000
97128  51.748  -8.436  53.561 0.0000000000
97120  51.622  -8.485  54.556 0.0000000000
97127  52.429  -7.981  53.258 0.0000000000
62628  19.474  -33.207  77.590 0.0000000000
62547  19.147  -33.083  81.622 0.0000000000
62572  18.183  -33.346  80.830 0.0000000000
62487  18.634  -33.251  84.580 0.0000000000
62508  17.717  -33.147  83.799 0.0000000000
62488  17.631  -33.399  84.679 0.0000000000
62509  16.806  -33.527  84.076 0.0000000000
63970  30.392  -32.223  82.802 0.0000000000
61216  27.504  -32.861  81.767 0.0000000000
62543  23.835  -33.811  81.338 0.0000000000
62542  24.460  -34.095  81.194 0.0000000000
61239  24.931  -33.145  80.900 0.0000000000
62566  24.347  -33.937  80.718 0.0000000000
61278  23.958  -33.471  79.467 0.0000000000
61261  23.338  -33.205  80.284 0.0000000000
62588  21.527  -32.792  79.251 0.0000000000
62608  20.481  -32.884  78.444 0.0000000000
62627  20.593  -32.852  77.604 0.0000000000
85590  40.586  -15.513  60.020 0.0000000000
91772  47.707  -11.400  60.771 0.0000000000
91771  48.315  -11.007  60.873 0.0000000000
91786  47.599  -11.363  59.976 0.0000000000
91798  47.280  -10.872  59.250 0.0000000000
91789  44.993  -12.573  59.503 0.0000000000
91788  45.653  -12.125  59.753 0.0000000000
91800  45.152  -12.158  59.035 0.0000000000
93144  45.297  -11.809  56.714 0.0000000000
93132  45.376  -11.569  57.828 0.0000000000
93131  45.989  -11.181  57.467 0.0000000000
93143  46.091  -11.242  56.412 0.0000000000
62629  17.967  -33.629  77.436 0.0000000000
61315  17.222  -34.428  76.688 0.0000000000
60078  15.905  -35.821  77.646 0.0000000000
60077  16.362  -35.888  76.886 0.0000000000
58924  15.852  -36.875  77.278 0.0000000000
60037  14.665  -36.053  79.723 0.0000000000
58872  14.215  -36.894  80.219 0.0000000000
55159  13.759  -39.555  77.949 0.0000000000
57693  14.728  -38.252  78.154 0.0000000000
55158  14.294  -39.075  77.594 0.0000000000
55174  14.494  -39.340  77.125 0.0000000000
55190  14.275  -40.356  76.513 0.0000000000
52807  13.326  -41.536  76.892 0.0000000000
51421  12.734  -42.894  76.086 0.0000000000
53868  12.085  -40.565  83.134 0.0000000000
53867  12.244  -40.261  82.795 0.0000000000
55100  12.183  -39.767  82.335 0.0000000000
53891  11.748  -40.705  81.517 0.0000000000
51310  11.064  -42.886  82.577 0.0000000000
51333  11.065  -42.776  81.686 0.0000000000
49976  11.072  -42.559  79.742 0.0000000000
51355  11.505  -42.324  80.250 0.0000000000
51375  11.822  -42.478  79.350 0.0000000000
51354  12.175  -42.084  79.901 0.0000000000
49997  12.118  -42.546  78.496 0.0000000000
49998  11.790  -42.718  78.518 0.0000000000
44148  5.253  -48.517  82.580 0.0000000000
44149  4.950  -48.650  82.871 0.0000000000
41748  4.058  -50.077  82.811 0.0000000000
41761  4.141  -50.468  82.246 0.0000000000
85424  35.674  -16.652  72.381 0.0000000000
82788  34.642  -19.261  72.233 0.0000000000
82810  34.070  -19.291  71.639 0.0000000000
81341  34.562  -20.183  71.721 0.0000000000
81360  35.024  -21.720  71.246 0.0000000000
79916  33.699  -22.124  69.724 0.0000000000
79930  34.421  -22.556  69.029 0.0000000000
77150  35.497  -24.187  68.533 0.0000000000
78496  35.644  -23.329  69.259 0.0000000000
78510  35.215  -23.537  68.519 0.0000000000
78511  34.550  -23.375  68.193 0.0000000000
77151  35.290  -23.784  67.881 0.0000000000
75900  35.364  -24.954  67.115 0.0000000000
74662  36.312  -25.888  66.160 0.0000000000
74675  36.367  -26.167  65.284 0.0000000000
73372  36.540  -26.815  64.005 0.0000000000
73350  36.528  -26.857  64.729 0.0000000000
71944  37.145  -26.681  67.587 0.0000000000
70724  36.787  -27.248  66.504 0.0000000000
70742  36.366  -27.934  64.652 0.0000000000
70754  36.159  -28.803  62.931 0.0000000000
70771  35.995  -28.717  62.223 0.0000000000
69485  35.920  -29.149  63.074 0.0000000000
68197  34.707  -29.517  62.270 0.0000000000
68222  33.896  -30.786  61.249 0.0000000000
65360  30.744  -31.232  80.004 0.0000000000
65359  31.669  -30.769  79.877 0.0000000000
67907  31.955  -29.510  78.533 0.0000000000
67891  32.574  -29.859  79.209 0.0000000000
67906  33.223  -29.248  78.136 0.0000000000
67889  33.899  -29.613  78.513 0.0000000000
69311  29.691  -28.547  75.028 0.0000000000
69296  31.027  -28.574  75.894 0.0000000000
67956  32.846  -28.369  75.317 0.0000000000
67921  34.399  -28.732  76.870 0.0000000000
67939  34.496  -28.559  75.736 0.0000000000
67954  34.565  -28.593  74.576 0.0000000000
66719  34.625  -28.650  72.745 0.0000000000
66718  35.597  -28.981  72.872 0.0000000000
66717  36.352  -29.286  72.874 0.0000000000
66732  35.744  -29.402  72.046 0.0000000000
66745  35.998  -29.338  71.472 0.0000000000
66746  35.438  -29.043  71.106 0.0000000000
66763  34.099  -28.727  69.626 0.0000000000
66762  34.622  -28.882  69.783 0.0000000000
66779  34.443  -28.789  68.823 0.0000000000
66794  34.757  -28.851  68.094 0.0000000000
68038  31.561  -27.828  69.630 0.0000000000
68037  32.621  -28.214  69.594 0.0000000000
68057  31.500  -27.887  68.471 0.0000000000
68091  32.372  -28.262  66.669 0.0000000000
66820  33.204  -28.549  66.254 0.0000000000
66819  33.773  -28.826  66.738 0.0000000000
66849  33.330  -28.627  65.610 0.0000000000
68120  33.592  -28.750  65.026 0.0000000000
86657  37.638  -14.796  72.023 0.0000000000
86689  37.660  -15.548  70.951 0.0000000000
86706  37.181  -15.692  70.565 0.0000000000
85461  34.806  -16.524  68.662 0.0000000000
85460  35.901  -15.971  68.420 0.0000000000
84190  35.387  -16.437  66.785 0.0000000000
84193  32.491  -18.227  67.858 0.0000000000
84205  32.811  -17.632  67.165 0.0000000000
84213  33.367  -17.021  65.431 0.0000000000
84212  34.229  -16.610  64.853 0.0000000000
84222  34.342  -17.150  63.946 0.0000000000
104311  56.671  -2.499  52.190 0.0000000000
104325  57.025  -2.935  51.700 0.0000000000
105559  57.554  -1.441  52.290 0.0000000000
98386  53.145  -7.113  52.160 0.0000000000
98395  53.464  -7.583  51.553 0.0000000000
86686  39.757  -14.889  70.123 0.0000000000
86703  39.182  -15.276  69.415 0.0000000000
86704  38.519  -15.445  69.895 0.0000000000
60164  17.808  -35.677  73.010 0.0000000000
60142  18.169  -35.089  73.399 0.0000000000
60121  17.307  -35.463  74.777 0.0000000000
61333  21.623  -33.252  76.893 0.0000000000
61332  22.009  -33.569  76.360 0.0000000000
61393  20.169  -33.656  73.017 0.0000000000
61394  19.465  -33.932  73.142 0.0000000000
88069  42.423  -14.020  59.054 0.0000000000
86801  43.453  -14.406  63.156 0.0000000000
157678  44.046  -14.088  62.926 0.0000000000
86838  43.660  -14.299  61.999 0.0000000000
86851  43.664  -14.202  61.296 0.0000000000
59979  14.973  -34.872  85.961 0.0000000000
59986  14.419  -35.294  84.779 0.0000000000
59980  14.571  -35.286  85.564 0.0000000000
47641  7.959  -45.218  80.785 0.0000000000
71907  38.961  -26.810  71.588 0.0000000000
70685  38.284  -27.017  71.061 0.0000000000
70693  38.253  -26.902  70.301 0.0000000000
70694  38.068  -27.175  69.509 0.0000000000
70686  38.025  -27.337  70.414 0.0000000000
69369  37.432  -28.179  70.228 0.0000000000
68035  36.421  -28.590  70.312 0.0000000000
68011  26.865  -29.300  71.787 0.0000000000
68025  27.728  -28.498  70.878 0.0000000000
69361  28.067  -28.269  69.995 0.0000000000
68040  27.411  -28.817  69.996 0.0000000000
69373  27.102  -29.069  68.392 0.0000000000
81387  33.098  -21.469  68.802 0.0000000000
81388  32.594  -21.133  68.383 0.0000000000
81398  32.478  -21.277  67.650 0.0000000000
97110  52.857  -7.633  55.046 0.0000000000
98353  53.741  -7.521  56.346 0.0000000000
100849  54.567  -4.543  54.714 0.0000000000
86769  41.057  -14.842  64.431 0.0000000000
85511  40.515  -14.898  64.139 0.0000000000
87935  41.786  -14.235  69.158 0.0000000000
87934  42.545  -13.883  69.535 0.0000000000
86715  41.930  -14.391  67.749 0.0000000000
87970  42.206  -14.320  66.403 0.0000000000
87978  42.536  -14.503  65.643 0.0000000000
86756  41.818  -14.546  65.850 0.0000000000
53961  15.070  -41.095  74.469 0.0000000000
53951  14.562  -40.978  74.956 0.0000000000
62565  28.060  -32.500  81.033 0.0000000000
62564  28.442  -32.186  80.577 0.0000000000
61254  27.756  -31.898  79.955 0.0000000000
61273  27.127  -32.099  79.426 0.0000000000
61311  26.694  -32.878  77.726 0.0000000000
60138  24.005  -33.819  74.517 0.0000000000
60137  24.527  -33.615  74.498 0.0000000000
60158  24.014  -34.104  73.728 0.0000000000
60176  24.743  -33.949  73.090 0.0000000000
61408  25.124  -33.586  72.961 0.0000000000
62727  25.360  -33.188  72.526 0.0000000000
61421  25.042  -33.598  72.021 0.0000000000
61436  24.623  -33.388  71.162 0.0000000000
61468  24.549  -33.822  69.111 0.0000000000
61453  24.249  -34.340  69.760 0.0000000000
60242  23.504  -34.920  68.876 0.0000000000
73373  36.128  -26.382  63.550 0.0000000000
91796  49.029  -10.635  59.609 0.0000000000
94439  49.392  -10.071  57.896 0.0000000000
94477  49.342  -9.791  54.173 0.0000000000
95798  50.347  -9.121  54.460 0.0000000000
95797  51.042  -8.760  54.933 0.0000000000
95815  51.389  -8.970  52.589 0.0000000000
62570  20.277  -32.563  80.377 0.0000000000
62544  22.906  -32.692  80.933 0.0000000000
61242  23.180  -32.955  80.534 0.0000000000
62569  21.528  -32.605  80.212 0.0000000000
90527  47.640  -11.866  61.692 0.0000000000
91773  46.889  -11.807  60.561 0.0000000000
91813  44.828  -11.991  58.255 0.0000000000
62611  17.094  -33.957  79.040 0.0000000000
61298  16.283  -34.119  78.172 0.0000000000
61299  15.891  -34.585  78.878 0.0000000000
60055  15.497  -35.800  78.511 0.0000000000
57644  13.703  -37.868  80.815 0.0000000000
57663  14.364  -38.007  79.755 0.0000000000
53932  13.997  -40.718  76.848 0.0000000000
53922  13.600  -40.622  77.753 0.0000000000
52799  13.185  -41.427  77.936 0.0000000000
51405  12.962  -41.906  77.362 0.0000000000
53854  11.840  -39.924  83.847 0.0000000000
52737  11.853  -41.205  82.772 0.0000000000
49978  9.701  -43.255  80.831 0.0000000000
49977  10.161  -42.804  80.092 0.0000000000
49988  10.540  -42.791  79.077 0.0000000000
49999  11.057  -43.253  78.248 0.0000000000
50000  10.628  -43.671  77.677 0.0000000000
81314  35.050  -20.239  72.415 0.0000000000
81313  35.856  -20.607  72.592 0.0000000000
81340  35.360  -21.165  71.723 0.0000000000
77099  38.111  -24.540  70.955 0.0000000000
78457  38.340  -23.982  71.654 0.0000000000
77100  37.787  -24.098  70.777 0.0000000000
78478  37.459  -23.695  70.569 0.0000000000
78479  37.244  -22.948  69.853 0.0000000000
77135  35.969  -24.057  69.234 0.0000000000
77166  35.956  -24.546  67.885 0.0000000000
75899  35.866  -24.970  67.344 0.0000000000
75898  36.256  -24.923  67.712 0.0000000000
74649  36.362  -25.509  67.186 0.0000000000
74661  36.431  -25.974  66.423 0.0000000000
69417  36.405  -28.324  66.649 0.0000000000
69440  36.796  -28.112  66.148 0.0000000000
69441  36.197  -28.621  65.425 0.0000000000
69465  35.481  -29.125  64.388 0.0000000000
69466  35.335  -29.645  64.206 0.0000000000
68172  34.648  -29.488  63.086 0.0000000000
65383  30.352  -31.086  78.189 0.0000000000
66617  30.776  -30.407  78.916 0.0000000000
66632  30.599  -30.398  78.338 0.0000000000
67908  30.954  -29.637  78.435 0.0000000000
67924  30.957  -29.372  77.811 0.0000000000
69327  31.115  -28.147  74.221 0.0000000000
69309  31.401  -28.321  75.088 0.0000000000
67975  31.793  -27.773  73.929 0.0000000000
67973  34.033  -28.286  73.590 0.0000000000
67992  33.994  -28.257  72.666 0.0000000000
66734  34.471  -28.642  71.503 0.0000000000
66747  34.848  -28.930  70.780 0.0000000000
66749  33.616  -28.691  70.477 0.0000000000
66764  33.483  -28.505  69.570 0.0000000000
68074  30.749  -27.315  67.060 0.0000000000
68093  30.763  -27.469  66.388 0.0000000000
68092  31.405  -27.728  66.067 0.0000000000
68150  32.057  -29.386  64.036 0.0000000000
86675  36.598  -16.146  71.942 0.0000000000
86690  36.928  -15.928  71.075 0.0000000000
85448  35.084  -16.640  69.602 0.0000000000
82905  32.431  -19.006  65.453 0.0000000000
82904  32.581  -17.635  65.905 0.0000000000
104298  56.002  -2.667  52.643 0.0000000000
86732  40.205  -15.182  67.563 0.0000000000
86745  40.129  -14.989  66.451 0.0000000000
86746  39.831  -15.380  67.202 0.0000000000
85484  39.236  -15.546  66.832 0.0000000000
85472  39.132  -16.003  68.062 0.0000000000
85487  36.417  -16.723  65.708 0.0000000000
87911  42.311  -13.864  71.893 0.0000000000
86717  40.701  -14.880  68.180 0.0000000000
57763  17.627  -38.128  72.640 0.0000000000
57745  17.048  -37.927  73.143 0.0000000000
56509  16.163  -38.616  74.326 0.0000000000
56487  15.755  -38.364  74.865 0.0000000000
60033  24.869  -33.255  79.010 0.0000000000
60051  24.952  -33.503  78.165 0.0000000000
60074  24.233  -33.518  77.447 0.0000000000
60096  24.241  -33.837  76.464 0.0000000000
60118  23.391  -33.925  75.505 0.0000000000
60119  22.397  -33.681  75.684 0.0000000000
60139  23.319  -33.620  74.433 0.0000000000
60159  23.374  -33.753  73.486 0.0000000000
60179  22.816  -33.851  72.316 0.0000000000
60194  22.369  -34.311  71.158 0.0000000000
60195  21.328  -34.843  70.732 0.0000000000
94458  48.090  -10.033  56.597 0.0000000000
93141  47.629  -10.369  56.104 0.0000000000
62505  20.999  -32.593  83.224 0.0000000000
62484  21.834  -32.474  84.059 0.0000000000
89239  44.598  -13.270  64.724 0.0000000000
89251  45.069  -13.499  63.634 0.0000000000
157673  44.393  -13.941  62.893 0.0000000000
88006  44.911  -13.783  63.076 0.0000000000
89279  45.473  -13.274  62.650 0.0000000000
89308  45.374  -13.099  60.991 0.0000000000
89309  45.087  -13.300  60.668 0.0000000000
90559  44.532  -13.036  59.546 0.0000000000
89311  43.851  -13.505  59.908 0.0000000000
89324  44.113  -13.436  59.499 0.0000000000
91815  43.631  -13.043  57.587 0.0000000000
62528  15.970  -33.751  82.677 0.0000000000
62575  15.344  -34.271  81.760 0.0000000000
61244  14.976  -34.673  81.923 0.0000000000
60016  14.445  -35.618  81.791 0.0000000000
60017  14.163  -36.358  81.854 0.0000000000
59995  14.315  -35.639  83.731 0.0000000000
58845  14.080  -36.718  82.346 0.0000000000
58857  14.160  -36.631  81.880 0.0000000000
55110  12.881  -39.663  80.751 0.0000000000
51289  10.759  -42.695  83.386 0.0000000000
49961  10.335  -42.947  82.197 0.0000000000
49969  9.620  -43.265  81.728 0.0000000000
75831  38.711  -25.310  71.359 0.0000000000
77098  38.000  -25.057  71.017 0.0000000000
75833  38.179  -25.037  70.488 0.0000000000
75868  37.610  -25.365  69.469 0.0000000000
74608  37.108  -25.641  68.952 0.0000000000
74630  36.788  -25.641  68.214 0.0000000000
73286  37.213  -26.342  68.315 0.0000000000
71930  37.585  -26.742  68.318 0.0000000000
70708  37.119  -27.181  67.445 0.0000000000
69397  37.527  -27.516  68.860 0.0000000000
69415  37.267  -27.471  68.038 0.0000000000
69416  36.746  -27.722  67.227 0.0000000000
69399  36.469  -28.094  67.620 0.0000000000
68087  36.002  -28.419  67.189 0.0000000000
68088  35.503  -28.573  66.837 0.0000000000
66685  28.307  -29.811  75.899 0.0000000000
67944  29.124  -29.477  76.503 0.0000000000
67959  28.134  -29.642  75.481 0.0000000000
67958  28.922  -29.189  75.526 0.0000000000
69329  29.601  -28.769  74.422 0.0000000000
67997  28.499  -28.884  73.228 0.0000000000
69342  29.765  -29.116  73.820 0.0000000000
69341  30.146  -28.779  73.727 0.0000000000
67995  30.661  -28.791  73.084 0.0000000000
68039  30.388  -27.749  69.472 0.0000000000
69371  28.686  -27.953  69.448 0.0000000000
69385  29.601  -27.926  68.818 0.0000000000
69400  29.753  -27.936  67.612 0.0000000000
84149  33.744  -18.613  71.081 0.0000000000
84160  33.310  -18.619  70.005 0.0000000000
84175  32.657  -18.846  68.974 0.0000000000
82877  32.383  -18.819  67.216 0.0000000000
82893  32.323  -19.520  66.632 0.0000000000
101992  54.747  -3.950  53.795 0.0000000000
100858  55.236  -4.930  52.050 0.0000000000
86824  41.756  -15.378  61.194 0.0000000000
85574  41.585  -15.331  61.564 0.0000000000
85532  39.152  -15.301  63.421 0.0000000000
85577  38.934  -15.904  61.433 0.0000000000
87933  43.346  -13.791  69.890 0.0000000000
89236  44.022  -13.285  66.458 0.0000000000
87976  43.523  -13.885  64.922 0.0000000000
86766  43.232  -14.191  63.870 0.0000000000
87990  42.770  -14.528  65.131 0.0000000000
86767  42.994  -14.329  64.072 0.0000000000
86782  43.292  -14.274  63.643 0.0000000000
86802  42.829  -14.810  63.035 0.0000000000
63990  31.597  -32.572  81.580 0.0000000000
64000  31.151  -31.920  81.212 0.0000000000
65346  30.691  -31.270  80.560 0.0000000000
64015  30.042  -31.240  79.611 0.0000000000
62585  28.867  -31.464  79.538 0.0000000000
64010  29.579  -31.350  79.902 0.0000000000
65373  29.787  -31.174  78.655 0.0000000000
65384  29.574  -30.906  78.288 0.0000000000
65396  28.375  -30.591  77.897 0.0000000000
65407  27.727  -30.835  76.984 0.0000000000
60050  25.519  -33.384  78.048 0.0000000000
61331  25.948  -32.916  76.932 0.0000000000
61330  26.651  -32.984  76.683 0.0000000000
60115  25.095  -33.226  75.197 0.0000000000
61350  26.173  -33.168  75.524 0.0000000000
62647  27.103  -32.792  76.670 0.0000000000
64038  27.493  -32.197  76.741 0.0000000000
64049  27.559  -31.421  76.662 0.0000000000
66672  27.774  -30.544  76.485 0.0000000000
66703  26.924  -30.627  73.941 0.0000000000
66721  26.450  -30.655  73.378 0.0000000000
62748  25.553  -32.624  72.168 0.0000000000
65444  25.688  -31.334  72.388 0.0000000000
66736  26.139  -30.426  72.430 0.0000000000
65469  26.026  -31.087  70.683 0.0000000000
65470  26.141  -31.297  69.896 0.0000000000
65486  26.131  -31.715  69.005 0.0000000000
60225  22.017  -35.402  68.817 0.0000000000
77184  33.539  -24.151  66.328 0.0000000000
94436  51.605  -8.802  58.317 0.0000000000
94456  49.797  -9.483  56.440 0.0000000000
94438  50.441  -9.402  57.661 0.0000000000
95761  50.923  -9.187  57.215 0.0000000000
94455  51.460  -8.965  57.464 0.0000000000
94454  51.775  -8.881  57.516 0.0000000000
95777  52.459  -8.820  56.769 0.0000000000
97097  52.420  -8.523  56.150 0.0000000000
97112  51.507  -8.554  55.206 0.0000000000
97118  52.864  -7.613  53.951 0.0000000000
98380  52.901  -7.710  53.125 0.0000000000
62669  18.981  -33.353  75.907 0.0000000000
62650  18.753  -33.607  76.649 0.0000000000
62610  18.087  -33.265  78.707 0.0000000000
62590  19.152  -32.739  79.489 0.0000000000
62592  17.213  -33.626  80.082 0.0000000000
62573  17.094  -33.548  81.079 0.0000000000
62549  17.097  -34.047  82.050 0.0000000000
62486  19.790  -33.249  84.556 0.0000000000
62507  18.838  -32.968  83.638 0.0000000000
62526  17.867  -33.214  82.798 0.0000000000
61221  16.055  -33.803  83.677 0.0000000000
61205  16.013  -33.898  84.431 0.0000000000
61187  15.857  -33.896  85.998 0.0000000000
61188  15.375  -34.393  85.646 0.0000000000
63979  32.463  -31.661  82.720 0.0000000000
63981  30.718  -32.424  82.061 0.0000000000
62495  29.921  -32.260  82.231 0.0000000000
62514  29.243  -32.277  81.881 0.0000000000
62515  28.712  -32.845  81.951 0.0000000000
62540  28.704  -32.568  81.343 0.0000000000
61236  27.424  -32.430  81.304 0.0000000000
61256  26.632  -32.492  80.408 0.0000000000
61257  25.913  -32.843  80.372 0.0000000000
61218  25.991  -32.575  81.589 0.0000000000
61238  25.540  -32.661  80.951 0.0000000000
61277  24.726  -33.229  79.668 0.0000000000
60034  24.311  -33.471  79.021 0.0000000000
61295  23.708  -33.564  78.909 0.0000000000
62587  22.398  -33.195  79.140 0.0000000000
62606  22.359  -33.270  78.660 0.0000000000
61314  22.128  -33.258  77.881 0.0000000000
86854  40.897  -14.939  59.662 0.0000000000
91769  49.365  -10.580  61.273 0.0000000000
91783  49.357  -10.340  60.577 0.0000000000
90541  48.332  -11.241  61.316 0.0000000000
91784  48.808  -10.535  60.404 0.0000000000
91797  48.226  -10.682  59.408 0.0000000000
90545  45.677  -12.291  60.451 0.0000000000
93102  45.986  -11.569  59.172 0.0000000000
93115  45.483  -11.692  58.662 0.0000000000
91799  46.588  -11.184  59.037 0.0000000000
94424  46.591  -10.926  58.251 0.0000000000
93142  46.866  -10.666  56.202 0.0000000000
62670  18.253  -34.137  75.880 0.0000000000
61356  17.534  -34.764  75.425 0.0000000000
61357  17.168  -35.305  75.966 0.0000000000
61316  16.460  -34.535  77.278 0.0000000000
60099  16.759  -36.049  76.205 0.0000000000
58934  16.296  -36.836  75.725 0.0000000000
57719  15.932  -37.773  75.403 0.0000000000
56488  15.272  -38.770  75.491 0.0000000000
61281  15.035  -35.126  80.159 0.0000000000
60056  15.046  -36.216  79.085 0.0000000000
58909  15.068  -36.631  78.675 0.0000000000
57678  14.809  -37.886  78.863 0.0000000000
58890  14.905  -37.173  78.582 0.0000000000
57692  15.174  -37.644  77.620 0.0000000000
57705  15.371  -37.716  76.704 0.0000000000
56466  14.908  -38.677  76.426 0.0000000000
53941  14.693  -40.330  75.371 0.0000000000
52824  14.330  -41.455  74.818 0.0000000000
52806  13.826  -41.179  76.403 0.0000000000
52815  14.087  -41.303  75.480 0.0000000000
52825  13.857  -41.851  74.708 0.0000000000
56361  12.669  -38.573  83.501 0.0000000000
56381  12.469  -39.104  82.544 0.0000000000
55111  12.263  -39.780  81.439 0.0000000000
52738  11.522  -41.683  83.165 0.0000000000
52756  11.855  -41.933  82.435 0.0000000000
52769  11.585  -41.827  81.548 0.0000000000
52755  11.813  -41.298  82.014 0.0000000000
52768  11.538  -41.150  80.983 0.0000000000
52780  11.821  -41.128  79.850 0.0000000000
52779  12.852  -41.267  79.639 0.0000000000
51373  12.652  -41.799  78.616 0.0000000000
51390  12.833  -42.043  77.992 0.0000000000
51406  12.533  -42.524  77.357 0.0000000000
50014  11.860  -43.098  77.527 0.0000000000
51407  12.285  -43.122  76.639 0.0000000000
44147  5.562  -48.183  82.379 0.0000000000
44160  5.252  -48.885  81.827 0.0000000000
42982  4.870  -49.596  81.351 0.0000000000
42956  4.526  -49.354  82.615 0.0000000000
86656  38.603  -14.585  71.721 0.0000000000
85425  34.872  -17.056  72.006 0.0000000000
84137  34.336  -18.173  71.583 0.0000000000
82828  33.405  -19.620  71.171 0.0000000000
81362  33.142  -20.477  70.715 0.0000000000
81374  32.919  -21.156  69.768 0.0000000000
78512  33.588  -23.288  67.945 0.0000000000
79895  35.712  -22.168  71.084 0.0000000000
79914  35.528  -22.572  70.120 0.0000000000
78480  36.407  -22.845  69.657 0.0000000000
79929  35.079  -22.749  69.443 0.0000000000
78525  33.946  -23.758  67.627 0.0000000000
77183  34.166  -24.622  66.637 0.0000000000
75908  35.753  -25.390  66.622 0.0000000000
74663  35.604  -25.681  65.681 0.0000000000
74685  36.014  -26.109  63.992 0.0000000000
73352  36.230  -26.201  64.233 0.0000000000
72001  36.319  -26.858  63.295 0.0000000000
74647  36.699  -26.047  67.452 0.0000000000
73310  36.611  -26.166  66.756 0.0000000000
73332  36.529  -26.430  65.885 0.0000000000
70725  36.762  -27.629  65.674 0.0000000000
70741  36.606  -27.542  65.022 0.0000000000
71982  36.560  -27.128  65.176 0.0000000000
71999  36.513  -27.143  64.475 0.0000000000
70770  36.106  -28.132  61.497 0.0000000000
69505  36.270  -28.884  61.012 0.0000000000
69528  36.272  -29.476  60.591 0.0000000000
69552  36.232  -30.125  60.500 0.0000000000
68220  36.021  -30.824  60.583 0.0000000000
66729  37.690  -29.922  72.132 0.0000000000
65358  33.173  -30.574  80.151 0.0000000000
66616  31.422  -30.021  79.191 0.0000000000
67879  32.959  -29.998  79.468 0.0000000000
66599  34.047  -29.586  79.743 0.0000000000
66630  35.120  -29.609  78.287 0.0000000000
67943  30.111  -29.298  76.529 0.0000000000
69295  31.825  -28.384  75.796 0.0000000000
67941  32.537  -28.405  76.352 0.0000000000
67922  33.413  -28.643  77.221 0.0000000000
66648  35.122  -29.371  77.448 0.0000000000
66668  35.866  -29.199  76.216 0.0000000000
66700  35.172  -28.888  74.001 0.0000000000
66716  36.714  -30.169  72.809 0.0000000000
66730  37.001  -30.022  72.282 0.0000000000
66744  36.407  -28.989  72.174 0.0000000000
68020  36.662  -28.727  71.333 0.0000000000
66759  36.317  -29.014  71.106 0.0000000000
68036  35.879  -28.547  69.604 0.0000000000
66761  35.173  -29.060  70.065 0.0000000000
66777  35.423  -28.715  69.540 0.0000000000
68055  35.137  -28.651  68.145 0.0000000000
68071  35.028  -28.581  67.436 0.0000000000
66817  34.641  -28.783  67.399 0.0000000000
66781  33.314  -28.463  68.568 0.0000000000
68072  32.248  -28.067  67.679 0.0000000000
66796  33.819  -28.930  67.703 0.0000000000
66818  34.351  -28.997  66.968 0.0000000000
68090  34.620  -28.716  66.186 0.0000000000
68119  34.395  -28.810  65.374 0.0000000000
68148  34.201  -28.736  64.009 0.0000000000
68173  33.672  -29.498  62.971 0.0000000000
68174  32.616  -29.499  62.854 0.0000000000
68199  33.182  -30.017  61.880 0.0000000000
86673  38.109  -14.982  71.325 0.0000000000
86688  38.401  -15.243  70.678 0.0000000000
85446  37.834  -15.584  69.362 0.0000000000
85459  37.325  -15.805  68.487 0.0000000000
84201  36.490  -16.758  66.125 0.0000000000
85488  35.680  -16.667  65.600 0.0000000000
84173  34.101  -16.888  68.207 0.0000000000
84191  34.271  -16.679  67.137 0.0000000000
84204  33.156  -17.092  66.567 0.0000000000
85502  35.172  -16.416  65.027 0.0000000000
85516  35.645  -16.388  64.162 0.0000000000
99610  53.653  -6.158  52.553 0.0000000000
42955  4.829  -48.847  82.471 0.0000000000
48819  10.456  -43.547  78.078 0.0000000000
51332  11.280  -42.264  81.163 0.0000000000
51374  12.315  -42.185  79.096 0.0000000000
51391  12.387  -42.324  78.385 0.0000000000
51392  12.115  -42.482  78.803 0.0000000000
53853  12.235  -40.002  83.401 0.0000000000
53880  11.822  -40.212  81.978 0.0000000000
53904  11.800  -40.676  80.605 0.0000000000
55125  12.487  -40.101  80.601 0.0000000000
56360  13.017  -38.127  83.303 0.0000000000
56393  12.398  -39.440  81.971 0.0000000000
56447  14.215  -38.810  77.938 0.0000000000
57586  13.259  -38.086  83.978 0.0000000000
57677  15.058  -37.602  78.266 0.0000000000
57704  15.833  -37.476  76.051 0.0000000000
58846  14.139  -36.503  82.040 0.0000000000
59985  14.824  -34.764  85.437 0.0000000000
60007  14.139  -36.194  82.126 0.0000000000
60035  23.945  -33.567  79.023 0.0000000000
60052  24.327  -33.514  78.316 0.0000000000
60054  23.205  -33.358  78.060 0.0000000000
60094  25.173  -32.735  76.135 0.0000000000
60122  17.033  -35.984  75.416 0.0000000000
60156  24.945  -33.727  73.724 0.0000000000
60157  24.562  -33.903  73.752 0.0000000000
60175  25.047  -33.689  73.433 0.0000000000
61179  15.446  -34.460  86.187 0.0000000000
61220  24.813  -33.642  81.289 0.0000000000
61223  14.745  -34.772  82.471 0.0000000000
61240  24.683  -33.748  80.908 0.0000000000
61243  15.208  -34.197  82.263 0.0000000000
61258  25.154  -32.953  80.327 0.0000000000
61260  23.899  -33.528  80.351 0.0000000000
61263  14.763  -34.606  81.126 0.0000000000
61272  27.684  -31.877  79.250 0.0000000000
61276  25.400  -33.111  79.701 0.0000000000
61279  23.226  -33.310  79.667 0.0000000000
61290  27.594  -31.814  78.843 0.0000000000
61291  27.095  -32.035  78.507 0.0000000000
61297  22.315  -33.246  78.401 0.0000000000
61312  26.133  -33.213  77.885 0.0000000000
61329  27.193  -32.787  77.030 0.0000000000
61334  17.353  -34.707  76.109 0.0000000000
61352  21.745  -33.392  75.710 0.0000000000
61371  25.913  -33.329  74.584 0.0000000000
61391  25.778  -33.327  74.175 0.0000000000
61409  24.779  -33.858  72.411 0.0000000000
61422  24.498  -33.829  71.693 0.0000000000
61437  24.224  -33.874  70.799 0.0000000000
62460  16.423  -33.938  86.167 0.0000000000
62519  25.527  -32.718  82.030 0.0000000000
62538  29.820  -31.515  81.255 0.0000000000
62541  28.222  -32.819  81.519 0.0000000000
62550  15.940  -34.076  82.242 0.0000000000
62551  15.353  -34.272  82.032 0.0000000000
62562  29.747  -31.155  80.926 0.0000000000
62567  23.961  -34.130  80.874 0.0000000000
62604  28.132  -31.765  78.911 0.0000000000
62625  27.443  -31.793  78.122 0.0000000000
62626  21.388  -33.002  77.496 0.0000000000
62646  27.506  -32.357  77.189 0.0000000000
62666  27.131  -32.495  76.439 0.0000000000
62671  17.753  -34.494  75.928 0.0000000000
62705  25.983  -33.114  73.998 0.0000000000
62726  25.535  -32.711  73.156 0.0000000000
64009  30.200  -31.212  80.296 0.0000000000
64017  28.491  -31.387  78.749 0.0000000000
64025  28.978  -30.842  78.533 0.0000000000
64050  27.059  -31.808  76.266 0.0000000000
64058  26.449  -32.022  74.965 0.0000000000
64081  25.635  -32.024  72.790 0.0000000000
64091  25.628  -31.912  71.826 0.0000000000
65331  31.690  -32.239  81.142 0.0000000000
65371  31.066  -30.546  79.206 0.0000000000
65385  28.776  -30.738  78.326 0.0000000000
65395  29.003  -30.352  78.197 0.0000000000
65408  27.347  -31.008  76.332 0.0000000000
65423  26.592  -31.211  74.544 0.0000000000
65424  26.369  -31.341  73.857 0.0000000000
65455  25.677  -31.059  71.568 0.0000000000
66600  33.447  -29.872  79.693 0.0000000000
66615  33.910  -29.717  79.442 0.0000000000
66650  29.585  -29.921  77.944 0.0000000000
66686  27.668  -30.242  75.766 0.0000000000
66743  37.093  -29.223  72.630 0.0000000000
66847  34.235  -28.661  66.258 0.0000000000
67878  33.133  -29.895  79.333 0.0000000000
67972  34.602  -28.611  73.927 0.0000000000
68052  36.950  -28.390  69.877 0.0000000000
69294  32.364  -28.345  75.619 0.0000000000
69310  30.427  -28.476  75.244 0.0000000000
69326  31.829  -27.886  74.448 0.0000000000
69340  30.707  -28.441  73.647 0.0000000000
69360  28.700  -27.904  70.281 0.0000000000
69368  37.700  -27.778  70.801 0.0000000000
69370  29.384  -27.705  69.752 0.0000000000
69484  36.058  -28.754  63.280 0.0000000000
69486  35.322  -29.521  63.631 0.0000000000
69508  34.758  -29.525  61.961 0.0000000000
71964  36.941  -26.919  66.883 0.0000000000
73255  38.512  -26.135  70.412 0.0000000000
73268  38.293  -26.138  69.684 0.0000000000
73331  36.680  -26.570  66.451 0.0000000000
73351  36.407  -26.405  64.735 0.0000000000
73371  36.538  -27.076  64.215 0.0000000000
74629  36.914  -25.991  68.248 0.0000000000
75832  38.304  -25.286  70.912 0.0000000000
75852  38.244  -25.106  69.973 0.0000000000
75853  37.791  -25.009  69.803 0.0000000000
75870  36.839  -24.819  68.899 0.0000000000
77149  36.072  -24.587  68.585 0.0000000000
77169  33.821  -24.145  67.130 0.0000000000
79896  34.864  -22.233  70.956 0.0000000000
79931  33.605  -21.932  68.787 0.0000000000
79941  32.900  -21.721  67.586 0.0000000000
79942  32.510  -21.460  67.180 0.0000000000
79948  33.285  -22.294  67.085 0.0000000000
81376  32.470  -20.012  68.686 0.0000000000
81389  32.386  -20.195  68.311 0.0000000000
82811  33.752  -19.056  71.395 0.0000000000
82841  32.538  -19.785  69.296 0.0000000000
82860  32.526  -19.317  68.919 0.0000000000
82861  32.444  -19.581  68.637 0.0000000000
82891  32.667  -17.549  66.424 0.0000000000
84176  32.487  -19.152  68.745 0.0000000000
84189  36.352  -16.490  66.585 0.0000000000
84194  32.361  -18.985  68.426 0.0000000000
85445  38.638  -15.485  69.152 0.0000000000
86674  37.290  -15.404  71.613 0.0000000000
86729  41.935  -14.258  67.279 0.0000000000
86730  41.509  -14.378  67.183 0.0000000000
86770  40.464  -15.208  64.636 0.0000000000
86821  43.568  -14.413  62.689 0.0000000000
87959  41.917  -14.187  66.918 0.0000000000
87988  43.449  -13.968  64.020 0.0000000000
87989  43.065  -14.396  64.721 0.0000000000
88005  45.120  -13.528  62.865 0.0000000000
88007  44.446  -13.942  63.138 0.0000000000
88059  45.080  -13.458  60.777 0.0000000000
89252  44.776  -13.467  64.085 0.0000000000
90477  45.252  -13.334  63.696 0.0000000000
90557  45.342  -12.899  60.827 0.0000000000
91802  43.815  -12.878  58.201 0.0000000000
93128  49.640  -10.323  58.688 0.0000000000
93157  47.818  -10.594  55.561 0.0000000000
94423  46.795  -10.797  58.303 0.0000000000
94437  51.150  -9.030  57.840 0.0000000000
94441  46.713  -10.825  58.063 0.0000000000
94442  46.452  -10.963  57.940 0.0000000000
95760  51.003  -9.162  57.458 0.0000000000
100843  54.391  -5.181  54.940 0.0000000000
100852  53.232  -5.116  52.772 0.0000000000
100861  53.603  -5.217  52.691 0.0000000000
101994  53.457  -4.605  52.784 0.0000000000
101995  53.479  -4.780  52.695 0.0000000000
102004  53.734  -5.039  52.671 0.0000000000
102005  53.492  -5.006  52.662 0.0000000000
103128  53.861  -4.533  52.714 0.0000000000
103129  53.722  -4.796  52.663 0.0000000000
103135  53.738  -4.911  52.585 0.0000000000
157675  44.627  -13.824  62.832 0.0000000000
157676  45.337  -13.169  61.224 0.0000000000
157677  43.687  -14.303  62.907 0.0000000000
