#!ascii label  , from subject 3835 vox2ras=TkReg
1343
119436  42.839  10.432  56.285 0.0000000000
119576  41.884  10.088  43.866 0.0000000000
123270  44.424  14.950  34.500 0.0000000000
115185  47.526  6.681  33.987 0.0000000000
113758  43.826  5.060  49.538 0.0000000000
126274  46.193  16.837  42.042 0.0000000000
116408  46.032  7.820  37.282 0.0000000000
121429  37.431  11.974  36.526 0.0000000000
123151  41.867  14.785  47.068 0.0000000000
117427  43.395  8.776  52.061 0.0000000000
117486  45.923  8.805  45.008 0.0000000000
125307  41.660  16.774  35.535 0.0000000000
118698  39.437  9.941  32.589 0.0000000000
120552  40.449  11.489  38.225 0.0000000000
115214  41.733  6.779  32.165 0.0000000000
124238  37.610  15.815  36.236 0.0000000000
121291  44.145  11.576  54.436 0.0000000000
117357  46.374  8.274  55.495 0.0000000000
116322  43.770  6.987  47.238 0.0000000000
125302  46.822  16.557  36.126 0.0000000000
126353  45.227  16.829  37.227 0.0000000000
125342  43.740  16.108  33.446 0.0000000000
122306  40.469  13.779  33.458 0.0000000000
121481  41.858  12.621  31.576 0.0000000000
121358  38.957  12.572  45.469 0.0000000000
123186  40.090  14.787  42.586 0.0000000000
118614  39.537  10.050  41.231 0.0000000000
118684  47.609  9.494  33.092 0.0000000000
116463  43.988  7.284  34.227 0.0000000000
115221  44.902  7.157  31.508 0.0000000000
112801  42.190  5.224  31.371 0.0000000000
113912  45.192  5.463  34.894 0.0000000000
110533  45.443  2.884  38.216 0.0000000000
117363  40.521  8.444  55.757 0.0000000000
114972  44.208  6.679  53.476 0.0000000000
124213  45.712  15.385  38.196 0.0000000000
119592  46.605  11.187  42.595 0.0000000000
117532  43.441  8.484  40.560 0.0000000000
118623  48.006  10.208  39.233 0.0000000000
118659  49.207  9.802  35.900 0.0000000000
124125  46.119  15.843  48.333 0.0000000000
123105  45.022  13.976  51.749 0.0000000000
121348  40.803  12.388  49.643 0.0000000000
118532  40.795  9.502  47.444 0.0000000000
116288  46.332  7.676  51.863 0.0000000000
118517  46.221  9.535  48.719 0.0000000000
119543  46.101  11.037  45.667 0.0000000000
117516  47.748  8.961  42.450 0.0000000000
119468  37.345  10.089  53.612 0.0000000000
126317  43.100  17.243  39.404 0.0000000000
126374  39.168  17.407  35.823 0.0000000000
124260  39.455  15.509  34.787 0.0000000000
120583  38.534  11.161  34.329 0.0000000000
115191  38.242  6.842  34.914 0.0000000000
125194  44.432  16.088  44.865 0.0000000000
123205  42.862  14.953  40.094 0.0000000000
122288  41.832  13.146  36.348 0.0000000000
116413  41.828  7.354  37.604 0.0000000000
118686  40.732  9.140  34.923 0.0000000000
120591  41.780  11.427  33.174 0.0000000000
117655  40.288  8.072  31.086 0.0000000000
113938  39.893  6.079  33.117 0.0000000000
125295  37.114  16.684  37.229 0.0000000000
126389  36.956  17.041  36.198 0.0000000000
119432  46.500  10.151  57.710 0.0000000000
117342  45.020  8.881  56.968 0.0000000000
124244  45.631  15.720  35.151 0.0000000000
125315  45.301  16.348  35.423 0.0000000000
124271  44.115  15.571  33.488 0.0000000000
123287  42.853  14.426  32.548 0.0000000000
122318  43.073  13.619  32.926 0.0000000000
120488  39.385  10.911  44.800 0.0000000000
121373  38.513  11.535  43.514 0.0000000000
119578  39.895  10.012  43.178 0.0000000000
117628  47.984  8.437  32.937 0.0000000000
117652  46.395  8.222  31.721 0.0000000000
115209  46.395  7.338  32.300 0.0000000000
113932  45.480  6.415  32.741 0.0000000000
113920  46.282  6.284  33.767 0.0000000000
111665  46.530  4.398  35.807 0.0000000000
112765  47.459  4.565  35.465 0.0000000000
116277  41.175  7.480  52.788 0.0000000000
124202  47.395  15.972  39.150 0.0000000000
124190  45.617  16.069  40.094 0.0000000000
119607  48.879  10.564  41.866 0.0000000000
119624  47.038  10.554  40.886 0.0000000000
119622  49.038  10.564  40.825 0.0000000000
119663  51.100  10.536  37.563 0.0000000000
118668  52.383  9.935  35.756 0.0000000000
118680  50.431  9.659  35.276 0.0000000000
119486  42.969  10.585  53.144 0.0000000000
121307  43.176  12.109  52.542 0.0000000000
119508  41.926  10.350  51.391 0.0000000000
119517  39.784  10.711  48.991 0.0000000000
117455  41.989  8.983  49.788 0.0000000000
112559  44.300  4.744  52.075 0.0000000000
114990  45.678  6.294  53.244 0.0000000000
115024  44.801  5.715  50.807 0.0000000000
116329  44.417  7.894  45.477 0.0000000000
116312  46.714  8.159  48.289 0.0000000000
117473  47.165  8.777  47.115 0.0000000000
119524  46.543  10.213  47.186 0.0000000000
118544  47.629  9.521  45.679 0.0000000000
118566  48.527  10.373  44.302 0.0000000000
117504  46.648  8.767  43.177 0.0000000000
112675  47.712  4.629  40.904 0.0000000000
126370  43.910  16.821  36.512 0.0000000000
125280  44.031  16.986  38.432 0.0000000000
126356  41.695  17.093  37.258 0.0000000000
126339  40.637  17.256  38.206 0.0000000000
126373  40.271  17.317  36.025 0.0000000000
126395  38.581  16.868  34.685 0.0000000000
125332  40.434  16.254  34.314 0.0000000000
120592  40.249  11.758  32.782 0.0000000000
121447  39.529  12.450  34.186 0.0000000000
119706  38.829  10.306  33.765 0.0000000000
118675  38.407  9.425  34.868 0.0000000000
117634  38.693  8.522  33.600 0.0000000000
124128  44.030  15.249  47.649 0.0000000000
125153  45.243  16.003  46.798 0.0000000000
124141  43.288  15.845  45.849 0.0000000000
122247  40.564  13.396  40.566 0.0000000000
124185  41.730  15.281  41.313 0.0000000000
122257  41.461  13.482  39.200 0.0000000000
123229  42.522  14.300  38.084 0.0000000000
121410  41.323  12.718  37.921 0.0000000000
117563  44.872  8.212  38.764 0.0000000000
116381  42.219  7.700  39.382 0.0000000000
116410  44.214  7.311  37.454 0.0000000000
115200  42.497  6.929  32.807 0.0000000000
115175  41.576  6.968  34.590 0.0000000000
116480  40.847  7.538  33.444 0.0000000000
118696  40.834  9.474  33.817 0.0000000000
117643  40.743  8.288  32.263 0.0000000000
118715  41.019  9.409  31.655 0.0000000000
116508  40.737  7.635  31.023 0.0000000000
112779  42.405  4.954  34.183 0.0000000000
113936  41.293  5.390  32.303 0.0000000000
112780  41.458  4.618  34.343 0.0000000000
112782  39.840  4.978  35.036 0.0000000000
125211  46.953  16.839  43.486 0.0000000000
123231  38.304  14.578  38.001 0.0000000000
122280  38.567  13.422  37.189 0.0000000000
122135  45.588  13.312  55.162 0.0000000000
120414  45.670  11.401  56.416 0.0000000000
119452  44.900  10.260  55.105 0.0000000000
118474  44.509  8.934  53.724 0.0000000000
115044  43.709  6.223  48.648 0.0000000000
126352  46.426  17.419  36.882 0.0000000000
125304  44.885  16.568  36.162 0.0000000000
125317  43.147  16.772  35.179 0.0000000000
125344  41.197  15.798  33.860 0.0000000000
124257  42.251  15.652  33.720 0.0000000000
122331  41.333  13.549  32.254 0.0000000000
120604  40.587  11.442  32.165 0.0000000000
123153  40.223  14.307  46.628 0.0000000000
124144  40.735  15.377  45.285 0.0000000000
122225  39.205  13.296  43.635 0.0000000000
121388  39.386  12.359  41.569 0.0000000000
119627  39.989  10.591  40.088 0.0000000000
117605  47.208  8.622  34.914 0.0000000000
116445  44.723  7.526  35.151 0.0000000000
117631  45.496  8.423  33.402 0.0000000000
116492  44.938  8.174  31.773 0.0000000000
116506  43.392  7.408  31.211 0.0000000000
115232  41.829  6.639  31.014 0.0000000000
113957  43.535  6.290  30.992 0.0000000000
113934  43.391  5.263  33.121 0.0000000000
113914  43.761  5.153  35.122 0.0000000000
110552  46.668  2.504  36.795 0.0000000000
118427  40.980  9.121  56.478 0.0000000000
117361  42.977  8.635  55.954 0.0000000000
116215  42.045  8.098  54.975 0.0000000000
114993  42.873  6.389  52.778 0.0000000000
112561  42.764  4.506  51.814 0.0000000000
125279  48.775  16.261  38.309 0.0000000000
124224  46.846  15.493  37.198 0.0000000000
123250  44.464  14.726  36.510 0.0000000000
119595  43.816  10.178  43.230 0.0000000000
118586  42.309  9.107  42.398 0.0000000000
118598  44.580  9.860  41.297 0.0000000000
118625  45.852  9.229  39.317 0.0000000000
118636  46.799  9.139  38.649 0.0000000000
119650  50.135  10.330  38.659 0.0000000000
118634  49.036  10.301  38.080 0.0000000000
117589  48.071  8.815  35.840 0.0000000000
118672  48.468  10.044  34.108 0.0000000000
117614  49.468  9.104  33.945 0.0000000000
115183  49.085  7.638  34.418 0.0000000000
113901  48.611  5.053  36.167 0.0000000000
123132  45.009  14.783  49.780 0.0000000000
123140  43.107  14.189  49.280 0.0000000000
122157  44.418  13.416  52.979 0.0000000000
122191  42.549  13.105  50.468 0.0000000000
123142  41.878  13.917  48.510 0.0000000000
121354  39.513  12.591  47.619 0.0000000000
119538  39.572  10.879  46.304 0.0000000000
119547  41.514  10.342  45.490 0.0000000000
114950  45.841  6.742  55.076 0.0000000000
117404  46.560  8.067  53.807 0.0000000000
117434  45.835  8.623  51.845 0.0000000000
116306  45.506  7.151  49.745 0.0000000000
117451  46.514  8.674  49.760 0.0000000000
117453  44.359  8.772  49.761 0.0000000000
118519  43.501  9.271  48.532 0.0000000000
118539  43.580  9.798  46.676 0.0000000000
119545  44.015  10.229  45.374 0.0000000000
120510  46.412  11.302  44.364 0.0000000000
120519  48.616  11.078  43.482 0.0000000000
117515  49.047  9.190  41.920 0.0000000000
115103  46.533  6.886  41.746 0.0000000000
115111  48.078  6.980  40.732 0.0000000000
119446  39.850  9.916  55.073 0.0000000000
118441  38.675  9.080  55.366 0.0000000000
118480  36.201  9.376  54.270 0.0000000000
127294  44.165  18.313  39.831 0.0000000000
127295  41.184  17.634  39.939 0.0000000000
126397  37.680  16.739  35.233 0.0000000000
124247  38.294  15.697  35.471 0.0000000000
122290  38.955  13.188  36.055 0.0000000000
123274  40.253  14.689  34.392 0.0000000000
121436  39.113  12.609  34.986 0.0000000000
121438  37.846  11.854  35.661 0.0000000000
125228  45.294  16.907  42.697 0.0000000000
124168  41.780  16.183  43.993 0.0000000000
125230  42.986  16.866  42.658 0.0000000000
125244  44.206  16.735  41.140 0.0000000000
123216  44.317  15.024  39.119 0.0000000000
123239  43.474  14.575  37.298 0.0000000000
123252  42.672  14.144  35.855 0.0000000000
117520  40.880  8.499  41.147 0.0000000000
117550  40.314  8.686  39.489 0.0000000000
118649  40.444  9.546  37.875 0.0000000000
116430  42.452  7.204  36.125 0.0000000000
117593  40.899  8.320  36.669 0.0000000000
119666  40.505  10.420  37.150 0.0000000000
120574  41.021  11.043  35.688 0.0000000000
121446  42.100  12.113  34.760 0.0000000000
121457  42.832  12.647  33.194 0.0000000000
120602  42.390  12.048  31.778 0.0000000000
119721  41.089  10.458  31.608 0.0000000000
118717  40.118  9.284  31.468 0.0000000000
115233  41.074  6.451  30.661 0.0000000000
116509  39.681  7.285  31.036 0.0000000000
116497  39.149  7.741  32.713 0.0000000000
115189  39.314  6.507  33.787 0.0000000000
110534  44.572  2.840  38.891 0.0000000000
126376  36.677  17.440  37.031 0.0000000000
127327  37.176  17.712  36.418 0.0000000000
119435  43.850  10.594  56.617 0.0000000000
118411  44.472  9.735  57.198 0.0000000000
118412  43.346  9.289  57.286 0.0000000000
124245  44.953  15.376  34.730 0.0000000000
124256  44.880  15.710  34.155 0.0000000000
123285  44.193  15.037  33.850 0.0000000000
123286  43.547  14.612  33.323 0.0000000000
122317  43.377  13.938  33.645 0.0000000000
119559  41.100  10.317  44.586 0.0000000000
119560  39.985  10.559  44.234 0.0000000000
119577  40.858  9.942  43.738 0.0000000000
116460  48.056  7.444  33.805 0.0000000000
116489  47.407  7.933  31.982 0.0000000000
115196  47.154  7.256  33.244 0.0000000000
115197  46.583  6.979  32.989 0.0000000000
113919  46.909  6.351  34.098 0.0000000000
113910  47.078  5.665  34.717 0.0000000000
115173  47.636  5.993  34.995 0.0000000000
125226  47.173  16.591  42.585 0.0000000000
126286  46.820  16.435  41.175 0.0000000000
125254  46.220  16.437  40.251 0.0000000000
126299  45.813  16.788  40.706 0.0000000000
118595  49.385  10.029  41.855 0.0000000000
119606  49.513  10.402  41.369 0.0000000000
118608  49.821  10.016  41.275 0.0000000000
119684  52.697  10.185  35.978 0.0000000000
117600  52.695  9.288  35.941 0.0000000000
117601  51.985  9.387  35.608 0.0000000000
120568  37.067  11.242  36.592 0.0000000000
118476  42.872  9.660  52.974 0.0000000000
119488  42.165  10.580  51.911 0.0000000000
118500  42.304  9.506  51.468 0.0000000000
118505  41.485  9.718  50.204 0.0000000000
117438  42.161  9.024  50.927 0.0000000000
112587  44.207  4.547  50.945 0.0000000000
113746  44.708  4.926  51.213 0.0000000000
113757  44.490  4.911  50.344 0.0000000000
117487  44.961  8.255  44.811 0.0000000000
117475  45.772  8.424  46.379 0.0000000000
117479  46.294  8.809  45.945 0.0000000000
117478  47.248  8.972  46.278 0.0000000000
117485  46.965  9.292  45.390 0.0000000000
117495  46.729  9.163  44.354 0.0000000000
117496  45.495  8.368  43.965 0.0000000000
126371  42.799  17.048  36.184 0.0000000000
126372  41.439  16.866  36.179 0.0000000000
126384  41.034  16.818  35.474 0.0000000000
126385  39.987  16.993  35.122 0.0000000000
125319  40.994  16.533  34.896 0.0000000000
120605  40.066  11.140  32.506 0.0000000000
120593  39.646  11.434  33.216 0.0000000000
119705  39.358  10.426  33.110 0.0000000000
118687  38.709  9.430  34.081 0.0000000000
118699  39.119  9.412  33.010 0.0000000000
123150  42.820  14.835  47.344 0.0000000000
124134  43.543  15.326  46.878 0.0000000000
124135  42.631  15.275  46.537 0.0000000000
121403  40.612  12.520  39.346 0.0000000000
122258  40.806  13.139  39.864 0.0000000000
121402  41.276  12.816  38.659 0.0000000000
121419  40.788  12.145  37.770 0.0000000000
116396  45.757  7.632  38.025 0.0000000000
116398  44.207  7.657  38.531 0.0000000000
116409  45.191  7.496  37.253 0.0000000000
115201  41.630  6.932  33.116 0.0000000000
116495  41.160  7.335  32.485 0.0000000000
117632  40.671  8.630  33.186 0.0000000000
116507  41.069  7.437  31.581 0.0000000000
112771  42.264  4.578  35.270 0.0000000000
112772  41.335  4.455  35.407 0.0000000000
124227  37.495  16.164  36.919 0.0000000000
124215  37.931  15.427  37.865 0.0000000000
124226  38.029  15.513  37.110 0.0000000000
121270  46.102  12.286  56.971 0.0000000000
118423  46.433  9.652  57.159 0.0000000000
119441  46.288  10.383  56.708 0.0000000000
118436  45.868  9.215  55.778 0.0000000000
118455  44.861  9.208  54.560 0.0000000000
118454  46.073  8.866  54.727 0.0000000000
126366  48.170  17.567  36.755 0.0000000000
126351  47.659  18.134  36.895 0.0000000000
126368  46.689  17.107  36.389 0.0000000000
125328  44.940  16.291  34.428 0.0000000000
125329  44.025  16.626  34.114 0.0000000000
125316  44.322  16.619  35.254 0.0000000000
125330  42.863  16.399  34.046 0.0000000000
125343  43.019  15.754  33.432 0.0000000000
123299  42.338  14.032  31.765 0.0000000000
123300  41.677  13.928  31.830 0.0000000000
122330  41.660  13.128  31.888 0.0000000000
121470  41.231  12.510  31.986 0.0000000000
121469  41.611  12.743  31.791 0.0000000000
122211  39.258  13.630  45.778 0.0000000000
123165  39.552  14.654  44.907 0.0000000000
122216  39.139  13.560  44.659 0.0000000000
120532  38.668  10.863  42.043 0.0000000000
121379  38.876  12.372  42.473 0.0000000000
120531  39.200  11.390  41.480 0.0000000000
121396  39.801  11.951  40.868 0.0000000000
119628  39.595  10.333  40.882 0.0000000000
117617  47.327  9.276  33.762 0.0000000000
117618  46.127  8.543  34.200 0.0000000000
117630  46.334  8.696  33.136 0.0000000000
116504  45.508  7.902  31.407 0.0000000000
117653  45.763  8.294  31.779 0.0000000000
116493  43.974  7.542  32.009 0.0000000000
116505  44.356  7.389  31.435 0.0000000000
115230  43.402  6.866  30.703 0.0000000000
113956  44.270  6.703  31.210 0.0000000000
113921  45.295  5.868  33.854 0.0000000000
113933  44.415  5.768  32.875 0.0000000000
113922  44.337  5.501  34.029 0.0000000000
113923  43.433  5.271  34.407 0.0000000000
113913  44.301  5.350  35.031 0.0000000000
112768  45.042  4.924  35.660 0.0000000000
111664  46.969  4.019  35.750 0.0000000000
111657  46.264  3.769  36.418 0.0000000000
118428  40.398  8.963  56.308 0.0000000000
117362  41.721  8.469  55.744 0.0000000000
117379  41.154  8.184  55.078 0.0000000000
116276  42.136  7.278  52.825 0.0000000000
113722  42.476  5.439  52.525 0.0000000000
112550  43.009  4.793  52.453 0.0000000000
112551  42.261  4.784  52.281 0.0000000000
124212  47.046  15.633  38.338 0.0000000000
124225  45.881  15.313  36.980 0.0000000000
123249  45.225  14.885  36.784 0.0000000000
119593  45.622  10.746  42.831 0.0000000000
119612  43.964  10.069  42.530 0.0000000000
119610  45.764  10.698  41.886 0.0000000000
119640  47.479  10.527  40.267 0.0000000000
118610  46.259  10.078  40.171 0.0000000000
118624  47.193  10.015  39.494 0.0000000000
119636  50.700  10.217  39.204 0.0000000000
119635  51.241  10.215  38.608 0.0000000000
118658  50.082  10.373  36.492 0.0000000000
118646  50.128  10.386  37.129 0.0000000000
118647  49.457  9.971  37.332 0.0000000000
118648  48.552  9.379  36.743 0.0000000000
118660  48.583  9.398  35.996 0.0000000000
117588  48.584  9.415  35.506 0.0000000000
117603  48.816  9.587  35.174 0.0000000000
117613  50.250  9.168  34.791 0.0000000000
116457  50.049  8.681  34.586 0.0000000000
117615  49.106  8.569  33.753 0.0000000000
116443  50.116  7.640  35.019 0.0000000000
115171  49.576  7.094  35.105 0.0000000000
123104  45.768  14.094  52.017 0.0000000000
123119  46.002  14.551  50.932 0.0000000000
123120  44.730  14.261  51.090 0.0000000000
123139  43.886  14.811  49.021 0.0000000000
123133  43.795  14.233  50.115 0.0000000000
122136  44.923  12.816  54.923 0.0000000000
122145  45.204  13.753  53.781 0.0000000000
122147  43.847  12.695  54.036 0.0000000000
121344  41.556  12.264  50.632 0.0000000000
121327  42.928  12.761  51.494 0.0000000000
122192  42.062  12.785  50.474 0.0000000000
122202  42.122  13.651  49.160 0.0000000000
122199  41.263  12.906  49.607 0.0000000000
122205  40.347  13.631  47.734 0.0000000000
121350  40.022  12.687  48.514 0.0000000000
118522  40.334  9.636  48.425 0.0000000000
119520  39.623  10.395  48.386 0.0000000000
119526  40.214  9.856  47.191 0.0000000000
119537  40.512  10.013  46.445 0.0000000000
118541  41.383  9.584  46.801 0.0000000000
116225  43.670  7.511  54.685 0.0000000000
116212  44.884  7.486  55.755 0.0000000000
116224  44.569  6.948  54.988 0.0000000000
116275  46.116  6.762  52.444 0.0000000000
116274  46.468  7.307  53.205 0.0000000000
117423  46.520  8.292  52.875 0.0000000000
117424  46.047  8.929  52.765 0.0000000000
117433  46.169  8.410  52.097 0.0000000000
115052  43.470  6.490  47.702 0.0000000000
115043  44.402  6.397  49.045 0.0000000000
116321  44.662  7.254  47.708 0.0000000000
117459  46.945  8.795  48.629 0.0000000000
116305  46.472  8.049  49.262 0.0000000000
118507  46.634  9.194  49.299 0.0000000000
118504  46.261  8.975  50.419 0.0000000000
118509  45.198  9.001  49.622 0.0000000000
117460  43.826  9.038  49.133 0.0000000000
118518  44.927  9.375  48.901 0.0000000000
119532  46.384  10.588  46.458 0.0000000000
118538  44.772  10.148  46.974 0.0000000000
119534  44.408  10.262  46.173 0.0000000000
119535  43.521  10.188  45.948 0.0000000000
119544  45.086  10.590  45.537 0.0000000000
119556  44.667  10.547  44.672 0.0000000000
120497  46.509  11.379  45.096 0.0000000000
118584  47.480  9.383  43.321 0.0000000000
118565  48.890  10.637  43.938 0.0000000000
118597  48.223  9.610  42.808 0.0000000000
118596  48.606  10.009  42.596 0.0000000000
113839  46.449  5.568  41.650 0.0000000000
113851  47.972  5.875  40.582 0.0000000000
115110  48.650  6.837  40.278 0.0000000000
119456  40.249  10.504  54.455 0.0000000000
119467  38.245  10.251  53.639 0.0000000000
119458  38.756  10.188  54.222 0.0000000000
118478  37.954  9.664  54.298 0.0000000000
118442  37.797  8.922  55.394 0.0000000000
118479  37.045  9.588  54.492 0.0000000000
125268  43.698  17.038  38.894 0.0000000000
126316  44.240  17.589  39.153 0.0000000000
126301  43.794  18.180  39.800 0.0000000000
127278  43.553  18.568  40.421 0.0000000000
126302  43.294  17.924  39.975 0.0000000000
126303  42.462  17.618  40.201 0.0000000000
126318  41.888  17.202  39.629 0.0000000000
126357  40.444  17.066  37.069 0.0000000000
126359  38.357  17.542  36.584 0.0000000000
127326  37.655  17.531  35.860 0.0000000000
126375  38.300  17.450  35.799 0.0000000000
125334  38.338  16.142  34.956 0.0000000000
124246  39.139  15.352  35.401 0.0000000000
123242  39.268  14.235  36.393 0.0000000000
123253  39.303  14.599  35.914 0.0000000000
124275  40.894  14.979  33.467 0.0000000000
124259  40.374  15.393  34.195 0.0000000000
123273  40.551  14.324  33.534 0.0000000000
120582  39.101  11.610  33.979 0.0000000000
121448  38.813  12.004  34.619 0.0000000000
121437  38.512  12.455  35.375 0.0000000000
120584  37.938  10.989  35.135 0.0000000000
119691  37.868  10.224  35.706 0.0000000000
119698  38.152  10.385  35.200 0.0000000000
116450  38.181  8.114  35.076 0.0000000000
125127  46.984  16.291  48.315 0.0000000000
125170  45.427  16.278  45.738 0.0000000000
125193  45.615  16.589  44.678 0.0000000000
125213  44.858  16.602  43.645 0.0000000000
124170  40.006  15.303  43.751 0.0000000000
124157  41.282  15.777  44.667 0.0000000000
123185  40.722  15.314  42.697 0.0000000000
124193  42.345  15.271  40.789 0.0000000000
124184  42.654  15.981  41.676 0.0000000000
125245  43.407  16.808  41.746 0.0000000000
124192  43.742  15.584  40.390 0.0000000000
124205  44.049  15.284  39.717 0.0000000000
123204  43.445  15.176  39.974 0.0000000000
123241  41.990  13.783  37.568 0.0000000000
123240  42.488  14.145  37.076 0.0000000000
123251  43.551  14.548  36.194 0.0000000000
122287  42.145  13.691  36.029 0.0000000000
118600  42.590  8.752  41.632 0.0000000000
117506  42.088  8.677  41.788 0.0000000000
117518  42.828  8.535  41.087 0.0000000000
116401  41.684  7.715  38.468 0.0000000000
116368  41.240  7.965  39.560 0.0000000000
117564  40.981  8.085  38.445 0.0000000000
117565  40.476  8.708  38.567 0.0000000000
117577  40.675  8.634  37.667 0.0000000000
116446  43.725  7.084  35.253 0.0000000000
116466  40.874  7.661  34.808 0.0000000000
116449  41.086  7.793  35.586 0.0000000000
117607  40.854  8.504  35.686 0.0000000000
118661  40.478  9.441  36.851 0.0000000000
118674  40.810  9.537  35.740 0.0000000000
120567  40.850  11.165  36.479 0.0000000000
119689  40.931  10.396  35.558 0.0000000000
119696  41.340  10.654  33.950 0.0000000000
120581  41.832  11.590  34.220 0.0000000000
121445  42.492  12.391  34.086 0.0000000000
120580  42.224  12.068  33.434 0.0000000000
120590  42.296  12.095  32.608 0.0000000000
120603  41.791  11.422  32.224 0.0000000000
118716  40.589  9.329  31.494 0.0000000000
119722  40.516  10.409  31.573 0.0000000000
113968  41.914  5.969  30.784 0.0000000000
113969  41.532  5.906  30.891 0.0000000000
113937  40.748  5.571  32.912 0.0000000000
113950  40.675  5.955  31.821 0.0000000000
115216  39.747  6.504  31.863 0.0000000000
116496  39.428  7.629  32.141 0.0000000000
115202  39.320  6.928  32.913 0.0000000000
115203  39.011  6.962  33.556 0.0000000000
112773  40.459  4.561  35.622 0.0000000000
111643  45.039  4.043  37.455 0.0000000000
125282  36.713  16.574  37.670 0.0000000000
125309  37.034  17.122  37.053 0.0000000000
125308  37.282  16.466  36.463 0.0000000000
120404  46.032  11.270  57.273 0.0000000000
119422  45.235  10.404  57.455 0.0000000000
117329  45.759  9.585  57.536 0.0000000000
117358  45.721  8.669  56.261 0.0000000000
125313  46.413  16.151  35.732 0.0000000000
125314  46.077  16.176  35.537 0.0000000000
125327  45.492  16.103  34.924 0.0000000000
124255  45.339  16.010  34.544 0.0000000000
125341  44.490  16.191  33.689 0.0000000000
124272  43.349  15.330  33.124 0.0000000000
122329  42.792  13.520  31.930 0.0000000000
120489  39.260  11.518  45.186 0.0000000000
121364  38.993  12.340  44.507 0.0000000000
120499  38.480  10.966  44.455 0.0000000000
119579  39.038  10.073  43.249 0.0000000000
118589  39.730  9.644  42.152 0.0000000000
118706  47.910  9.054  32.640 0.0000000000
117640  47.106  8.577  32.309 0.0000000000
117650  47.334  8.107  31.755 0.0000000000
116503  46.397  7.792  31.611 0.0000000000
115220  45.668  7.565  31.574 0.0000000000
115211  45.142  6.839  31.803 0.0000000000
115198  46.043  6.691  32.639 0.0000000000
113931  46.143  6.509  32.982 0.0000000000
113911  46.121  5.473  34.691 0.0000000000
112767  45.997  4.931  35.711 0.0000000000
112766  46.729  4.847  35.352 0.0000000000
111663  47.612  3.744  35.829 0.0000000000
116228  39.646  8.052  54.573 0.0000000000
117408  40.862  8.103  54.378 0.0000000000
116257  40.206  7.875  53.928 0.0000000000
125266  47.953  15.836  39.717 0.0000000000
125267  47.038  16.458  39.736 0.0000000000
124203  46.083  15.889  39.422 0.0000000000
119591  47.622  11.124  42.617 0.0000000000
119609  46.798  10.793  41.800 0.0000000000
119608  47.860  10.688  41.885 0.0000000000
119623  48.126  10.627  40.978 0.0000000000
119639  48.214  10.559  39.965 0.0000000000
119648  51.445  10.337  38.007 0.0000000000
119662  51.882  10.433  37.394 0.0000000000
119686  51.365  10.485  36.078 0.0000000000
118670  50.251  10.174  35.551 0.0000000000
118669  51.414  10.022  35.575 0.0000000000
117602  51.074  9.242  35.404 0.0000000000
122176  45.123  13.862  52.002 0.0000000000
120423  43.860  11.060  54.112 0.0000000000
120439  42.798  11.212  52.620 0.0000000000
120461  41.946  11.650  51.561 0.0000000000
120472  41.112  11.373  50.546 0.0000000000
120473  40.568  11.432  49.953 0.0000000000
119513  40.792  10.770  50.250 0.0000000000
118512  41.103  9.421  49.447 0.0000000000
118521  41.553  9.140  48.285 0.0000000000
114991  44.742  5.820  53.274 0.0000000000
113731  45.279  5.541  52.742 0.0000000000
115007  45.581  5.927  52.166 0.0000000000
116299  45.835  7.060  50.958 0.0000000000
116330  43.801  7.379  46.033 0.0000000000
116326  44.959  7.912  46.568 0.0000000000
117467  46.779  8.458  47.431 0.0000000000
118515  47.272  9.210  48.004 0.0000000000
118527  46.639  9.624  47.779 0.0000000000
119522  47.233  9.658  47.352 0.0000000000
119531  47.097  10.319  46.645 0.0000000000
119541  47.444  10.144  45.936 0.0000000000
119554  47.412  10.996  45.197 0.0000000000
118552  48.045  9.979  45.430 0.0000000000
118567  47.535  9.664  43.860 0.0000000000
113838  47.254  5.428  41.125 0.0000000000
112674  48.540  4.283  40.790 0.0000000000
126369  44.675  16.686  36.746 0.0000000000
126336  44.597  16.919  38.125 0.0000000000
126354  44.193  16.785  37.406 0.0000000000
126355  43.035  16.883  37.569 0.0000000000
126337  42.735  16.758  38.759 0.0000000000
126338  41.769  17.020  38.460 0.0000000000
126386  38.859  17.441  34.931 0.0000000000
126394  39.380  16.856  34.600 0.0000000000
122319  40.702  13.345  33.012 0.0000000000
122320  40.428  13.151  33.443 0.0000000000
121459  40.247  12.553  33.341 0.0000000000
119697  38.407  10.254  34.653 0.0000000000
117621  38.465  8.671  34.509 0.0000000000
116467  38.395  7.806  34.238 0.0000000000
124127  44.733  15.479  47.873 0.0000000000
125141  45.490  15.877  47.468 0.0000000000
124133  44.447  15.660  47.057 0.0000000000
124140  44.114  15.597  46.254 0.0000000000
125195  43.245  16.264  44.796 0.0000000000
123195  40.132  14.015  41.790 0.0000000000
123194  40.912  14.942  41.865 0.0000000000
123207  40.562  13.757  41.104 0.0000000000
123206  41.424  14.466  40.648 0.0000000000
123219  41.500  14.105  39.695 0.0000000000
123218  42.393  14.343  39.281 0.0000000000
122256  41.995  13.964  38.602 0.0000000000
122269  41.770  13.499  38.166 0.0000000000
122278  41.872  13.321  37.272 0.0000000000
117546  44.538  8.375  39.495 0.0000000000
117548  42.975  8.031  39.881 0.0000000000
116379  43.842  7.680  39.221 0.0000000000
116399  43.315  7.363  38.594 0.0000000000
116412  42.673  7.149  37.900 0.0000000000
116479  43.208  7.146  33.494 0.0000000000
116464  43.002  7.127  34.452 0.0000000000
115187  42.335  6.969  33.758 0.0000000000
116465  41.121  7.199  34.413 0.0000000000
117633  40.519  8.281  34.124 0.0000000000
118685  41.050  9.974  34.779 0.0000000000
118708  40.977  9.506  32.508 0.0000000000
119713  41.263  10.550  31.984 0.0000000000
117654  40.513  8.318  31.506 0.0000000000
112787  42.496  4.866  32.845 0.0000000000
112795  41.882  5.017  31.995 0.0000000000
112788  41.574  4.867  33.139 0.0000000000
112789  40.865  4.877  33.684 0.0000000000
113925  40.438  5.459  33.751 0.0000000000
112781  40.522  4.796  34.544 0.0000000000
125227  46.263  17.007  42.664 0.0000000000
124216  37.315  16.029  37.815 0.0000000000
122281  37.765  13.028  37.579 0.0000000000
121282  45.755  12.343  55.922 0.0000000000
121283  45.339  11.714  55.678 0.0000000000
120415  45.038  11.130  55.523 0.0000000000
120422  44.424  11.043  54.783 0.0000000000
119453  44.181  10.185  54.461 0.0000000000
118456  44.041  9.716  54.026 0.0000000000
118495  43.463  8.957  52.587 0.0000000000
113766  43.388  5.587  48.908 0.0000000000
113774  42.703  5.559  47.565 0.0000000000
115053  42.826  6.245  47.016 0.0000000000
115061  42.892  6.211  46.696 0.0000000000
115067  43.325  6.450  45.477 0.0000000000
116336  43.908  7.108  45.207 0.0000000000
116335  44.360  7.431  44.589 0.0000000000
116345  44.676  7.525  43.881 0.0000000000
116344  45.162  7.597  43.354 0.0000000000
126334  46.835  18.048  37.663 0.0000000000
125291  45.569  16.804  36.609 0.0000000000
125303  45.990  16.695  36.199 0.0000000000
125292  45.128  16.647  36.634 0.0000000000
125305  44.174  16.684  35.920 0.0000000000
126383  43.200  16.988  35.690 0.0000000000
125318  41.915  16.843  34.898 0.0000000000
125331  41.633  16.065  34.333 0.0000000000
124258  41.660  15.660  33.837 0.0000000000
124274  41.580  15.196  33.342 0.0000000000
124273  42.554  15.215  32.958 0.0000000000
123289  41.242  14.238  32.723 0.0000000000
121458  40.545  12.345  32.590 0.0000000000
119715  39.659  10.489  32.349 0.0000000000
123152  40.872  14.384  46.957 0.0000000000
123155  41.330  15.007  46.435 0.0000000000
123164  40.115  15.061  45.407 0.0000000000
124159  39.708  15.136  44.126 0.0000000000
123178  39.533  14.672  43.661 0.0000000000
121372  38.716  12.108  43.550 0.0000000000
122232  39.124  13.126  42.738 0.0000000000
123196  39.388  13.645  42.230 0.0000000000
122238  40.033  13.217  41.337 0.0000000000
120538  40.154  11.674  40.095 0.0000000000
120546  40.068  11.434  39.036 0.0000000000
117590  46.732  8.305  36.104 0.0000000000
116427  45.592  7.872  36.193 0.0000000000
116444  45.616  8.027  34.936 0.0000000000
116461  45.482  8.300  34.294 0.0000000000
116462  44.895  8.037  33.994 0.0000000000
117642  45.598  8.403  32.448 0.0000000000
116477  44.752  8.189  32.729 0.0000000000
116478  44.026  7.577  33.152 0.0000000000
115199  43.332  7.180  32.519 0.0000000000
115212  43.361  7.297  31.958 0.0000000000
115213  42.754  7.097  31.773 0.0000000000
115224  41.820  6.793  31.355 0.0000000000
115223  42.588  7.164  30.970 0.0000000000
113966  43.091  6.551  30.715 0.0000000000
113958  42.557  5.588  31.222 0.0000000000
113946  44.534  6.427  31.841 0.0000000000
113947  43.366  5.540  31.895 0.0000000000
112786  42.840  5.207  32.282 0.0000000000
113924  42.864  5.219  34.247 0.0000000000
112754  43.968  4.622  36.247 0.0000000000
111642  45.682  3.549  37.084 0.0000000000
110542  46.039  2.716  37.444 0.0000000000
118426  42.172  9.459  56.856 0.0000000000
117333  42.621  8.962  57.223 0.0000000000
117345  41.959  8.774  56.711 0.0000000000
116214  42.838  8.077  55.189 0.0000000000
116254  43.519  7.228  53.893 0.0000000000
116227  41.852  8.004  54.329 0.0000000000
116255  42.615  7.316  53.576 0.0000000000
114973  43.451  6.771  53.228 0.0000000000
112549  43.579  4.837  52.608 0.0000000000
112573  43.512  4.526  51.289 0.0000000000
112588  43.548  4.583  50.416 0.0000000000
125290  48.502  16.989  37.505 0.0000000000
125301  47.741  16.838  36.742 0.0000000000
124211  48.037  15.944  38.612 0.0000000000
124223  47.829  16.125  37.548 0.0000000000
124233  47.277  16.058  36.614 0.0000000000
124234  46.439  15.825  36.083 0.0000000000
123259  45.160  15.163  35.971 0.0000000000
123260  44.639  14.955  35.397 0.0000000000
119575  43.010  10.278  43.675 0.0000000000
118569  42.508  9.727  43.275 0.0000000000
118585  43.230  9.663  42.954 0.0000000000
118599  43.682  9.297  41.581 0.0000000000
119625  45.886  10.499  40.969 0.0000000000
118611  44.855  9.519  40.396 0.0000000000
118626  45.095  8.969  39.575 0.0000000000
117562  45.567  8.382  38.605 0.0000000000
117561  46.352  8.323  38.108 0.0000000000
119620  50.275  10.164  39.997 0.0000000000
119638  49.172  10.521  39.861 0.0000000000
119652  48.543  10.330  39.233 0.0000000000
119649  50.879  10.406  38.339 0.0000000000
119665  49.615  10.327  38.119 0.0000000000
118635  48.153  9.737  38.263 0.0000000000
117574  47.683  8.670  37.071 0.0000000000
117575  46.713  8.288  37.219 0.0000000000
117604  48.245  9.405  34.697 0.0000000000
118683  48.155  9.894  33.531 0.0000000000
118681  49.542  9.633  34.551 0.0000000000
118682  48.939  10.136  33.846 0.0000000000
118693  48.667  9.699  33.229 0.0000000000
117627  48.574  8.875  33.129 0.0000000000
116459  48.616  8.021  33.741 0.0000000000
115184  48.526  7.209  34.435 0.0000000000
115172  48.437  6.193  35.415 0.0000000000
115159  49.496  6.144  36.153 0.0000000000
124103  45.751  15.231  49.391 0.0000000000
123138  44.513  15.158  49.026 0.0000000000
123144  43.767  14.915  48.156 0.0000000000
123145  43.076  14.669  48.306 0.0000000000
123070  46.024  14.059  54.458 0.0000000000
122177  44.429  13.786  51.842 0.0000000000
122178  43.589  13.169  52.217 0.0000000000
122189  44.077  14.014  51.220 0.0000000000
123134  43.232  13.971  49.828 0.0000000000
123141  42.504  14.099  48.717 0.0000000000
123147  41.306  14.251  47.948 0.0000000000
122208  40.351  13.912  46.990 0.0000000000
122206  39.849  13.242  47.546 0.0000000000
121356  39.171  12.617  46.499 0.0000000000
120478  39.579  12.040  48.571 0.0000000000
120481  39.180  11.568  47.027 0.0000000000
120483  39.197  11.713  46.033 0.0000000000
119549  39.496  11.188  45.692 0.0000000000
119548  40.087  10.700  45.332 0.0000000000
117343  44.117  8.557  57.074 0.0000000000
117359  44.963  8.225  56.427 0.0000000000
116210  46.221  7.746  55.699 0.0000000000
114970  45.839  6.510  54.346 0.0000000000
114969  46.416  6.888  54.729 0.0000000000
117376  46.497  8.111  54.682 0.0000000000
117405  46.154  8.605  53.580 0.0000000000
117425  45.136  8.570  52.639 0.0000000000
117426  44.077  8.601  52.494 0.0000000000
115035  44.735  5.918  49.754 0.0000000000
116307  44.925  6.591  49.328 0.0000000000
116313  45.822  7.584  48.570 0.0000000000
116298  46.374  7.885  50.451 0.0000000000
117443  46.368  8.593  50.941 0.0000000000
117445  44.642  8.521  50.712 0.0000000000
117446  43.512  8.557  50.542 0.0000000000
117454  43.042  8.915  49.582 0.0000000000
118510  42.886  9.269  48.956 0.0000000000
117462  42.444  9.230  47.979 0.0000000000
118529  44.242  9.470  47.654 0.0000000000
118540  42.331  9.608  46.623 0.0000000000
118546  42.232  9.892  45.846 0.0000000000
119546  42.828  10.357  45.428 0.0000000000
119558  42.281  10.497  44.602 0.0000000000
119574  44.151  10.523  43.835 0.0000000000
119573  45.353  10.931  43.877 0.0000000000
120522  46.447  11.278  43.464 0.0000000000
120496  47.309  11.196  44.830 0.0000000000
120508  48.283  11.203  43.855 0.0000000000
120521  47.451  11.394  43.274 0.0000000000
119590  48.459  10.780  42.974 0.0000000000
117514  49.594  9.648  41.621 0.0000000000
116353  45.752  7.681  42.943 0.0000000000
116352  46.300  7.764  42.565 0.0000000000
116359  46.794  7.857  42.147 0.0000000000
115102  47.328  6.625  41.174 0.0000000000
116358  47.279  7.862  41.568 0.0000000000
117530  48.066  8.564  41.516 0.0000000000
117529  48.662  8.547  40.996 0.0000000000
119437  41.974  10.120  56.219 0.0000000000
118439  41.040  9.609  56.165 0.0000000000
119445  40.577  9.891  55.266 0.0000000000
118440  39.843  9.331  55.826 0.0000000000
119457  39.370  10.239  54.496 0.0000000000
118457  39.421  9.737  55.111 0.0000000000
117364  39.534  8.662  55.550 0.0000000000
117365  38.543  8.650  55.215 0.0000000000
118460  36.862  9.059  55.304 0.0000000000
116231  37.389  7.684  54.233 0.0000000000
127296  40.790  17.820  40.090 0.0000000000
126319  40.790  17.487  39.421 0.0000000000
126320  39.640  17.530  39.139 0.0000000000
127317  37.710  17.652  36.445 0.0000000000
127334  37.191  17.391  35.907 0.0000000000
125321  37.553  16.089  35.543 0.0000000000
126396  37.920  16.735  35.041 0.0000000000
125320  38.056  15.926  35.307 0.0000000000
124248  37.834  15.711  35.784 0.0000000000
123243  38.840  14.622  36.775 0.0000000000
122279  39.230  13.830  36.632 0.0000000000
121428  38.233  12.545  36.337 0.0000000000
123263  39.780  14.554  35.002 0.0000000000
122307  40.186  13.593  33.944 0.0000000000
122297  39.479  13.442  35.219 0.0000000000
122298  39.054  12.884  35.429 0.0000000000
120575  37.508  11.106  36.004 0.0000000000
118676  38.111  9.393  35.497 0.0000000000
125152  46.272  16.343  46.565 0.0000000000
125192  46.691  16.798  44.515 0.0000000000
125212  45.916  17.019  43.670 0.0000000000
125173  41.892  16.203  45.363 0.0000000000
125196  42.204  16.367  44.696 0.0000000000
125215  42.652  16.478  43.786 0.0000000000
124177  41.442  15.658  42.263 0.0000000000
124176  41.994  16.320  42.925 0.0000000000
125214  43.739  16.445  43.650 0.0000000000
125229  44.165  17.223  42.373 0.0000000000
126289  44.577  17.344  41.569 0.0000000000
126288  45.219  17.280  41.076 0.0000000000
125255  45.341  16.288  40.467 0.0000000000
124191  45.039  15.730  40.153 0.0000000000
124214  44.969  15.222  38.554 0.0000000000
123228  43.540  14.562  38.392 0.0000000000
123238  44.426  14.724  37.537 0.0000000000
123261  43.698  14.479  35.127 0.0000000000
118587  41.155  9.158  42.497 0.0000000000
117508  40.624  8.929  41.837 0.0000000000
117521  40.205  8.873  41.232 0.0000000000
117533  42.312  8.207  40.267 0.0000000000
117534  41.122  8.177  40.154 0.0000000000
118613  39.784  9.592  40.859 0.0000000000
118627  40.060  9.592  39.784 0.0000000000
119641  39.979  10.510  38.979 0.0000000000
119653  40.329  10.578  38.189 0.0000000000
116428  44.397  7.213  36.309 0.0000000000
115162  43.033  7.011  36.713 0.0000000000
115164  41.963  7.027  36.909 0.0000000000
116447  42.708  7.005  35.317 0.0000000000
116431  41.615  7.407  36.539 0.0000000000
117592  41.335  7.691  37.128 0.0000000000
120560  40.743  11.458  37.353 0.0000000000
120559  41.071  11.885  36.600 0.0000000000
121427  41.469  12.450  36.196 0.0000000000
119688  41.250  10.797  34.946 0.0000000000
120573  41.562  11.624  35.166 0.0000000000
122296  41.807  12.875  35.834 0.0000000000
122295  42.371  13.312  35.421 0.0000000000
123262  43.133  13.922  34.815 0.0000000000
122304  43.439  13.807  33.928 0.0000000000
121468  42.789  12.728  32.248 0.0000000000
120610  42.188  12.209  31.503 0.0000000000
120611  41.717  11.621  31.618 0.0000000000
121482  41.491  12.033  31.465 0.0000000000
120612  41.236  11.371  31.840 0.0000000000
119723  39.884  10.127  31.680 0.0000000000
118709  39.537  9.405  32.011 0.0000000000
116515  41.305  7.247  30.912 0.0000000000
116516  40.850  7.318  30.620 0.0000000000
117661  40.304  7.558  30.622 0.0000000000
113960  41.190  5.883  31.119 0.0000000000
115226  40.050  6.648  30.961 0.0000000000
117662  39.957  7.714  30.651 0.0000000000
117656  39.773  8.284  31.363 0.0000000000
117644  39.478  8.529  32.102 0.0000000000
118710  39.236  8.931  32.381 0.0000000000
116483  38.862  7.552  33.305 0.0000000000
115190  38.573  6.882  34.227 0.0000000000
113926  39.985  5.873  34.388 0.0000000000
113915  39.374  5.757  35.254 0.0000000000
113909  47.916  5.199  35.380 0.0000000000
112751  48.303  3.996  35.797 0.0000000000
110543  45.600  3.308  37.565 0.0000000000
111658  45.522  4.116  36.745 0.0000000000
112560  43.752  4.668  52.152 0.0000000000
112572  44.261  4.657  51.635 0.0000000000
112769  44.196  4.885  35.635 0.0000000000
112778  42.950  5.107  34.549 0.0000000000
112793  42.766  5.330  31.886 0.0000000000
112794  42.386  5.193  31.805 0.0000000000
112802  42.074  5.062  31.499 0.0000000000
113718  45.206  5.631  53.077 0.0000000000
113719  44.930  5.200  52.934 0.0000000000
113720  44.199  4.878  52.911 0.0000000000
113721  43.331  5.305  52.753 0.0000000000
113732  44.830  4.977  52.201 0.0000000000
113733  44.287  4.769  52.346 0.0000000000
113773  43.163  5.868  48.286 0.0000000000
113781  42.996  6.138  46.359 0.0000000000
113789  43.099  6.054  46.075 0.0000000000
113935  42.853  5.239  33.759 0.0000000000
113945  45.231  6.721  32.084 0.0000000000
113948  42.717  5.391  31.656 0.0000000000
113949  41.412  5.530  31.669 0.0000000000
113951  40.251  6.055  32.422 0.0000000000
113959  41.853  5.413  31.214 0.0000000000
113967  42.622  6.282  30.805 0.0000000000
114931  45.973  7.437  55.621 0.0000000000
114932  45.656  7.180  55.527 0.0000000000
114933  45.255  6.842  55.318 0.0000000000
114949  46.189  7.197  55.327 0.0000000000
114951  45.304  6.624  54.804 0.0000000000
114971  44.945  6.462  54.079 0.0000000000
114989  46.376  6.777  53.969 0.0000000000
114992  43.810  5.957  53.054 0.0000000000
115008  45.034  5.551  51.544 0.0000000000
115023  45.335  6.278  51.312 0.0000000000
115034  45.245  6.427  50.506 0.0000000000
115036  44.023  5.824  49.178 0.0000000000
115051  44.247  6.654  48.373 0.0000000000
115060  43.247  6.543  46.593 0.0000000000
115144  43.470  7.048  37.231 0.0000000000
115145  42.867  7.002  37.307 0.0000000000
115146  42.209  7.014  37.286 0.0000000000
115147  41.843  7.114  37.108 0.0000000000
115160  48.923  5.680  36.208 0.0000000000
115161  43.722  6.958  36.767 0.0000000000
115163  42.338  7.025  36.793 0.0000000000
115174  42.116  6.851  34.590 0.0000000000
115176  39.210  6.348  34.576 0.0000000000
115186  46.833  6.565  33.710 0.0000000000
115188  41.525  6.878  33.994 0.0000000000
115210  45.826  7.113  32.058 0.0000000000
115215  40.256  6.397  31.399 0.0000000000
115222  44.082  6.954  30.910 0.0000000000
115225  40.598  6.329  31.047 0.0000000000
115231  42.779  6.846  30.724 0.0000000000
115234  40.468  6.633  30.727 0.0000000000
116211  45.636  7.741  55.896 0.0000000000
116213  43.855  7.797  55.485 0.0000000000
116223  46.515  7.564  55.081 0.0000000000
116226  42.729  7.623  54.484 0.0000000000
116252  46.602  7.413  54.255 0.0000000000
116253  44.275  7.108  54.155 0.0000000000
116256  41.504  7.798  53.599 0.0000000000
116289  45.873  6.758  51.762 0.0000000000
116314  44.853  7.054  48.856 0.0000000000
116319  46.751  8.314  47.793 0.0000000000
116320  46.089  7.993  47.498 0.0000000000
116325  45.845  8.223  46.826 0.0000000000
116327  43.970  7.358  46.859 0.0000000000
116366  47.821  7.828  40.906 0.0000000000
116367  41.653  7.904  39.718 0.0000000000
116380  43.115  7.555  39.334 0.0000000000
116382  41.423  7.875  39.130 0.0000000000
116397  44.984  7.709  38.154 0.0000000000
116400  42.454  7.390  38.578 0.0000000000
116411  43.457  7.282  37.836 0.0000000000
116426  46.258  8.066  36.719 0.0000000000
116429  43.341  7.054  36.085 0.0000000000
116432  41.100  7.977  36.130 0.0000000000
116440  52.371  8.922  35.785 0.0000000000
116448  41.653  7.178  35.269 0.0000000000
116458  49.655  8.107  34.407 0.0000000000
116468  38.130  7.308  34.941 0.0000000000
116474  48.172  8.344  33.214 0.0000000000
116475  47.604  7.817  33.057 0.0000000000
116476  47.036  7.432  32.873 0.0000000000
116481  40.714  7.596  34.212 0.0000000000
116482  39.200  7.458  32.761 0.0000000000
116490  46.880  7.607  32.235 0.0000000000
116491  46.360  7.516  31.999 0.0000000000
116494  43.384  7.356  31.662 0.0000000000
116501  47.360  7.883  31.797 0.0000000000
116502  47.128  7.897  31.712 0.0000000000
116513  43.670  7.220  30.890 0.0000000000
116514  43.153  7.214  30.767 0.0000000000
116517  40.281  7.101  30.575 0.0000000000
117330  45.163  9.444  57.291 0.0000000000
117331  44.207  9.077  57.379 0.0000000000
117332  43.312  8.905  57.342 0.0000000000
117341  45.832  9.354  57.219 0.0000000000
117344  43.138  8.695  56.907 0.0000000000
117346  40.877  8.744  56.273 0.0000000000
117347  40.156  8.761  56.121 0.0000000000
117360  44.062  8.346  56.251 0.0000000000
117377  46.241  8.445  54.274 0.0000000000
117378  45.705  8.677  54.203 0.0000000000
117380  40.160  8.173  54.894 0.0000000000
117381  39.215  8.300  54.928 0.0000000000
117406  45.210  8.660  53.615 0.0000000000
117407  44.458  8.681  53.233 0.0000000000
117409  40.389  8.041  54.429 0.0000000000
117435  44.936  8.548  51.680 0.0000000000
117436  43.877  8.523  51.487 0.0000000000
117437  42.841  8.723  51.362 0.0000000000
117444  45.734  8.687  50.778 0.0000000000
117447  42.508  8.746  50.421 0.0000000000
117448  41.871  9.165  50.354 0.0000000000
117452  45.254  8.769  50.115 0.0000000000
117456  41.608  9.312  49.945 0.0000000000
117458  47.245  9.063  48.258 0.0000000000
117461  43.293  9.180  49.060 0.0000000000
117463  42.141  9.079  48.073 0.0000000000
117465  47.433  8.997  48.009 0.0000000000
117466  47.165  8.620  47.840 0.0000000000
117468  42.238  9.196  47.791 0.0000000000
117469  41.926  9.054  47.877 0.0000000000
117472  47.375  8.997  47.421 0.0000000000
117474  46.512  8.503  46.790 0.0000000000
117477  47.414  9.153  46.839 0.0000000000
117480  45.303  8.479  45.705 0.0000000000
117497  44.788  7.969  44.272 0.0000000000
117503  47.515  9.258  43.029 0.0000000000
117505  45.697  8.169  43.298 0.0000000000
117507  41.484  8.722  41.838 0.0000000000
117517  46.841  8.374  42.550 0.0000000000
117519  41.895  8.563  41.105 0.0000000000
117531  44.210  8.560  40.294 0.0000000000
117535  40.281  8.757  40.454 0.0000000000
117545  45.135  8.715  39.099 0.0000000000
117547  43.757  7.971  39.896 0.0000000000
117549  40.851  8.149  39.223 0.0000000000
117560  47.108  8.865  37.860 0.0000000000
117576  41.213  7.939  37.666 0.0000000000
117591  46.011  8.212  35.629 0.0000000000
117606  46.337  8.287  35.159 0.0000000000
117608  38.262  8.827  35.153 0.0000000000
117616  47.966  9.940  34.017 0.0000000000
117619  45.458  8.383  33.985 0.0000000000
117620  40.718  8.364  34.956 0.0000000000
117626  49.024  9.451  33.407 0.0000000000
117629  47.031  9.039  32.830 0.0000000000
117638  48.148  8.942  32.706 0.0000000000
117639  47.638  8.458  32.489 0.0000000000
117641  46.391  8.495  32.319 0.0000000000
117645  39.059  8.327  32.690 0.0000000000
117651  47.070  8.147  31.765 0.0000000000
118408  46.532  9.938  57.613 0.0000000000
118409  46.179  9.780  57.691 0.0000000000
118410  45.511  9.846  57.602 0.0000000000
118413  42.808  9.128  57.319 0.0000000000
118422  46.654  10.012  57.514 0.0000000000
118424  44.100  10.078  56.863 0.0000000000
118425  43.472  9.840  56.795 0.0000000000
118435  46.326  8.581  55.082 0.0000000000
118437  45.401  9.782  55.311 0.0000000000
118438  41.594  9.813  56.303 0.0000000000
118453  46.340  8.497  54.683 0.0000000000
118458  38.763  9.660  54.886 0.0000000000
118459  37.780  9.354  55.097 0.0000000000
118475  43.686  9.283  53.352 0.0000000000
118477  38.450  9.913  54.276 0.0000000000
118496  42.901  9.377  52.296 0.0000000000
118501  41.833  9.695  50.836 0.0000000000
118503  46.472  9.068  50.107 0.0000000000
118508  45.968  9.313  49.853 0.0000000000
118511  42.163  9.207  49.086 0.0000000000
118513  40.357  9.821  49.150 0.0000000000
118516  46.956  9.277  48.377 0.0000000000
118520  42.503  9.233  48.390 0.0000000000
118523  39.671  9.824  47.963 0.0000000000
118525  47.317  9.342  47.496 0.0000000000
118526  47.117  9.474  47.713 0.0000000000
118528  45.633  9.785  47.609 0.0000000000
118530  42.821  9.436  47.644 0.0000000000
118531  41.843  9.267  47.459 0.0000000000
118533  40.075  9.762  47.660 0.0000000000
118536  47.425  9.406  47.009 0.0000000000
118537  45.441  10.309  47.027 0.0000000000
118543  47.461  9.607  46.280 0.0000000000
118545  42.893  10.042  46.094 0.0000000000
118547  38.523  9.245  43.928 0.0000000000
118548  38.293  9.510  43.785 0.0000000000
118553  47.856  9.578  44.911 0.0000000000
118554  38.963  9.811  43.982 0.0000000000
118555  38.627  9.686  43.842 0.0000000000
118556  38.300  9.712  43.608 0.0000000000
118568  42.933  9.868  43.338 0.0000000000
118570  41.580  9.566  43.170 0.0000000000
118571  40.757  9.624  43.013 0.0000000000
118572  39.043  9.907  43.772 0.0000000000
118573  38.629  9.902  43.525 0.0000000000
118574  38.289  10.002  43.370 0.0000000000
118582  48.628  10.527  43.582 0.0000000000
118583  48.143  9.763  43.261 0.0000000000
118588  40.255  9.469  42.430 0.0000000000
118601  39.967  9.318  41.708 0.0000000000
118602  39.564  9.830  41.646 0.0000000000
118609  46.936  10.432  40.143 0.0000000000
118612  44.094  8.918  40.754 0.0000000000
118637  46.126  8.779  38.676 0.0000000000
118638  40.149  9.565  38.791 0.0000000000
118645  51.858  10.288  37.864 0.0000000000
118667  52.999  9.823  36.077 0.0000000000
118671  49.109  9.750  34.742 0.0000000000
118673  40.974  10.199  35.247 0.0000000000
118692  49.201  9.756  33.668 0.0000000000
118694  48.047  9.571  32.887 0.0000000000
118695  47.556  9.110  32.706 0.0000000000
118697  40.566  8.832  34.464 0.0000000000
118705  48.306  9.282  32.850 0.0000000000
118707  47.557  8.770  32.582 0.0000000000
119420  46.373  10.058  57.888 0.0000000000
119421  45.944  10.176  57.902 0.0000000000
119423  44.490  10.350  57.045 0.0000000000
119433  46.483  10.270  57.465 0.0000000000
119442  45.473  10.321  55.920 0.0000000000
119444  41.410  10.165  55.607 0.0000000000
119463  43.462  10.249  53.769 0.0000000000
119464  42.927  9.954  53.300 0.0000000000
119487  42.553  10.330  52.560 0.0000000000
119507  42.360  10.033  51.919 0.0000000000
119512  41.405  10.484  50.656 0.0000000000
119515  40.997  10.156  50.063 0.0000000000
119516  40.323  10.462  49.584 0.0000000000
119519  39.994  10.140  48.944 0.0000000000
119523  47.081  9.971  47.286 0.0000000000
119525  45.908  10.408  47.003 0.0000000000
119527  39.614  10.389  47.349 0.0000000000
119530  47.424  9.847  46.916 0.0000000000
119533  45.446  10.553  46.448 0.0000000000
119536  41.565  9.822  46.187 0.0000000000
119542  47.013  10.715  45.624 0.0000000000
119550  38.466  9.499  43.979 0.0000000000
119551  37.960  9.635  43.834 0.0000000000
119553  48.018  10.768  45.098 0.0000000000
119555  45.627  11.235  44.899 0.0000000000
119557  43.477  10.451  44.588 0.0000000000
119561  39.055  10.028  44.066 0.0000000000
119562  38.541  9.943  43.555 0.0000000000
119563  37.994  9.916  43.528 0.0000000000
119571  48.830  10.922  43.804 0.0000000000
119572  48.589  10.974  44.385 0.0000000000
119580  38.379  10.296  43.384 0.0000000000
119581  38.137  10.102  43.424 0.0000000000
119594  44.639  10.391  43.073 0.0000000000
119596  39.760  9.763  42.550 0.0000000000
119597  39.311  10.047  42.388 0.0000000000
119598  38.782  10.456  42.674 0.0000000000
119611  44.722  10.276  42.027 0.0000000000
119613  39.233  10.481  41.544 0.0000000000
119614  38.932  10.457  42.136 0.0000000000
119621  49.810  10.370  40.575 0.0000000000
119626  45.143  10.196  41.292 0.0000000000
119637  49.927  10.361  39.564 0.0000000000
119642  40.053  10.710  38.701 0.0000000000
119651  49.212  10.388  38.823 0.0000000000
119654  40.166  10.683  38.549 0.0000000000
119664  50.302  10.392  37.744 0.0000000000
119673  53.008  10.273  36.377 0.0000000000
119674  52.126  10.473  36.606 0.0000000000
119675  51.316  10.594  36.813 0.0000000000
119676  50.618  10.598  36.995 0.0000000000
119677  40.732  10.331  36.234 0.0000000000
119685  52.215  10.337  35.977 0.0000000000
119687  50.742  10.556  36.340 0.0000000000
119690  38.256  9.957  35.222 0.0000000000
119704  41.428  10.487  32.865 0.0000000000
119714  40.146  10.694  32.017 0.0000000000
120390  46.240  10.284  57.817 0.0000000000
120391  45.919  10.635  57.653 0.0000000000
120392  45.416  11.045  57.384 0.0000000000
120403  46.258  10.478  57.602 0.0000000000
120431  43.320  11.223  53.341 0.0000000000
120440  42.166  11.250  51.979 0.0000000000
120441  41.929  10.877  51.661 0.0000000000
120462  41.691  11.284  51.235 0.0000000000
120475  39.898  11.573  49.093 0.0000000000
120476  39.606  11.055  48.670 0.0000000000
120479  39.477  11.479  48.132 0.0000000000
120486  46.989  11.128  45.189 0.0000000000
120487  46.654  11.144  45.369 0.0000000000
120495  48.062  11.141  44.502 0.0000000000
120498  39.193  10.617  44.476 0.0000000000
120500  38.093  10.535  43.875 0.0000000000
120507  48.557  11.191  43.695 0.0000000000
120509  47.341  11.133  44.032 0.0000000000
120511  38.480  11.395  43.823 0.0000000000
120512  38.318  11.045  43.614 0.0000000000
120520  48.244  11.200  43.314 0.0000000000
120523  38.761  11.610  42.201 0.0000000000
120524  38.520  10.999  42.829 0.0000000000
120539  39.592  11.067  40.783 0.0000000000
120547  40.004  10.936  38.801 0.0000000000
120553  40.161  10.987  38.566 0.0000000000
120566  41.223  11.799  35.900 0.0000000000
120594  38.985  11.034  33.586 0.0000000000
121289  45.169  12.684  55.298 0.0000000000
121290  44.650  12.104  54.945 0.0000000000
121299  44.115  12.511  54.295 0.0000000000
121300  43.692  12.068  53.964 0.0000000000
121308  42.599  11.680  52.186 0.0000000000
121328  42.245  12.083  51.630 0.0000000000
121329  41.803  11.864  51.306 0.0000000000
121342  42.874  12.935  50.868 0.0000000000
121343  42.395  12.616  50.885 0.0000000000
121345  40.967  11.891  50.229 0.0000000000
121347  41.349  12.679  49.948 0.0000000000
121351  39.553  12.239  48.235 0.0000000000
121353  39.985  13.009  47.822 0.0000000000
121380  38.498  11.638  43.027 0.0000000000
121387  40.042  12.687  40.939 0.0000000000
121395  40.263  12.590  40.247 0.0000000000
121411  40.643  12.270  38.459 0.0000000000
121418  41.334  12.427  37.086 0.0000000000
121420  37.848  12.646  37.032 0.0000000000
121434  42.445  12.699  34.787 0.0000000000
121435  41.838  12.420  35.431 0.0000000000
121449  38.120  11.779  34.883 0.0000000000
121480  42.373  12.726  31.782 0.0000000000
122128  46.052  12.910  55.874 0.0000000000
122134  46.264  13.566  55.380 0.0000000000
122146  44.412  13.070  54.269 0.0000000000
122156  45.122  13.962  52.614 0.0000000000
122158  43.762  12.814  53.351 0.0000000000
122190  43.403  13.576  50.905 0.0000000000
122196  43.281  13.867  50.162 0.0000000000
122197  42.760  13.655  49.850 0.0000000000
122198  41.786  13.134  49.934 0.0000000000
122201  42.623  13.874  49.223 0.0000000000
122203  41.139  13.390  48.922 0.0000000000
122209  39.771  13.576  46.867 0.0000000000
122239  39.381  13.171  41.953 0.0000000000
122246  41.128  13.733  39.977 0.0000000000
122268  41.976  14.083  38.157 0.0000000000
122277  42.184  13.715  36.549 0.0000000000
122289  39.336  13.852  36.075 0.0000000000
122305  43.020  13.451  34.102 0.0000000000
122343  42.239  13.360  31.701 0.0000000000
122344  41.900  13.441  31.691 0.0000000000
123056  46.141  13.739  55.055 0.0000000000
123121  43.948  14.109  50.863 0.0000000000
123146  42.241  14.415  47.965 0.0000000000
123149  43.441  14.995  47.647 0.0000000000
123156  40.603  14.928  46.087 0.0000000000
123157  39.768  14.493  46.032 0.0000000000
123176  40.632  15.503  43.037 0.0000000000
123177  40.273  15.301  43.142 0.0000000000
123187  39.344  14.051  42.684 0.0000000000
123217  43.746  14.965  39.452 0.0000000000
123226  45.067  15.153  38.222 0.0000000000
123227  44.496  14.955  38.540 0.0000000000
123230  42.040  14.080  37.789 0.0000000000
123237  45.171  14.988  37.699 0.0000000000
123254  38.838  15.047  36.216 0.0000000000
123271  43.712  14.150  34.128 0.0000000000
123272  43.325  13.831  34.325 0.0000000000
123288  42.062  14.437  32.551 0.0000000000
123301  41.359  13.981  32.164 0.0000000000
123311  42.057  13.751  31.648 0.0000000000
123312  41.823  13.728  31.719 0.0000000000
124115  46.713  15.715  48.789 0.0000000000
124116  45.941  15.532  48.785 0.0000000000
124117  45.090  15.329  48.754 0.0000000000
124118  44.306  15.184  48.395 0.0000000000
124126  45.511  15.677  48.023 0.0000000000
124132  45.083  15.731  47.429 0.0000000000
124136  41.880  15.378  46.392 0.0000000000
124142  42.252  15.918  45.976 0.0000000000
124143  41.434  15.575  45.690 0.0000000000
124154  44.059  15.716  45.567 0.0000000000
124155  43.759  15.873  45.223 0.0000000000
124156  41.710  16.192  44.549 0.0000000000
124158  40.306  15.343  44.509 0.0000000000
124169  40.964  15.610  43.417 0.0000000000
124171  39.680  15.115  43.819 0.0000000000
124183  43.527  16.202  41.274 0.0000000000
124194  41.833  15.015  40.907 0.0000000000
124201  48.103  15.874  39.183 0.0000000000
124204  44.682  15.306  39.306 0.0000000000
124235  45.686  15.422  36.160 0.0000000000
124236  38.793  15.299  35.859 0.0000000000
124237  38.265  15.393  36.172 0.0000000000
124243  46.245  15.967  35.512 0.0000000000
124261  38.750  15.697  35.086 0.0000000000
125128  46.458  16.054  48.313 0.0000000000
125140  46.119  16.186  47.680 0.0000000000
125154  44.610  15.779  46.497 0.0000000000
125171  44.640  15.904  45.937 0.0000000000
125172  42.571  16.237  45.373 0.0000000000
125174  41.535  15.980  45.172 0.0000000000
125197  41.684  16.190  44.902 0.0000000000
125241  47.221  16.452  41.661 0.0000000000
125242  46.606  16.667  42.089 0.0000000000
125243  44.899  16.660  40.705 0.0000000000
125256  44.642  16.099  40.595 0.0000000000
125269  43.293  16.807  38.921 0.0000000000
125281  43.463  16.788  38.395 0.0000000000
125289  48.713  17.249  37.897 0.0000000000
125293  44.174  16.779  38.006 0.0000000000
125294  43.804  16.776  37.946 0.0000000000
125296  36.384  16.981  37.429 0.0000000000
125306  42.215  16.781  35.597 0.0000000000
125322  37.119  16.801  36.245 0.0000000000
125333  39.377  16.257  34.507 0.0000000000
125335  37.760  16.488  35.223 0.0000000000
125345  40.874  15.587  33.766 0.0000000000
126275  45.707  17.082  41.969 0.0000000000
126276  44.968  17.384  41.913 0.0000000000
126287  46.266  16.808  41.423 0.0000000000
126298  46.503  16.570  40.845 0.0000000000
126300  45.296  16.783  40.653 0.0000000000
126304  40.453  17.790  39.999 0.0000000000
126305  40.009  17.781  39.891 0.0000000000
126367  47.360  17.438  36.445 0.0000000000
126382  43.601  16.876  35.768 0.0000000000
126387  38.034  17.216  35.279 0.0000000000
126388  37.484  16.844  35.532 0.0000000000
127333  37.601  17.251  35.637 0.0000000000
127335  36.974  17.487  36.609 0.0000000000
