#!ascii label  , from subject 3832 vox2ras=TkReg
1254
109857  -42.875  5.056  46.205 0.0000000000
111112  -52.595  5.686  32.871 0.0000000000
116266  -43.132  10.679  52.799 0.0000000000
109931  -50.076  3.804  40.542 0.0000000000
108700  -49.820  3.161  48.705 0.0000000000
116393  -48.623  10.606  41.682 0.0000000000
116357  -42.012  10.696  43.205 0.0000000000
122625  -42.293  17.141  40.401 0.0000000000
106352  -43.312  1.661  54.186 0.0000000000
109897  -44.763  3.907  42.461 0.0000000000
112125  -47.058  7.090  38.918 0.0000000000
113214  -45.141  7.810  43.585 0.0000000000
121663  -44.424  15.543  51.658 0.0000000000
116306  -41.663  11.093  48.130 0.0000000000
121705  -40.582  15.954  47.474 0.0000000000
120039  -39.277  14.374  42.775 0.0000000000
122579  -45.954  17.649  44.272 0.0000000000
113345  -49.462  7.883  32.426 0.0000000000
113133  -39.367  7.906  49.957 0.0000000000
114262  -44.066  8.145  49.863 0.0000000000
112105  -53.951  6.851  41.673 0.0000000000
108738  -50.021  3.689  44.334 0.0000000000
105309  -45.167  0.614  45.348 0.0000000000
106413  -44.447  0.790  50.757 0.0000000000
114421  -50.016  9.465  35.286 0.0000000000
118299  -49.665  12.637  36.546 0.0000000000
115320  -48.326  10.034  46.976 0.0000000000
117333  -47.209  11.505  43.223 0.0000000000
117391  -45.346  10.813  37.619 0.0000000000
117404  -41.017  11.174  36.948 0.0000000000
118276  -38.660  13.100  37.596 0.0000000000
109879  -43.650  4.236  43.853 0.0000000000
112093  -44.030  6.252  42.549 0.0000000000
112053  -43.686  6.008  44.975 0.0000000000
121675  -46.545  16.264  50.809 0.0000000000
121682  -42.622  15.797  49.446 0.0000000000
121696  -45.633  16.828  49.023 0.0000000000
122544  -43.740  17.540  46.580 0.0000000000
111110  -50.782  6.158  32.970 0.0000000000
114217  -37.719  8.170  51.090 0.0000000000
114220  -40.871  8.661  51.787 0.0000000000
108721  -50.112  3.473  46.249 0.0000000000
106472  -47.602  1.601  45.203 0.0000000000
106438  -47.978  1.507  47.893 0.0000000000
106378  -43.631  1.892  52.353 0.0000000000
105275  -39.641  0.871  48.848 0.0000000000
108715  -37.698  3.636  47.143 0.0000000000
107563  -36.010  2.246  49.270 0.0000000000
109972  -51.294  4.957  37.754 0.0000000000
114380  -47.401  8.823  39.581 0.0000000000
113279  -48.290  8.014  37.049 0.0000000000
116440  -49.356  10.636  38.389 0.0000000000
117446  -50.652  12.014  35.649 0.0000000000
117382  -50.584  11.927  39.599 0.0000000000
115283  -45.611  8.919  51.505 0.0000000000
114279  -47.004  8.953  48.990 0.0000000000
116299  -45.636  10.351  50.315 0.0000000000
117294  -42.489  11.435  45.600 0.0000000000
117297  -45.741  11.405  45.428 0.0000000000
117331  -44.849  11.119  43.373 0.0000000000
117367  -46.378  11.258  39.755 0.0000000000
116405  -43.765  10.071  40.379 0.0000000000
116452  -43.380  10.828  37.524 0.0000000000
116403  -41.575  10.183  40.493 0.0000000000
121746  -40.768  16.394  41.941 0.0000000000
119150  -39.044  13.647  40.945 0.0000000000
120913  -39.837  15.200  40.247 0.0000000000
120059  -38.469  14.525  39.640 0.0000000000
121770  -40.615  16.661  39.597 0.0000000000
108773  -47.637  3.580  41.564 0.0000000000
109943  -47.936  4.726  39.150 0.0000000000
109927  -46.269  5.113  40.085 0.0000000000
113245  -45.562  7.536  40.769 0.0000000000
115369  -46.803  9.434  42.490 0.0000000000
119085  -42.361  13.314  52.482 0.0000000000
116285  -42.361  10.848  50.413 0.0000000000
119987  -40.900  13.737  50.183 0.0000000000
119099  -39.285  13.107  48.373 0.0000000000
118204  -39.494  12.511  45.853 0.0000000000
117344  -39.921  11.080  43.174 0.0000000000
121719  -39.753  15.934  45.662 0.0000000000
122586  -42.197  17.144  43.964 0.0000000000
122599  -44.102  17.652  42.323 0.0000000000
114449  -47.636  8.471  31.687 0.0000000000
112027  -40.590  7.068  46.910 0.0000000000
112030  -43.680  6.879  47.223 0.0000000000
114276  -41.910  8.023  49.262 0.0000000000
114208  -42.680  8.374  52.664 0.0000000000
116255  -43.640  9.710  53.796 0.0000000000
119053  -42.283  13.097  54.667 0.0000000000
118158  -43.544  12.733  54.209 0.0000000000
111000  -52.891  5.024  41.142 0.0000000000
109901  -52.179  5.015  42.557 0.0000000000
108761  -49.593  3.693  42.398 0.0000000000
107638  -47.412  2.854  42.938 0.0000000000
107620  -45.604  1.800  44.217 0.0000000000
108684  -50.181  3.503  50.588 0.0000000000
108643  -46.439  3.329  54.211 0.0000000000
107545  -46.692  2.105  51.804 0.0000000000
106416  -47.477  1.734  50.152 0.0000000000
104112  -44.877  -0.057  48.201 0.0000000000
108718  -41.319  3.578  46.307 0.0000000000
112210  -53.241  7.647  32.759 0.0000000000
112148  -49.104  6.444  36.747 0.0000000000
113299  -50.145  7.456  34.674 0.0000000000
114454  -52.777  8.998  32.152 0.0000000000
116524  -51.194  10.480  32.212 0.0000000000
117471  -50.014  11.773  32.901 0.0000000000
117460  -48.166  12.025  34.584 0.0000000000
113178  -45.686  7.659  46.850 0.0000000000
114305  -46.710  8.530  45.629 0.0000000000
116345  -48.775  10.530  44.518 0.0000000000
116322  -44.769  10.489  48.055 0.0000000000
117286  -47.635  11.452  46.077 0.0000000000
117336  -49.020  11.476  43.152 0.0000000000
118256  -48.794  12.563  40.335 0.0000000000
117410  -47.403  11.410  37.371 0.0000000000
117458  -46.203  11.247  34.416 0.0000000000
116401  -39.840  10.994  40.913 0.0000000000
117389  -38.941  12.165  37.289 0.0000000000
118306  -38.159  12.174  35.422 0.0000000000
119169  -37.311  12.817  37.082 0.0000000000
118264  -36.590  12.930  38.764 0.0000000000
109872  -43.473  4.264  44.929 0.0000000000
110943  -43.691  5.115  44.556 0.0000000000
110928  -43.486  5.642  46.313 0.0000000000
121685  -45.589  16.497  49.817 0.0000000000
122516  -46.736  17.324  48.568 0.0000000000
112226  -51.752  6.997  32.420 0.0000000000
107577  -50.165  3.121  47.751 0.0000000000
107586  -49.430  2.535  47.194 0.0000000000
107575  -48.825  2.085  48.079 0.0000000000
106426  -38.862  1.141  50.162 0.0000000000
106434  -37.490  1.957  49.004 0.0000000000
109946  -50.846  4.424  39.524 0.0000000000
109958  -50.584  4.581  38.505 0.0000000000
115395  -47.751  9.485  40.450 0.0000000000
114390  -48.193  9.079  39.010 0.0000000000
116423  -49.138  10.701  39.407 0.0000000000
116424  -50.138  11.307  39.202 0.0000000000
116409  -49.768  11.500  40.202 0.0000000000
116280  -44.782  9.944  52.194 0.0000000000
116289  -46.130  9.595  51.256 0.0000000000
116287  -44.753  10.208  51.180 0.0000000000
117309  -41.605  11.587  44.661 0.0000000000
117311  -43.724  11.240  44.667 0.0000000000
116358  -42.990  10.586  43.132 0.0000000000
116390  -44.693  10.622  41.284 0.0000000000
116389  -43.528  10.193  41.376 0.0000000000
116404  -42.682  9.930  40.460 0.0000000000
116388  -42.499  10.011  41.366 0.0000000000
121758  -41.865  16.927  40.797 0.0000000000
120906  -40.866  15.516  40.808 0.0000000000
120907  -41.307  16.132  40.459 0.0000000000
121764  -40.776  16.262  39.675 0.0000000000
121772  -41.693  16.832  39.650 0.0000000000
108772  -46.619  3.738  41.484 0.0000000000
108788  -46.484  4.228  40.593 0.0000000000
108771  -45.735  4.130  41.251 0.0000000000
113213  -44.578  7.116  43.107 0.0000000000
113234  -44.755  6.999  41.675 0.0000000000
113224  -45.007  7.778  42.604 0.0000000000
114354  -46.220  8.922  41.718 0.0000000000
114329  -45.655  8.321  43.104 0.0000000000
119982  -43.443  14.269  52.579 0.0000000000
119980  -41.649  13.734  51.577 0.0000000000
120830  -43.027  14.648  51.636 0.0000000000
120854  -41.914  15.785  48.868 0.0000000000
120852  -40.487  14.720  48.805 0.0000000000
120862  -40.200  15.294  47.916 0.0000000000
119108  -39.371  13.093  47.188 0.0000000000
120866  -39.500  14.980  46.795 0.0000000000
119119  -39.036  13.556  45.498 0.0000000000
121712  -40.408  16.223  46.631 0.0000000000
122562  -44.784  17.651  45.520 0.0000000000
122575  -42.158  17.322  44.958 0.0000000000
122577  -43.933  17.359  44.584 0.0000000000
122587  -43.025  17.337  43.728 0.0000000000
122589  -45.128  17.695  43.227 0.0000000000
114450  -48.612  8.425  31.907 0.0000000000
113160  -40.387  7.514  47.925 0.0000000000
113147  -41.021  7.952  48.611 0.0000000000
114274  -40.810  8.062  49.428 0.0000000000
115269  -40.921  9.428  52.768 0.0000000000
114221  -41.845  8.373  51.916 0.0000000000
114197  -42.263  8.989  53.296 0.0000000000
115260  -43.489  9.145  53.531 0.0000000000
115249  -42.317  9.931  54.119 0.0000000000
119939  -41.770  13.998  54.254 0.0000000000
119054  -43.193  13.135  54.809 0.0000000000
119931  -44.087  13.887  55.093 0.0000000000
119961  -44.260  14.308  54.279 0.0000000000
119942  -44.305  14.283  54.592 0.0000000000
111001  -53.706  5.679  40.542 0.0000000000
110987  -53.510  6.084  41.650 0.0000000000
109875  -52.328  5.248  44.048 0.0000000000
109883  -51.472  4.560  43.472 0.0000000000
109900  -51.311  4.569  42.503 0.0000000000
108747  -49.555  3.787  43.320 0.0000000000
108746  -48.807  3.307  43.146 0.0000000000
107632  -48.604  3.011  43.707 0.0000000000
105311  -46.501  1.019  45.681 0.0000000000
107621  -46.411  1.736  44.186 0.0000000000
106479  -45.070  1.279  44.605 0.0000000000
107495  -45.163  2.444  54.441 0.0000000000
106379  -44.729  1.987  52.129 0.0000000000
106401  -45.433  1.446  51.254 0.0000000000
106403  -47.372  1.743  51.014 0.0000000000
106415  -46.208  0.811  50.124 0.0000000000
106427  -46.421  0.711  49.249 0.0000000000
105271  -45.004  0.315  49.280 0.0000000000
109854  -40.224  5.069  46.622 0.0000000000
108716  -38.811  3.692  46.756 0.0000000000
112211  -54.192  7.339  33.317 0.0000000000
109955  -47.893  5.416  38.624 0.0000000000
111022  -49.083  5.440  37.977 0.0000000000
112136  -48.392  6.602  37.477 0.0000000000
114420  -49.546  8.962  35.702 0.0000000000
113298  -49.417  7.849  35.065 0.0000000000
113312  -49.996  8.374  34.633 0.0000000000
113328  -51.540  8.714  33.289 0.0000000000
114440  -51.047  9.118  33.471 0.0000000000
115481  -51.561  9.841  32.370 0.0000000000
115470  -50.752  9.944  33.769 0.0000000000
118316  -50.522  12.488  35.896 0.0000000000
118336  -50.323  12.530  34.123 0.0000000000
119193  -50.115  13.253  34.277 0.0000000000
117470  -48.598  11.715  33.681 0.0000000000
118328  -48.856  12.384  34.696 0.0000000000
113150  -43.827  7.605  48.449 0.0000000000
112031  -44.273  6.890  47.213 0.0000000000
113151  -44.753  7.607  48.574 0.0000000000
114289  -47.324  9.365  48.634 0.0000000000
115328  -46.305  9.183  47.161 0.0000000000
115330  -47.786  9.564  46.650 0.0000000000
115347  -47.538  9.608  44.396 0.0000000000
115331  -48.578  9.987  46.139 0.0000000000
117255  -41.733  10.784  49.164 0.0000000000
116309  -44.138  10.568  48.920 0.0000000000
116321  -43.694  10.638  47.922 0.0000000000
117313  -45.923  11.320  44.386 0.0000000000
117298  -46.849  11.590  45.293 0.0000000000
117315  -47.845  12.113  44.009 0.0000000000
118217  -49.241  11.995  44.140 0.0000000000
117335  -48.674  11.586  42.963 0.0000000000
118238  -49.318  12.392  41.722 0.0000000000
117348  -48.488  12.341  42.090 0.0000000000
117378  -46.051  11.154  38.827 0.0000000000
117379  -46.893  11.635  39.099 0.0000000000
117409  -46.677  10.944  37.248 0.0000000000
117425  -46.607  11.494  36.374 0.0000000000
117424  -45.551  11.497  36.154 0.0000000000
118327  -45.291  11.949  34.758 0.0000000000
117423  -44.719  11.349  36.053 0.0000000000
117405  -41.671  10.941  37.076 0.0000000000
117438  -42.542  11.839  35.353 0.0000000000
118236  -38.784  12.606  42.753 0.0000000000
116385  -39.680  10.879  42.065 0.0000000000
118244  -39.099  12.599  41.705 0.0000000000
119157  -39.422  13.672  39.676 0.0000000000
118266  -39.287  12.662  39.345 0.0000000000
117402  -38.845  12.059  36.259 0.0000000000
118296  -38.223  12.723  36.038 0.0000000000
118295  -37.622  12.334  35.974 0.0000000000
119170  -38.001  13.485  36.920 0.0000000000
120912  -38.817  15.352  40.491 0.0000000000
119155  -37.579  13.496  38.958 0.0000000000
120058  -37.445  14.087  40.083 0.0000000000
119154  -36.301  13.277  39.827 0.0000000000
109880  -44.057  3.852  43.541 0.0000000000
109912  -44.475  4.943  42.328 0.0000000000
110955  -43.620  5.135  43.702 0.0000000000
112063  -43.735  5.873  44.143 0.0000000000
113186  -44.821  7.134  44.972 0.0000000000
121672  -43.505  15.891  50.877 0.0000000000
121674  -45.470  16.299  50.809 0.0000000000
121694  -43.569  16.435  48.773 0.0000000000
121708  -43.599  16.800  47.977 0.0000000000
121714  -42.303  17.080  46.958 0.0000000000
122532  -44.657  17.548  47.530 0.0000000000
123357  -45.275  17.919  46.951 0.0000000000
112225  -50.443  6.785  32.627 0.0000000000
113117  -38.234  7.745  50.792 0.0000000000
114237  -39.904  7.903  51.071 0.0000000000
114236  -39.022  8.085  51.136 0.0000000000
108730  -50.172  3.654  45.177 0.0000000000
107624  -49.126  3.000  44.692 0.0000000000
107598  -48.593  2.309  45.742 0.0000000000
106460  -48.133  1.578  45.961 0.0000000000
105302  -47.052  0.769  46.577 0.0000000000
107530  -43.248  2.205  53.120 0.0000000000
106398  -41.992  1.456  51.829 0.0000000000
106443  -39.210  1.398  47.982 0.0000000000
107593  -38.337  2.933  47.030 0.0000000000
107583  -37.903  2.420  47.831 0.0000000000
107582  -36.770  2.851  47.957 0.0000000000
113258  -47.299  7.965  38.682 0.0000000000
112135  -47.862  7.130  37.948 0.0000000000
114389  -47.749  8.514  38.538 0.0000000000
115426  -48.783  9.853  37.591 0.0000000000
115439  -49.388  9.908  36.148 0.0000000000
116487  -50.133  10.619  35.283 0.0000000000
116458  -49.800  11.124  36.966 0.0000000000
117395  -50.523  11.809  37.981 0.0000000000
118290  -50.357  12.475  38.175 0.0000000000
114225  -45.137  8.628  51.227 0.0000000000
114264  -45.915  8.406  49.627 0.0000000000
114244  -46.376  8.719  50.268 0.0000000000
115300  -46.968  9.784  50.115 0.0000000000
116312  -47.164  10.228  49.508 0.0000000000
116333  -41.452  10.699  46.864 0.0000000000
117268  -43.138  11.137  47.238 0.0000000000
117295  -43.557  11.354  45.566 0.0000000000
117312  -44.773  11.333  44.521 0.0000000000
117332  -46.164  11.140  43.339 0.0000000000
117346  -46.403  11.218  42.280 0.0000000000
117356  -45.668  11.021  41.556 0.0000000000
116406  -44.808  10.583  40.155 0.0000000000
116421  -45.099  10.799  39.067 0.0000000000
116453  -44.257  10.972  37.339 0.0000000000
116437  -43.151  10.506  38.386 0.0000000000
116436  -42.104  10.375  38.456 0.0000000000
116435  -41.029  10.268  38.454 0.0000000000
121745  -40.273  15.866  42.344 0.0000000000
120047  -39.317  14.433  41.549 0.0000000000
120054  -39.453  14.477  40.424 0.0000000000
120060  -39.305  14.506  39.749 0.0000000000
119156  -38.713  13.816  39.085 0.0000000000
120920  -39.498  14.738  40.053 0.0000000000
121762  -39.522  16.000  40.317 0.0000000000
121756  -39.579  16.719  40.269 0.0000000000
108790  -48.337  3.778  40.831 0.0000000000
109944  -48.872  4.451  39.213 0.0000000000
109929  -48.177  4.299  40.045 0.0000000000
109928  -47.226  4.551  39.929 0.0000000000
109941  -46.551  5.679  39.563 0.0000000000
110998  -44.887  5.763  41.075 0.0000000000
112114  -45.090  6.649  41.002 0.0000000000
112124  -46.392  6.989  39.626 0.0000000000
114366  -46.524  8.718  40.444 0.0000000000
115394  -47.223  9.353  40.807 0.0000000000
115382  -47.746  9.930  41.405 0.0000000000
118174  -42.579  12.310  52.935 0.0000000000
116278  -42.703  10.693  51.673 0.0000000000
118177  -41.590  12.282  51.656 0.0000000000
118180  -40.890  12.546  50.367 0.0000000000
118185  -40.544  12.545  49.613 0.0000000000
120845  -41.149  14.671  49.696 0.0000000000
119992  -40.585  13.956  49.632 0.0000000000
118198  -40.084  12.111  48.318 0.0000000000
116330  -39.407  10.852  47.060 0.0000000000
117292  -40.637  11.901  45.923 0.0000000000
117308  -40.425  11.971  44.819 0.0000000000
116355  -40.556  10.957  43.275 0.0000000000
117307  -39.740  12.181  44.506 0.0000000000
119126  -38.792  13.287  44.199 0.0000000000
120030  -38.938  14.400  43.920 0.0000000000
122542  -41.980  17.272  46.310 0.0000000000
121731  -40.479  16.412  44.441 0.0000000000
120888  -39.990  16.020  43.637 0.0000000000
121740  -41.453  16.855  43.059 0.0000000000
121747  -41.774  17.010  42.000 0.0000000000
122613  -43.110  17.507  41.272 0.0000000000
110926  -41.827  5.760  46.491 0.0000000000
112044  -43.257  6.277  46.902 0.0000000000
113176  -42.121  7.169  47.180 0.0000000000
113149  -42.987  7.683  48.445 0.0000000000
114261  -43.209  8.208  49.921 0.0000000000
114238  -41.004  8.490  50.987 0.0000000000
114239  -42.008  8.498  50.938 0.0000000000
114241  -43.874  8.355  50.736 0.0000000000
114210  -44.490  8.533  52.164 0.0000000000
116268  -44.337  9.404  52.875 0.0000000000
116254  -43.262  10.571  53.724 0.0000000000
117216  -41.100  11.318  54.369 0.0000000000
117217  -42.209  11.324  54.424 0.0000000000
117218  -42.902  11.548  54.184 0.0000000000
117230  -43.020  11.637  53.510 0.0000000000
119071  -43.448  13.029  53.612 0.0000000000
119974  -44.174  14.333  53.676 0.0000000000
120824  -45.230  15.265  53.421 0.0000000000
109948  -52.916  4.808  39.375 0.0000000000
109932  -51.191  4.374  40.530 0.0000000000
112094  -52.957  6.198  43.138 0.0000000000
110973  -53.459  6.383  42.153 0.0000000000
109916  -52.198  4.810  41.664 0.0000000000
109915  -51.336  4.480  41.518 0.0000000000
108776  -49.913  3.675  41.528 0.0000000000
108774  -48.524  3.472  41.615 0.0000000000
108759  -47.933  3.200  42.361 0.0000000000
107637  -46.575  2.833  42.952 0.0000000000
106487  -47.632  2.258  44.019 0.0000000000
107629  -45.935  2.507  43.531 0.0000000000
108744  -45.252  2.863  43.313 0.0000000000
108735  -44.280  2.782  44.315 0.0000000000
108644  -47.374  3.463  54.158 0.0000000000
107532  -45.220  2.432  52.880 0.0000000000
107513  -46.895  2.958  53.492 0.0000000000
107535  -48.306  3.060  52.519 0.0000000000
107547  -48.203  2.732  51.672 0.0000000000
107555  -48.639  2.285  50.560 0.0000000000
107565  -48.833  2.328  49.170 0.0000000000
106428  -47.136  0.993  48.861 0.0000000000
105282  -46.838  0.303  47.984 0.0000000000
105289  -44.937  0.055  47.121 0.0000000000
109856  -42.259  4.543  46.339 0.0000000000
109855  -41.109  4.786  46.443 0.0000000000
110912  -39.848  6.444  47.125 0.0000000000
112025  -38.714  6.831  47.751 0.0000000000
113144  -38.021  6.966  49.356 0.0000000000
111114  -54.281  6.045  33.157 0.0000000000
110038  -54.074  5.458  32.878 0.0000000000
112227  -52.891  7.200  32.547 0.0000000000
109957  -49.560  4.880  38.300 0.0000000000
111032  -49.576  5.690  36.968 0.0000000000
112147  -48.588  7.070  36.861 0.0000000000
112161  -49.555  6.825  35.933 0.0000000000
112173  -50.751  6.860  34.700 0.0000000000
112192  -52.164  7.416  33.469 0.0000000000
113330  -53.120  8.637  32.402 0.0000000000
113347  -52.050  8.077  31.723 0.0000000000
114452  -51.176  8.882  31.786 0.0000000000
114464  -50.526  9.486  31.676 0.0000000000
117462  -50.501  11.739  34.612 0.0000000000
117480  -50.332  11.238  32.277 0.0000000000
114439  -49.876  9.502  32.070 0.0000000000
115468  -48.779  9.507  33.173 0.0000000000
115467  -47.840  9.061  33.540 0.0000000000
116511  -47.096  10.320  33.411 0.0000000000
110929  -44.073  6.127  46.545 0.0000000000
112055  -45.093  7.047  46.323 0.0000000000
113187  -45.461  7.404  45.704 0.0000000000
113166  -45.713  7.914  47.806 0.0000000000
113188  -46.256  7.984  46.128 0.0000000000
113201  -46.141  7.998  45.326 0.0000000000
115346  -46.770  9.090  44.033 0.0000000000
115360  -47.377  9.851  43.238 0.0000000000
116377  -48.674  10.621  42.821 0.0000000000
116298  -44.496  10.438  50.037 0.0000000000
116310  -45.276  10.453  49.158 0.0000000000
116324  -47.061  10.422  48.199 0.0000000000
117270  -45.222  11.079  47.312 0.0000000000
117271  -46.368  11.063  47.294 0.0000000000
117273  -48.172  11.122  46.675 0.0000000000
116339  -49.019  10.757  45.450 0.0000000000
116362  -49.169  10.875  43.662 0.0000000000
116378  -49.201  11.087  42.482 0.0000000000
117360  -50.297  11.879  40.998 0.0000000000
118279  -49.126  12.487  38.695 0.0000000000
117368  -47.233  11.740  40.082 0.0000000000
118278  -48.228  12.362  38.524 0.0000000000
118298  -48.612  12.265  36.535 0.0000000000
117444  -48.210  11.978  35.416 0.0000000000
117459  -47.243  11.824  34.423 0.0000000000
117439  -43.475  11.720  35.377 0.0000000000
116386  -40.307  10.343  41.798 0.0000000000
116402  -40.518  10.440  40.632 0.0000000000
116434  -40.048  10.626  38.327 0.0000000000
118255  -39.326  12.698  40.481 0.0000000000
117376  -39.302  11.813  39.085 0.0000000000
117403  -39.824  11.375  36.950 0.0000000000
117418  -39.691  11.787  35.552 0.0000000000
117434  -38.694  11.693  35.152 0.0000000000
116465  -38.704  10.739  35.501 0.0000000000
119162  -37.296  13.150  37.882 0.0000000000
118275  -36.784  12.998  38.249 0.0000000000
123450  -44.153  17.889  40.052 0.0000000000
123465  -42.778  17.724  39.059 0.0000000000
123464  -41.790  18.106  38.989 0.0000000000
123448  -40.567  18.016  39.493 0.0000000000
122610  -39.347  17.773  40.418 0.0000000000
109865  -42.993  4.431  45.796 0.0000000000
110936  -43.759  5.366  45.554 0.0000000000
111101  -52.438  4.885  33.211 0.0000000000
108701  -50.271  3.454  48.286 0.0000000000
109844  -50.874  4.153  47.455 0.0000000000
107576  -49.684  2.763  48.233 0.0000000000
109945  -49.847  4.258  39.348 0.0000000000
115383  -48.235  10.108  40.856 0.0000000000
115396  -48.301  9.831  40.279 0.0000000000
116408  -48.794  10.629  40.476 0.0000000000
116279  -43.890  10.419  52.028 0.0000000000
117328  -41.810  11.168  43.868 0.0000000000
117329  -42.851  10.943  43.915 0.0000000000
116374  -43.210  10.384  42.278 0.0000000000
116373  -42.197  10.403  42.351 0.0000000000
121765  -42.148  16.832  40.065 0.0000000000
120915  -41.524  16.341  39.967 0.0000000000
121766  -42.215  17.083  39.774 0.0000000000
108757  -45.564  3.435  42.540 0.0000000000
109913  -44.912  4.519  41.917 0.0000000000
114313  -45.750  8.347  43.937 0.0000000000
120831  -44.262  14.861  52.461 0.0000000000
121662  -43.563  15.333  51.547 0.0000000000
120863  -41.134  15.888  48.179 0.0000000000
120861  -39.591  14.559  47.500 0.0000000000
120867  -40.029  15.682  47.051 0.0000000000
122578  -44.929  17.546  44.413 0.0000000000
112224  -49.380  7.072  32.742 0.0000000000
112223  -48.855  7.428  32.585 0.0000000000
112206  -48.526  6.974  32.993 0.0000000000
113159  -39.506  7.484  48.176 0.0000000000
113146  -39.969  8.124  48.946 0.0000000000
115257  -40.852  9.942  53.168 0.0000000000
115270  -41.390  9.173  52.795 0.0000000000
115258  -41.811  9.536  53.457 0.0000000000
116241  -41.825  10.424  54.193 0.0000000000
119941  -43.688  14.275  54.981 0.0000000000
112117  -54.538  6.817  40.639 0.0000000000
112116  -53.921  6.393  41.122 0.0000000000
109882  -50.372  4.185  43.410 0.0000000000
108748  -49.822  3.758  43.817 0.0000000000
108736  -48.964  3.277  43.756 0.0000000000
108737  -49.357  3.376  44.201 0.0000000000
105310  -46.036  0.917  45.414 0.0000000000
105317  -45.884  1.216  44.971 0.0000000000
105316  -45.609  1.007  44.891 0.0000000000
106469  -44.477  0.908  44.946 0.0000000000
106353  -44.004  1.861  54.206 0.0000000000
106400  -44.267  1.255  51.335 0.0000000000
106414  -45.030  0.799  50.643 0.0000000000
105259  -45.406  0.446  49.933 0.0000000000
105258  -44.318  0.276  50.196 0.0000000000
107595  -40.500  2.560  46.500 0.0000000000
108717  -40.061  3.811  46.405 0.0000000000
112174  -52.080  6.546  34.393 0.0000000000
111020  -47.489  6.184  38.617 0.0000000000
114430  -49.706  8.569  34.945 0.0000000000
114431  -50.345  9.136  34.656 0.0000000000
115459  -50.513  9.999  34.528 0.0000000000
119177  -50.213  12.821  36.067 0.0000000000
119183  -50.532  12.919  35.547 0.0000000000
119182  -50.124  13.152  35.571 0.0000000000
118329  -49.399  12.987  34.766 0.0000000000
118315  -49.447  12.926  35.609 0.0000000000
113137  -44.221  7.768  49.168 0.0000000000
115319  -47.499  9.690  47.754 0.0000000000
116295  -41.782  10.745  48.763 0.0000000000
116308  -43.108  10.674  48.641 0.0000000000
116307  -42.285  10.772  48.329 0.0000000000
117314  -47.040  11.575  44.253 0.0000000000
118215  -48.505  12.179  43.844 0.0000000000
117334  -48.139  11.642  43.142 0.0000000000
117347  -47.425  11.717  42.164 0.0000000000
117377  -45.470  10.925  38.308 0.0000000000
117392  -45.959  11.217  37.865 0.0000000000
117408  -45.882  10.746  36.951 0.0000000000
117441  -45.100  11.898  35.427 0.0000000000
117407  -44.996  10.965  36.886 0.0000000000
117420  -41.955  11.279  36.300 0.0000000000
117419  -40.726  11.470  35.813 0.0000000000
119134  -38.795  13.471  43.348 0.0000000000
119142  -39.038  13.549  42.170 0.0000000000
119164  -38.997  13.290  38.626 0.0000000000
118286  -38.506  12.861  36.720 0.0000000000
119163  -38.250  13.502  38.101 0.0000000000
120053  -37.994  14.845  40.342 0.0000000000
109895  -43.760  4.704  43.377 0.0000000000
112064  -44.291  6.507  44.597 0.0000000000
121695  -44.601  16.676  48.779 0.0000000000
122514  -44.942  17.112  48.356 0.0000000000
122534  -46.755  17.756  47.559 0.0000000000
122533  -45.654  17.666  47.532 0.0000000000
122546  -45.614  17.843  46.575 0.0000000000
111111  -51.403  6.049  32.918 0.0000000000
114218  -38.432  8.362  51.246 0.0000000000
108720  -49.778  3.301  45.649 0.0000000000
107599  -49.370  2.783  46.069 0.0000000000
107585  -48.611  1.994  46.837 0.0000000000
106448  -47.874  1.229  46.877 0.0000000000
106447  -47.376  0.829  46.850 0.0000000000
105276  -40.348  0.436  48.691 0.0000000000
105284  -39.915  0.632  48.079 0.0000000000
107584  -38.738  2.032  47.760 0.0000000000
106442  -38.526  1.875  48.121 0.0000000000
107574  -37.640  2.083  48.633 0.0000000000
107572  -35.955  2.981  48.630 0.0000000000
114379  -46.787  8.565  39.770 0.0000000000
115417  -48.631  9.859  38.646 0.0000000000
115438  -48.998  9.919  36.724 0.0000000000
116471  -49.434  10.449  36.650 0.0000000000
116457  -49.384  10.575  37.398 0.0000000000
116441  -50.103  11.343  38.061 0.0000000000
116442  -50.469  11.751  38.360 0.0000000000
117412  -50.521  12.145  37.583 0.0000000000
117396  -50.582  12.042  38.552 0.0000000000
114211  -45.033  8.681  51.795 0.0000000000
114243  -45.589  8.598  50.550 0.0000000000
116288  -45.772  10.120  51.424 0.0000000000
115292  -46.536  9.341  50.519 0.0000000000
116300  -46.572  10.060  50.374 0.0000000000
117280  -41.146  11.255  46.406 0.0000000000
117281  -42.222  11.053  46.569 0.0000000000
117330  -43.835  10.923  43.799 0.0000000000
117345  -45.340  10.925  42.365 0.0000000000
116420  -43.997  10.434  39.267 0.0000000000
116419  -42.929  10.164  39.378 0.0000000000
116418  -41.820  10.186  39.450 0.0000000000
120896  -39.881  15.131  42.224 0.0000000000
120897  -40.452  15.474  41.611 0.0000000000
120905  -40.037  14.990  41.056 0.0000000000
121763  -40.180  16.289  39.818 0.0000000000
122611  -39.829  16.998  39.962 0.0000000000
108789  -47.408  3.964  40.709 0.0000000000
108787  -45.918  4.536  40.638 0.0000000000
110971  -44.081  5.305  42.551 0.0000000000
110984  -44.470  5.549  41.795 0.0000000000
113235  -45.141  7.457  41.617 0.0000000000
112115  -45.822  6.805  40.311 0.0000000000
113246  -46.117  7.710  40.181 0.0000000000
114365  -45.877  8.125  40.572 0.0000000000
115381  -46.960  9.433  41.512 0.0000000000
115370  -47.443  9.970  42.312 0.0000000000
119079  -42.344  12.848  52.552 0.0000000000
118173  -41.948  12.276  52.341 0.0000000000
119084  -41.821  13.108  52.078 0.0000000000
119988  -41.380  13.947  50.744 0.0000000000
119089  -41.406  13.016  51.091 0.0000000000
119088  -40.994  13.310  50.482 0.0000000000
117246  -40.810  12.110  49.913 0.0000000000
119092  -40.539  13.234  49.971 0.0000000000
120847  -42.992  15.518  50.053 0.0000000000
120841  -42.737  15.438  50.874 0.0000000000
120846  -42.043  15.388  49.817 0.0000000000
120844  -40.568  14.368  49.247 0.0000000000
120002  -40.059  14.015  48.886 0.0000000000
119101  -40.234  13.164  49.127 0.0000000000
118193  -39.869  12.672  48.512 0.0000000000
117265  -40.151  11.488  47.762 0.0000000000
118197  -39.373  12.323  47.877 0.0000000000
118205  -39.966  12.045  46.224 0.0000000000
118214  -40.038  12.185  45.580 0.0000000000
118213  -39.550  12.341  45.020 0.0000000000
120871  -39.556  15.003  45.712 0.0000000000
119118  -38.932  13.312  44.965 0.0000000000
120023  -39.327  14.081  44.924 0.0000000000
120029  -38.867  13.867  44.344 0.0000000000
120880  -39.523  15.271  44.670 0.0000000000
122543  -42.813  17.335  46.594 0.0000000000
121713  -41.462  16.755  46.599 0.0000000000
121732  -41.343  16.896  44.165 0.0000000000
121739  -40.536  16.385  43.196 0.0000000000
122598  -42.903  17.444  42.499 0.0000000000
121748  -42.372  17.265  41.541 0.0000000000
113356  -47.669  7.820  31.642 0.0000000000
114448  -46.762  8.150  31.810 0.0000000000
112042  -41.508  6.800  46.676 0.0000000000
112043  -42.433  6.719  46.831 0.0000000000
113175  -41.918  7.086  46.981 0.0000000000
114275  -41.528  8.043  49.319 0.0000000000
113148  -42.057  7.778  48.774 0.0000000000
113134  -42.298  7.950  49.236 0.0000000000
113135  -42.691  7.911  49.218 0.0000000000
114260  -42.199  8.199  49.724 0.0000000000
114258  -40.361  8.066  50.122 0.0000000000
114222  -42.812  8.256  51.837 0.0000000000
114240  -42.973  8.384  50.834 0.0000000000
114223  -43.746  8.280  51.651 0.0000000000
114209  -43.637  8.472  52.539 0.0000000000
115251  -43.201  9.478  53.891 0.0000000000
115261  -43.942  9.280  53.125 0.0000000000
118155  -41.669  12.200  54.624 0.0000000000
118156  -42.652  12.289  54.610 0.0000000000
118157  -43.257  12.564  54.449 0.0000000000
117219  -43.289  12.116  54.132 0.0000000000
117231  -43.336  12.331  53.886 0.0000000000
118170  -43.161  12.536  53.509 0.0000000000
118171  -43.518  12.774  53.868 0.0000000000
119960  -43.975  13.959  53.917 0.0000000000
120806  -44.765  15.003  53.891 0.0000000000
120823  -44.537  14.774  53.417 0.0000000000
119975  -45.841  14.936  53.579 0.0000000000
111012  -54.600  6.080  39.350 0.0000000000
109934  -53.298  5.030  39.919 0.0000000000
109933  -52.551  4.576  40.563 0.0000000000
109884  -52.259  5.122  43.461 0.0000000000
110956  -52.584  5.783  43.578 0.0000000000
112095  -53.592  6.572  42.731 0.0000000000
110972  -52.881  5.862  42.603 0.0000000000
110986  -52.865  5.426  41.681 0.0000000000
109899  -50.363  4.189  42.385 0.0000000000
108762  -50.155  3.831  41.962 0.0000000000
109914  -50.557  3.976  41.422 0.0000000000
108775  -49.285  3.503  41.666 0.0000000000
108745  -48.280  3.098  42.864 0.0000000000
108758  -46.973  3.402  42.387 0.0000000000
107612  -48.538  2.440  45.054 0.0000000000
106483  -48.339  2.338  44.779 0.0000000000
106482  -47.973  2.178  44.508 0.0000000000
107628  -45.162  2.473  43.726 0.0000000000
108743  -44.518  3.228  43.556 0.0000000000
107619  -44.701  2.187  44.240 0.0000000000
107557  -50.084  3.143  49.997 0.0000000000
108629  -46.291  3.064  54.559 0.0000000000
107531  -44.123  2.538  52.901 0.0000000000
106380  -45.831  1.817  52.121 0.0000000000
107533  -46.456  2.372  52.548 0.0000000000
107534  -47.542  2.673  52.547 0.0000000000
108673  -48.746  3.219  51.742 0.0000000000
107554  -47.770  1.902  50.852 0.0000000000
106417  -48.294  1.994  49.737 0.0000000000
106429  -48.204  1.624  49.027 0.0000000000
105280  -45.280  0.234  48.414 0.0000000000
105273  -46.447  0.589  48.703 0.0000000000
105281  -46.010  0.346  48.168 0.0000000000
105291  -46.258  0.361  47.208 0.0000000000
105290  -45.368  0.182  47.404 0.0000000000
107596  -41.503  2.528  46.369 0.0000000000
107597  -42.182  2.430  46.074 0.0000000000
108719  -42.162  3.377  46.277 0.0000000000
109853  -39.284  4.873  46.508 0.0000000000
112024  -37.703  6.650  47.892 0.0000000000
112018  -38.125  6.972  48.545 0.0000000000
112017  -37.398  6.938  48.601 0.0000000000
113131  -37.704  7.203  50.120 0.0000000000
111102  -55.075  6.078  33.485 0.0000000000
112229  -54.532  6.743  33.262 0.0000000000
112228  -53.817  6.885  33.023 0.0000000000
111113  -53.608  6.031  32.863 0.0000000000
109956  -48.645  5.122  38.519 0.0000000000
113278  -47.993  7.959  37.743 0.0000000000
112146  -48.180  7.518  37.411 0.0000000000
113289  -49.182  7.479  35.834 0.0000000000
112172  -49.891  7.189  35.053 0.0000000000
112191  -51.331  7.549  33.940 0.0000000000
114442  -52.754  8.957  32.480 0.0000000000
113329  -52.163  8.395  32.977 0.0000000000
113348  -52.904  8.391  32.029 0.0000000000
114453  -51.869  9.031  32.013 0.0000000000
115489  -51.379  9.841  31.849 0.0000000000
114466  -51.244  9.438  31.722 0.0000000000
114465  -50.789  9.408  31.604 0.0000000000
115488  -50.976  9.904  31.577 0.0000000000
117445  -50.210  11.356  35.483 0.0000000000
117461  -50.193  11.191  35.005 0.0000000000
117481  -50.732  11.131  32.566 0.0000000000
116522  -49.946  11.041  31.939 0.0000000000
115469  -49.665  10.005  32.440 0.0000000000
116513  -49.177  10.934  32.744 0.0000000000
116512  -48.156  10.549  33.387 0.0000000000
117469  -47.288  11.187  33.738 0.0000000000
112045  -43.923  6.353  46.857 0.0000000000
113177  -45.126  7.152  46.950 0.0000000000
112046  -44.604  6.682  46.686 0.0000000000
112047  -45.137  7.113  46.702 0.0000000000
114278  -46.181  8.409  48.652 0.0000000000
114297  -46.385  8.991  46.495 0.0000000000
114296  -45.850  8.757  47.043 0.0000000000
114314  -46.595  8.527  44.590 0.0000000000
114315  -47.308  8.941  45.248 0.0000000000
115348  -48.232  10.145  44.593 0.0000000000
116360  -47.912  10.110  43.708 0.0000000000
116376  -48.033  10.225  43.007 0.0000000000
116361  -48.496  10.457  43.667 0.0000000000
116277  -41.951  10.786  51.270 0.0000000000
116286  -43.609  10.508  50.859 0.0000000000
116323  -45.929  10.800  48.286 0.0000000000
117283  -44.414  11.293  46.431 0.0000000000
117269  -44.112  11.006  47.225 0.0000000000
117284  -45.525  11.365  46.419 0.0000000000
117285  -46.637  11.449  46.321 0.0000000000
117272  -47.434  11.068  47.045 0.0000000000
117287  -48.416  11.276  45.819 0.0000000000
117317  -49.328  11.478  44.140 0.0000000000
116394  -49.412  11.332  41.343 0.0000000000
117350  -49.552  11.781  41.936 0.0000000000
118245  -49.050  12.681  40.920 0.0000000000
118246  -49.507  12.512  41.113 0.0000000000
118257  -49.471  12.524  40.462 0.0000000000
118268  -49.313  12.505  39.661 0.0000000000
117357  -46.497  11.348  40.990 0.0000000000
117358  -47.798  11.878  41.094 0.0000000000
117393  -46.744  11.334  38.174 0.0000000000
117394  -47.489  11.850  38.374 0.0000000000
118287  -48.022  12.152  37.580 0.0000000000
118297  -47.910  11.885  36.996 0.0000000000
117427  -48.323  12.058  35.964 0.0000000000
117426  -47.632  11.711  36.423 0.0000000000
117442  -46.058  12.042  35.218 0.0000000000
117468  -46.658  10.825  33.763 0.0000000000
116500  -45.599  10.690  34.324 0.0000000000
116468  -44.029  11.138  36.745 0.0000000000
116467  -43.578  11.072  36.779 0.0000000000
118309  -42.206  12.162  34.706 0.0000000000
118310  -43.075  12.026  34.813 0.0000000000
116371  -40.110  10.646  42.918 0.0000000000
116417  -40.697  10.341  39.471 0.0000000000
116416  -39.649  10.840  39.527 0.0000000000
118277  -39.115  12.465  38.325 0.0000000000
117390  -39.319  11.423  38.209 0.0000000000
117417  -38.813  11.999  35.485 0.0000000000
116480  -39.194  11.066  34.968 0.0000000000
116479  -38.392  11.171  35.289 0.0000000000
116478  -37.840  11.180  35.562 0.0000000000
119175  -37.485  12.617  36.513 0.0000000000
117401  -37.348  11.641  36.426 0.0000000000
118285  -37.273  12.233  36.733 0.0000000000
118284  -36.878  12.221  37.400 0.0000000000
118265  -37.082  13.120  38.443 0.0000000000
118273  -35.354  12.116  38.287 0.0000000000
123478  -42.564  18.545  38.454 0.0000000000
123476  -40.658  18.962  38.251 0.0000000000
122622  -39.898  18.209  40.070 0.0000000000
121686  -46.681  16.489  49.819 0.0000000000
122515  -45.632  17.345  48.401 0.0000000000
122517  -47.867  17.425  48.513 0.0000000000
115280  -37.773  9.070  50.925 0.0000000000
115281  -38.741  9.253  51.619 0.0000000000
108708  -50.417  3.528  47.239 0.0000000000
107587  -50.082  2.913  47.220 0.0000000000
107600  -49.815  2.859  46.679 0.0000000000
106436  -38.954  1.321  49.243 0.0000000000
106435  -38.112  1.688  48.785 0.0000000000
109947  -51.933  4.514  39.530 0.0000000000
109959  -51.566  4.596  38.601 0.0000000000
115406  -48.021  9.401  39.902 0.0000000000
114381  -48.063  9.231  39.543 0.0000000000
115407  -48.482  9.785  39.624 0.0000000000
117381  -50.344  11.721  39.826 0.0000000000
116281  -45.357  9.368  52.013 0.0000000000
116282  -45.850  9.274  51.534 0.0000000000
117310  -42.689  11.337  44.699 0.0000000000
116359  -43.818  10.712  42.995 0.0000000000
116375  -44.227  10.706  42.276 0.0000000000
115380  -42.992  9.766  41.117 0.0000000000
116387  -41.332  10.192  41.550 0.0000000000
121757  -41.279  16.410  41.149 0.0000000000
120914  -40.897  15.816  39.954 0.0000000000
120921  -41.121  16.233  39.734 0.0000000000
121771  -41.054  16.619  39.553 0.0000000000
109926  -45.441  4.990  40.950 0.0000000000
113223  -44.612  7.054  42.164 0.0000000000
114353  -45.665  8.296  41.141 0.0000000000
114343  -45.553  8.363  42.136 0.0000000000
114344  -46.283  8.779  42.744 0.0000000000
119981  -42.400  14.001  52.233 0.0000000000
120829  -42.345  14.430  51.483 0.0000000000
120840  -41.981  14.688  50.746 0.0000000000
120853  -41.094  15.396  48.934 0.0000000000
120008  -39.804  14.448  48.221 0.0000000000
119106  -39.062  13.218  48.087 0.0000000000
120007  -39.425  13.881  47.676 0.0000000000
120010  -39.403  13.960  46.853 0.0000000000
119111  -39.035  13.132  46.127 0.0000000000
119110  -38.909  13.177  45.497 0.0000000000
120014  -39.296  14.116  45.969 0.0000000000
122561  -43.838  17.533  45.620 0.0000000000
122560  -42.951  17.462  45.717 0.0000000000
122576  -43.005  17.402  44.758 0.0000000000
122588  -44.026  17.246  43.454 0.0000000000
113344  -48.100  7.546  32.017 0.0000000000
114463  -47.869  8.053  31.548 0.0000000000
113161  -41.510  7.423  47.503 0.0000000000
114206  -40.892  9.054  52.333 0.0000000000
114207  -41.801  8.748  52.751 0.0000000000
114199  -43.295  8.648  53.110 0.0000000000
114198  -42.718  8.731  53.265 0.0000000000
115259  -42.724  9.221  53.608 0.0000000000
116243  -43.167  9.758  54.108 0.0000000000
119037  -43.739  13.668  55.023 0.0000000000
119055  -43.778  13.424  54.624 0.0000000000
119073  -44.081  13.683  54.479 0.0000000000
119056  -44.245  13.846  54.832 0.0000000000
111002  -54.515  6.402  39.990 0.0000000000
109881  -49.955  4.197  42.981 0.0000000000
109898  -49.827  4.057  42.780 0.0000000000
107631  -48.042  2.705  43.558 0.0000000000
106481  -47.253  1.742  44.370 0.0000000000
106471  -46.660  1.291  45.141 0.0000000000
107610  -45.886  1.567  44.605 0.0000000000
106478  -44.364  1.535  44.683 0.0000000000
106399  -43.099  1.325  51.759 0.0000000000
106381  -46.405  1.959  51.966 0.0000000000
107546  -47.392  2.217  51.518 0.0000000000
106402  -46.609  1.704  51.263 0.0000000000
105260  -45.844  0.526  49.794 0.0000000000
105272  -45.833  0.509  49.221 0.0000000000
105279  -44.790  0.098  48.699 0.0000000000
106455  -41.715  1.653  46.606 0.0000000000
112193  -53.174  6.838  33.583 0.0000000000
111021  -48.432  5.949  37.888 0.0000000000
111031  -48.791  6.318  37.191 0.0000000000
114419  -49.050  8.495  36.042 0.0000000000
113288  -48.765  7.891  36.074 0.0000000000
113297  -49.098  8.287  35.669 0.0000000000
113313  -50.726  8.084  33.975 0.0000000000
114441  -51.853  9.041  32.593 0.0000000000
115471  -51.396  9.924  33.035 0.0000000000
116515  -51.380  10.587  32.788 0.0000000000
117429  -50.482  12.085  36.597 0.0000000000
118330  -50.748  12.608  35.056 0.0000000000
118335  -49.565  12.792  33.909 0.0000000000
118334  -48.814  12.296  34.113 0.0000000000
113163  -43.368  7.378  47.698 0.0000000000
113164  -44.151  7.318  47.743 0.0000000000
113165  -45.005  7.287  47.546 0.0000000000
114288  -47.059  8.823  48.208 0.0000000000
115318  -46.896  8.960  47.541 0.0000000000
115329  -46.961  9.423  47.053 0.0000000000
114306  -47.145  9.223  46.008 0.0000000000
115338  -47.819  9.595  45.630 0.0000000000
115339  -48.387  10.126  45.167 0.0000000000
117248  -41.821  11.031  49.606 0.0000000000
116297  -43.343  10.558  49.686 0.0000000000
116296  -42.301  10.633  49.235 0.0000000000
117299  -47.974  12.030  45.057 0.0000000000
117300  -48.873  11.559  44.978 0.0000000000
118206  -48.354  12.165  44.400 0.0000000000
118228  -48.927  12.063  43.615 0.0000000000
117349  -49.169  12.059  42.340 0.0000000000
117359  -48.547  12.471  41.048 0.0000000000
116422  -45.825  10.966  39.432 0.0000000000
116469  -47.095  11.288  36.731 0.0000000000
118313  -45.271  12.128  35.047 0.0000000000
118312  -44.723  12.110  34.975 0.0000000000
116451  -42.353  10.762  37.454 0.0000000000
116466  -42.857  10.958  36.798 0.0000000000
117342  -38.989  12.151  43.321 0.0000000000
117343  -39.330  11.430  42.779 0.0000000000
117355  -39.365  11.687  41.325 0.0000000000
118305  -37.771  12.007  35.468 0.0000000000
119176  -37.705  12.915  36.423 0.0000000000
120057  -36.760  13.880  40.718 0.0000000000
108756  -44.667  3.628  42.795 0.0000000000
109896  -44.237  4.335  42.934 0.0000000000
110970  -43.712  5.136  43.063 0.0000000000
112092  -43.757  5.637  42.819 0.0000000000
112078  -43.672  5.780  43.290 0.0000000000
112079  -44.114  6.484  43.641 0.0000000000
113199  -44.649  7.223  44.112 0.0000000000
121664  -45.380  15.753  51.677 0.0000000000
121673  -44.408  16.236  50.853 0.0000000000
121683  -43.465  16.082  49.772 0.0000000000
121684  -44.522  16.402  49.780 0.0000000000
121693  -42.660  16.156  48.775 0.0000000000
120864  -41.962  15.997  48.120 0.0000000000
121707  -42.509  16.498  47.710 0.0000000000
121706  -41.307  16.315  47.487 0.0000000000
122530  -42.950  17.056  47.357 0.0000000000
122531  -43.634  17.309  47.384 0.0000000000
122545  -44.696  17.780  46.561 0.0000000000
122563  -45.824  17.812  45.404 0.0000000000
113132  -38.468  7.646  49.954 0.0000000000
113118  -38.950  7.880  50.602 0.0000000000
114219  -39.750  8.816  51.827 0.0000000000
108729  -49.555  3.193  45.043 0.0000000000
107613  -48.956  2.751  45.168 0.0000000000
106459  -47.229  1.173  46.118 0.0000000000
105301  -46.586  0.713  46.258 0.0000000000
105300  -45.738  0.373  46.310 0.0000000000
107509  -43.060  1.935  53.674 0.0000000000
107529  -42.746  1.931  53.439 0.0000000000
106377  -42.392  1.897  52.842 0.0000000000
106453  -40.014  1.758  47.080 0.0000000000
107594  -39.140  2.430  46.981 0.0000000000
108707  -37.196  3.042  47.483 0.0000000000
113268  -47.700  7.985  38.152 0.0000000000
114398  -47.918  8.315  38.084 0.0000000000
114399  -48.200  8.846  37.886 0.0000000000
114410  -48.747  8.943  36.624 0.0000000000
114411  -49.212  9.403  36.337 0.0000000000
115451  -49.794  9.930  35.577 0.0000000000
115452  -50.348  9.889  35.137 0.0000000000
116472  -49.755  10.734  36.037 0.0000000000
117428  -50.221  11.555  36.344 0.0000000000
117411  -50.326  11.715  37.277 0.0000000000
118300  -50.181  12.392  36.806 0.0000000000
118289  -49.801  12.710  37.817 0.0000000000
114242  -44.698  8.455  50.576 0.0000000000
114263  -44.935  8.292  49.566 0.0000000000
114265  -46.620  8.746  49.567 0.0000000000
115284  -46.075  9.213  51.159 0.0000000000
114245  -46.851  9.008  50.070 0.0000000000
114266  -47.113  9.212  49.631 0.0000000000
114280  -47.332  9.455  49.202 0.0000000000
115309  -47.512  9.911  48.904 0.0000000000
116319  -42.035  10.781  47.454 0.0000000000
117267  -42.585  10.933  47.248 0.0000000000
117282  -43.333  11.329  46.457 0.0000000000
117296  -44.634  11.293  45.514 0.0000000000
116391  -45.475  10.888  40.824 0.0000000000
116407  -45.720  10.864  40.052 0.0000000000
116439  -44.851  10.725  38.046 0.0000000000
116454  -44.856  10.807  37.494 0.0000000000
116438  -44.110  10.744  38.295 0.0000000000
116450  -41.429  10.635  37.652 0.0000000000
120919  -39.246  14.799  40.008 0.0000000000
121755  -38.835  16.706  40.919 0.0000000000
109930  -49.085  3.900  40.117 0.0000000000
109942  -47.167  5.407  39.314 0.0000000000
111010  -46.744  6.215  39.237 0.0000000000
110985  -44.937  5.201  41.432 0.0000000000
110997  -44.561  6.008  41.338 0.0000000000
110999  -45.569  5.883  40.480 0.0000000000
111009  -46.211  6.096  39.862 0.0000000000
113257  -46.607  8.068  39.439 0.0000000000
114367  -47.215  9.101  40.304 0.0000000000
117239  -42.333  11.426  52.314 0.0000000000
117243  -42.094  10.997  51.701 0.0000000000
117242  -41.688  11.428  51.392 0.0000000000
118181  -41.328  12.150  50.954 0.0000000000
117247  -41.327  11.545  50.221 0.0000000000
117253  -40.747  11.881  49.386 0.0000000000
117261  -40.584  11.731  48.581 0.0000000000
120839  -41.393  14.397  50.317 0.0000000000
119993  -41.087  14.160  50.099 0.0000000000
118194  -40.346  12.350  48.900 0.0000000000
117262  -41.005  11.412  48.038 0.0000000000
117266  -40.701  11.192  47.603 0.0000000000
116332  -40.680  10.746  46.835 0.0000000000
118200  -39.336  12.119  46.722 0.0000000000
118201  -39.727  11.699  46.501 0.0000000000
117293  -41.453  11.596  45.656 0.0000000000
116356  -41.030  10.861  43.257 0.0000000000
117327  -40.520  11.360  43.593 0.0000000000
117326  -39.555  12.026  43.874 0.0000000000
118203  -38.997  12.802  45.367 0.0000000000
118212  -39.026  12.721  44.643 0.0000000000
117325  -39.117  12.372  43.652 0.0000000000
119133  -38.752  12.983  43.752 0.0000000000
120887  -39.526  15.327  43.462 0.0000000000
121720  -40.523  16.475  45.606 0.0000000000
122559  -42.231  17.378  45.806 0.0000000000
121721  -41.397  17.041  45.413 0.0000000000
121730  -39.829  16.166  44.908 0.0000000000
120881  -39.802  15.890  44.211 0.0000000000
121738  -39.907  15.846  42.929 0.0000000000
122597  -42.153  17.445  43.076 0.0000000000
121759  -42.399  17.305  41.095 0.0000000000
122612  -42.453  17.312  40.745 0.0000000000
110927  -42.727  5.631  46.510 0.0000000000
112029  -43.022  7.023  47.101 0.0000000000
113162  -42.527  7.342  47.521 0.0000000000
113136  -43.491  7.793  49.201 0.0000000000
114259  -41.296  8.128  50.124 0.0000000000
114224  -44.529  8.458  51.414 0.0000000000
115273  -45.113  8.874  52.290 0.0000000000
115271  -43.765  8.956  53.034 0.0000000000
115272  -44.406  8.940  52.746 0.0000000000
116269  -44.971  9.089  52.657 0.0000000000
116267  -43.911  10.072  53.023 0.0000000000
116242  -42.826  10.304  54.196 0.0000000000
119080  -42.947  13.250  53.029 0.0000000000
119072  -43.841  13.387  54.035 0.0000000000
119973  -43.608  13.886  53.386 0.0000000000
119972  -43.122  13.860  52.794 0.0000000000
120832  -45.281  15.394  52.593 0.0000000000
120825  -46.010  14.953  53.204 0.0000000000
108791  -49.164  3.665  40.991 0.0000000000
108760  -48.753  3.320  42.334 0.0000000000
107623  -48.617  2.735  44.350 0.0000000000
107622  -48.134  2.512  44.127 0.0000000000
107630  -47.037  2.274  43.586 0.0000000000
108742  -43.929  3.622  43.829 0.0000000000
108734  -43.717  3.226  44.416 0.0000000000
108691  -49.932  3.303  48.936 0.0000000000
108632  -48.378  4.255  54.696 0.0000000000
108645  -48.589  3.999  53.843 0.0000000000
107510  -43.710  2.185  53.618 0.0000000000
107511  -44.612  2.424  53.800 0.0000000000
107512  -45.703  3.043  53.769 0.0000000000
107514  -47.895  3.142  53.346 0.0000000000
108661  -48.967  3.427  52.672 0.0000000000
108683  -49.168  3.171  50.949 0.0000000000
108682  -48.649  2.919  51.199 0.0000000000
107556  -49.706  2.865  50.236 0.0000000000
107566  -49.579  2.923  49.376 0.0000000000
106437  -47.408  0.832  47.611 0.0000000000
105292  -46.952  0.547  47.085 0.0000000000
104104  -43.933  -0.346  49.356 0.0000000000
105270  -44.500  -0.015  49.210 0.0000000000
104111  -44.361  -0.313  48.423 0.0000000000
104118  -43.901  -0.395  47.426 0.0000000000
104119  -44.744  -0.163  47.537 0.0000000000
104126  -44.755  -0.066  47.004 0.0000000000
105299  -44.834  0.243  46.525 0.0000000000
105308  -44.401  0.644  45.692 0.0000000000
109864  -42.555  3.912  46.095 0.0000000000
110925  -40.734  6.030  46.619 0.0000000000
113145  -38.807  7.620  48.909 0.0000000000
113101  -37.617  7.881  51.049 0.0000000000
113130  -36.784  7.286  49.784 0.0000000000
113116  -37.379  7.816  50.739 0.0000000000
114235  -37.407  8.526  50.837 0.0000000000
110030  -54.081  4.400  32.952 0.0000000000
109971  -50.395  5.103  37.703 0.0000000000
112160  -49.018  7.304  36.205 0.0000000000
112162  -50.275  6.430  35.673 0.0000000000
111068  -51.409  6.333  35.076 0.0000000000
113314  -51.628  7.861  33.575 0.0000000000
112209  -52.787  8.097  32.769 0.0000000000
113346  -50.863  8.023  32.185 0.0000000000
114451  -50.106  8.989  31.804 0.0000000000
116488  -50.361  10.408  34.786 0.0000000000
116502  -50.490  10.749  34.056 0.0000000000
117473  -51.323  11.048  33.046 0.0000000000
117472  -50.767  11.379  33.329 0.0000000000
115480  -50.781  10.218  31.730 0.0000000000
115479  -50.382  9.947  31.812 0.0000000000
114438  -49.234  9.058  32.455 0.0000000000
114437  -48.147  8.816  32.308 0.0000000000
115457  -48.523  8.923  33.598 0.0000000000
115478  -47.197  8.900  32.274 0.0000000000
110937  -44.172  5.957  46.227 0.0000000000
112054  -44.516  6.476  45.662 0.0000000000
113200  -45.504  7.777  44.609 0.0000000000
114277  -45.477  8.035  48.971 0.0000000000
113152  -45.463  7.760  48.337 0.0000000000
114287  -46.277  8.453  47.647 0.0000000000
113179  -46.158  8.257  46.649 0.0000000000
114330  -46.318  8.717  43.641 0.0000000000
115359  -46.815  9.286  43.433 0.0000000000
116392  -48.084  10.346  42.253 0.0000000000
116311  -46.375  10.502  49.361 0.0000000000
116320  -42.821  10.894  47.810 0.0000000000
116325  -47.992  10.551  47.266 0.0000000000
116334  -48.472  10.625  46.427 0.0000000000
117301  -49.267  11.359  44.705 0.0000000000
116346  -49.402  10.970  44.655 0.0000000000
117371  -50.590  12.054  40.460 0.0000000000
118247  -50.009  12.195  41.306 0.0000000000
118280  -49.915  12.526  38.936 0.0000000000
117369  -48.026  12.361  40.242 0.0000000000
117380  -47.674  12.171  39.310 0.0000000000
118267  -48.488  12.460  39.481 0.0000000000
118288  -48.934  12.417  37.633 0.0000000000
118314  -48.817  12.444  35.488 0.0000000000
117443  -47.317  11.803  35.388 0.0000000000
117406  -44.379  11.131  36.638 0.0000000000
117422  -43.931  11.240  36.097 0.0000000000
117421  -43.050  11.385  36.115 0.0000000000
116372  -41.157  10.507  42.523 0.0000000000
116449  -40.589  10.704  37.640 0.0000000000
117366  -39.283  11.706  40.112 0.0000000000
117435  -39.682  11.789  34.864 0.0000000000
117416  -37.605  11.629  35.723 0.0000000000
116463  -37.541  11.032  36.150 0.0000000000
119168  -36.897  12.547  37.545 0.0000000000
118263  -35.340  12.394  39.031 0.0000000000
122564  -46.982  18.097  45.254 0.0000000000
122600  -45.172  17.779  42.248 0.0000000000
122614  -44.390  17.884  41.135 0.0000000000
122627  -43.568  17.788  40.653 0.0000000000
122626  -42.761  17.566  40.132 0.0000000000
123467  -44.618  18.596  39.160 0.0000000000
123449  -43.344  17.809  39.576 0.0000000000
122635  -42.338  17.379  39.577 0.0000000000
122634  -41.953  17.424  39.387 0.0000000000
122633  -41.127  17.390  39.347 0.0000000000
123477  -41.561  18.713  38.247 0.0000000000
123463  -40.773  18.293  38.934 0.0000000000
122623  -40.335  17.427  39.719 0.0000000000
104120  -45.101  -0.004  47.899 0.0000000000
104125  -44.442  -0.172  46.920 0.0000000000
106458  -46.721  1.105  45.838 0.0000000000
106470  -46.049  1.406  44.945 0.0000000000
106473  -48.227  2.028  45.197 0.0000000000
106480  -45.697  1.410  44.690 0.0000000000
106488  -47.909  2.429  44.066 0.0000000000
107515  -48.494  3.293  53.144 0.0000000000
107611  -46.111  1.556  44.680 0.0000000000
107639  -47.919  2.933  42.921 0.0000000000
108642  -45.983  3.201  54.334 0.0000000000
108792  -49.626  3.624  41.177 0.0000000000
110913  -40.150  6.487  46.992 0.0000000000
111099  -50.942  5.752  33.516 0.0000000000
112028  -42.667  7.065  47.090 0.0000000000
112103  -44.528  6.499  41.578 0.0000000000
112104  -44.862  6.914  41.434 0.0000000000
112113  -44.716  6.234  41.190 0.0000000000
113102  -37.861  7.889  51.117 0.0000000000
113326  -47.586  7.183  32.466 0.0000000000
114298  -47.064  9.347  46.555 0.0000000000
114428  -48.541  8.959  33.153 0.0000000000
114429  -48.842  9.070  33.082 0.0000000000
114462  -47.364  8.020  31.567 0.0000000000
115250  -42.705  9.660  54.011 0.0000000000
115291  -46.083  8.931  50.833 0.0000000000
115293  -47.028  9.436  50.037 0.0000000000
115301  -47.373  9.805  49.716 0.0000000000
115317  -46.362  8.818  47.358 0.0000000000
115379  -42.738  9.759  40.993 0.0000000000
115392  -42.939  9.741  40.851 0.0000000000
115393  -43.214  9.811  40.843 0.0000000000
115458  -48.704  9.033  33.363 0.0000000000
115487  -50.691  9.669  31.619 0.0000000000
116256  -43.888  9.397  53.422 0.0000000000
116284  -41.678  10.995  50.858 0.0000000000
116301  -47.158  10.059  49.993 0.0000000000
116316  -39.716  10.919  47.263 0.0000000000
116317  -40.341  10.859  47.281 0.0000000000
116318  -41.147  10.890  47.416 0.0000000000
116331  -39.882  10.821  46.934 0.0000000000
116340  -49.325  11.067  45.145 0.0000000000
116344  -48.180  10.212  44.194 0.0000000000
116370  -39.636  10.902  42.598 0.0000000000
116425  -50.453  11.699  38.779 0.0000000000
116455  -46.882  11.060  36.827 0.0000000000
116456  -47.134  11.003  37.009 0.0000000000
116470  -47.312  11.295  36.902 0.0000000000
116501  -50.226  10.947  34.713 0.0000000000
116514  -51.146  10.724  33.254 0.0000000000
116523  -50.656  10.651  32.039 0.0000000000
116528  -51.006  10.316  31.775 0.0000000000
116529  -51.187  10.160  31.774 0.0000000000
117238  -41.825  11.817  51.949 0.0000000000
117254  -41.311  11.267  48.985 0.0000000000
117264  -39.323  11.319  47.294 0.0000000000
117278  -39.473  11.217  46.778 0.0000000000
117279  -40.240  11.378  46.525 0.0000000000
117316  -49.155  11.704  44.492 0.0000000000
117370  -50.486  11.851  40.260 0.0000000000
117433  -38.014  11.664  35.283 0.0000000000
117482  -51.202  10.969  32.840 0.0000000000
118192  -39.351  12.837  48.331 0.0000000000
118196  -39.085  12.743  48.178 0.0000000000
118207  -48.539  11.978  44.701 0.0000000000
118216  -48.942  12.111  44.317 0.0000000000
118225  -39.102  12.649  43.967 0.0000000000
118226  -39.415  12.394  44.384 0.0000000000
118227  -48.615  11.913  43.460 0.0000000000
118229  -49.238  11.960  43.892 0.0000000000
118235  -38.832  12.675  43.461 0.0000000000
118237  -48.976  12.597  41.413 0.0000000000
118239  -49.539  12.142  41.826 0.0000000000
118258  -50.056  12.373  40.644 0.0000000000
119038  -44.173  13.732  54.979 0.0000000000
119039  -44.536  13.789  55.013 0.0000000000
119081  -43.517  13.355  53.527 0.0000000000
119100  -39.636  13.277  48.544 0.0000000000
119105  -39.077  12.965  48.333 0.0000000000
119127  -38.728  13.786  43.947 0.0000000000
119161  -36.974  12.760  37.630 0.0000000000
119178  -50.393  12.656  36.015 0.0000000000
119187  -49.946  13.286  34.837 0.0000000000
119188  -50.462  13.152  34.825 0.0000000000
119192  -49.806  13.250  34.357 0.0000000000
119932  -44.363  13.886  55.024 0.0000000000
119983  -44.051  14.396  53.087 0.0000000000
119989  -41.916  14.223  51.373 0.0000000000
120001  -39.549  13.810  48.311 0.0000000000
120022  -38.936  13.647  44.622 0.0000000000
120805  -44.469  14.631  53.842 0.0000000000
120922  -41.336  16.464  39.715 0.0000000000
121709  -44.257  17.128  48.031 0.0000000000
121711  -39.728  15.652  46.383 0.0000000000
121773  -42.061  17.114  39.566 0.0000000000
122624  -40.732  17.783  39.402 0.0000000000
122632  -40.769  16.968  39.498 0.0000000000
123356  -45.014  17.908  47.118 0.0000000000
123370  -45.007  17.954  46.835 0.0000000000
123371  -45.174  17.883  46.672 0.0000000000
123447  -40.165  18.382  39.530 0.0000000000
123466  -43.728  18.122  39.157 0.0000000000
