#!ascii label  , from subject 3832 vox2ras=TkReg
741
76279  25.254  -21.505  8.414 0.1428571492
76280  24.110  -21.788  8.195 0.1428571492
77684  24.260  -20.217  6.777 0.1428571492
76278  26.320  -21.061  8.841 0.1428571492
77664  25.240  -20.432  7.520 0.2857142985
76296  24.275  -21.250  7.679 0.1428571492
77650  26.351  -20.352  8.206 0.1428571492
80414  25.320  -19.070  5.981 0.5714285970
78991  26.375  -19.607  7.397 0.1428571492
79008  27.745  -18.339  7.079 0.2857142985
80395  27.052  -18.779  6.899 0.2857142985
81800  28.558  -17.384  6.611 0.1428571492
80411  28.052  -18.049  6.958 0.2857142985
85976  28.120  -14.784  4.860 0.2857142985
84629  27.951  -15.611  5.354 0.1428571492
83218  27.331  -16.426  5.080 0.2857142985
87207  29.086  -13.334  3.514 0.2857142985
85975  29.082  -14.214  4.381 0.2857142985
88435  28.997  -11.851  2.645 0.2857142985
88417  28.792  -12.577  2.894 0.2857142985
90932  29.981  -10.931  1.543 0.2857142985
93455  30.816  -8.670  0.051 0.8571428657
92150  30.396  -9.774  0.825 0.4285714328
89698  29.851  -11.442  2.248 0.2857142985
96020  31.818  -6.810  -0.883 0.7142857313
94703  31.527  -7.963  -0.178 0.7142857313
93466  31.135  -8.259  -0.252 0.7142857313
92162  30.172  -9.415  0.073 0.7142857313
97278  32.905  -5.878  -0.701 0.8571428657
96034  32.182  -6.413  -1.103 0.5714285970
96035  31.569  -6.451  -1.560 0.8571428657
94719  30.960  -7.368  -0.683 0.7142857313
93467  30.582  -8.611  -0.686 0.7142857313
98510  34.163  -4.504  -1.933 0.4285714328
97291  32.325  -5.711  -1.397 0.7142857313
99738  35.199  -3.107  -3.505 0.2857142985
99739  34.548  -3.126  -2.876 0.5714285970
98511  33.421  -4.534  -1.690 0.8571428657
98526  33.794  -3.792  -2.407 0.7142857313
98512  32.550  -4.817  -1.715 0.8571428657
100925  35.654  -2.523  -4.730 0.1428571492
99753  35.720  -3.416  -4.917 0.1428571492
100908  35.315  -2.421  -3.930 0.4285714328
98527  32.683  -3.887  -1.907 0.8571428657
103194  35.554  -0.786  -6.021 0.1428571492
102066  36.194  -2.401  -5.849 0.1428571492
102067  35.935  -1.807  -5.521 0.1428571492
102034  35.214  -1.915  -3.661 0.4285714328
99722  32.942  -3.071  -2.465 0.8571428657
103206  35.407  -0.765  -8.188 0.1428571492
102079  36.055  -1.459  -7.735 0.1428571492
103200  35.535  -0.483  -7.114 0.1428571492
103188  35.494  -0.813  -5.010 0.1428571492
104423  34.983  -0.286  -4.633 0.4285714328
102035  34.660  -1.513  -3.586 0.5714285970
100894  33.280  -2.243  -2.808 0.7142857313
99723  31.955  -3.217  -2.199 0.8571428657
103201  34.868  -0.127  -7.764 0.1428571492
104447  34.225  0.391  -7.832 0.1428571492
104439  35.178  -0.002  -6.270 0.1428571492
104431  35.212  -0.050  -5.402 0.5714285970
102036  33.762  -1.413  -2.984 0.8571428657
102020  33.007  -1.405  -2.381 0.8571428657
103207  34.464  -0.324  -8.581 0.1428571492
104441  33.389  0.720  -7.215 0.2857142985
104440  34.607  0.459  -6.927 0.1428571492
104425  33.888  0.768  -5.051 0.8571428657
104415  34.374  -0.181  -4.048 0.8571428657
103181  34.581  -0.844  -4.034 0.7142857313
104396  33.812  0.074  -3.444 0.8571428657
105687  32.804  1.106  -7.904 0.1428571492
105696  31.978  0.919  -8.574 0.1428571492
105670  33.184  1.241  -5.144 0.8571428657
105659  33.453  1.088  -4.208 0.8571428657
105641  33.456  0.679  -3.600 0.8571428657
103163  31.924  -0.280  -2.995 0.8571428657
104442  32.568  1.060  -7.055 0.4285714328
105660  32.860  1.622  -4.147 0.8571428657
105642  32.846  0.971  -3.490 0.8571428657
104379  31.571  0.455  -2.879 0.8571428657
106942  31.597  1.739  -8.185 0.2857142985
105679  32.506  1.800  -6.493 0.5714285970
106933  32.099  2.232  -6.488 0.8571428657
105671  32.491  1.808  -5.295 0.8571428657
105661  32.355  2.339  -4.167 0.8571428657
105643  31.946  1.435  -3.124 0.8571428657
106951  30.805  1.850  -8.370 0.2857142985
106943  31.489  2.695  -7.736 0.7142857313
105680  31.996  2.071  -6.848 0.5714285970
106934  31.558  2.515  -6.593 0.8571428657
106902  31.555  2.572  -3.523 0.8571428657
106944  30.855  2.783  -6.930 0.8571428657
106927  31.045  3.402  -4.975 0.8571428657
106916  31.718  2.917  -4.496 0.8571428657
108119  30.233  3.800  -3.316 0.7142857313
106903  30.707  2.904  -2.971 0.7142857313
106935  30.976  3.353  -6.210 0.8571428657
108143  30.623  4.152  -5.392 0.8571428657
106917  31.022  3.316  -3.894 0.8571428657
108133  30.608  3.966  -4.309 0.8571428657
109312  30.714  4.796  -4.546 0.8571428657
109340  30.281  4.814  -6.984 0.7142857313
109331  30.513  4.891  -6.085 0.8571428657
110502  30.195  5.344  -6.950 0.8571428657
110482  30.492  5.780  -5.675 0.8571428657
111657  29.555  6.617  -6.674 0.7142857313
109320  30.632  5.021  -5.295 0.8571428657
110528  26.378  5.469  -9.413 0.1428571492
110493  30.300  5.617  -6.631 0.8571428657
111673  29.207  6.211  -7.280 0.7142857313
111643  30.129  6.188  -6.263 0.8571428657
111702  25.434  6.369  -9.569 0.1428571492
111687  27.990  6.453  -7.972 0.5714285970
111675  27.642  7.273  -7.872 0.5714285970
112884  27.381  7.923  -7.670 0.5714285970
112895  27.285  7.475  -8.104 0.1428571492
112909  24.430  7.403  -9.981 0.1428571492
114080  26.836  8.787  -7.454 0.5714285970
114097  23.527  8.681  -9.962 0.1428571492
152186  22.702  9.561  -10.546 0.1428571492
114089  25.377  8.710  -8.384 0.1428571492
115266  22.432  10.143  -11.231 0.1428571492
112885  26.756  8.327  -7.846 0.5714285970
114098  23.025  9.822  -9.790 0.1428571492
118604  22.465  11.685  -11.231 0.1428571492
118592  22.828  12.237  -9.268 0.1428571492
74958  24.687  -22.175  8.563 0.1428571492
74959  24.044  -22.708  8.716 0.1428571492
78992  25.697  -19.934  7.331 0.2857142985
78979  26.870  -20.033  8.084 0.1428571492
78990  27.367  -19.120  7.560 0.2857142985
80396  26.800  -19.117  7.024 0.2857142985
84628  28.966  -15.771  5.986 0.2857142985
83217  28.262  -16.451  5.915 0.2857142985
89717  29.368  -11.247  1.367 0.2857142985
89699  28.999  -11.697  1.854 0.2857142985
92161  30.916  -8.963  0.471 0.4285714328
90951  29.663  -10.671  0.875 0.5714285970
97290  33.198  -5.253  -1.192 0.2857142985
92177  30.016  -9.255  -0.993 0.7142857313
98525  34.674  -4.375  -2.574 0.1428571492
97303  31.155  -5.262  -2.617 0.8571428657
99721  33.706  -2.920  -2.803 0.7142857313
104432  34.474  0.359  -5.787 0.8571428657
104416  33.981  0.534  -4.150 0.8571428657
103148  32.576  -0.801  -2.507 0.8571428657
104398  32.124  0.289  -3.160 0.8571428657
108151  30.485  4.101  -6.408 0.8571428657
109341  29.395  4.558  -7.621 0.8571428657
110504  28.880  5.616  -7.518 0.7142857313
111688  27.515  6.859  -8.403 0.2857142985
112896  26.481  7.802  -8.304 0.1428571492
112898  24.324  8.215  -9.604 0.1428571492
116476  23.716  10.500  -11.411 0.1428571492
79010  25.813  -19.289  6.633 0.4285714328
80412  27.238  -18.190  6.411 0.2857142985
80413  26.229  -18.717  6.484 0.4285714328
81815  27.964  -16.982  5.714 0.1428571492
85955  29.928  -14.509  5.407 0.2857142985
87187  29.634  -13.484  4.369 0.2857142985
85994  28.614  -13.952  3.590 0.2857142985
90965  29.307  -10.394  -0.144 0.7142857313
100945  36.106  -2.070  -7.365 0.1428571492
103213  35.639  -0.731  -9.308 0.1428571492
104448  33.460  0.465  -8.316 0.1428571492
104449  32.769  0.227  -8.846 0.1428571492
104433  33.689  0.946  -6.123 0.8571428657
102021  32.174  -1.451  -2.430 0.8571428657
100896  31.677  -2.259  -2.375 1.0000000000
105703  31.525  0.700  -9.118 0.1428571492
105697  31.028  0.787  -8.863 0.1428571492
108170  31.122  2.814  -8.309 0.2857142985
108160  31.039  3.209  -8.125 0.5714285970
108162  29.472  3.803  -7.874 0.5714285970
109349  29.058  3.916  -7.930 0.5714285970
110514  28.111  5.704  -8.222 0.4285714328
110526  28.247  5.001  -8.753 0.2857142985
110527  27.587  5.204  -9.033 0.2857142985
110515  26.982  5.953  -8.799 0.1428571492
111689  26.003  6.562  -8.703 0.1428571492
111690  25.462  6.950  -9.247 0.1428571492
115225  24.879  9.793  -8.249 0.2857142985
112908  25.151  7.123  -9.529 0.1428571492
114090  24.327  9.153  -9.260 0.1428571492
152191  23.612  10.915  -8.929 0.1428571492
119557  22.522  13.167  -10.374 0.1428571492
119552  22.327  13.339  -9.884 0.1428571492
119556  22.695  13.269  -10.949 0.1428571492
108171  30.514  2.933  -8.395 0.4285714328
108172  29.262  3.322  -8.571 0.4285714328
108173  28.648  3.931  -8.918 0.4285714328
109342  28.797  5.078  -7.946 0.5714285970
77651  25.723  -20.729  8.376 0.1428571492
76295  24.803  -21.036  7.656 0.1428571492
76281  23.078  -21.837  8.318 0.1428571492
77683  24.842  -20.129  6.745 0.4285714328
77665  24.282  -20.722  7.298 0.2857142985
79011  25.307  -19.753  6.671 0.5714285970
78978  27.436  -19.854  8.136 0.1428571492
81801  27.852  -17.813  6.355 0.1428571492
85956  29.042  -14.909  5.396 0.2857142985
94720  30.504  -8.168  -1.175 0.7142857313
97292  31.687  -5.560  -2.134 0.8571428657
98543  34.433  -3.828  -2.844 0.5714285970
100909  35.000  -2.331  -3.252 0.5714285970
102073  35.921  -1.649  -6.707 0.1428571492
102055  34.885  -1.209  -4.111 0.1428571492
103161  33.318  -0.487  -2.752 0.8571428657
105678  33.076  1.516  -5.966 0.8571428657
105672  31.920  2.320  -5.103 0.8571428657
105644  30.918  2.023  -2.927 0.8571428657
106926  31.622  2.875  -5.565 0.8571428657
111701  26.117  6.185  -9.314 0.1428571492
112883  28.157  8.247  -7.197 0.5714285970
114108  23.724  8.555  -10.843 0.1428571492
114088  26.270  8.839  -7.989 0.4285714328
152187  23.033  9.554  -10.939 0.1428571492
112897  25.081  7.660  -9.017 0.1428571492
118598  22.294  11.354  -10.429 0.1428571492
84607  29.916  -16.049  6.452 0.1428571492
108161  30.377  3.550  -7.482 0.5714285970
87208  28.275  -13.613  3.201 0.5714285970
115212  24.821  11.065  -8.309 0.1428571492
84665  26.964  -15.126  2.926 0.5714285970
84690  26.261  -15.140  2.495 0.5714285970
84691  25.514  -15.309  2.567 0.2857142985
87239  27.327  -13.694  1.562 0.5714285970
86012  26.345  -14.622  2.028 0.5714285970
83258  25.295  -16.641  3.626 0.4285714328
86011  27.111  -14.409  2.133 0.5714285970
84692  24.685  -15.344  2.627 0.2857142985
86014  24.869  -14.499  2.210 0.4285714328
89718  28.697  -11.621  1.097 0.4285714328
88452  27.391  -12.805  1.103 0.5714285970
87240  26.844  -13.657  1.235 0.5714285970
87241  26.052  -13.617  1.348 0.4285714328
88451  27.991  -11.871  0.887 0.5714285970
88467  27.912  -11.538  0.385 0.5714285970
88453  26.473  -12.888  1.121 0.4285714328
89734  28.434  -11.228  0.151 0.7142857313
89735  27.730  -11.171  0.084 0.4285714328
90966  28.565  -10.826  -0.398 0.4285714328
86031  25.827  -14.247  1.725 0.4285714328
86015  23.979  -14.658  2.520 0.2857142985
89733  29.123  -11.097  0.598 0.7142857313
90985  28.888  -9.864  -0.480 0.7142857313
90987  27.445  -9.910  -0.215 0.4285714328
93485  27.670  -8.278  -1.242 0.7142857313
93470  27.433  -8.742  -0.910 0.5714285970
94737  27.541  -7.927  -1.625 0.7142857313
93486  26.755  -8.413  -1.459 0.2857142985
92178  29.362  -9.547  -0.578 0.5714285970
92196  28.997  -9.228  -0.986 0.5714285970
93468  28.481  -8.945  -0.929 0.7142857313
94735  28.902  -7.842  -1.545 0.7142857313
94777  27.254  -7.363  -3.159 0.7142857313
94776  28.352  -6.649  -2.633 0.7142857313
152181  26.772  -7.527  -3.408 0.7142857313
93516  26.577  -8.021  -3.251 0.4285714328
97322  26.404  -6.555  -3.040 0.4285714328
94734  30.024  -7.780  -1.691 0.5714285970
94733  30.865  -7.021  -2.119 0.5714285970
94775  29.274  -6.368  -2.544 0.5714285970
96068  28.720  -5.857  -2.953 0.7142857313
97319  29.094  -5.025  -2.909 0.7142857313
98546  29.523  -4.236  -2.899 0.7142857313
97320  28.177  -5.164  -2.927 0.7142857313
98548  27.590  -4.328  -2.722 0.5714285970
99744  27.910  -3.337  -2.678 0.5714285970
97304  30.625  -5.077  -2.852 0.5714285970
96066  30.259  -5.604  -2.768 0.5714285970
98545  30.606  -4.321  -2.921 0.7142857313
97318  29.975  -5.004  -3.127 0.7142857313
99742  29.975  -3.392  -2.599 0.8571428657
97321  27.322  -5.358  -2.942 0.4285714328
100898  30.136  -2.368  -2.499 0.7142857313
100911  29.301  -2.524  -2.723 0.7142857313
99754  27.445  -2.979  -2.946 0.5714285970
100912  28.432  -2.567  -2.756 0.7142857313
98528  31.618  -4.464  -2.371 0.5714285970
99725  30.582  -2.989  -2.360 0.8571428657
102024  29.577  -1.535  -2.529 0.7142857313
102038  28.122  -1.713  -2.716 0.5714285970
103153  28.423  -0.731  -2.610 0.2857142985
100895  32.504  -2.266  -2.345 0.7142857313
102023  30.598  -1.413  -2.406 0.7142857313
104382  28.774  0.277  -2.405 0.7142857313
102022  31.426  -1.387  -2.445 0.7142857313
102025  28.805  -1.315  -2.529 0.8571428657
105626  30.760  1.201  -2.337 0.8571428657
103151  30.261  -0.577  -2.351 0.8571428657
104381  29.936  0.284  -2.175 0.8571428657
105627  29.585  1.268  -1.828 0.8571428657
105628  28.394  1.372  -2.127 0.7142857313
103150  31.337  -0.408  -2.721 0.8571428657
105625  31.352  0.840  -2.682 0.8571428657
106886  30.302  2.384  -1.813 0.8571428657
106887  29.002  2.341  -1.474 0.7142857313
109298  30.443  4.713  -3.689 0.7142857313
109299  29.687  4.684  -2.974 0.7142857313
110463  30.485  5.359  -4.053 0.5714285970
110465  28.146  4.895  -1.855 0.7142857313
110446  29.508  5.636  -2.266 0.7142857313
110464  30.032  5.671  -3.278 0.7142857313
110475  29.968  5.957  -4.228 0.8571428657
111624  29.125  7.090  -2.906 0.7142857313
111606  29.592  6.456  -2.698 0.7142857313
112810  28.453  7.678  -2.775 0.7142857313
114012  28.323  8.273  -3.230 0.7142857313
112811  27.689  7.649  -2.280 0.5714285970
112838  29.527  7.685  -4.914 0.7142857313
112839  28.834  7.855  -4.332 0.7142857313
114013  27.724  8.518  -2.841 0.5714285970
114032  28.840  8.603  -4.743 0.4285714328
114021  27.972  8.826  -3.380 0.5714285970
115152  27.610  9.096  -3.258 0.5714285970
112851  29.245  7.552  -5.862 0.5714285970
114014  26.807  8.568  -2.371 0.5714285970
115159  28.346  9.171  -4.324 0.5714285970
115153  27.032  9.434  -2.966 0.5714285970
115155  24.855  9.178  -2.239 0.5714285970
115156  24.359  8.779  -2.342 0.4285714328
115154  25.961  9.798  -2.045 0.5714285970
115169  28.423  9.870  -4.761 0.5714285970
115148  23.802  9.405  -2.246 0.4285714328
114010  22.804  8.339  -1.731 0.4285714328
115147  24.506  10.417  -1.964 0.5714285970
152204  24.431  11.460  -1.769 0.4285714328
93454  31.627  -8.528  0.369 0.2857142985
96050  30.745  -5.579  -2.700 0.5714285970
115146  25.290  11.058  -2.290 0.2857142985
152205  23.880  11.104  -1.685 0.4285714328
84666  26.253  -15.745  3.368 0.5714285970
83257  25.833  -16.272  3.519 0.5714285970
87223  28.380  -13.063  2.821 0.2857142985
87224  27.705  -13.462  2.452 0.4285714328
88436  28.257  -12.454  1.921 0.2857142985
84668  24.571  -16.075  2.974 0.2857142985
87242  25.052  -13.612  1.927 0.4285714328
88469  26.695  -12.198  0.734 0.4285714328
89736  26.876  -11.325  0.449 0.5714285970
87226  24.144  -13.849  2.215 0.2857142985
88455  24.523  -12.568  1.620 0.2857142985
94702  32.011  -7.351  0.210 0.2857142985
92198  26.144  -8.987  -1.117 0.2857142985
93515  27.110  -8.010  -2.763 0.7142857313
103149  31.957  -0.732  -2.675 0.8571428657
103152  29.249  -0.622  -2.215 0.7142857313
108120  29.660  3.960  -2.544 0.7142857313
109280  29.375  4.633  -1.881 0.7142857313
109282  27.761  4.032  -1.672 0.7142857313
114007  25.251  7.919  -1.836 0.5714285970
112867  29.133  7.286  -6.434 0.5714285970
114046  29.060  8.141  -5.685 0.5714285970
112868  28.749  7.847  -6.476 0.5714285970
114047  28.735  8.716  -5.680 0.5714285970
115170  27.873  10.206  -4.341 0.5714285970
116398  27.428  10.590  -4.132 0.2857142985
89737  25.767  -11.672  0.756 0.4285714328
96049  31.106  -6.095  -2.463 0.7142857313
92194  29.807  -9.009  -1.337 0.5714285970
99724  31.185  -3.025  -2.369 0.7142857313
99740  31.304  -3.690  -2.472 0.7142857313
111636  29.717  6.735  -4.563 0.8571428657
84689  26.665  -14.810  2.406 0.5714285970
86013  25.690  -14.735  2.111 0.4285714328
84667  25.352  -15.907  3.100 0.5714285970
88437  27.653  -13.142  1.697 0.5714285970
86029  27.018  -14.110  1.474 0.5714285970
83237  25.669  -16.922  4.141 0.5714285970
87225  24.677  -13.989  2.109 0.4285714328
88468  27.453  -11.799  0.633 0.5714285970
88454  25.569  -12.582  1.276 0.4285714328
89751  27.778  -10.695  -0.385 0.5714285970
90967  27.187  -10.532  0.167 0.4285714328
90986  28.319  -10.155  -0.391 0.5714285970
92180  27.798  -9.306  -0.560 0.7142857313
92181  26.770  -9.194  -0.851 0.4285714328
90988  26.539  -9.931  -0.239 0.4285714328
93484  28.646  -8.727  -1.207 0.7142857313
94736  28.022  -7.811  -1.397 0.7142857313
92197  26.356  -8.783  -1.193 0.2857142985
94754  28.123  -7.268  -1.999 0.7142857313
94752  29.976  -6.839  -2.304 0.7142857313
96069  27.730  -6.172  -3.042 0.7142857313
94751  30.492  -6.347  -2.482 0.5714285970
98547  28.513  -4.245  -2.619 0.7142857313
99741  30.811  -3.609  -2.687 0.5714285970
99743  28.916  -3.393  -2.608 0.7142857313
99745  27.122  -3.400  -3.127 0.2857142985
103164  27.632  -0.918  -2.666 0.2857142985
104380  30.850  0.286  -2.639 0.8571428657
111623  29.644  6.761  -3.559 0.7142857313
112823  29.334  7.336  -4.177 0.8571428657
115161  26.603  11.084  -3.173 0.5714285970
79012  24.415  -19.879  6.221 0.4285714328
88415  30.519  -12.141  3.954 0.1428571492
88416  29.459  -12.175  3.461 0.1428571492
90950  30.358  -10.255  1.307 0.1428571492
92149  31.185  -9.430  1.258 0.1428571492
89677  30.231  -11.607  3.182 0.1428571492
90931  30.552  -10.793  2.044 0.1428571492
89697  30.799  -11.217  2.698 0.1428571492
96005  33.042  -6.909  0.118 0.2857142985
97277  33.843  -5.717  -0.682 0.1428571492
108100  30.201  3.367  -2.274 0.5714285970
121480  23.053  15.494  -10.464 0.1428571492
106888  27.844  2.444  -2.151 0.4285714328
121474  22.754  16.123  -9.656 0.1428571492
109281  28.396  4.381  -1.715 0.5714285970
110467  27.231  4.981  -2.099 0.4285714328
119540  25.927  12.896  -6.964 0.2857142985
117551  26.859  11.422  -5.701 0.2857142985
115181  27.956  9.943  -5.914 0.2857142985
116419  26.750  10.829  -6.239 0.2857142985
110451  24.152  5.261  -2.033 0.1428571492
110448  27.338  5.599  -1.688 0.5714285970
111607  28.616  6.637  -2.397 0.5714285970
152198  26.786  12.218  -5.571 0.2857142985
115195  27.728  9.389  -6.732 0.4285714328
110433  25.677  6.007  -1.624 0.4285714328
111609  26.429  6.842  -1.742 0.5714285970
117540  27.368  11.680  -5.226 0.2857142985
111612  23.589  6.422  -2.574 0.4285714328
112815  23.806  7.275  -2.654 0.2857142985
152202  25.550  11.776  -2.594 0.1428571492
118534  27.409  11.412  -4.449 0.1428571492
112816  23.058  7.378  -2.367 0.1428571492
114017  24.025  8.279  -2.354 0.4285714328
152200  26.050  12.208  -2.773 0.1428571492
119493  26.539  12.423  -3.178 0.1428571492
114018  23.376  8.019  -2.268 0.2857142985
152201  24.993  11.809  -2.156 0.2857142985
152207  23.131  11.703  -0.487 0.1428571492
118511  26.490  12.583  -2.777 0.1428571492
117525  24.702  12.037  -1.828 0.1428571492
118514  24.780  12.211  -1.476 0.1428571492
118513  25.365  12.522  -2.031 0.1428571492
118505  25.193  12.618  -1.065 0.1428571492
80415  24.506  -19.383  5.835 0.4285714328
80453  23.821  -18.443  4.904 0.2857142985
87206  29.891  -12.845  4.120 0.1428571492
90930  31.399  -10.644  2.587 0.1428571492
108102  28.289  3.369  -1.691 0.2857142985
111674  28.279  6.829  -7.326 0.4285714328
115211  26.207  10.006  -7.533 0.2857142985
119509  26.965  12.847  -4.641 0.2857142985
152196  26.385  11.260  -6.645 0.2857142985
119494  27.019  12.952  -3.539 0.2857142985
81820  22.973  -18.096  5.320 0.2857142985
83203  28.997  -16.555  6.573 0.1428571492
85974  30.056  -13.871  4.890 0.1428571492
96019  32.443  -6.599  -0.480 0.1428571492
111613  22.840  6.494  -2.324 0.1428571492
110452  23.378  5.327  -2.320 0.2857142985
112812  26.646  7.581  -2.124 0.5714285970
114078  27.999  8.949  -7.112 0.4285714328
119522  26.642  13.139  -5.692 0.2857142985
118571  26.234  12.419  -6.602 0.2857142985
152195  26.420  10.758  -6.863 0.2857142985
118572  25.779  11.717  -7.188 0.2857142985
119541  25.199  13.184  -7.530 0.2857142985
119546  24.535  13.266  -8.164 0.1428571492
120538  23.940  14.451  -7.886 0.1428571492
119549  22.594  13.444  -8.926 0.1428571492
119480  26.941  12.976  -2.651 0.2857142985
118584  23.565  13.262  -8.460 0.1428571492
120544  22.440  14.690  -9.356 0.1428571492
152192  23.996  11.506  -8.523 0.1428571492
152193  23.904  12.240  -8.437 0.1428571492
97289  34.196  -5.106  -1.333 0.2857142985
115224  25.713  9.343  -8.093 0.4285714328
119533  25.447  13.741  -6.545 0.2857142985
118582  24.744  12.301  -8.297 0.1428571492
80433  24.489  -18.713  5.340 0.4285714328
94718  31.670  -6.892  -0.333 0.4285714328
115210  27.139  9.286  -7.025 0.2857142985
109300  27.959  4.698  -1.843 0.4285714328
110447  28.400  5.442  -1.874 0.5714285970
111595  26.923  6.289  -1.276 0.5714285970
152206  23.609  11.659  -1.185 0.2857142985
108101  29.375  3.489  -1.730 0.5714285970
111608  27.496  6.618  -1.803 0.5714285970
112814  24.763  7.425  -2.132 0.5714285970
116408  27.780  10.664  -4.642 0.2857142985
152199  27.705  11.007  -4.764 0.2857142985
90949  30.901  -10.169  1.910 0.1428571492
89676  31.386  -11.474  3.424 0.1428571492
93440  32.091  -8.714  1.191 0.1428571492
108122  26.647  4.058  -2.333 0.2857142985
118560  26.551  12.551  -6.129 0.2857142985
152197  26.462  11.750  -6.267 0.2857142985
116418  27.311  10.823  -5.621 0.2857142985
115182  27.312  10.436  -6.104 0.2857142985
110432  26.055  5.800  -1.560 0.4285714328
119508  26.856  12.154  -3.837 0.1428571492
111611  24.561  6.399  -2.306 0.4285714328
111596  26.252  6.249  -1.499 0.5714285970
80434  23.536  -18.856  5.380 0.2857142985
93452  32.963  -7.770  1.553 0.1428571492
106889  26.633  2.504  -2.300 0.2857142985
120540  22.778  14.213  -8.722 0.1428571492
102039  27.254  -1.898  -2.809 0.2857142985
120500  26.282  14.613  -2.946 0.1428571492
119510  26.149  13.726  -5.132 0.1428571492
119473  25.346  13.695  -1.273 0.1428571492
120510  26.252  14.323  -4.194 0.1428571492
120486  26.678  13.893  -2.429 0.1428571492
121411  25.356  15.079  -1.774 0.1428571492
121436  25.790  15.543  -3.671 0.1428571492
120499  26.896  13.765  -3.236 0.1428571492
120487  25.900  14.449  -1.913 0.1428571492
121412  24.844  15.631  -1.634 0.1428571492
121424  25.496  15.370  -2.506 0.1428571492
100913  27.688  -2.544  -2.792 0.2857142985
119474  24.842  14.338  -1.064 0.1428571492
120509  26.835  13.474  -3.880 0.1428571492
120525  25.585  14.362  -6.110 0.1428571492
120518  25.701  14.846  -5.469 0.1428571492
120478  24.724  14.820  -0.986 0.1428571492
83236  26.302  -16.558  4.234 0.4285714328
83219  26.748  -16.808  5.127 0.2857142985
84645  26.614  -15.951  4.068 0.2857142985
84644  27.106  -15.400  4.296 0.2857142985
81817  26.228  -17.242  5.126 0.2857142985
114008  24.985  7.885  -1.811 0.4285714328
85995  27.849  -14.376  3.471 0.2857142985
81835  25.821  -16.998  4.477 0.4285714328
81816  27.347  -17.318  5.769 0.1428571492
110449  26.539  5.197  -1.879 0.2857142985
80451  24.881  -18.044  4.480 0.2857142985
80452  24.414  -18.308  4.651 0.2857142985
81836  25.284  -17.462  4.283 0.2857142985
81837  24.392  -17.855  4.057 0.2857142985
90968  26.232  -10.675  0.217 0.2857142985
90989  25.582  -10.109  -0.322 0.2857142985
94738  26.229  -7.804  -1.890 0.1428571492
94757  25.731  -7.581  -2.728 0.1428571492
93534  25.882  -7.357  -3.756 0.2857142985
98549  26.735  -4.661  -3.043 0.1428571492
102040  26.509  -1.924  -3.137 0.1428571492
103165  26.784  -0.895  -2.619 0.1428571492
104383  27.825  0.593  -2.715 0.1428571492
104401  26.307  0.297  -2.985 0.1428571492
105629  27.301  1.490  -2.350 0.1428571492
105630  26.192  1.481  -2.516 0.1428571492
108104  25.916  3.563  -2.536 0.1428571492
109283  26.046  4.494  -2.246 0.1428571492
109285  23.778  4.207  -3.074 0.1428571492
109284  24.828  4.239  -2.292 0.1428571492
115149  22.875  9.483  -1.592 0.1428571492
114004  22.192  8.256  -0.997 0.1428571492
116393  22.704  10.298  -0.917 0.1428571492
116392  23.287  10.607  -1.614 0.1428571492
78994  23.827  -19.773  5.773 0.2857142985
81818  25.725  -17.676  5.142 0.1428571492
105631  25.291  1.846  -2.629 0.1428571492
79013  23.514  -19.768  5.921 0.2857142985
89719  25.422  -12.088  1.026 0.2857142985
90969  25.260  -10.655  0.322 0.2857142985
96052  25.548  -6.468  -2.090 0.1428571492
99746  26.083  -3.653  -3.158 0.1428571492
100927  27.019  -2.763  -3.136 0.1428571492
102041  25.585  -1.630  -3.238 0.1428571492
103166  25.922  -0.742  -2.922 0.1428571492
104402  25.351  0.349  -2.958 0.1428571492
108106  23.700  3.707  -3.697 0.1428571492
115143  22.482  8.998  -1.107 0.1428571492
114009  23.343  8.719  -2.071 0.1428571492
80432  25.331  -18.256  5.244 0.2857142985
104399  28.062  -0.156  -3.029 0.1428571492
112802  21.931  7.353  -0.910 0.1428571492
89720  25.009  -11.915  1.241 0.1428571492
108103  27.224  3.572  -2.161 0.1428571492
90990  24.868  -10.114  -0.176 0.1428571492
104384  26.981  0.734  -2.663 0.1428571492
103167  25.084  -0.604  -3.023 0.1428571492
79030  22.517  -19.143  5.817 0.1428571492
79029  22.958  -19.120  5.486 0.1428571492
79031  21.931  -19.137  6.235 0.1428571492
80435  22.472  -18.357  5.425 0.1428571492
81859  24.425  -17.253  3.656 0.1428571492
97302  34.705  -4.905  -1.954 0.1428571492
97301  35.371  -5.054  -2.360 0.1428571492
106953  29.156  2.256  -9.322 0.1428571492
77685  23.341  -20.593  6.786 0.1428571492
81839  22.512  -17.618  4.780 0.1428571492
81860  23.729  -17.278  3.893 0.1428571492
81858  24.874  -17.059  3.660 0.1428571492
81838  23.551  -17.942  4.378 0.1428571492
84693  23.929  -15.426  2.770 0.1428571492
106952  29.883  2.158  -8.876 0.1428571492
108181  28.790  2.834  -9.311 0.1428571492
86016  23.316  -14.877  2.745 0.1428571492
105698  29.955  0.968  -9.055 0.1428571492
83259  24.451  -16.640  3.386 0.1428571492
79014  22.554  -19.827  6.359 0.1428571492
80436  21.845  -18.513  5.739 0.1428571492
83260  23.804  -16.626  3.512 0.1428571492
77663  25.891  -20.025  7.670 0.2857142985
78993  24.024  -19.933  5.862 0.2857142985
79009  27.509  -18.585  7.164 0.2857142985
80397  24.288  -19.709  5.864 0.2857142985
80398  24.070  -19.740  5.776 0.2857142985
80416  23.952  -19.531  5.708 0.2857142985
81819  23.280  -18.127  5.026 0.2857142985
83235  26.836  -16.096  4.414 0.1428571492
85957  28.459  -15.200  5.476 0.2857142985
86030  26.549  -14.198  1.540 0.5714285970
86032  25.360  -14.297  1.978 0.4285714328
87186  30.306  -13.296  4.667 0.1428571492
88470  26.113  -12.387  0.874 0.4285714328
89696  31.200  -11.125  2.894 0.1428571492
89750  28.148  -11.057  -0.602 0.5714285970
90964  29.941  -10.076  0.600 0.4285714328
92127  31.257  -9.900  2.117 0.1428571492
92163  29.604  -9.803  -0.228 0.5714285970
92179  28.591  -9.290  -0.687 0.7142857313
92182  25.738  -9.303  -0.849 0.2857142985
92195  29.408  -9.144  -1.189 0.5714285970
93453  32.490  -8.076  0.939 0.1428571492
93469  28.149  -8.781  -0.793 0.7142857313
93482  30.147  -8.674  -1.338 0.5714285970
93483  29.505  -8.602  -1.457 0.5714285970
93496  27.153  -8.036  -1.949 0.7142857313
93497  26.624  -8.071  -2.492 0.1428571492
93498  26.030  -8.158  -3.089 0.4285714328
93499  25.570  -8.057  -3.391 0.1428571492
93517  25.946  -8.081  -3.681 0.4285714328
93518  25.512  -7.849  -3.769 0.2857142985
93532  26.378  -7.467  -3.526 0.2857142985
93533  25.945  -7.648  -4.021 0.2857142985
94753  29.132  -7.238  -2.283 0.7142857313
94755  27.433  -7.660  -2.074 0.7142857313
94756  26.121  -7.937  -2.538 0.1428571492
94758  25.402  -7.830  -3.358 0.2857142985
94773  30.330  -5.989  -2.635 0.5714285970
94774  29.982  -6.118  -2.583 0.5714285970
94778  25.793  -6.900  -2.875 0.1428571492
94779  25.653  -7.335  -3.330 0.2857142985
94796  26.142  -7.245  -3.667 0.2857142985
96051  25.989  -6.427  -2.567 0.1428571492
96065  30.597  -5.921  -2.639 0.5714285970
96067  29.558  -5.647  -2.822 0.7142857313
97279  32.473  -6.150  -0.906 0.5714285970
98513  32.086  -5.166  -1.968 0.8571428657
98529  31.005  -4.767  -2.750 0.5714285970
98544  31.119  -4.027  -2.776 0.7142857313
98550  26.120  -4.928  -3.190 0.1428571492
99737  35.353  -3.104  -4.254 0.1428571492
99755  27.221  -2.942  -3.057 0.1428571492
100897  30.926  -2.246  -2.505 0.8571428657
100910  34.137  -2.265  -3.088 0.5714285970
100914  26.619  -2.777  -3.214 0.1428571492
100926  27.236  -2.625  -2.934 0.2857142985
100937  36.391  -2.795  -6.131 0.1428571492
100951  36.237  -1.997  -7.650 0.1428571492
102037  28.847  -1.901  -2.912 0.7142857313
102054  35.378  -1.592  -4.319 0.4285714328
102072  36.198  -2.247  -6.219 0.1428571492
103160  34.120  -0.626  -3.446 0.8571428657
103162  32.458  -0.240  -2.866 0.8571428657
103180  35.022  -0.862  -4.402 0.7142857313
103208  33.533  -0.335  -9.079 0.1428571492
104395  34.120  -0.220  -3.622 0.8571428657
104397  33.032  0.319  -3.084 0.8571428657
104400  27.301  -0.047  -3.020 0.1428571492
104414  34.716  -0.547  -4.310 0.4285714328
104424  34.555  0.288  -4.821 0.5714285970
104434  33.015  1.168  -6.563 0.8571428657
105688  32.113  1.722  -7.505 0.5714285970
105689  31.748  2.193  -7.157 0.5714285970
105695  32.769  0.739  -8.433 0.1428571492
105699  29.480  1.637  -9.285 0.1428571492
106925  32.246  2.470  -5.972 0.8571428657
106950  31.323  1.297  -8.462 0.2857142985
108121  27.080  4.156  -2.226 0.2857142985
109301  27.525  4.439  -1.979 0.4285714328
109302  26.874  4.562  -2.242 0.4285714328
109303  23.660  3.924  -3.684 0.1428571492
109350  28.685  4.449  -8.321 0.4285714328
109360  28.276  4.498  -9.177 0.2857142985
110431  26.653  5.797  -1.392 0.4285714328
110450  25.369  5.440  -1.738 0.2857142985
110466  27.774  5.016  -1.947 0.7142857313
110474  30.504  5.526  -4.785 0.8571428657
110483  30.217  6.179  -4.954 0.8571428657
110494  30.022  6.018  -6.852 0.8571428657
110503  29.815  5.612  -7.135 0.8571428657
110516  26.434  6.107  -9.162 0.1428571492
111597  25.878  6.160  -1.610 0.5714285970
111610  25.554  6.515  -1.851 0.4285714328
111625  23.373  6.803  -2.630 0.4285714328
111626  23.146  6.862  -2.566 0.1428571492
111644  29.796  6.643  -5.558 0.7142857313
111656  30.050  6.120  -6.626 0.8571428657
111658  28.971  7.165  -6.755 0.5714285970
112805  25.087  7.663  -1.870 0.5714285970
112806  24.854  7.751  -1.925 0.4285714328
112813  25.652  7.463  -2.023 0.5714285970
112824  28.789  7.583  -3.576 0.8571428657
112825  23.563  6.925  -2.713 0.2857142985
112826  23.371  7.073  -2.633 0.2857142985
112852  28.951  8.060  -5.917 0.5714285970
114015  25.731  8.396  -2.053 0.5714285970
114016  24.819  8.210  -1.966 0.4285714328
114020  28.376  8.541  -3.919 0.5714285970
114031  29.213  8.203  -5.368 0.5714285970
114064  28.346  8.914  -6.606 0.4285714328
114079  27.554  8.717  -7.276 0.4285714328
115160  27.790  9.677  -3.786 0.5714285970
115196  27.108  10.113  -6.667 0.2857142985
115197  26.612  10.319  -6.910 0.2857142985
115209  27.637  9.087  -7.051 0.4285714328
115213  24.095  11.153  -8.671 0.1428571492
116390  22.487  9.680  -0.769 0.1428571492
116407  27.918  10.888  -5.083 0.2857142985
116430  26.728  10.492  -6.654 0.2857142985
116477  23.244  10.210  -11.543 0.1428571492
116489  23.196  10.867  -11.622 0.1428571492
116490  22.906  10.484  -11.565 0.1428571492
118512  26.223  12.718  -2.430 0.2857142985
118583  24.034  12.933  -8.477 0.2857142985
118585  23.319  12.673  -8.658 0.1428571492
119479  26.686  12.689  -2.891 0.1428571492
119523  26.025  13.853  -5.917 0.1428571492
119532  26.296  13.168  -6.405 0.2857142985
119542  24.453  13.988  -7.749 0.1428571492
119547  23.825  13.780  -8.173 0.1428571492
119548  23.178  13.721  -8.529 0.1428571492
119563  22.480  12.377  -10.905 0.1428571492
120477  25.012  14.673  -1.392 0.1428571492
122418  23.228  16.302  -10.163 0.1428571492
152182  26.678  -7.311  -3.371 0.7142857313
152183  26.300  -7.094  -3.497 0.2857142985
152184  25.793  -6.881  -3.189 0.2857142985
152188  23.294  11.810  -8.760 0.1428571492
152189  23.572  11.512  -8.675 0.1428571492
152190  23.575  11.920  -8.568 0.1428571492
152194  23.850  11.171  -8.718 0.1428571492
152203  24.344  11.928  -1.432 0.1428571492
