#!ascii label  , from subject 3124 vox2ras=TkReg
1710
60640  -50.821  -36.640  37.831 0.0000000000
43331  -36.192  -49.318  40.588 0.0000000000
65712  -56.594  -32.387  30.525 0.0000000000
64424  -50.275  -33.251  27.857 0.0000000000
65604  -55.035  -32.400  35.562 0.0000000000
46270  -46.858  -47.585  37.548 0.0000000000
50661  -37.229  -44.599  29.175 0.0000000000
60737  -42.921  -35.982  29.744 0.0000000000
31452  -28.689  -57.823  36.359 0.0000000000
73463  -60.818  -27.041  30.917 0.0000000000
45024  -27.949  -48.444  28.603 0.0000000000
63066  -49.203  -33.878  33.208 0.0000000000
67046  -52.724  -31.456  31.517 0.0000000000
65603  -51.177  -32.005  37.113 0.0000000000
53254  -49.745  -42.474  37.664 0.0000000000
53306  -44.038  -41.852  34.830 0.0000000000
60673  -46.407  -36.956  34.033 0.0000000000
64399  -45.839  -33.563  29.359 0.0000000000
74825  -62.053  -25.766  27.547 0.0000000000
34389  -33.890  -54.406  40.331 0.0000000000
37388  -28.856  -53.145  33.055 0.0000000000
43446  -33.597  -49.427  36.037 0.0000000000
63053  -57.321  -34.007  34.597 0.0000000000
41816  -42.180  -49.574  38.879 0.0000000000
44899  -38.783  -47.869  35.503 0.0000000000
47725  -42.228  -46.598  33.507 0.0000000000
55826  -40.074  -40.620  30.059 0.0000000000
29863  -24.617  -58.433  38.485 0.0000000000
69433  -56.506  -29.405  39.618 0.0000000000
69476  -57.102  -29.451  35.754 0.0000000000
74682  -59.694  -24.968  35.034 0.0000000000
72124  -57.046  -27.943  31.180 0.0000000000
72206  -57.074  -27.068  26.722 0.0000000000
35907  -25.245  -55.425  31.199 0.0000000000
49175  -31.893  -44.891  30.523 0.0000000000
61857  -50.139  -35.486  35.689 0.0000000000
64285  -50.579  -33.522  34.822 0.0000000000
63001  -50.620  -34.696  37.169 0.0000000000
56937  -50.716  -39.653  37.784 0.0000000000
56958  -47.992  -39.643  36.264 0.0000000000
59427  -49.335  -37.359  36.488 0.0000000000
63048  -48.373  -35.087  33.927 0.0000000000
63142  -57.139  -33.908  28.321 0.0000000000
65753  -55.468  -32.263  28.465 0.0000000000
38792  -35.758  -52.436  40.264 0.0000000000
38846  -33.219  -51.832  38.106 0.0000000000
40321  -36.338  -51.270  38.380 0.0000000000
61948  -51.977  -35.812  29.045 0.0000000000
67022  -53.732  -31.844  33.237 0.0000000000
64385  -54.675  -33.592  30.506 0.0000000000
64353  -55.754  -33.891  32.540 0.0000000000
63086  -57.812  -35.084  32.323 0.0000000000
63051  -56.600  -34.055  35.037 0.0000000000
43378  -45.018  -49.348  38.446 0.0000000000
43451  -43.233  -48.992  36.407 0.0000000000
47697  -44.451  -46.846  35.322 0.0000000000
58237  -43.758  -38.727  32.770 0.0000000000
54558  -42.302  -41.276  32.847 0.0000000000
59493  -41.462  -38.006  30.041 0.0000000000
65765  -48.215  -32.565  27.800 0.0000000000
68212  -57.509  -30.372  37.894 0.0000000000
70712  -59.185  -28.106  33.565 0.0000000000
70756  -60.129  -28.011  31.653 0.0000000000
70821  -57.239  -28.228  28.642 0.0000000000
70824  -60.776  -28.326  28.693 0.0000000000
72234  -61.668  -27.393  25.501 0.0000000000
26946  -26.585  -58.747  36.980 0.0000000000
33003  -24.574  -56.443  34.786 0.0000000000
31495  -26.555  -57.385  33.495 0.0000000000
41932  -27.988  -50.573  30.647 0.0000000000
38941  -26.608  -52.953  29.294 0.0000000000
40491  -27.396  -51.107  26.643 0.0000000000
47742  -38.578  -46.488  32.333 0.0000000000
47721  -36.191  -46.658  33.279 0.0000000000
50644  -35.483  -44.753  30.272 0.0000000000
65682  -49.044  -32.534  31.041 0.0000000000
65729  -51.540  -31.765  29.449 0.0000000000
65684  -50.403  -31.900  31.948 0.0000000000
67020  -51.793  -31.340  33.919 0.0000000000
66961  -52.589  -31.000  36.559 0.0000000000
49097  -48.593  -44.761  37.382 0.0000000000
50581  -45.867  -44.713  36.588 0.0000000000
53272  -47.125  -42.324  36.325 0.0000000000
56999  -45.403  -39.050  34.725 0.0000000000
61904  -44.545  -36.415  32.060 0.0000000000
63121  -44.456  -34.066  29.396 0.0000000000
61906  -46.122  -35.337  32.371 0.0000000000
64364  -47.826  -33.584  31.645 0.0000000000
73520  -61.426  -26.565  28.791 0.0000000000
77147  -59.256  -23.550  28.289 0.0000000000
32969  -31.126  -56.473  37.826 0.0000000000
33005  -28.870  -56.198  34.336 0.0000000000
37351  -30.957  -53.601  36.650 0.0000000000
41908  -30.766  -50.839  34.289 0.0000000000
44971  -30.198  -48.494  32.452 0.0000000000
61969  -53.331  -34.728  28.732 0.0000000000
63088  -59.279  -35.055  31.742 0.0000000000
65688  -57.656  -33.114  32.133 0.0000000000
41793  -40.060  -49.850  40.659 0.0000000000
43372  -38.381  -49.525  38.049 0.0000000000
43399  -40.550  -49.416  37.405 0.0000000000
46321  -41.386  -47.628  34.164 0.0000000000
47758  -40.325  -46.105  31.568 0.0000000000
50601  -43.453  -44.507  34.701 0.0000000000
51999  -41.266  -44.045  31.973 0.0000000000
53350  -38.876  -42.736  29.181 0.0000000000
61810  -51.376  -35.864  39.986 0.0000000000
41731  -38.177  -49.590  43.566 0.0000000000
43336  -43.549  -48.870  40.159 0.0000000000
46240  -45.752  -47.618  39.054 0.0000000000
65553  -50.661  -33.103  40.648 0.0000000000
66918  -52.237  -30.938  39.504 0.0000000000
68210  -53.945  -30.675  38.493 0.0000000000
69399  -54.976  -28.923  40.996 0.0000000000
65580  -55.637  -32.343  38.182 0.0000000000
64266  -57.092  -33.241  37.033 0.0000000000
65615  -57.047  -32.226  35.198 0.0000000000
67024  -56.708  -31.508  33.001 0.0000000000
72055  -58.968  -27.523  35.459 0.0000000000
70710  -57.047  -28.661  34.020 0.0000000000
68311  -55.765  -30.392  31.175 0.0000000000
69569  -54.795  -29.814  28.964 0.0000000000
70872  -61.218  -28.394  27.187 0.0000000000
32974  -22.628  -56.450  36.892 0.0000000000
37484  -23.087  -53.366  28.491 0.0000000000
34505  -27.180  -55.132  30.886 0.0000000000
35979  -25.001  -54.402  28.210 0.0000000000
44875  -36.160  -48.817  36.330 0.0000000000
46336  -32.776  -47.489  33.651 0.0000000000
47781  -29.278  -46.249  29.518 0.0000000000
47819  -30.505  -45.914  26.627 0.0000000000
60651  -50.366  -36.267  37.068 0.0000000000
61848  -50.496  -35.495  36.629 0.0000000000
61839  -50.521  -35.591  37.576 0.0000000000
59396  -50.547  -37.669  37.585 0.0000000000
58179  -49.430  -38.745  36.913 0.0000000000
60650  -49.862  -36.807  36.741 0.0000000000
60661  -49.468  -36.582  35.943 0.0000000000
64406  -57.890  -33.580  30.207 0.0000000000
64405  -57.006  -33.207  29.863 0.0000000000
65754  -56.060  -32.937  28.089 0.0000000000
65733  -56.090  -32.679  29.297 0.0000000000
41792  -35.981  -50.260  40.087 0.0000000000
38805  -36.387  -52.133  39.229 0.0000000000
41810  -36.451  -50.229  39.373 0.0000000000
61966  -50.704  -35.259  28.194 0.0000000000
63139  -51.459  -34.348  28.324 0.0000000000
67005  -54.361  -32.034  34.124 0.0000000000
65652  -54.656  -32.699  33.220 0.0000000000
65653  -55.279  -33.106  33.734 0.0000000000
64333  -55.766  -33.870  33.802 0.0000000000
65614  -55.668  -33.000  35.353 0.0000000000
44858  -46.287  -48.457  37.763 0.0000000000
44881  -44.775  -48.755  36.731 0.0000000000
46286  -45.909  -47.415  36.482 0.0000000000
59481  -43.225  -37.810  31.566 0.0000000000
58254  -42.557  -38.646  31.462 0.0000000000
59513  -41.719  -37.310  29.754 0.0000000000
59533  -40.851  -37.142  28.789 0.0000000000
65767  -49.306  -32.851  27.756 0.0000000000
63157  -48.804  -34.192  26.849 0.0000000000
61982  -49.877  -35.221  27.604 0.0000000000
70733  -60.412  -27.489  32.590 0.0000000000
70758  -61.096  -27.647  31.258 0.0000000000
70776  -60.222  -28.190  30.660 0.0000000000
70778  -61.477  -27.927  30.840 0.0000000000
28367  -27.918  -58.653  36.451 0.0000000000
29919  -26.815  -58.089  35.113 0.0000000000
29938  -27.798  -57.649  34.382 0.0000000000
43501  -28.110  -49.626  30.333 0.0000000000
41944  -27.175  -50.340  29.285 0.0000000000
41982  -27.261  -49.974  27.600 0.0000000000
40492  -28.386  -51.263  26.326 0.0000000000
43570  -28.708  -49.616  26.788 0.0000000000
49181  -38.114  -45.729  30.473 0.0000000000
49162  -36.289  -45.599  31.421 0.0000000000
49193  -36.149  -44.913  29.645 0.0000000000
64350  -49.433  -33.155  32.407 0.0000000000
65683  -49.744  -32.353  31.510 0.0000000000
64351  -50.045  -32.815  32.690 0.0000000000
65611  -50.740  -32.793  35.484 0.0000000000
65631  -50.783  -32.696  34.590 0.0000000000
65632  -51.305  -32.121  35.204 0.0000000000
67002  -51.889  -31.486  34.904 0.0000000000
66960  -51.711  -31.304  36.789 0.0000000000
51922  -49.273  -43.347  37.432 0.0000000000
51946  -47.657  -43.423  36.727 0.0000000000
53273  -48.215  -42.474  36.705 0.0000000000
58192  -47.759  -38.625  35.629 0.0000000000
56981  -47.209  -39.563  35.693 0.0000000000
58208  -46.144  -38.507  34.960 0.0000000000
59458  -45.436  -37.852  33.690 0.0000000000
60692  -45.742  -36.743  33.478 0.0000000000
61905  -45.118  -35.836  32.161 0.0000000000
61891  -46.264  -36.015  33.119 0.0000000000
63049  -48.970  -34.492  34.096 0.0000000000
63081  -47.610  -34.295  32.306 0.0000000000
64349  -48.546  -33.521  32.218 0.0000000000
64383  -48.559  -32.692  30.885 0.0000000000
34387  -32.609  -55.244  39.584 0.0000000000
35846  -30.903  -54.649  37.580 0.0000000000
35839  -31.783  -54.448  38.574 0.0000000000
41845  -33.357  -50.841  37.411 0.0000000000
40382  -31.789  -51.541  36.189 0.0000000000
41910  -32.080  -50.243  35.436 0.0000000000
43483  -30.432  -49.834  33.135 0.0000000000
44922  -31.590  -48.805  33.957 0.0000000000
67071  -52.471  -31.843  29.822 0.0000000000
64402  -52.605  -33.230  28.799 0.0000000000
65731  -53.412  -32.801  29.676 0.0000000000
63115  -55.817  -34.558  30.558 0.0000000000
61951  -54.887  -35.441  29.242 0.0000000000
60743  -56.138  -36.709  29.303 0.0000000000
63070  -57.587  -34.300  33.302 0.0000000000
61909  -58.436  -35.414  31.932 0.0000000000
63071  -58.172  -34.500  32.650 0.0000000000
64370  -58.742  -34.251  32.031 0.0000000000
64355  -58.222  -33.640  32.832 0.0000000000
41814  -41.032  -50.092  39.355 0.0000000000
43374  -40.768  -49.583  38.153 0.0000000000
41832  -41.722  -49.813  37.711 0.0000000000
46323  -43.193  -47.711  34.482 0.0000000000
44932  -42.407  -48.402  34.680 0.0000000000
46345  -41.775  -47.256  33.659 0.0000000000
46363  -40.796  -46.930  32.395 0.0000000000
47744  -41.210  -46.310  32.270 0.0000000000
51961  -45.209  -43.044  36.167 0.0000000000
50593  -44.391  -44.687  35.692 0.0000000000
53288  -43.760  -42.781  35.033 0.0000000000
55801  -40.712  -40.661  30.918 0.0000000000
53329  -41.645  -42.705  32.560 0.0000000000
53343  -40.356  -42.577  30.988 0.0000000000
52003  -40.250  -43.784  30.896 0.0000000000
63122  -45.140  -33.487  29.661 0.0000000000
44810  -44.251  -48.179  40.385 0.0000000000
49049  -48.366  -44.914  39.203 0.0000000000
62963  -50.988  -34.685  40.104 0.0000000000
66867  -51.798  -31.798  41.506 0.0000000000
68169  -52.754  -30.447  40.968 0.0000000000
68209  -52.788  -30.562  38.811 0.0000000000
68170  -53.602  -30.003  40.694 0.0000000000
69414  -55.526  -29.203  40.551 0.0000000000
68193  -55.657  -30.792  39.710 0.0000000000
65568  -56.240  -31.690  38.956 0.0000000000
64254  -56.144  -32.975  37.988 0.0000000000
65582  -56.748  -31.825  38.662 0.0000000000
68225  -57.212  -30.251  37.110 0.0000000000
66965  -57.052  -31.332  36.524 0.0000000000
66984  -56.857  -31.533  35.676 0.0000000000
66983  -56.498  -31.581  34.916 0.0000000000
68250  -56.444  -30.636  35.340 0.0000000000
73398  -59.555  -25.601  35.410 0.0000000000
72106  -58.086  -28.019  32.227 0.0000000000
70711  -58.175  -28.272  33.748 0.0000000000
70729  -56.687  -28.516  32.923 0.0000000000
69522  -56.008  -29.592  32.232 0.0000000000
69537  -55.834  -29.241  31.428 0.0000000000
68337  -55.089  -30.579  29.892 0.0000000000
70772  -55.821  -28.763  30.301 0.0000000000
72168  -57.670  -27.776  28.142 0.0000000000
70846  -56.253  -28.203  27.882 0.0000000000
70870  -55.727  -27.906  26.509 0.0000000000
74803  -61.783  -25.975  28.221 0.0000000000
72170  -62.316  -27.875  28.435 0.0000000000
73542  -61.856  -27.280  27.775 0.0000000000
33036  -24.884  -56.204  32.679 0.0000000000
34440  -23.736  -55.213  33.659 0.0000000000
35905  -24.012  -54.162  31.633 0.0000000000
38897  -23.359  -53.221  31.023 0.0000000000
37463  -24.216  -54.400  29.685 0.0000000000
35871  -28.768  -54.899  33.415 0.0000000000
34459  -27.707  -55.562  32.500 0.0000000000
35908  -27.607  -54.303  31.117 0.0000000000
37485  -25.564  -53.431  28.151 0.0000000000
34592  -27.666  -55.537  25.493 0.0000000000
43423  -38.207  -49.069  36.813 0.0000000000
43422  -37.322  -49.192  36.727 0.0000000000
44898  -37.649  -48.241  35.412 0.0000000000
49145  -34.167  -45.456  32.055 0.0000000000
47719  -34.218  -46.756  33.262 0.0000000000
47752  -32.394  -45.747  31.829 0.0000000000
47735  -31.544  -46.950  32.317 0.0000000000
47769  -31.333  -45.585  30.779 0.0000000000
46436  -30.597  -47.529  27.123 0.0000000000
61875  -49.686  -34.946  34.779 0.0000000000
63050  -49.960  -33.926  34.110 0.0000000000
63026  -50.449  -34.460  35.141 0.0000000000
64273  -50.678  -33.724  35.762 0.0000000000
64252  -50.735  -33.820  37.851 0.0000000000
55693  -50.019  -40.570  37.580 0.0000000000
55719  -48.418  -40.592  36.617 0.0000000000
56959  -48.925  -39.657  36.754 0.0000000000
58178  -48.677  -38.767  36.429 0.0000000000
59442  -48.050  -37.234  35.287 0.0000000000
61872  -47.102  -35.998  33.981 0.0000000000
61855  -48.459  -35.983  34.896 0.0000000000
61874  -48.762  -35.319  34.558 0.0000000000
67098  -55.045  -31.759  28.104 0.0000000000
35812  -34.847  -53.740  40.114 0.0000000000
37303  -33.795  -53.473  39.538 0.0000000000
37326  -35.344  -52.579  39.387 0.0000000000
40319  -34.991  -51.637  38.536 0.0000000000
41871  -34.796  -50.149  37.240 0.0000000000
67037  -53.486  -31.722  32.144 0.0000000000
65709  -53.916  -32.704  30.386 0.0000000000
65686  -54.448  -32.650  31.617 0.0000000000
64367  -54.963  -33.260  31.755 0.0000000000
63098  -56.103  -34.357  31.906 0.0000000000
61921  -57.265  -35.272  31.431 0.0000000000
64354  -56.214  -34.153  32.773 0.0000000000
63069  -56.729  -34.368  34.002 0.0000000000
63052  -56.897  -34.233  35.158 0.0000000000
43377  -43.941  -49.268  38.320 0.0000000000
43401  -42.873  -49.845  37.322 0.0000000000
43429  -44.211  -49.458  36.969 0.0000000000
46303  -43.673  -47.878  35.067 0.0000000000
47708  -43.367  -46.822  34.448 0.0000000000
56997  -43.769  -39.928  34.366 0.0000000000
54546  -43.263  -41.542  34.005 0.0000000000
57026  -42.762  -39.945  32.877 0.0000000000
57041  -41.815  -39.406  31.388 0.0000000000
57086  -40.396  -39.512  29.890 0.0000000000
57107  -39.389  -39.216  28.911 0.0000000000
59511  -40.415  -38.191  28.914 0.0000000000
64422  -47.295  -32.940  28.899 0.0000000000
64459  -47.518  -33.530  26.746 0.0000000000
71984  -56.647  -27.599  39.924 0.0000000000
68195  -57.235  -30.365  38.677 0.0000000000
70632  -57.228  -28.336  38.673 0.0000000000
70647  -57.767  -28.252  37.884 0.0000000000
69456  -58.108  -28.733  36.812 0.0000000000
74704  -60.352  -25.219  33.725 0.0000000000
72077  -59.909  -26.412  34.637 0.0000000000
72091  -60.219  -27.393  33.480 0.0000000000
70732  -60.000  -27.761  32.789 0.0000000000
72142  -58.266  -27.914  30.975 0.0000000000
70795  -56.615  -28.468  29.425 0.0000000000
70775  -59.081  -28.025  30.479 0.0000000000
70822  -58.214  -28.026  28.686 0.0000000000
70823  -59.476  -27.748  28.401 0.0000000000
76015  -61.746  -25.174  27.148 0.0000000000
74864  -62.270  -26.677  26.412 0.0000000000
74863  -61.971  -26.147  25.631 0.0000000000
29874  -25.224  -58.498  37.684 0.0000000000
29886  -24.502  -57.773  36.878 0.0000000000
29902  -25.639  -57.741  35.797 0.0000000000
31494  -25.910  -57.199  33.886 0.0000000000
31529  -25.918  -56.988  31.800 0.0000000000
40400  -28.507  -51.499  31.683 0.0000000000
38916  -27.370  -52.702  30.838 0.0000000000
40426  -27.847  -51.775  30.134 0.0000000000
40447  -26.641  -51.668  27.753 0.0000000000
39010  -26.673  -52.128  26.624 0.0000000000
36045  -28.069  -54.456  25.598 0.0000000000
39038  -28.793  -52.965  25.881 0.0000000000
46342  -39.095  -47.081  33.715 0.0000000000
46340  -36.766  -47.106  34.048 0.0000000000
47740  -36.663  -46.309  32.553 0.0000000000
49146  -35.385  -45.589  32.137 0.0000000000
50642  -33.806  -44.438  30.553 0.0000000000
65727  -49.094  -32.036  29.278 0.0000000000
65750  -50.766  -32.388  28.462 0.0000000000
65728  -50.172  -31.874  29.362 0.0000000000
65706  -50.727  -31.585  30.757 0.0000000000
67057  -51.364  -31.500  31.316 0.0000000000
65649  -50.770  -32.581  33.736 0.0000000000
65668  -51.149  -31.909  33.505 0.0000000000
67036  -52.702  -31.358  32.477 0.0000000000
67021  -52.695  -31.274  33.519 0.0000000000
67004  -53.651  -31.383  34.270 0.0000000000
66981  -53.653  -31.340  35.347 0.0000000000
49081  -47.997  -46.262  37.628 0.0000000000
49095  -46.825  -45.714  36.765 0.0000000000
50582  -47.198  -44.530  36.768 0.0000000000
51945  -46.609  -43.511  36.554 0.0000000000
53290  -45.379  -42.327  35.898 0.0000000000
55718  -47.628  -40.611  36.304 0.0000000000
55743  -46.400  -40.403  35.707 0.0000000000
55741  -44.771  -40.536  35.192 0.0000000000
57014  -44.212  -39.109  33.756 0.0000000000
59471  -44.217  -37.940  32.624 0.0000000000
60727  -43.781  -36.050  30.815 0.0000000000
61946  -43.382  -35.303  29.351 0.0000000000
61918  -44.528  -35.988  31.332 0.0000000000
61935  -45.400  -34.844  30.619 0.0000000000
63113  -46.152  -33.961  30.880 0.0000000000
61907  -46.980  -34.873  32.678 0.0000000000
63096  -46.837  -34.026  31.584 0.0000000000
64381  -46.968  -33.340  30.833 0.0000000000
64401  -47.445  -32.862  29.879 0.0000000000
65726  -48.501  -32.506  29.161 0.0000000000
73482  -61.066  -27.253  30.140 0.0000000000
74776  -59.831  -25.772  29.208 0.0000000000
74801  -60.343  -25.204  28.539 0.0000000000
75976  -60.911  -24.470  28.272 0.0000000000
77149  -61.085  -23.410  28.075 0.0000000000
77187  -60.809  -23.261  27.553 0.0000000000
31454  -29.995  -56.867  37.178 0.0000000000
31468  -28.845  -56.935  35.556 0.0000000000
34408  -29.731  -55.828  36.105 0.0000000000
35853  -29.929  -54.968  35.496 0.0000000000
37366  -30.119  -53.738  34.484 0.0000000000
38844  -31.716  -52.573  37.515 0.0000000000
38865  -30.751  -52.812  35.001 0.0000000000
40389  -29.797  -51.942  33.566 0.0000000000
41917  -29.440  -50.497  32.493 0.0000000000
43487  -29.226  -49.824  32.149 0.0000000000
45001  -29.056  -48.501  30.638 0.0000000000
64426  -52.057  -33.510  28.483 0.0000000000
61968  -52.791  -34.975  28.657 0.0000000000
64404  -54.131  -33.764  29.566 0.0000000000
64388  -58.068  -33.398  31.216 0.0000000000
65713  -57.423  -32.769  31.215 0.0000000000
43333  -38.348  -49.231  39.966 0.0000000000
41812  -37.675  -49.714  38.488 0.0000000000
43351  -38.518  -49.608  38.950 0.0000000000
43398  -39.400  -49.394  37.391 0.0000000000
44879  -40.103  -48.477  36.240 0.0000000000
43449  -42.111  -49.196  35.689 0.0000000000
44901  -40.872  -48.126  35.293 0.0000000000
46301  -39.746  -47.469  35.096 0.0000000000
46361  -39.411  -47.027  32.674 0.0000000000
47757  -39.566  -46.313  31.457 0.0000000000
49182  -38.978  -45.558  30.301 0.0000000000
49110  -45.136  -45.504  35.942 0.0000000000
49108  -43.770  -45.731  34.980 0.0000000000
49119  -43.032  -45.583  34.182 0.0000000000
53321  -42.918  -42.529  33.813 0.0000000000
51989  -42.189  -43.753  33.002 0.0000000000
50620  -41.578  -44.619  32.667 0.0000000000
50633  -41.175  -44.919  31.778 0.0000000000
50645  -39.699  -44.243  30.312 0.0000000000
63155  -43.415  -34.503  27.610 0.0000000000
59398  -51.245  -37.628  38.470 0.0000000000
60628  -51.041  -36.425  38.694 0.0000000000
28326  -26.338  -59.162  38.677 0.0000000000
29867  -30.217  -57.996  38.577 0.0000000000
31431  -31.170  -57.097  38.559 0.0000000000
32955  -32.362  -56.153  39.793 0.0000000000
38766  -34.922  -52.262  41.768 0.0000000000
40274  -35.305  -51.310  41.396 0.0000000000
43308  -35.954  -49.375  41.746 0.0000000000
43284  -37.940  -49.426  41.961 0.0000000000
41775  -39.497  -49.583  41.355 0.0000000000
40277  -40.678  -49.903  41.403 0.0000000000
41777  -42.058  -50.179  40.814 0.0000000000
43313  -42.187  -49.703  41.480 0.0000000000
43335  -42.698  -49.592  40.525 0.0000000000
43355  -44.153  -48.959  39.094 0.0000000000
43357  -45.511  -48.696  38.763 0.0000000000
46255  -46.550  -47.663  38.424 0.0000000000
46257  -48.136  -47.093  38.096 0.0000000000
47669  -48.605  -45.814  38.276 0.0000000000
50563  -49.569  -43.996  38.144 0.0000000000
58143  -51.095  -38.943  38.248 0.0000000000
62976  -50.776  -34.857  39.314 0.0000000000
64241  -50.747  -33.878  38.962 0.0000000000
65577  -50.966  -32.870  38.615 0.0000000000
64224  -51.630  -32.987  41.841 0.0000000000
65554  -50.945  -32.316  40.276 0.0000000000
65591  -51.268  -32.010  38.101 0.0000000000
68208  -52.193  -30.920  38.325 0.0000000000
66940  -53.488  -30.816  37.486 0.0000000000
66941  -54.447  -31.195  37.293 0.0000000000
69432  -54.448  -29.961  39.955 0.0000000000
68211  -54.793  -30.984  38.834 0.0000000000
66964  -55.380  -32.234  36.854 0.0000000000
64274  -56.051  -33.334  36.962 0.0000000000
64275  -56.845  -33.821  36.447 0.0000000000
63028  -57.311  -34.250  35.714 0.0000000000
66943  -57.228  -31.424  37.459 0.0000000000
65606  -57.277  -32.514  36.848 0.0000000000
64313  -57.544  -33.402  34.522 0.0000000000
65655  -57.692  -32.891  34.115 0.0000000000
65671  -57.111  -32.345  32.628 0.0000000000
65687  -56.836  -32.347  31.644 0.0000000000
72037  -58.751  -26.988  36.503 0.0000000000
70671  -57.769  -28.672  35.900 0.0000000000
72075  -58.936  -27.748  34.720 0.0000000000
70689  -57.498  -28.675  34.931 0.0000000000
69491  -56.649  -29.397  34.932 0.0000000000
68284  -56.249  -30.532  33.290 0.0000000000
68300  -56.221  -30.839  32.460 0.0000000000
67049  -56.086  -31.461  31.120 0.0000000000
67061  -55.509  -31.207  30.323 0.0000000000
67072  -54.658  -30.829  28.995 0.0000000000
68365  -54.639  -30.438  27.883 0.0000000000
70794  -55.728  -28.740  29.193 0.0000000000
69607  -55.012  -28.961  27.921 0.0000000000
68375  -54.232  -30.454  26.970 0.0000000000
70801  -62.503  -28.004  29.283 0.0000000000
70850  -61.454  -28.490  27.950 0.0000000000
72190  -59.869  -27.596  27.085 0.0000000000
72210  -61.263  -27.926  26.510 0.0000000000
72209  -60.362  -27.694  26.523 0.0000000000
72230  -57.461  -27.389  25.628 0.0000000000
32975  -23.471  -56.749  36.485 0.0000000000
33019  -27.714  -56.924  32.977 0.0000000000
33038  -26.639  -56.737  32.055 0.0000000000
34503  -25.503  -55.615  30.265 0.0000000000
37465  -26.852  -53.605  29.876 0.0000000000
35961  -25.806  -54.528  29.115 0.0000000000
34502  -24.832  -55.308  29.477 0.0000000000
35978  -24.367  -54.556  28.360 0.0000000000
41850  -36.920  -49.843  38.101 0.0000000000
43394  -36.085  -49.579  37.141 0.0000000000
44895  -34.389  -48.847  35.629 0.0000000000
46316  -36.161  -47.836  34.859 0.0000000000
44925  -34.190  -48.173  34.926 0.0000000000
44924  -33.237  -48.029  34.421 0.0000000000
46335  -31.778  -47.880  33.176 0.0000000000
46369  -29.985  -47.760  31.705 0.0000000000
47780  -28.482  -46.986  29.342 0.0000000000
52011  -33.120  -43.672  28.540 0.0000000000
50673  -31.931  -43.782  28.492 0.0000000000
50654  -30.552  -44.657  29.014 0.0000000000
49205  -29.303  -45.277  28.191 0.0000000000
47791  -28.527  -46.524  28.466 0.0000000000
45044  -28.786  -48.616  26.957 0.0000000000
60639  -50.245  -36.989  37.304 0.0000000000
64387  -57.426  -33.054  30.620 0.0000000000
43349  -36.513  -49.484  39.793 0.0000000000
61983  -50.383  -34.722  27.783 0.0000000000
63138  -50.718  -34.190  27.939 0.0000000000
66982  -54.464  -31.788  35.026 0.0000000000
65633  -54.890  -32.621  33.960 0.0000000000
65613  -55.087  -32.411  34.711 0.0000000000
65634  -55.588  -33.078  34.397 0.0000000000
44883  -46.326  -47.816  37.171 0.0000000000
46287  -46.720  -47.241  37.078 0.0000000000
60726  -42.917  -36.661  30.520 0.0000000000
59495  -42.820  -37.428  30.986 0.0000000000
64423  -49.625  -33.044  27.705 0.0000000000
64445  -49.730  -33.610  27.569 0.0000000000
63159  -50.094  -34.197  27.639 0.0000000000
73462  -60.565  -26.371  31.388 0.0000000000
72127  -60.768  -27.140  31.611 0.0000000000
72128  -61.216  -27.554  30.848 0.0000000000
29888  -28.318  -58.363  36.391 0.0000000000
29920  -27.687  -58.139  35.423 0.0000000000
31467  -28.508  -57.677  35.781 0.0000000000
45013  -28.062  -48.863  29.097 0.0000000000
41961  -27.306  -49.661  28.787 0.0000000000
43546  -27.515  -49.291  27.829 0.0000000000
43568  -27.613  -49.646  27.344 0.0000000000
43547  -27.836  -49.206  27.333 0.0000000000
49195  -37.633  -45.151  29.738 0.0000000000
49194  -36.714  -45.044  29.692 0.0000000000
50660  -36.410  -44.641  29.159 0.0000000000
64330  -49.625  -33.461  33.098 0.0000000000
65602  -50.783  -32.860  36.447 0.0000000000
65612  -51.233  -32.098  36.140 0.0000000000
66979  -51.793  -31.422  35.848 0.0000000000
53253  -48.995  -42.540  37.239 0.0000000000
59424  -46.994  -37.720  35.281 0.0000000000
58191  -46.826  -38.418  35.422 0.0000000000
59440  -46.459  -37.647  34.675 0.0000000000
59459  -46.005  -37.411  33.994 0.0000000000
60693  -46.629  -36.320  33.710 0.0000000000
63082  -48.484  -34.012  32.621 0.0000000000
63083  -48.925  -33.657  32.626 0.0000000000
35809  -33.014  -54.860  39.684 0.0000000000
35830  -32.584  -54.503  39.297 0.0000000000
43417  -32.971  -49.912  36.444 0.0000000000
41894  -32.341  -50.543  36.160 0.0000000000
43445  -32.667  -49.607  35.698 0.0000000000
43472  -32.109  -49.622  35.022 0.0000000000
44893  -32.488  -49.053  35.268 0.0000000000
67059  -52.767  -31.729  30.611 0.0000000000
65708  -53.148  -32.238  30.016 0.0000000000
61937  -56.309  -35.109  30.456 0.0000000000
61952  -56.055  -35.472  29.704 0.0000000000
64336  -58.170  -34.101  33.045 0.0000000000
64335  -57.901  -33.675  33.709 0.0000000000
41815  -41.619  -49.853  39.498 0.0000000000
40323  -41.449  -49.675  38.814 0.0000000000
40309  -41.987  -49.817  38.331 0.0000000000
46346  -42.522  -47.260  33.910 0.0000000000
47724  -41.358  -46.677  33.066 0.0000000000
53289  -44.263  -42.284  35.318 0.0000000000
51959  -43.945  -43.135  35.312 0.0000000000
54571  -40.824  -41.535  31.300 0.0000000000
54580  -40.275  -41.557  30.582 0.0000000000
53342  -39.863  -42.314  30.331 0.0000000000
55825  -39.611  -41.123  29.651 0.0000000000
64420  -45.622  -33.309  28.368 0.0000000000
70606  -56.050  -28.469  40.558 0.0000000000
69415  -56.143  -29.414  40.226 0.0000000000
66887  -56.107  -30.687  39.806 0.0000000000
66903  -56.376  -31.076  39.499 0.0000000000
65569  -56.599  -31.480  39.074 0.0000000000
66904  -56.940  -31.156  39.034 0.0000000000
68237  -56.935  -30.107  36.487 0.0000000000
68251  -56.772  -30.542  35.974 0.0000000000
69475  -56.583  -29.982  35.616 0.0000000000
75856  -59.380  -24.799  35.529 0.0000000000
74655  -59.473  -25.062  36.177 0.0000000000
72125  -57.587  -27.978  31.663 0.0000000000
70754  -57.210  -28.241  32.317 0.0000000000
70753  -56.616  -28.516  31.734 0.0000000000
69538  -56.165  -29.090  31.992 0.0000000000
70752  -56.182  -28.579  31.008 0.0000000000
72188  -57.938  -27.250  27.489 0.0000000000
73540  -56.436  -27.118  27.275 0.0000000000
73557  -56.432  -26.681  27.000 0.0000000000
72229  -56.420  -27.658  25.788 0.0000000000
74826  -61.831  -26.582  27.885 0.0000000000
29862  -23.664  -58.024  38.458 0.0000000000
34480  -25.198  -55.734  31.552 0.0000000000
34458  -24.765  -55.465  32.271 0.0000000000
35906  -24.718  -54.753  31.418 0.0000000000
37408  -24.118  -53.981  31.176 0.0000000000
35934  -24.588  -55.122  30.136 0.0000000000
37387  -28.542  -53.643  32.604 0.0000000000
35886  -28.313  -54.602  32.798 0.0000000000
37410  -28.069  -53.584  31.649 0.0000000000
34591  -26.581  -55.448  25.232 0.0000000000
44878  -39.042  -48.520  36.228 0.0000000000
44877  -38.011  -48.568  36.192 0.0000000000
44929  -38.228  -47.947  35.134 0.0000000000
49159  -33.185  -45.338  31.440 0.0000000000
49144  -33.103  -45.731  32.192 0.0000000000
49158  -32.126  -45.371  31.252 0.0000000000
63013  -50.624  -34.649  36.147 0.0000000000
64263  -50.644  -33.781  36.785 0.0000000000
56936  -49.739  -39.631  37.304 0.0000000000
59411  -49.093  -38.038  36.645 0.0000000000
59426  -48.559  -37.771  35.895 0.0000000000
60675  -47.917  -36.578  34.862 0.0000000000
60660  -48.646  -36.666  35.342 0.0000000000
61856  -49.215  -35.805  35.230 0.0000000000
63143  -57.645  -34.161  28.849 0.0000000000
37291  -35.353  -53.169  40.451 0.0000000000
37304  -34.752  -53.114  39.497 0.0000000000
37306  -35.915  -52.453  39.901 0.0000000000
38825  -36.354  -51.808  38.668 0.0000000000
38824  -35.635  -52.180  38.956 0.0000000000
40320  -35.793  -51.524  38.334 0.0000000000
40371  -34.636  -50.779  37.567 0.0000000000
40346  -35.261  -50.900  37.761 0.0000000000
60759  -51.705  -35.921  28.992 0.0000000000
65669  -53.998  -32.252  31.851 0.0000000000
65651  -54.051  -32.277  32.567 0.0000000000
64352  -55.176  -33.292  32.860 0.0000000000
64368  -55.433  -33.936  31.333 0.0000000000
64311  -56.306  -33.722  35.026 0.0000000000
64334  -56.247  -34.120  33.205 0.0000000000
63068  -56.451  -34.126  34.630 0.0000000000
43402  -43.703  -49.507  37.519 0.0000000000
43403  -44.793  -49.318  37.556 0.0000000000
46285  -45.257  -47.979  36.294 0.0000000000
46304  -44.380  -47.742  35.609 0.0000000000
46324  -43.779  -47.579  34.957 0.0000000000
57013  -43.526  -39.636  33.556 0.0000000000
57012  -43.065  -40.288  33.209 0.0000000000
57027  -43.101  -39.251  32.614 0.0000000000
58253  -42.029  -38.729  31.155 0.0000000000
58280  -41.637  -38.676  30.637 0.0000000000
57069  -41.267  -39.415  30.826 0.0000000000
58303  -41.053  -38.714  29.840 0.0000000000
58302  -40.370  -38.726  29.281 0.0000000000
59512  -41.032  -37.925  29.179 0.0000000000
64442  -47.296  -32.876  27.644 0.0000000000
64443  -48.258  -33.295  27.208 0.0000000000
73322  -56.630  -26.606  39.951 0.0000000000
70618  -56.720  -28.422  39.377 0.0000000000
73363  -57.621  -26.205  38.035 0.0000000000
72019  -57.435  -27.231  38.376 0.0000000000
69455  -57.737  -29.201  37.374 0.0000000000
70648  -58.310  -28.156  37.111 0.0000000000
74725  -60.322  -25.418  32.813 0.0000000000
75909  -59.498  -24.549  32.588 0.0000000000
75896  -60.048  -24.822  33.176 0.0000000000
72092  -60.384  -26.749  33.936 0.0000000000
73426  -60.402  -26.097  33.349 0.0000000000
72126  -58.537  -27.959  31.640 0.0000000000
70755  -59.342  -28.105  31.345 0.0000000000
70774  -58.032  -28.221  30.273 0.0000000000
70798  -59.962  -27.974  29.601 0.0000000000
76014  -60.869  -24.272  27.130 0.0000000000
74846  -61.959  -25.914  26.735 0.0000000000
28350  -25.982  -58.546  37.180 0.0000000000
29887  -25.132  -58.098  36.655 0.0000000000
28365  -26.221  -58.285  36.249 0.0000000000
29936  -26.443  -57.696  34.371 0.0000000000
31514  -25.933  -57.113  32.780 0.0000000000
40412  -27.969  -51.395  30.821 0.0000000000
40411  -27.737  -51.179  30.266 0.0000000000
40472  -26.963  -50.851  27.457 0.0000000000
40448  -27.049  -51.265  28.485 0.0000000000
40490  -26.864  -51.369  26.891 0.0000000000
39037  -27.960  -52.813  25.749 0.0000000000
39011  -27.651  -52.057  26.216 0.0000000000
40493  -29.339  -51.613  26.367 0.0000000000
46360  -38.680  -46.772  33.132 0.0000000000
47723  -38.046  -46.483  33.046 0.0000000000
47741  -37.589  -46.278  32.439 0.0000000000
49179  -35.928  -45.158  30.280 0.0000000000
49161  -35.097  -45.131  31.147 0.0000000000
50631  -34.633  -44.778  30.963 0.0000000000
50643  -34.920  -44.545  30.536 0.0000000000
65705  -49.590  -32.178  30.350 0.0000000000
67044  -51.074  -31.525  31.827 0.0000000000
64310  -50.569  -33.268  34.055 0.0000000000
65650  -51.251  -31.995  34.302 0.0000000000
67035  -51.561  -31.542  32.774 0.0000000000
66980  -52.690  -31.175  35.600 0.0000000000
67003  -52.721  -31.157  34.576 0.0000000000
66962  -53.610  -31.183  36.418 0.0000000000
49082  -48.639  -45.535  37.742 0.0000000000
49096  -47.861  -45.426  37.228 0.0000000000
53271  -46.099  -42.686  36.326 0.0000000000
53291  -46.314  -41.893  36.126 0.0000000000
56980  -46.061  -39.368  35.270 0.0000000000
55742  -45.540  -40.442  35.476 0.0000000000
56979  -45.085  -39.736  35.142 0.0000000000
56998  -44.465  -39.405  34.415 0.0000000000
58206  -45.104  -38.702  34.274 0.0000000000
60691  -44.871  -37.222  33.182 0.0000000000
59457  -44.700  -37.935  33.178 0.0000000000
60705  -44.402  -37.125  32.439 0.0000000000
60716  -43.769  -36.798  31.534 0.0000000000
61919  -45.426  -35.519  31.216 0.0000000000
61920  -46.100  -34.758  31.312 0.0000000000
61936  -45.790  -34.451  30.742 0.0000000000
61873  -47.803  -35.744  34.238 0.0000000000
61892  -47.040  -35.526  33.352 0.0000000000
61893  -47.865  -35.199  33.530 0.0000000000
64363  -47.240  -33.672  31.500 0.0000000000
64382  -48.025  -32.938  30.705 0.0000000000
65704  -48.697  -32.509  30.181 0.0000000000
75975  -59.745  -24.588  28.484 0.0000000000
77148  -60.410  -23.484  28.323 0.0000000000
78363  -60.761  -22.527  28.347 0.0000000000
77170  -61.133  -23.496  27.842 0.0000000000
78383  -61.031  -22.599  27.866 0.0000000000
31455  -30.593  -56.645  37.468 0.0000000000
32978  -30.347  -56.258  36.986 0.0000000000
32979  -30.774  -56.303  37.379 0.0000000000
35845  -30.677  -54.792  36.616 0.0000000000
35861  -30.171  -54.434  35.213 0.0000000000
37365  -29.594  -54.282  34.229 0.0000000000
37358  -30.588  -53.750  35.574 0.0000000000
38822  -33.475  -52.471  38.730 0.0000000000
37323  -32.604  -53.409  38.732 0.0000000000
38845  -32.327  -52.417  37.889 0.0000000000
40386  -31.379  -51.578  35.340 0.0000000000
38866  -31.095  -52.180  35.152 0.0000000000
40385  -30.869  -51.705  34.657 0.0000000000
38874  -30.196  -52.511  34.176 0.0000000000
40390  -30.399  -51.450  33.910 0.0000000000
40394  -29.474  -51.376  32.927 0.0000000000
40395  -30.143  -51.191  33.311 0.0000000000
44952  -30.642  -49.068  32.969 0.0000000000
43488  -30.022  -49.655  32.521 0.0000000000
44970  -29.461  -49.044  32.003 0.0000000000
43502  -28.801  -48.967  30.736 0.0000000000
44986  -29.698  -48.421  31.879 0.0000000000
65751  -51.791  -32.650  28.597 0.0000000000
64425  -51.176  -33.375  28.255 0.0000000000
63141  -53.036  -34.281  28.716 0.0000000000
64427  -52.670  -33.778  28.689 0.0000000000
65710  -54.487  -32.846  31.051 0.0000000000
64384  -53.902  -33.252  29.843 0.0000000000
63124  -54.729  -34.451  29.659 0.0000000000
60742  -55.230  -36.429  29.046 0.0000000000
63100  -57.453  -35.241  31.783 0.0000000000
61922  -57.839  -35.489  31.521 0.0000000000
63087  -58.808  -34.867  32.293 0.0000000000
63101  -59.032  -34.568  31.683 0.0000000000
64369  -58.421  -33.715  32.058 0.0000000000
43311  -39.160  -49.442  40.579 0.0000000000
43334  -39.453  -49.565  39.842 0.0000000000
43373  -39.642  -49.547  38.133 0.0000000000
43425  -40.362  -49.003  36.814 0.0000000000
43427  -42.562  -49.663  36.794 0.0000000000
43450  -42.562  -49.177  35.970 0.0000000000
44931  -41.666  -48.200  34.651 0.0000000000
44902  -41.763  -48.792  35.383 0.0000000000
44930  -41.162  -47.872  34.628 0.0000000000
46302  -40.318  -47.681  35.169 0.0000000000
46320  -40.526  -47.555  34.420 0.0000000000
46343  -39.945  -47.473  33.397 0.0000000000
46372  -40.268  -46.814  31.878 0.0000000000
46371  -39.780  -46.924  32.034 0.0000000000
47771  -38.870  -46.131  30.813 0.0000000000
47772  -39.367  -45.767  30.772 0.0000000000
49094  -45.847  -46.062  36.487 0.0000000000
50602  -43.824  -44.588  35.240 0.0000000000
50592  -43.770  -45.245  35.123 0.0000000000
49120  -43.398  -45.902  34.550 0.0000000000
50600  -42.994  -45.088  34.230 0.0000000000
54545  -42.656  -41.610  33.364 0.0000000000
54544  -42.060  -41.831  33.098 0.0000000000
51987  -41.242  -43.322  32.233 0.0000000000
53330  -42.012  -43.184  32.730 0.0000000000
51988  -41.746  -43.606  32.447 0.0000000000
50621  -42.097  -44.430  33.180 0.0000000000
50632  -40.698  -44.391  31.396 0.0000000000
52002  -39.789  -43.208  30.342 0.0000000000
52015  -39.357  -43.652  29.820 0.0000000000
50663  -39.092  -44.562  29.730 0.0000000000
52014  -38.745  -43.467  29.309 0.0000000000
61947  -44.017  -34.825  29.582 0.0000000000
63136  -43.508  -34.697  28.612 0.0000000000
63120  -43.856  -34.735  29.229 0.0000000000
28315  -25.778  -59.542  39.613 0.0000000000
29857  -30.999  -57.667  39.217 0.0000000000
37284  -34.773  -53.349  41.517 0.0000000000
43261  -37.807  -49.444  42.732 0.0000000000
41774  -38.790  -49.392  41.855 0.0000000000
41753  -38.622  -49.403  42.595 0.0000000000
40278  -40.985  -50.152  41.152 0.0000000000
41776  -41.406  -50.072  41.310 0.0000000000
43314  -43.104  -49.251  41.276 0.0000000000
43288  -42.484  -49.072  42.046 0.0000000000
43354  -42.964  -49.136  39.276 0.0000000000
46239  -45.271  -47.957  39.418 0.0000000000
44826  -44.859  -48.238  39.533 0.0000000000
44827  -45.391  -48.362  39.083 0.0000000000
44841  -46.248  -48.417  38.230 0.0000000000
46254  -46.067  -48.045  38.509 0.0000000000
47654  -47.012  -46.894  38.496 0.0000000000
47655  -48.006  -46.498  38.446 0.0000000000
47656  -48.379  -45.769  38.744 0.0000000000
49070  -48.734  -45.074  38.737 0.0000000000
50543  -49.314  -44.127  38.610 0.0000000000
58144  -51.219  -38.455  38.493 0.0000000000
60621  -51.179  -36.399  39.372 0.0000000000
61809  -50.930  -35.774  39.325 0.0000000000
64229  -50.833  -33.918  40.168 0.0000000000
65564  -50.696  -33.043  39.699 0.0000000000
66884  -51.564  -31.665  40.750 0.0000000000
66899  -51.572  -31.631  39.699 0.0000000000
65578  -51.466  -32.103  38.899 0.0000000000
66917  -51.930  -31.361  38.719 0.0000000000
66938  -51.731  -31.156  37.782 0.0000000000
68223  -53.119  -30.535  37.987 0.0000000000
68224  -53.504  -30.666  37.979 0.0000000000
66919  -54.169  -31.039  37.910 0.0000000000
70579  -55.017  -28.697  41.452 0.0000000000
69412  -54.197  -29.532  40.770 0.0000000000
69413  -54.776  -29.623  40.448 0.0000000000
66901  -55.229  -31.451  38.990 0.0000000000
65566  -55.441  -31.776  38.614 0.0000000000
66942  -55.262  -31.853  37.492 0.0000000000
66921  -55.329  -31.874  38.156 0.0000000000
65592  -55.640  -32.671  37.320 0.0000000000
65593  -56.410  -32.851  37.945 0.0000000000
64265  -56.492  -33.214  37.486 0.0000000000
63015  -57.292  -34.229  36.166 0.0000000000
64276  -57.354  -33.591  36.238 0.0000000000
66922  -57.271  -31.352  38.340 0.0000000000
65616  -57.336  -32.548  35.832 0.0000000000
64288  -57.393  -33.504  35.325 0.0000000000
65636  -57.438  -32.815  34.918 0.0000000000
67006  -56.593  -31.516  33.966 0.0000000000
65654  -57.149  -32.311  33.581 0.0000000000
72038  -59.051  -26.276  36.137 0.0000000000
73383  -58.851  -25.856  36.519 0.0000000000
70659  -58.430  -28.286  36.280 0.0000000000
70713  -59.686  -27.684  33.683 0.0000000000
72076  -59.675  -27.270  34.460 0.0000000000
70691  -59.254  -27.838  34.162 0.0000000000
70690  -58.578  -28.124  34.389 0.0000000000
70688  -56.982  -28.816  34.694 0.0000000000
69511  -56.253  -29.387  33.643 0.0000000000
68299  -55.944  -30.205  31.944 0.0000000000
68283  -55.989  -30.192  32.576 0.0000000000
68312  -56.036  -30.931  31.781 0.0000000000
67062  -55.954  -31.764  30.489 0.0000000000
67048  -55.647  -30.881  30.799 0.0000000000
69570  -55.137  -29.598  29.735 0.0000000000
68336  -54.773  -30.409  29.316 0.0000000000
68352  -54.682  -30.388  28.650 0.0000000000
67087  -54.719  -31.143  28.480 0.0000000000
70796  -57.639  -28.351  29.465 0.0000000000
70820  -56.374  -28.388  28.591 0.0000000000
70845  -55.571  -28.437  27.429 0.0000000000
69623  -55.059  -29.027  27.136 0.0000000000
69606  -54.583  -29.603  27.466 0.0000000000
73500  -60.998  -26.569  29.462 0.0000000000
72153  -62.267  -27.796  29.387 0.0000000000
73501  -61.713  -27.243  29.359 0.0000000000
70851  -62.083  -28.218  28.232 0.0000000000
70849  -60.517  -28.166  27.501 0.0000000000
73575  -62.334  -27.232  26.287 0.0000000000
72211  -61.975  -27.605  26.577 0.0000000000
72235  -62.217  -27.374  25.982 0.0000000000
72232  -59.613  -27.422  25.534 0.0000000000
72231  -58.555  -27.368  25.539 0.0000000000
31478  -24.675  -57.042  35.474 0.0000000000
32976  -24.046  -56.871  36.374 0.0000000000
32990  -23.999  -56.594  35.764 0.0000000000
35870  -23.599  -54.681  33.105 0.0000000000
34427  -23.233  -55.523  34.503 0.0000000000
37385  -22.367  -53.521  32.528 0.0000000000
38940  -23.102  -52.643  29.846 0.0000000000
38914  -22.588  -52.505  30.485 0.0000000000
38964  -22.962  -52.854  29.216 0.0000000000
37508  -22.615  -53.786  27.925 0.0000000000
32991  -29.300  -56.347  35.080 0.0000000000
31482  -28.676  -56.787  34.574 0.0000000000
31498  -28.488  -56.538  33.961 0.0000000000
34483  -27.475  -55.276  31.758 0.0000000000
33039  -27.255  -56.194  32.386 0.0000000000
34482  -26.895  -55.656  31.203 0.0000000000
33077  -26.018  -56.507  30.711 0.0000000000
34504  -26.435  -55.568  30.470 0.0000000000
38942  -27.449  -52.567  29.903 0.0000000000
37438  -27.318  -53.537  30.504 0.0000000000
35980  -25.612  -54.031  28.544 0.0000000000
35960  -25.235  -54.878  28.784 0.0000000000
34523  -25.264  -55.203  29.220 0.0000000000
34536  -24.785  -54.846  28.540 0.0000000000
37532  -28.792  -54.130  26.041 0.0000000000
34593  -28.318  -55.152  25.654 0.0000000000
41851  -37.725  -49.538  37.935 0.0000000000
43421  -36.526  -49.254  36.697 0.0000000000
43395  -36.630  -49.592  37.271 0.0000000000
43420  -35.785  -49.329  36.738 0.0000000000
43448  -35.283  -49.320  36.514 0.0000000000
44896  -35.457  -48.807  35.944 0.0000000000
46339  -35.650  -47.077  34.057 0.0000000000
47718  -33.412  -46.864  33.349 0.0000000000
46338  -34.650  -47.176  33.850 0.0000000000
46314  -34.033  -47.536  34.334 0.0000000000
44955  -32.584  -48.063  34.124 0.0000000000
47750  -30.525  -46.900  31.300 0.0000000000
46370  -30.842  -47.075  31.970 0.0000000000
46388  -29.953  -47.149  30.838 0.0000000000
46403  -28.943  -47.147  29.915 0.0000000000
52042  -32.343  -43.281  27.318 0.0000000000
50656  -32.597  -43.945  29.079 0.0000000000
52023  -31.886  -43.533  27.920 0.0000000000
49225  -30.921  -45.441  26.259 0.0000000000
50687  -30.285  -44.480  27.423 0.0000000000
50699  -29.732  -44.883  27.003 0.0000000000
50653  -29.942  -44.726  28.695 0.0000000000
49214  -29.430  -45.609  27.457 0.0000000000
46435  -29.487  -47.515  27.288 0.0000000000
47803  -29.016  -46.421  27.612 0.0000000000
46434  -28.406  -47.546  27.718 0.0000000000
60662  -50.167  -36.155  36.355 0.0000000000
58161  -50.160  -38.643  37.493 0.0000000000
59412  -49.756  -37.714  37.102 0.0000000000
64429  -57.479  -33.644  29.462 0.0000000000
64428  -56.850  -33.507  28.804 0.0000000000
40275  -35.749  -51.262  40.555 0.0000000000
38793  -36.188  -52.103  39.841 0.0000000000
40291  -36.134  -51.257  39.838 0.0000000000
40305  -36.643  -51.265  39.305 0.0000000000
40306  -36.800  -51.038  38.892 0.0000000000
61967  -51.808  -35.321  28.713 0.0000000000
67023  -54.380  -32.318  33.630 0.0000000000
64332  -55.269  -33.245  33.400 0.0000000000
43404  -45.688  -49.197  37.930 0.0000000000
44856  -45.002  -48.960  37.264 0.0000000000
44882  -45.731  -48.277  36.934 0.0000000000
46305  -45.223  -47.485  36.006 0.0000000000
58255  -43.212  -38.797  32.056 0.0000000000
59480  -42.567  -37.929  31.152 0.0000000000
59494  -42.126  -37.601  30.588 0.0000000000
60735  -41.401  -37.041  29.196 0.0000000000
61961  -40.996  -36.209  28.335 0.0000000000
65766  -48.869  -32.746  27.764 0.0000000000
64444  -49.161  -33.398  27.418 0.0000000000
63158  -49.505  -34.280  27.276 0.0000000000
73444  -60.558  -26.236  32.318 0.0000000000
72108  -60.555  -27.080  32.798 0.0000000000
70757  -60.676  -27.634  31.739 0.0000000000
70777  -61.140  -28.258  30.858 0.0000000000
70799  -61.090  -28.364  29.787 0.0000000000
26966  -27.334  -58.856  36.688 0.0000000000
28382  -26.533  -58.220  35.620 0.0000000000
28383  -26.972  -58.505  36.114 0.0000000000
29937  -27.117  -57.835  34.283 0.0000000000
31496  -27.324  -57.340  33.371 0.0000000000
43493  -28.289  -50.105  30.925 0.0000000000
41931  -27.563  -50.527  30.067 0.0000000000
43500  -27.469  -49.959  29.837 0.0000000000
41962  -27.037  -49.989  28.386 0.0000000000
42000  -27.547  -50.226  27.069 0.0000000000
42001  -28.172  -50.331  26.620 0.0000000000
42002  -29.344  -50.545  26.643 0.0000000000
49164  -37.966  -46.011  31.018 0.0000000000
47755  -37.989  -46.103  31.616 0.0000000000
49163  -37.429  -45.763  31.149 0.0000000000
49180  -37.012  -45.463  30.410 0.0000000000
50659  -35.580  -44.538  29.633 0.0000000000
64366  -49.206  -32.753  31.648 0.0000000000
65666  -50.065  -32.564  32.254 0.0000000000
50584  -48.803  -44.046  37.283 0.0000000000
50583  -48.121  -44.271  37.104 0.0000000000
51947  -48.545  -43.375  37.040 0.0000000000
56982  -47.842  -39.190  35.790 0.0000000000
57000  -45.836  -38.819  34.832 0.0000000000
58223  -45.301  -38.400  33.956 0.0000000000
58207  -45.719  -38.359  34.385 0.0000000000
60706  -44.996  -36.501  32.747 0.0000000000
60707  -45.660  -36.083  32.772 0.0000000000
63065  -48.356  -34.618  33.202 0.0000000000
64348  -48.109  -33.856  32.220 0.0000000000
64365  -48.632  -32.992  31.543 0.0000000000
34396  -31.562  -55.736  38.590 0.0000000000
34402  -31.400  -55.554  38.136 0.0000000000
34403  -31.547  -55.093  38.467 0.0000000000
35838  -31.266  -54.820  38.222 0.0000000000
37352  -31.097  -53.784  37.665 0.0000000000
40344  -33.088  -51.301  37.659 0.0000000000
40369  -32.420  -51.494  37.265 0.0000000000
40383  -32.296  -51.158  36.707 0.0000000000
41893  -31.791  -50.884  35.584 0.0000000000
41909  -31.420  -50.554  34.873 0.0000000000
41913  -30.493  -50.473  33.634 0.0000000000
41914  -30.903  -50.093  34.258 0.0000000000
43484  -30.967  -49.445  33.653 0.0000000000
65752  -52.303  -32.934  28.678 0.0000000000
65730  -52.628  -32.531  29.176 0.0000000000
64403  -53.288  -33.477  29.155 0.0000000000
63114  -55.090  -34.171  30.362 0.0000000000
63125  -55.384  -34.943  29.761 0.0000000000
60760  -55.540  -36.697  29.153 0.0000000000
64356  -58.477  -34.186  32.508 0.0000000000
41794  -40.725  -50.240  40.416 0.0000000000
43352  -40.145  -49.497  39.057 0.0000000000
43375  -41.331  -49.655  37.924 0.0000000000
43400  -41.373  -49.600  37.476 0.0000000000
44933  -42.887  -48.401  34.869 0.0000000000
44903  -42.502  -48.771  35.283 0.0000000000
46322  -42.195  -47.803  34.187 0.0000000000
46344  -40.837  -47.333  33.324 0.0000000000
47759  -40.894  -45.917  31.801 0.0000000000
50580  -45.020  -44.066  36.302 0.0000000000
50594  -45.067  -44.761  36.210 0.0000000000
51960  -44.592  -43.347  35.828 0.0000000000
51970  -43.903  -43.935  35.301 0.0000000000
51969  -43.621  -43.392  34.812 0.0000000000
55784  -41.724  -41.111  32.054 0.0000000000
54557  -41.728  -41.648  32.549 0.0000000000
54572  -41.357  -41.570  31.873 0.0000000000
53337  -40.899  -42.321  31.726 0.0000000000
51998  -40.668  -43.346  31.749 0.0000000000
41732  -39.413  -49.463  43.099 0.0000000000
44809  -43.719  -48.707  41.076 0.0000000000
43337  -44.317  -48.573  39.578 0.0000000000
47638  -48.323  -45.484  39.035 0.0000000000
61795  -51.493  -35.961  40.955 0.0000000000
62977  -51.077  -35.249  39.873 0.0000000000
62964  -51.193  -34.990  40.631 0.0000000000
64230  -51.071  -34.361  40.535 0.0000000000
64223  -51.313  -33.801  41.167 0.0000000000
66885  -52.120  -31.060  41.278 0.0000000000
66900  -52.127  -30.950  40.366 0.0000000000
68190  -52.853  -30.402  39.989 0.0000000000
68191  -53.826  -30.164  39.651 0.0000000000
71954  -55.763  -27.579  41.056 0.0000000000
70592  -55.435  -28.417  41.131 0.0000000000
68171  -55.303  -29.952  40.224 0.0000000000
68172  -55.806  -30.327  40.132 0.0000000000
66902  -55.733  -31.318  39.412 0.0000000000
65567  -55.743  -31.852  38.717 0.0000000000
64253  -55.958  -32.831  38.132 0.0000000000
65581  -56.223  -32.437  38.347 0.0000000000
65594  -56.959  -32.474  37.856 0.0000000000
74638  -59.237  -24.965  36.495 0.0000000000
73384  -59.240  -25.723  36.043 0.0000000000
72056  -59.383  -26.511  35.464 0.0000000000
70730  -57.692  -28.301  32.893 0.0000000000
69523  -56.186  -29.072  32.583 0.0000000000
68325  -55.412  -30.379  30.448 0.0000000000
69552  -55.516  -29.624  30.642 0.0000000000
72167  -57.192  -28.019  28.153 0.0000000000
70847  -56.837  -28.158  28.172 0.0000000000
72186  -55.971  -27.603  27.279 0.0000000000
70869  -55.338  -28.442  26.510 0.0000000000
73521  -61.706  -27.010  28.647 0.0000000000
73502  -62.279  -27.457  29.044 0.0000000000
73522  -61.960  -27.401  28.486 0.0000000000
70873  -61.729  -28.159  27.334 0.0000000000
72233  -60.651  -27.517  25.539 0.0000000000
31448  -22.675  -57.026  37.430 0.0000000000
33017  -24.612  -56.089  33.669 0.0000000000
33016  -24.007  -55.779  34.380 0.0000000000
34441  -24.462  -55.577  33.027 0.0000000000
34457  -24.179  -54.955  32.832 0.0000000000
35884  -23.700  -54.319  32.362 0.0000000000
37386  -23.017  -53.806  32.162 0.0000000000
37407  -23.486  -53.613  31.554 0.0000000000
37436  -23.727  -53.542  30.719 0.0000000000
37462  -23.692  -53.507  29.606 0.0000000000
34443  -28.936  -55.606  33.935 0.0000000000
34442  -28.508  -55.690  33.500 0.0000000000
34460  -28.157  -55.436  32.983 0.0000000000
34484  -27.953  -55.061  32.415 0.0000000000
38966  -26.370  -52.494  28.290 0.0000000000
37486  -26.079  -53.566  28.767 0.0000000000
37510  -25.090  -53.502  27.350 0.0000000000
36000  -24.194  -54.366  27.301 0.0000000000
34589  -24.558  -55.521  25.483 0.0000000000
34590  -25.572  -55.465  25.326 0.0000000000
33151  -26.940  -56.143  25.453 0.0000000000
33137  -27.447  -56.542  25.849 0.0000000000
43397  -38.183  -49.394  37.478 0.0000000000
44876  -37.050  -48.778  36.135 0.0000000000
44897  -36.542  -48.372  35.577 0.0000000000
47738  -34.710  -46.215  32.664 0.0000000000
47720  -35.190  -46.699  33.269 0.0000000000
47737  -33.535  -46.257  32.795 0.0000000000
46359  -32.806  -46.812  33.055 0.0000000000
46358  -32.121  -47.298  32.787 0.0000000000
47736  -32.381  -46.399  32.419 0.0000000000
47751  -31.425  -46.276  31.553 0.0000000000
47768  -30.369  -46.213  30.510 0.0000000000
46454  -31.124  -47.132  26.838 0.0000000000
47804  -30.118  -46.437  27.093 0.0000000000
63067  -49.725  -33.598  33.451 0.0000000000
65590  -50.859  -32.879  37.477 0.0000000000
54483  -50.108  -41.545  37.805 0.0000000000
54482  -49.426  -41.887  37.467 0.0000000000
54504  -49.512  -41.228  37.427 0.0000000000
55720  -49.218  -40.538  37.140 0.0000000000
58193  -48.221  -38.828  35.913 0.0000000000
59425  -47.583  -37.820  35.468 0.0000000000
59441  -47.388  -37.290  34.959 0.0000000000
60674  -47.109  -36.642  34.356 0.0000000000
64446  -56.768  -33.766  27.652 0.0000000000
34390  -34.355  -54.037  40.296 0.0000000000
35811  -34.210  -53.853  39.984 0.0000000000
38823  -34.631  -52.324  39.115 0.0000000000
38804  -35.756  -52.391  39.364 0.0000000000
40318  -34.292  -51.846  38.704 0.0000000000
40345  -34.054  -51.199  38.033 0.0000000000
41870  -33.886  -50.629  37.239 0.0000000000
43418  -33.646  -49.918  36.804 0.0000000000
67047  -53.460  -31.841  31.300 0.0000000000
67060  -53.483  -32.133  30.671 0.0000000000
65685  -54.056  -32.299  31.113 0.0000000000
65670  -54.588  -32.705  32.319 0.0000000000
64386  -55.227  -34.075  30.703 0.0000000000
63116  -56.490  -34.969  30.814 0.0000000000
61938  -56.918  -35.445  30.754 0.0000000000
63099  -56.874  -34.870  31.535 0.0000000000
63085  -56.740  -34.467  32.744 0.0000000000
43376  -42.902  -49.656  38.124 0.0000000000
41833  -42.266  -49.851  38.093 0.0000000000
43428  -43.430  -49.489  36.924 0.0000000000
44905  -43.911  -48.598  36.178 0.0000000000
44904  -43.305  -48.439  35.444 0.0000000000
47726  -42.949  -46.635  34.062 0.0000000000
54529  -43.810  -41.360  34.570 0.0000000000
55760  -43.481  -40.567  34.221 0.0000000000
55772  -43.127  -40.737  33.518 0.0000000000
55771  -42.745  -40.761  32.968 0.0000000000
57042  -42.615  -39.489  32.067 0.0000000000
55803  -42.079  -40.043  31.798 0.0000000000
55785  -42.188  -40.603  32.333 0.0000000000
55802  -41.475  -40.598  31.614 0.0000000000
57068  -40.679  -39.840  30.607 0.0000000000
55844  -39.861  -40.046  29.652 0.0000000000
58301  -39.789  -38.871  28.983 0.0000000000
59531  -39.487  -38.027  27.999 0.0000000000
59532  -40.138  -37.733  28.371 0.0000000000
64421  -46.485  -33.208  28.546 0.0000000000
64441  -46.191  -33.299  27.483 0.0000000000
63179  -48.000  -34.179  26.415 0.0000000000
71983  -56.388  -27.692  40.432 0.0000000000
68194  -56.797  -30.326  39.345 0.0000000000
69434  -57.140  -29.387  39.079 0.0000000000
69447  -57.456  -29.345  38.251 0.0000000000
69464  -57.637  -29.226  36.560 0.0000000000
74683  -60.178  -24.971  34.496 0.0000000000
73399  -59.834  -25.834  34.810 0.0000000000
73414  -60.236  -25.788  34.297 0.0000000000
72107  -60.357  -27.474  32.947 0.0000000000
70731  -58.953  -28.135  32.511 0.0000000000
72141  -57.529  -27.921  30.873 0.0000000000
70773  -56.884  -28.288  30.506 0.0000000000
70797  -58.740  -28.134  29.470 0.0000000000
72169  -58.477  -27.441  28.107 0.0000000000
75995  -61.776  -24.959  27.763 0.0000000000
74847  -62.081  -26.546  27.236 0.0000000000
73574  -62.326  -26.995  25.707 0.0000000000
29873  -24.275  -57.856  37.585 0.0000000000
31465  -24.986  -57.525  35.887 0.0000000000
31479  -25.407  -57.297  34.920 0.0000000000
29918  -26.171  -57.842  35.201 0.0000000000
29935  -25.985  -57.578  34.538 0.0000000000
33004  -25.272  -56.665  34.096 0.0000000000
33018  -25.367  -56.679  33.187 0.0000000000
33057  -25.195  -56.144  32.016 0.0000000000
33058  -25.510  -56.532  31.416 0.0000000000
38899  -28.372  -52.658  31.939 0.0000000000
38898  -27.713  -52.875  31.429 0.0000000000
38917  -27.883  -52.171  31.235 0.0000000000
38943  -27.764  -52.113  30.520 0.0000000000
38967  -27.210  -52.212  28.982 0.0000000000
40425  -27.511  -51.450  29.551 0.0000000000
38985  -26.210  -52.169  27.362 0.0000000000
37555  -27.482  -53.581  25.437 0.0000000000
37556  -28.320  -53.555  25.778 0.0000000000
39012  -28.622  -52.223  26.107 0.0000000000
39039  -29.193  -53.179  26.040 0.0000000000
46318  -38.535  -47.493  34.708 0.0000000000
44928  -37.968  -47.957  34.976 0.0000000000
46341  -37.984  -46.977  33.862 0.0000000000
47722  -37.205  -46.541  33.240 0.0000000000
47754  -37.046  -46.016  31.874 0.0000000000
47753  -36.346  -46.020  32.111 0.0000000000
47739  -35.760  -46.292  32.527 0.0000000000
49160  -34.098  -44.862  31.224 0.0000000000
49176  -32.849  -44.881  30.828 0.0000000000
65707  -51.539  -31.477  30.303 0.0000000000
67058  -51.858  -31.521  30.923 0.0000000000
67045  -51.859  -31.298  31.788 0.0000000000
64331  -50.110  -33.162  33.292 0.0000000000
65667  -50.543  -32.232  32.844 0.0000000000
67034  -50.825  -31.720  32.369 0.0000000000
47667  -47.960  -46.810  37.552 0.0000000000
46288  -47.184  -47.183  37.408 0.0000000000
47684  -47.390  -46.628  37.236 0.0000000000
51944  -45.614  -43.456  36.419 0.0000000000
54516  -45.033  -41.366  35.474 0.0000000000
54503  -48.801  -41.547  37.013 0.0000000000
54502  -47.926  -41.496  36.428 0.0000000000
54519  -47.143  -41.300  36.288 0.0000000000
55744  -47.039  -40.527  36.050 0.0000000000
54518  -46.559  -41.167  36.106 0.0000000000
54517  -45.896  -41.276  35.784 0.0000000000
54530  -44.369  -41.315  34.993 0.0000000000
55761  -44.163  -40.436  34.701 0.0000000000
58221  -44.146  -38.907  33.342 0.0000000000
58222  -44.729  -38.589  33.700 0.0000000000
58238  -44.330  -38.427  33.100 0.0000000000
59470  -43.672  -38.163  32.203 0.0000000000
59482  -43.919  -37.591  32.019 0.0000000000
60715  -43.176  -37.158  31.161 0.0000000000
61933  -43.457  -35.810  30.173 0.0000000000
61934  -44.366  -35.202  30.322 0.0000000000
63111  -44.904  -34.520  30.179 0.0000000000
63112  -45.431  -34.012  30.213 0.0000000000
63064  -47.567  -34.871  33.047 0.0000000000
63080  -46.722  -34.648  32.059 0.0000000000
64380  -46.166  -33.577  30.215 0.0000000000
64400  -46.673  -33.239  29.618 0.0000000000
65725  -47.909  -32.802  29.244 0.0000000000
65703  -48.101  -32.634  29.834 0.0000000000
65748  -48.722  -32.459  28.384 0.0000000000
67085  -48.714  -32.334  28.707 0.0000000000
65749  -49.508  -32.471  28.324 0.0000000000
73480  -59.873  -26.435  29.914 0.0000000000
73499  -60.349  -26.418  29.619 0.0000000000
74777  -60.566  -26.157  29.186 0.0000000000
74802  -60.907  -25.797  28.553 0.0000000000
75977  -61.528  -24.994  28.165 0.0000000000
78362  -59.838  -22.585  28.595 0.0000000000
75994  -61.140  -24.274  27.890 0.0000000000
76013  -60.502  -23.837  26.782 0.0000000000
31453  -29.153  -57.430  36.757 0.0000000000
32977  -29.603  -56.340  36.229 0.0000000000
34409  -30.168  -55.601  36.307 0.0000000000
34417  -29.683  -55.605  35.588 0.0000000000
34428  -29.358  -55.622  34.603 0.0000000000
35872  -29.367  -54.871  34.033 0.0000000000
37375  -29.218  -53.717  33.608 0.0000000000
35831  -33.132  -53.807  39.348 0.0000000000
37342  -31.646  -53.532  38.162 0.0000000000
38857  -31.558  -52.364  37.019 0.0000000000
38862  -31.138  -52.552  35.828 0.0000000000
37359  -30.775  -53.215  35.913 0.0000000000
38873  -29.641  -52.774  33.691 0.0000000000
38883  -29.174  -52.509  33.180 0.0000000000
40393  -28.778  -51.957  32.519 0.0000000000
40401  -28.951  -51.139  32.354 0.0000000000
41924  -28.773  -50.493  31.952 0.0000000000
41918  -30.098  -50.542  32.917 0.0000000000
43494  -28.761  -49.620  31.345 0.0000000000
45014  -28.267  -48.484  29.585 0.0000000000
50677  -36.872  -44.111  28.587 0.0000000000
63140  -52.301  -34.386  28.544 0.0000000000
61949  -52.529  -35.686  28.981 0.0000000000
63123  -53.749  -34.311  29.024 0.0000000000
61950  -53.686  -35.303  28.888 0.0000000000
64389  -58.655  -34.021  31.472 0.0000000000
64407  -58.505  -33.868  30.760 0.0000000000
43332  -37.244  -48.990  40.254 0.0000000000
43350  -37.331  -49.499  39.468 0.0000000000
43424  -39.229  -49.087  36.773 0.0000000000
44900  -39.858  -47.886  35.721 0.0000000000
40373  -42.220  -50.661  37.264 0.0000000000
41873  -42.022  -50.347  36.941 0.0000000000
43426  -41.650  -49.388  36.588 0.0000000000
44880  -41.057  -48.600  36.168 0.0000000000
46300  -39.168  -47.416  34.984 0.0000000000
46319  -39.553  -47.334  34.383 0.0000000000
46362  -40.191  -47.253  32.510 0.0000000000
47756  -38.780  -46.357  31.493 0.0000000000
49196  -38.559  -45.183  29.807 0.0000000000
47683  -46.478  -46.688  36.686 0.0000000000
47682  -45.882  -46.768  36.349 0.0000000000
47698  -45.227  -46.745  35.790 0.0000000000
49109  -44.212  -45.991  35.217 0.0000000000
49121  -43.813  -46.278  34.878 0.0000000000
49132  -43.018  -46.113  34.112 0.0000000000
49131  -42.714  -45.707  33.792 0.0000000000
53305  -43.657  -42.422  34.507 0.0000000000
51978  -43.129  -43.567  34.195 0.0000000000
53320  -42.263  -42.656  33.120 0.0000000000
51977  -42.601  -43.378  33.583 0.0000000000
50610  -43.034  -44.383  34.226 0.0000000000
50609  -42.546  -44.404  33.745 0.0000000000
50608  -42.063  -44.989  33.335 0.0000000000
49130  -41.726  -45.776  32.996 0.0000000000
49167  -41.011  -45.454  31.744 0.0000000000
49166  -40.563  -45.302  31.342 0.0000000000
50646  -40.270  -44.764  30.709 0.0000000000
49184  -40.144  -45.220  30.763 0.0000000000
49183  -39.668  -45.202  30.302 0.0000000000
50662  -38.147  -44.408  29.289 0.0000000000
50678  -37.606  -44.059  28.725 0.0000000000
60641  -51.273  -37.029  38.301 0.0000000000
60622  -51.230  -36.970  40.010 0.0000000000
29864  -25.526  -58.740  38.526 0.0000000000
28335  -26.026  -58.878  37.920 0.0000000000
26926  -26.507  -59.024  37.521 0.0000000000
26896  -26.758  -59.435  38.223 0.0000000000
26927  -26.901  -59.229  37.298 0.0000000000
26948  -27.836  -59.664  36.358 0.0000000000
28352  -28.051  -58.761  36.660 0.0000000000
29889  -28.549  -58.229  36.796 0.0000000000
29865  -29.011  -58.460  38.159 0.0000000000
29876  -29.330  -57.891  37.642 0.0000000000
31441  -30.534  -57.244  37.902 0.0000000000
31424  -31.595  -56.907  39.483 0.0000000000
32954  -31.755  -56.287  39.337 0.0000000000
34388  -33.240  -55.199  40.151 0.0000000000
34367  -33.807  -54.940  40.954 0.0000000000
35788  -34.306  -54.567  41.228 0.0000000000
34368  -34.336  -54.240  40.507 0.0000000000
35780  -34.802  -54.043  41.104 0.0000000000
38780  -35.421  -52.281  40.868 0.0000000000
41773  -35.582  -50.246  40.984 0.0000000000
43283  -37.026  -49.381  42.269 0.0000000000
43309  -37.073  -49.135  41.292 0.0000000000
43310  -38.311  -49.151  41.039 0.0000000000
41754  -39.442  -49.509  42.164 0.0000000000
40292  -40.332  -49.798  41.262 0.0000000000
40294  -40.942  -50.248  40.859 0.0000000000
41795  -41.375  -50.262  40.474 0.0000000000
41796  -42.102  -49.735  39.980 0.0000000000
43356  -45.086  -48.903  39.061 0.0000000000
43405  -46.042  -49.006  38.027 0.0000000000
44859  -47.015  -47.712  37.875 0.0000000000
46241  -46.288  -47.342  38.792 0.0000000000
47653  -46.544  -47.192  38.673 0.0000000000
46256  -47.497  -47.346  38.069 0.0000000000
46272  -48.012  -47.232  37.901 0.0000000000
47668  -48.266  -46.686  37.891 0.0000000000
49083  -49.220  -44.943  38.175 0.0000000000
50562  -49.198  -44.288  37.720 0.0000000000
51923  -49.983  -43.088  37.949 0.0000000000
51879  -50.148  -42.977  39.033 0.0000000000
51924  -50.532  -42.211  38.179 0.0000000000
53255  -50.443  -42.179  37.942 0.0000000000
54484  -50.792  -41.526  38.033 0.0000000000
55694  -50.728  -40.771  37.894 0.0000000000
56911  -51.023  -39.182  38.094 0.0000000000
58162  -50.878  -38.511  37.982 0.0000000000
59397  -51.107  -37.574  37.978 0.0000000000
61824  -50.675  -35.690  38.507 0.0000000000
62988  -50.599  -34.760  38.227 0.0000000000
65542  -50.996  -33.307  41.078 0.0000000000
65543  -51.287  -32.638  41.248 0.0000000000
65565  -51.128  -32.389  39.421 0.0000000000
66939  -52.465  -30.806  37.405 0.0000000000
68222  -52.406  -30.696  38.045 0.0000000000
66963  -54.733  -31.758  36.278 0.0000000000
69397  -53.899  -29.390  41.397 0.0000000000
69431  -54.173  -29.782  40.270 0.0000000000
68192  -54.978  -30.529  39.601 0.0000000000
66920  -54.899  -31.415  38.275 0.0000000000
65605  -55.423  -32.861  36.382 0.0000000000
64286  -56.077  -33.705  36.047 0.0000000000
64264  -55.938  -33.057  37.788 0.0000000000
64287  -56.722  -34.259  35.737 0.0000000000
63027  -57.082  -34.411  35.747 0.0000000000
65672  -57.817  -32.976  33.212 0.0000000000
65635  -57.052  -32.290  34.477 0.0000000000
69465  -58.039  -28.693  36.570 0.0000000000
70658  -57.942  -28.673  36.359 0.0000000000
72057  -59.689  -26.111  35.051 0.0000000000
70672  -58.412  -28.218  35.289 0.0000000000
68268  -56.309  -30.526  34.392 0.0000000000
69510  -55.982  -29.735  32.897 0.0000000000
67038  -56.471  -31.607  32.117 0.0000000000
65711  -55.749  -31.902  29.883 0.0000000000
65732  -55.472  -31.985  29.162 0.0000000000
67073  -55.053  -31.256  29.381 0.0000000000
67088  -55.176  -31.670  28.709 0.0000000000
67097  -54.623  -31.367  27.529 0.0000000000
69588  -55.183  -29.201  28.731 0.0000000000
70819  -55.624  -28.586  28.300 0.0000000000
69587  -54.814  -29.721  28.265 0.0000000000
72144  -61.554  -27.783  29.984 0.0000000000
70800  -61.863  -28.061  29.688 0.0000000000
70825  -61.805  -28.449  28.913 0.0000000000
70826  -62.516  -28.209  28.992 0.0000000000
70848  -59.785  -27.666  27.591 0.0000000000
72189  -59.028  -27.560  27.345 0.0000000000
72207  -58.258  -27.362  26.507 0.0000000000
73558  -62.204  -27.222  26.970 0.0000000000
72208  -59.289  -27.560  26.411 0.0000000000
31438  -23.538  -57.444  37.470 0.0000000000
31449  -23.162  -57.127  37.110 0.0000000000
32989  -22.911  -56.272  35.796 0.0000000000
33002  -23.589  -56.066  35.055 0.0000000000
38894  -21.059  -52.562  31.236 0.0000000000
38881  -22.351  -52.983  31.825 0.0000000000
38895  -22.057  -52.477  31.267 0.0000000000
31481  -28.321  -57.383  34.853 0.0000000000
31497  -28.223  -57.154  33.791 0.0000000000
33020  -28.155  -56.309  33.241 0.0000000000
31516  -27.162  -57.020  32.529 0.0000000000
31515  -26.513  -57.108  32.453 0.0000000000
31530  -26.225  -56.974  31.486 0.0000000000
33076  -25.686  -56.428  30.838 0.0000000000
34481  -25.386  -55.939  30.964 0.0000000000
37409  -27.514  -53.391  31.144 0.0000000000
35937  -26.944  -54.516  30.297 0.0000000000
37464  -26.386  -53.810  29.340 0.0000000000
35962  -26.529  -54.323  29.644 0.0000000000
35936  -26.405  -54.943  29.755 0.0000000000
34524  -25.914  -55.281  29.686 0.0000000000
35959  -24.360  -54.811  29.171 0.0000000000
35958  -24.048  -54.248  29.257 0.0000000000
35977  -23.837  -54.151  28.718 0.0000000000
36019  -23.397  -54.780  26.796 0.0000000000
35999  -23.353  -54.176  27.659 0.0000000000
36044  -27.096  -54.526  25.215 0.0000000000
41811  -36.977  -49.828  38.904 0.0000000000
41829  -36.884  -49.869  38.578 0.0000000000
40348  -36.353  -50.689  38.176 0.0000000000
43396  -37.318  -49.510  37.393 0.0000000000
41849  -36.482  -50.033  37.851 0.0000000000
40347  -36.039  -50.897  37.943 0.0000000000
41847  -35.397  -50.266  37.443 0.0000000000
43447  -34.550  -49.482  36.496 0.0000000000
46317  -37.389  -47.669  34.858 0.0000000000
46298  -36.815  -47.962  35.205 0.0000000000
44927  -35.840  -48.291  35.440 0.0000000000
46315  -34.984  -47.654  34.563 0.0000000000
44926  -35.191  -48.311  35.197 0.0000000000
44894  -33.213  -48.707  35.339 0.0000000000
44923  -32.187  -48.546  34.714 0.0000000000
44954  -32.032  -48.179  33.800 0.0000000000
44972  -30.820  -48.467  32.832 0.0000000000
46357  -31.054  -47.842  32.602 0.0000000000
46356  -30.364  -47.981  32.329 0.0000000000
46368  -29.559  -48.080  31.140 0.0000000000
46386  -28.679  -48.037  30.221 0.0000000000
45025  -28.151  -48.235  29.133 0.0000000000
50675  -35.123  -43.945  28.952 0.0000000000
50674  -34.622  -43.722  29.151 0.0000000000
52025  -33.637  -43.575  28.166 0.0000000000
50658  -34.589  -43.985  29.755 0.0000000000
50657  -33.553  -43.917  29.665 0.0000000000
50641  -32.753  -44.527  30.018 0.0000000000
50640  -31.809  -44.607  29.654 0.0000000000
50688  -31.013  -44.236  27.087 0.0000000000
50655  -31.498  -44.250  28.998 0.0000000000
50639  -31.151  -44.572  29.464 0.0000000000
49174  -30.781  -44.921  30.093 0.0000000000
47782  -30.065  -45.539  29.722 0.0000000000
47792  -29.036  -45.751  28.636 0.0000000000
49213  -29.080  -45.931  27.675 0.0000000000
49204  -28.930  -45.850  27.954 0.0000000000
46417  -28.078  -47.647  28.656 0.0000000000
46433  -27.794  -47.990  27.993 0.0000000000
45065  -28.386  -49.178  26.884 0.0000000000
43548  -29.600  -49.534  26.911 0.0000000000
26895  -26.568  -59.305  38.267 0.0000000000
26897  -27.074  -59.573  38.128 0.0000000000
26908  -26.526  -59.240  38.022 0.0000000000
26909  -26.838  -59.427  37.762 0.0000000000
26928  -27.307  -59.245  37.086 0.0000000000
26929  -27.931  -59.576  36.643 0.0000000000
26947  -27.004  -59.014  36.854 0.0000000000
26949  -28.010  -59.854  36.372 0.0000000000
26967  -27.790  -59.372  36.685 0.0000000000
26968  -27.977  -60.032  35.960 0.0000000000
28327  -26.967  -59.472  38.746 0.0000000000
28337  -28.041  -58.882  37.303 0.0000000000
28351  -28.128  -58.514  36.338 0.0000000000
28366  -26.705  -58.597  36.575 0.0000000000
28368  -27.830  -59.378  36.729 0.0000000000
28384  -27.642  -58.723  36.504 0.0000000000
28385  -27.869  -59.647  36.425 0.0000000000
29848  -31.292  -57.767  39.984 0.0000000000
29853  -25.137  -58.797  39.260 0.0000000000
29854  -25.756  -58.917  39.094 0.0000000000
29866  -29.589  -58.358  38.507 0.0000000000
29871  -22.787  -57.538  37.927 0.0000000000
29875  -28.661  -58.353  37.596 0.0000000000
29877  -30.041  -57.790  38.053 0.0000000000
29890  -28.917  -57.951  37.198 0.0000000000
29903  -28.236  -58.243  35.965 0.0000000000
29904  -28.508  -58.090  36.209 0.0000000000
29921  -27.922  -57.629  34.978 0.0000000000
31425  -31.996  -56.800  40.011 0.0000000000
31437  -22.911  -57.400  37.629 0.0000000000
31439  -29.430  -57.555  37.300 0.0000000000
31450  -24.055  -57.264  36.875 0.0000000000
31451  -24.631  -57.592  36.482 0.0000000000
31464  -24.420  -57.152  36.145 0.0000000000
31466  -28.177  -57.961  35.554 0.0000000000
31480  -28.117  -57.718  35.286 0.0000000000
31547  -25.849  -57.017  31.019 0.0000000000
31548  -26.181  -56.947  30.969 0.0000000000
32962  -31.500  -56.188  38.758 0.0000000000
32963  -31.805  -55.995  39.234 0.0000000000
32968  -22.439  -56.720  37.500 0.0000000000
33021  -28.488  -56.058  33.875 0.0000000000
33037  -25.498  -56.647  32.266 0.0000000000
33040  -27.868  -55.907  32.754 0.0000000000
33059  -26.537  -56.409  31.294 0.0000000000
33060  -26.904  -55.828  31.719 0.0000000000
33136  -26.818  -56.562  25.671 0.0000000000
34397  -31.812  -55.420  38.989 0.0000000000
34410  -30.809  -55.696  37.252 0.0000000000
34418  -30.064  -55.278  35.803 0.0000000000
34522  -24.768  -55.058  28.869 0.0000000000
34537  -25.000  -55.015  28.669 0.0000000000
35789  -34.638  -54.156  40.709 0.0000000000
35810  -33.448  -54.343  39.765 0.0000000000
35847  -31.091  -54.204  38.217 0.0000000000
35854  -30.390  -54.778  35.837 0.0000000000
35860  -29.620  -54.752  34.872 0.0000000000
35885  -24.439  -54.807  32.276 0.0000000000
35909  -28.147  -54.462  31.972 0.0000000000
35935  -25.208  -55.338  30.782 0.0000000000
36022  -28.729  -54.856  25.864 0.0000000000
37292  -35.808  -52.577  40.074 0.0000000000
37305  -35.521  -52.819  39.712 0.0000000000
37324  -33.299  -53.233  39.178 0.0000000000
37325  -34.982  -52.506  39.231 0.0000000000
37341  -31.458  -53.019  37.530 0.0000000000
37350  -30.586  -54.232  36.182 0.0000000000
37374  -28.620  -54.193  33.175 0.0000000000
37376  -29.768  -53.173  34.006 0.0000000000
37406  -22.812  -53.363  31.868 0.0000000000
37437  -24.249  -54.174  30.445 0.0000000000
38781  -36.026  -51.957  40.330 0.0000000000
38802  -33.629  -52.994  39.272 0.0000000000
38803  -34.051  -52.844  39.345 0.0000000000
38806  -36.647  -51.591  38.761 0.0000000000
38821  -32.779  -52.765  38.487 0.0000000000
38826  -36.512  -51.445  38.623 0.0000000000
38858  -32.089  -52.010  37.231 0.0000000000
38861  -30.790  -53.077  35.570 0.0000000000
38882  -28.728  -52.776  32.669 0.0000000000
38896  -22.904  -52.884  31.270 0.0000000000
38913  -21.642  -52.500  30.333 0.0000000000
38915  -23.278  -52.970  30.498 0.0000000000
39036  -26.850  -52.738  25.656 0.0000000000
40293  -40.679  -50.054  41.030 0.0000000000
40307  -41.442  -49.771  39.176 0.0000000000
40308  -41.731  -49.657  38.821 0.0000000000
40322  -36.573  -50.829  38.542 0.0000000000
40324  -41.774  -49.819  38.134 0.0000000000
40325  -42.019  -50.071  37.732 0.0000000000
40349  -36.480  -50.509  38.288 0.0000000000
40350  -41.902  -50.516  37.252 0.0000000000
40351  -42.095  -50.460  37.442 0.0000000000
40368  -32.033  -51.717  36.856 0.0000000000
40370  -34.355  -50.730  37.447 0.0000000000
40372  -42.043  -50.812  36.950 0.0000000000
40471  -26.628  -51.604  27.180 0.0000000000
41813  -40.274  -50.049  39.845 0.0000000000
41830  -37.498  -49.654  38.200 0.0000000000
41831  -41.320  -49.677  38.418 0.0000000000
41846  -33.604  -51.013  37.532 0.0000000000
41848  -35.925  -50.137  37.580 0.0000000000
41852  -41.941  -49.969  37.198 0.0000000000
41853  -42.329  -50.110  37.514 0.0000000000
41869  -32.891  -50.582  37.104 0.0000000000
41872  -35.533  -49.801  37.221 0.0000000000
41874  -42.330  -50.388  37.102 0.0000000000
41895  -34.948  -49.566  36.823 0.0000000000
41896  -35.247  -49.561  36.942 0.0000000000
41923  -28.442  -50.632  31.196 0.0000000000
41943  -27.164  -49.855  28.966 0.0000000000
43353  -40.868  -49.662  38.772 0.0000000000
43379  -45.754  -48.943  38.384 0.0000000000
43380  -46.141  -48.801  38.083 0.0000000000
43419  -34.189  -49.935  37.095 0.0000000000
43452  -43.964  -49.203  36.568 0.0000000000
43471  -31.486  -49.476  34.456 0.0000000000
43508  -27.325  -49.701  29.044 0.0000000000
43509  -27.573  -49.536  29.329 0.0000000000
43510  -28.227  -49.046  29.651 0.0000000000
43525  -27.445  -49.513  28.935 0.0000000000
43526  -27.582  -49.233  28.616 0.0000000000
43569  -28.029  -49.582  26.975 0.0000000000
44840  -45.775  -48.377  38.621 0.0000000000
44842  -46.782  -48.006  38.050 0.0000000000
44857  -45.421  -48.861  37.388 0.0000000000
44874  -35.664  -49.059  36.377 0.0000000000
44953  -31.306  -48.471  33.228 0.0000000000
44985  -29.411  -48.571  31.172 0.0000000000
45000  -28.540  -48.518  30.230 0.0000000000
45042  -27.713  -48.572  28.115 0.0000000000
45043  -27.996  -48.584  27.561 0.0000000000
45064  -28.162  -49.004  27.080 0.0000000000
46271  -47.633  -47.213  37.690 0.0000000000
46299  -37.116  -48.084  35.285 0.0000000000
46313  -33.449  -47.528  34.057 0.0000000000
46334  -31.425  -48.107  32.976 0.0000000000
46337  -33.766  -47.223  33.739 0.0000000000
46373  -40.744  -46.503  31.906 0.0000000000
46387  -29.239  -47.867  30.563 0.0000000000
46402  -28.398  -47.802  29.786 0.0000000000
46416  -27.868  -48.126  28.283 0.0000000000
47618  -48.179  -45.409  39.185 0.0000000000
47709  -43.887  -46.889  34.837 0.0000000000
47743  -39.263  -46.635  31.985 0.0000000000
47767  -29.596  -46.956  30.230 0.0000000000
47770  -38.350  -46.145  31.021 0.0000000000
47805  -30.715  -46.889  26.870 0.0000000000
49147  -35.973  -45.866  32.095 0.0000000000
49148  -41.299  -45.547  32.139 0.0000000000
49165  -39.889  -45.591  31.085 0.0000000000
49177  -33.441  -44.823  31.069 0.0000000000
49178  -35.373  -44.899  30.563 0.0000000000
49191  -29.637  -45.152  29.035 0.0000000000
49192  -30.271  -45.108  29.445 0.0000000000
49197  -39.115  -45.168  29.967 0.0000000000
49224  -30.081  -45.454  26.742 0.0000000000
50630  -34.375  -44.607  30.856 0.0000000000
50670  -29.644  -44.817  28.390 0.0000000000
50671  -30.125  -44.513  28.225 0.0000000000
50672  -31.061  -44.040  28.087 0.0000000000
50686  -29.600  -44.809  27.723 0.0000000000
50700  -30.491  -44.761  26.602 0.0000000000
51899  -50.438  -42.496  38.437 0.0000000000
51900  -50.701  -42.025  38.279 0.0000000000
51925  -50.966  -41.972  38.179 0.0000000000
51943  -45.074  -43.459  36.228 0.0000000000
52012  -33.573  -43.581  28.918 0.0000000000
52013  -34.170  -43.643  29.255 0.0000000000
52024  -32.736  -43.643  28.098 0.0000000000
52041  -31.599  -43.717  27.307 0.0000000000
53270  -45.569  -42.842  36.229 0.0000000000
53292  -46.785  -41.677  36.191 0.0000000000
53319  -41.849  -42.196  32.911 0.0000000000
53328  -41.080  -42.782  32.161 0.0000000000
53338  -41.311  -42.191  32.196 0.0000000000
54579  -39.716  -41.640  29.968 0.0000000000
56957  -47.434  -40.085  36.101 0.0000000000
56978  -44.589  -39.999  34.927 0.0000000000
57040  -41.076  -39.913  31.191 0.0000000000
57043  -42.998  -39.176  32.213 0.0000000000
57085  -39.708  -39.494  29.359 0.0000000000
57087  -41.036  -39.236  30.340 0.0000000000
58163  -51.119  -38.026  38.206 0.0000000000
58281  -42.161  -38.289  31.031 0.0000000000
58319  -39.462  -38.599  28.448 0.0000000000
58320  -40.030  -38.402  28.820 0.0000000000
59439  -45.889  -37.808  34.197 0.0000000000
59550  -39.395  -37.667  27.198 0.0000000000
60690  -44.526  -37.543  32.871 0.0000000000
60753  -40.624  -36.717  28.159 0.0000000000
60754  -41.366  -36.530  28.682 0.0000000000
61908  -58.043  -35.397  32.021 0.0000000000
63014  -57.163  -34.437  36.045 0.0000000000
63084  -56.182  -34.229  32.514 0.0000000000
63097  -47.385  -33.894  31.786 0.0000000000
64222  -50.946  -33.570  40.794 0.0000000000
64312  -56.632  -34.125  35.280 0.0000000000
64398  -45.055  -33.109  29.162 0.0000000000
65544  -51.939  -32.356  41.912 0.0000000000
65579  -55.392  -31.855  38.407 0.0000000000
65747  -47.987  -32.572  28.490 0.0000000000
66886  -55.956  -30.884  39.721 0.0000000000
67068  -48.713  -32.213  28.972 0.0000000000
67069  -48.985  -32.168  28.676 0.0000000000
67070  -52.061  -31.512  30.180 0.0000000000
67086  -49.007  -32.361  28.488 0.0000000000
68173  -56.312  -30.277  39.855 0.0000000000
69492  -57.049  -29.117  35.266 0.0000000000
70591  -55.049  -28.340  41.534 0.0000000000
70593  -55.866  -28.158  40.885 0.0000000000
70605  -55.726  -28.558  40.771 0.0000000000
70617  -56.422  -28.501  40.056 0.0000000000
70871  -60.862  -28.242  26.883 0.0000000000
72105  -57.638  -28.131  32.288 0.0000000000
72143  -58.818  -28.080  31.104 0.0000000000
72154  -62.626  -27.821  29.025 0.0000000000
72185  -55.612  -28.056  27.016 0.0000000000
72187  -56.941  -27.608  27.642 0.0000000000
72191  -62.024  -27.776  27.566 0.0000000000
72204  -55.642  -27.799  26.793 0.0000000000
72205  -56.030  -27.307  26.618 0.0000000000
73413  -59.844  -25.287  34.914 0.0000000000
73541  -56.796  -26.972  27.244 0.0000000000
73556  -55.989  -26.928  27.128 0.0000000000
74668  -59.632  -24.989  35.606 0.0000000000
74804  -61.652  -26.795  28.223 0.0000000000
75820  -59.099  -24.768  36.462 0.0000000000
75821  -59.322  -24.835  36.380 0.0000000000
77186  -60.400  -23.343  26.847 0.0000000000
