#!ascii label  , from subject 3124 vox2ras=TkReg
1194
126831  40.520  22.585  18.605 0.0000000000
131628  49.215  28.323  22.422 0.0000000000
122181  50.960  17.536  26.646 0.0000000000
126766  38.289  22.689  21.841 0.0000000000
124143  42.048  19.682  24.557 0.0000000000
133068  43.819  30.031  20.640 0.0000000000
134514  44.248  31.992  25.727 0.0000000000
137382  45.758  36.375  25.440 0.0000000000
121188  50.734  16.387  34.613 0.0000000000
118320  46.969  13.314  32.528 0.0000000000
130137  46.501  25.875  17.517 0.0000000000
125946  46.951  21.284  21.511 0.0000000000
125956  49.859  21.480  19.951 0.0000000000
125014  50.799  20.730  27.554 0.0000000000
138848  42.892  38.269  20.231 0.0000000000
135256  46.222  33.834  23.400 0.0000000000
122153  44.647  17.289  28.940 0.0000000000
127672  39.781  23.245  21.162 0.0000000000
125893  40.440  21.307  24.462 0.0000000000
126762  42.625  22.410  22.093 0.0000000000
130098  42.132  26.276  20.445 0.0000000000
130100  40.027  26.641  19.570 0.0000000000
136637  43.189  35.074  29.107 0.0000000000
119311  49.811  14.315  36.756 0.0000000000
118280  50.089  13.349  35.822 0.0000000000
113810  52.492  10.056  36.720 0.0000000000
140184  45.246  40.616  17.676 0.0000000000
130890  48.762  27.653  19.851 0.0000000000
127699  48.789  23.035  17.495 0.0000000000
128518  48.468  25.002  19.794 0.0000000000
129256  49.992  25.208  25.969 0.0000000000
126736  49.877  22.897  25.073 0.0000000000
125882  49.530  21.901  28.018 0.0000000000
124993  49.081  20.459  30.758 0.0000000000
134500  48.783  33.126  25.970 0.0000000000
136684  47.674  35.850  24.506 0.0000000000
133808  48.772  31.529  22.637 0.0000000000
132347  47.478  29.780  21.356 0.0000000000
124158  49.303  18.890  23.221 0.0000000000
124115  46.203  19.598  24.795 0.0000000000
122164  47.788  18.218  27.249 0.0000000000
123178  40.403  18.654  25.653 0.0000000000
121274  41.322  16.708  27.441 0.0000000000
135299  44.577  33.590  19.992 0.0000000000
133838  42.803  32.189  19.853 0.0000000000
133030  46.860  30.505  24.001 0.0000000000
130073  46.386  26.354  22.081 0.0000000000
137415  38.484  36.516  23.542 0.0000000000
137425  41.335  36.094  22.590 0.0000000000
135948  45.425  34.416  26.387 0.0000000000
121227  51.261  16.957  30.995 0.0000000000
121240  48.602  16.349  30.644 0.0000000000
119343  49.392  14.951  33.509 0.0000000000
115026  49.547  10.552  32.917 0.0000000000
128549  43.579  24.664  17.234 0.0000000000
126800  44.364  22.335  19.918 0.0000000000
126824  46.947  22.496  17.799 0.0000000000
125100  49.408  20.629  19.052 0.0000000000
124170  51.926  18.639  23.082 0.0000000000
126759  48.541  22.228  22.127 0.0000000000
125903  50.969  21.385  23.911 0.0000000000
123133  51.560  18.437  27.157 0.0000000000
124082  51.171  18.959  30.905 0.0000000000
123076  49.970  18.305  34.128 0.0000000000
140817  43.013  41.056  18.561 0.0000000000
138184  45.323  37.664  18.685 0.0000000000
138120  46.072  37.262  22.121 0.0000000000
136718  45.805  35.688  21.621 0.0000000000
134561  45.815  31.779  21.627 0.0000000000
130862  45.369  27.819  21.417 0.0000000000
125074  44.573  20.861  23.227 0.0000000000
123152  43.247  18.162  26.683 0.0000000000
121256  42.325  15.863  29.179 0.0000000000
121232  45.980  16.178  31.202 0.0000000000
126803  40.462  22.447  19.553 0.0000000000
126763  41.323  23.007  21.952 0.0000000000
127682  41.710  22.912  19.926 0.0000000000
129344  41.739  25.608  18.773 0.0000000000
130902  41.137  26.712  19.159 0.0000000000
129334  41.253  25.406  19.841 0.0000000000
128520  40.520  24.803  20.443 0.0000000000
118256  48.959  13.339  36.824 0.0000000000
117182  50.517  12.381  37.503 0.0000000000
114961  50.745  10.520  37.982 0.0000000000
119387  39.922  14.239  28.274 0.0000000000
130858  49.775  27.969  21.332 0.0000000000
129327  48.797  25.784  19.402 0.0000000000
130081  48.848  26.812  21.175 0.0000000000
128465  49.073  24.330  26.753 0.0000000000
127627  49.524  23.828  26.532 0.0000000000
133780  48.638  31.423  24.109 0.0000000000
134520  49.258  32.563  24.228 0.0000000000
132337  49.564  29.866  22.828 0.0000000000
132361  48.936  29.058  21.441 0.0000000000
123169  50.057  18.369  25.467 0.0000000000
123147  48.458  18.624  26.057 0.0000000000
122163  49.038  18.008  27.414 0.0000000000
126751  37.594  22.439  22.560 0.0000000000
125895  38.376  21.515  24.340 0.0000000000
125892  41.372  21.077  24.273 0.0000000000
124145  40.399  19.838  24.979 0.0000000000
124119  40.820  19.223  25.138 0.0000000000
122188  40.990  17.302  26.253 0.0000000000
122207  41.589  17.775  25.902 0.0000000000
134570  44.196  32.102  20.429 0.0000000000
134577  44.064  32.232  19.821 0.0000000000
133077  43.550  30.801  20.556 0.0000000000
126806  38.201  22.562  19.968 0.0000000000
126789  37.257  22.698  20.440 0.0000000000
133783  45.225  31.123  24.452 0.0000000000
132326  45.802  29.230  23.150 0.0000000000
133032  44.529  30.508  24.448 0.0000000000
135219  43.641  33.738  26.725 0.0000000000
135935  44.608  34.818  27.092 0.0000000000
134503  44.759  32.806  25.848 0.0000000000
134512  46.370  32.343  25.454 0.0000000000
121199  51.306  16.852  32.804 0.0000000000
121220  50.524  16.400  32.541 0.0000000000
120307  49.999  15.492  34.006 0.0000000000
115015  51.406  10.529  34.340 0.0000000000
116144  49.472  11.572  34.373 0.0000000000
115025  50.423  10.380  32.961 0.0000000000
129355  44.817  25.011  17.857 0.0000000000
126852  45.175  23.453  17.146 0.0000000000
127724  46.091  23.606  17.000 0.0000000000
126810  49.147  22.237  18.557 0.0000000000
125974  49.075  21.797  18.294 0.0000000000
125106  50.650  20.251  18.684 0.0000000000
124181  51.066  19.060  20.757 0.0000000000
125082  51.284  19.632  21.310 0.0000000000
129293  45.903  24.875  22.853 0.0000000000
128497  47.018  24.200  21.804 0.0000000000
127647  47.308  22.813  23.018 0.0000000000
125887  50.648  21.599  26.171 0.0000000000
126738  50.281  22.160  24.676 0.0000000000
125020  51.195  20.470  25.694 0.0000000000
125019  51.863  20.125  25.011 0.0000000000
124100  51.347  19.490  27.473 0.0000000000
123120  51.431  18.460  29.274 0.0000000000
124095  50.600  20.161  29.098 0.0000000000
124967  48.642  20.227  32.417 0.0000000000
124966  49.608  20.130  32.242 0.0000000000
139545  42.913  39.799  18.857 0.0000000000
139544  43.875  39.164  18.725 0.0000000000
138856  43.886  38.139  19.538 0.0000000000
137397  43.681  36.186  24.295 0.0000000000
138113  42.848  36.572  22.896 0.0000000000
137409  45.089  36.695  23.862 0.0000000000
135970  46.717  35.030  24.279 0.0000000000
137423  46.421  36.635  22.871 0.0000000000
136707  46.224  35.855  22.668 0.0000000000
137437  46.380  36.609  21.610 0.0000000000
135985  45.464  34.740  22.558 0.0000000000
135986  45.449  34.020  22.018 0.0000000000
134548  46.163  32.523  21.985 0.0000000000
130892  47.194  27.134  19.619 0.0000000000
130861  46.420  27.966  21.338 0.0000000000
130111  45.681  25.805  19.333 0.0000000000
129330  44.095  25.353  19.161 0.0000000000
125960  45.904  21.897  20.648 0.0000000000
125948  44.820  21.888  21.835 0.0000000000
125928  46.196  21.278  22.711 0.0000000000
123137  46.244  18.510  27.444 0.0000000000
123174  44.820  18.927  25.562 0.0000000000
122167  44.373  17.627  28.084 0.0000000000
122155  43.058  17.144  28.360 0.0000000000
121263  44.051  16.916  29.067 0.0000000000
119360  47.572  14.426  32.580 0.0000000000
121241  47.259  16.604  30.725 0.0000000000
119368  46.545  14.376  31.739 0.0000000000
126787  38.987  22.764  21.262 0.0000000000
126749  39.595  22.295  22.889 0.0000000000
126764  40.111  22.864  22.224 0.0000000000
125910  41.055  21.704  23.701 0.0000000000
125909  42.123  21.370  23.753 0.0000000000
130864  43.282  27.457  21.685 0.0000000000
127685  39.065  23.291  20.467 0.0000000000
121180  50.623  16.110  35.489 0.0000000000
119319  50.258  14.458  35.686 0.0000000000
118279  50.299  13.363  36.374 0.0000000000
116111  51.993  11.317  36.452 0.0000000000
130109  47.619  26.606  18.918 0.0000000000
129364  47.255  25.245  17.049 0.0000000000
130134  48.326  26.056  17.785 0.0000000000
127692  48.940  23.887  18.774 0.0000000000
126795  49.109  22.441  19.727 0.0000000000
128469  48.217  24.049  25.165 0.0000000000
127633  48.366  23.476  24.756 0.0000000000
128468  49.283  24.276  25.612 0.0000000000
126732  50.693  22.803  26.578 0.0000000000
125881  50.129  21.357  27.959 0.0000000000
125008  50.081  20.861  29.023 0.0000000000
125869  49.467  21.201  28.857 0.0000000000
124994  48.141  20.414  30.985 0.0000000000
124984  47.173  20.908  31.933 0.0000000000
138850  41.070  38.237  20.149 0.0000000000
137371  47.288  35.470  26.328 0.0000000000
137394  46.616  36.987  24.850 0.0000000000
135960  48.521  34.865  25.792 0.0000000000
135975  48.761  34.063  24.051 0.0000000000
135270  47.851  32.896  22.998 0.0000000000
134547  47.377  32.259  22.588 0.0000000000
133818  48.328  31.185  22.094 0.0000000000
131656  48.058  28.459  20.529 0.0000000000
125071  47.988  19.951  22.267 0.0000000000
125056  46.729  20.281  23.192 0.0000000000
123197  47.637  19.368  24.721 0.0000000000
123136  46.996  18.519  26.997 0.0000000000
122151  46.860  17.935  28.184 0.0000000000
115036  47.235  10.889  31.785 0.0000000000
117248  45.957  12.467  32.149 0.0000000000
123180  38.543  18.842  25.713 0.0000000000
125894  39.409  21.415  24.429 0.0000000000
124121  39.144  19.724  25.448 0.0000000000
122190  39.180  17.326  26.350 0.0000000000
121291  39.723  16.580  26.650 0.0000000000
121275  40.330  16.181  27.179 0.0000000000
120356  40.324  15.064  28.245 0.0000000000
136057  45.011  34.091  18.249 0.0000000000
135319  43.521  33.237  18.298 0.0000000000
132324  48.002  29.924  23.104 0.0000000000
130850  47.678  27.675  21.938 0.0000000000
131617  46.406  28.747  22.601 0.0000000000
130852  45.824  26.782  22.668 0.0000000000
129287  45.462  25.227  23.532 0.0000000000
128471  46.073  24.679  24.930 0.0000000000
129259  47.394  25.656  26.117 0.0000000000
137413  40.157  36.039  23.471 0.0000000000
136686  41.903  35.435  24.027 0.0000000000
136669  44.079  35.768  25.814 0.0000000000
137373  45.620  36.060  26.271 0.0000000000
135229  47.416  33.776  26.238 0.0000000000
133765  48.175  31.669  25.166 0.0000000000
122147  51.008  17.600  28.357 0.0000000000
122138  49.780  17.437  29.123 0.0000000000
121239  49.841  16.614  30.583 0.0000000000
120325  49.075  15.481  32.567 0.0000000000
119345  47.821  13.837  33.352 0.0000000000
118291  49.533  13.387  35.282 0.0000000000
118308  48.512  13.319  34.269 0.0000000000
116159  47.663  11.868  33.189 0.0000000000
128551  42.011  24.012  18.013 0.0000000000
126816  43.085  22.616  18.909 0.0000000000
126827  43.889  22.819  18.088 0.0000000000
126814  45.056  22.132  18.856 0.0000000000
126797  47.105  22.043  20.025 0.0000000000
126836  47.504  22.762  16.719 0.0000000000
126811  48.183  22.076  18.775 0.0000000000
125093  48.400  20.717  20.585 0.0000000000
124183  49.224  19.565  21.733 0.0000000000
123209  50.335  18.628  23.100 0.0000000000
123207  51.809  17.849  24.038 0.0000000000
129302  47.650  25.525  21.124 0.0000000000
127669  47.992  23.606  20.966 0.0000000000
125944  48.879  21.788  21.363 0.0000000000
126740  48.965  22.717  23.802 0.0000000000
126758  49.212  22.063  22.551 0.0000000000
125942  50.694  20.652  21.343 0.0000000000
125054  52.117  19.285  23.605 0.0000000000
124112  52.994  18.554  24.823 0.0000000000
122180  51.411  17.855  26.899 0.0000000000
122146  51.508  17.831  28.746 0.0000000000
123116  51.440  18.326  30.299 0.0000000000
123074  51.166  17.916  32.784 0.0000000000
124076  50.476  19.920  31.140 0.0000000000
124062  50.245  19.329  32.792 0.0000000000
123069  50.475  17.694  34.298 0.0000000000
121189  49.763  16.736  35.171 0.0000000000
140816  43.822  41.314  18.781 0.0000000000
139543  44.944  39.146  17.709 0.0000000000
138183  46.392  37.474  18.427 0.0000000000
138104  45.931  37.450  24.060 0.0000000000
138151  44.593  37.265  20.443 0.0000000000
138150  45.646  37.293  20.366 0.0000000000
138148  47.182  36.940  20.211 0.0000000000
136743  47.033  35.827  19.331 0.0000000000
136730  45.403  35.072  20.935 0.0000000000
135289  44.580  33.248  21.429 0.0000000000
133067  44.814  30.350  21.042 0.0000000000
133065  46.846  30.496  22.209 0.0000000000
132349  45.352  29.509  21.359 0.0000000000
131643  44.839  28.575  21.381 0.0000000000
130096  44.315  26.083  20.582 0.0000000000
129331  43.175  25.501  19.230 0.0000000000
126783  43.564  22.446  21.050 0.0000000000
125931  43.202  21.889  22.642 0.0000000000
125037  43.084  20.373  24.214 0.0000000000
125035  45.171  19.809  23.951 0.0000000000
124117  44.210  19.425  24.704 0.0000000000
123199  43.021  18.958  25.094 0.0000000000
122186  42.491  17.637  26.894 0.0000000000
121265  42.191  16.427  28.484 0.0000000000
121251  47.847  17.130  29.522 0.0000000000
121252  46.655  16.679  29.572 0.0000000000
121253  45.677  16.472  29.566 0.0000000000
118329  45.154  13.333  31.463 0.0000000000
120347  44.330  15.314  30.073 0.0000000000
112637  51.089  9.164  36.579 0.0000000000
112692  52.324  9.225  34.603 0.0000000000
126804  40.235  22.405  19.318 0.0000000000
127683  40.920  22.575  19.948 0.0000000000
127694  41.423  22.452  19.461 0.0000000000
128539  41.569  24.473  18.693 0.0000000000
129333  41.544  25.218  19.121 0.0000000000
128540  40.710  23.783  18.833 0.0000000000
128531  40.742  24.026  19.652 0.0000000000
117183  49.731  12.539  37.606 0.0000000000
130848  49.845  28.116  21.990 0.0000000000
130080  49.321  27.307  20.908 0.0000000000
130859  49.267  27.658  21.627 0.0000000000
132323  49.255  29.509  23.199 0.0000000000
133042  48.836  30.538  23.293 0.0000000000
132336  49.537  29.278  22.755 0.0000000000
132344  49.848  29.267  22.234 0.0000000000
122205  50.450  17.829  25.726 0.0000000000
122182  49.952  17.765  26.321 0.0000000000
125913  37.924  22.160  23.579 0.0000000000
126750  38.599  22.469  22.815 0.0000000000
125039  41.718  20.402  24.399 0.0000000000
124144  41.213  19.770  24.744 0.0000000000
123201  41.525  19.232  24.905 0.0000000000
123177  41.384  18.624  25.468 0.0000000000
133076  44.208  30.732  20.637 0.0000000000
133829  44.167  31.436  20.509 0.0000000000
126788  38.120  22.564  20.785 0.0000000000
126807  37.710  22.768  19.817 0.0000000000
126767  37.371  22.468  21.499 0.0000000000
133768  44.498  31.318  24.885 0.0000000000
133784  44.713  31.034  24.528 0.0000000000
133015  44.191  30.782  24.681 0.0000000000
134504  43.905  32.562  26.005 0.0000000000
135232  44.242  33.314  26.288 0.0000000000
134513  45.232  32.219  25.455 0.0000000000
121200  50.853  16.588  33.588 0.0000000000
120306  50.666  15.859  34.274 0.0000000000
115024  51.249  10.407  33.299 0.0000000000
129354  45.716  25.273  17.502 0.0000000000
128559  45.667  24.303  17.158 0.0000000000
129366  46.166  25.001  16.961 0.0000000000
125966  49.623  21.422  18.961 0.0000000000
125972  50.233  20.892  18.310 0.0000000000
125965  50.495  20.824  19.179 0.0000000000
125097  51.247  19.937  19.345 0.0000000000
125090  51.216  20.247  20.588 0.0000000000
128487  45.888  24.486  23.544 0.0000000000
127648  46.654  23.465  23.198 0.0000000000
127638  46.966  23.250  23.904 0.0000000000
125885  50.857  21.408  26.601 0.0000000000
125016  51.064  20.901  26.682 0.0000000000
124105  51.212  19.869  26.500 0.0000000000
124101  51.106  20.244  27.158 0.0000000000
125006  51.046  20.152  28.014 0.0000000000
125007  50.460  20.530  28.524 0.0000000000
124968  47.748  20.413  32.533 0.0000000000
138858  42.460  38.724  19.659 0.0000000000
139532  42.135  39.477  19.063 0.0000000000
139531  43.015  39.140  19.309 0.0000000000
139530  43.454  38.731  19.301 0.0000000000
138857  43.176  38.557  19.709 0.0000000000
137396  44.592  36.294  24.383 0.0000000000
137410  44.323  36.485  23.642 0.0000000000
135244  46.803  34.173  24.290 0.0000000000
135976  46.376  35.002  23.409 0.0000000000
135271  45.629  33.573  22.511 0.0000000000
134532  46.230  33.203  22.648 0.0000000000
130110  46.724  26.311  19.061 0.0000000000
130094  46.286  26.689  19.942 0.0000000000
130124  46.118  25.923  18.268 0.0000000000
129340  45.295  25.434  18.391 0.0000000000
125959  46.618  21.673  20.629 0.0000000000
125947  45.833  21.675  21.639 0.0000000000
123129  45.450  17.877  28.264 0.0000000000
123138  45.137  18.050  27.561 0.0000000000
122166  45.065  17.721  28.385 0.0000000000
122154  43.822  17.274  28.580 0.0000000000
119367  47.134  14.952  31.798 0.0000000000
119361  46.944  13.905  32.159 0.0000000000
126786  39.593  22.984  21.750 0.0000000000
127659  39.965  23.210  21.783 0.0000000000
126747  41.765  22.268  23.024 0.0000000000
126746  42.617  21.909  23.025 0.0000000000
130085  42.802  26.637  21.314 0.0000000000
130086  42.243  26.713  21.143 0.0000000000
130114  40.564  26.584  19.288 0.0000000000
130894  40.772  27.142  19.593 0.0000000000
127684  40.211  23.300  20.144 0.0000000000
128521  39.464  24.233  20.547 0.0000000000
127673  39.129  22.960  20.862 0.0000000000
120270  50.190  15.147  36.445 0.0000000000
120282  50.473  15.253  35.968 0.0000000000
119310  50.187  14.287  36.500 0.0000000000
114941  51.484  10.787  37.686 0.0000000000
117181  51.143  11.876  37.327 0.0000000000
116089  52.675  11.266  36.752 0.0000000000
116123  53.044  10.994  35.456 0.0000000000
113842  53.179  10.149  35.577 0.0000000000
140815  44.768  42.058  18.596 0.0000000000
141475  45.486  42.748  18.706 0.0000000000
130891  48.039  27.399  19.564 0.0000000000
130911  48.165  27.055  17.224 0.0000000000
130121  48.374  26.499  18.108 0.0000000000
128529  48.268  25.062  19.632 0.0000000000
128528  48.458  24.738  19.430 0.0000000000
127679  49.056  23.070  18.946 0.0000000000
127680  48.695  23.747  19.746 0.0000000000
129265  48.779  24.872  25.848 0.0000000000
129264  49.727  25.070  25.855 0.0000000000
127621  49.409  23.288  26.986 0.0000000000
127620  50.112  23.328  26.761 0.0000000000
126726  50.128  22.549  27.387 0.0000000000
125859  47.758  20.905  30.059 0.0000000000
125851  47.525  20.692  30.895 0.0000000000
124995  47.530  20.766  31.421 0.0000000000
125852  46.898  21.139  31.081 0.0000000000
135932  48.062  34.864  27.111 0.0000000000
136667  48.215  35.320  26.329 0.0000000000
135227  48.906  33.941  25.968 0.0000000000
134530  49.179  32.487  23.471 0.0000000000
135242  49.180  33.319  24.494 0.0000000000
135253  49.079  33.245  23.695 0.0000000000
135254  48.250  33.267  23.753 0.0000000000
135269  48.732  32.992  22.980 0.0000000000
134546  48.370  32.325  22.655 0.0000000000
130874  49.025  28.143  20.022 0.0000000000
131655  48.887  28.494  20.454 0.0000000000
131666  48.459  28.023  20.049 0.0000000000
124173  48.890  19.395  22.597 0.0000000000
124160  47.731  19.745  23.467 0.0000000000
124136  48.864  19.214  23.910 0.0000000000
122184  48.139  18.465  26.574 0.0000000000
123148  47.548  18.719  26.322 0.0000000000
122165  46.977  18.377  27.520 0.0000000000
124122  38.060  19.618  25.708 0.0000000000
125911  40.009  21.749  23.616 0.0000000000
124120  40.067  19.439  25.537 0.0000000000
124146  39.840  19.885  25.224 0.0000000000
123179  39.461  18.781  25.696 0.0000000000
122209  39.806  17.970  25.905 0.0000000000
122189  40.189  17.304  26.275 0.0000000000
121289  41.066  17.182  26.842 0.0000000000
121290  40.608  16.833  26.716 0.0000000000
120364  40.814  15.766  27.781 0.0000000000
136039  45.769  34.660  19.057 0.0000000000
136040  44.667  34.154  19.371 0.0000000000
133837  43.410  31.975  20.006 0.0000000000
135311  43.622  32.906  18.899 0.0000000000
134578  43.396  32.415  19.348 0.0000000000
132308  47.255  30.403  23.177 0.0000000000
131616  47.546  29.056  22.565 0.0000000000
132325  46.808  29.724  22.744 0.0000000000
131618  45.580  28.231  23.152 0.0000000000
130065  45.217  26.235  23.510 0.0000000000
129277  44.952  25.634  24.822 0.0000000000
129267  46.659  25.058  25.549 0.0000000000
137427  39.296  36.599  22.800 0.0000000000
137414  39.635  36.078  23.721 0.0000000000
136687  40.909  35.639  24.311 0.0000000000
136671  42.463  35.404  24.948 0.0000000000
137385  43.186  35.936  24.828 0.0000000000
136654  45.390  35.156  26.551 0.0000000000
135947  46.864  34.676  26.376 0.0000000000
133782  46.333  31.189  24.400 0.0000000000
133766  46.971  31.711  25.026 0.0000000000
133781  47.535  31.144  24.442 0.0000000000
121247  51.311  17.218  29.702 0.0000000000
121249  50.247  16.953  29.768 0.0000000000
121238  50.840  16.632  30.343 0.0000000000
120324  49.797  15.688  32.966 0.0000000000
121221  49.884  16.012  32.343 0.0000000000
119358  49.297  15.239  32.977 0.0000000000
119359  48.697  14.973  32.978 0.0000000000
119344  48.501  14.195  33.737 0.0000000000
119320  49.786  14.000  35.469 0.0000000000
116157  49.741  10.794  33.587 0.0000000000
117223  48.882  12.510  34.440 0.0000000000
116145  48.755  11.948  34.082 0.0000000000
117237  48.351  12.468  33.954 0.0000000000
116158  48.504  11.370  33.402 0.0000000000
116164  48.189  10.942  32.613 0.0000000000
115034  49.036  10.465  32.238 0.0000000000
127715  42.750  23.582  17.469 0.0000000000
127714  43.302  23.430  17.175 0.0000000000
126838  45.695  23.145  17.178 0.0000000000
126839  44.939  23.378  17.529 0.0000000000
126825  45.773  22.945  17.967 0.0000000000
126813  46.163  22.318  18.923 0.0000000000
126812  47.383  22.151  19.060 0.0000000000
128556  47.320  24.261  17.815 0.0000000000
127722  47.369  23.526  17.044 0.0000000000
127711  48.229  23.386  17.107 0.0000000000
125108  49.319  20.997  18.282 0.0000000000
125967  48.681  21.508  18.894 0.0000000000
125957  48.761  20.914  19.788 0.0000000000
125083  49.105  19.784  21.116 0.0000000000
125092  49.461  20.176  20.331 0.0000000000
124171  51.077  19.105  22.145 0.0000000000
123217  50.695  18.694  22.548 0.0000000000
123216  51.218  18.484  22.867 0.0000000000
123208  51.098  18.539  23.752 0.0000000000
123215  51.839  18.280  23.450 0.0000000000
130072  47.352  26.778  21.821 0.0000000000
130082  48.001  26.341  21.377 0.0000000000
130083  47.012  25.928  21.560 0.0000000000
127656  47.321  23.565  21.937 0.0000000000
126780  47.830  23.099  21.473 0.0000000000
126779  48.425  22.627  20.981 0.0000000000
127632  49.037  23.406  24.862 0.0000000000
127636  48.923  23.018  24.240 0.0000000000
126739  49.463  22.543  24.332 0.0000000000
126742  49.997  21.808  23.972 0.0000000000
125904  50.282  21.484  23.233 0.0000000000
125925  49.942  21.405  22.322 0.0000000000
125924  50.788  20.467  22.670 0.0000000000
125055  51.345  20.035  23.700 0.0000000000
124104  51.824  18.917  26.288 0.0000000000
124113  52.219  19.330  25.206 0.0000000000
123167  52.386  18.333  25.392 0.0000000000
123145  51.926  18.105  26.359 0.0000000000
122160  51.374  17.898  27.811 0.0000000000
124087  51.037  19.105  29.948 0.0000000000
123109  51.389  18.285  31.281 0.0000000000
123094  51.323  18.065  32.097 0.0000000000
123110  51.182  18.651  31.828 0.0000000000
124992  49.601  20.208  30.333 0.0000000000
124089  49.862  19.973  29.978 0.0000000000
124981  49.871  20.205  31.301 0.0000000000
124045  49.620  19.145  33.482 0.0000000000
124044  50.211  18.840  33.595 0.0000000000
123075  50.698  18.192  33.495 0.0000000000
123070  50.233  17.634  34.587 0.0000000000
122079  50.089  16.761  35.182 0.0000000000
140805  41.607  41.679  19.693 0.0000000000
141462  42.289  42.729  19.601 0.0000000000
138875  44.721  38.352  18.536 0.0000000000
138874  45.631  38.357  17.868 0.0000000000
137407  47.375  36.644  24.466 0.0000000000
138110  45.863  37.222  23.191 0.0000000000
138135  45.392  37.282  21.335 0.0000000000
138134  46.322  37.174  21.150 0.0000000000
136717  46.814  36.150  20.998 0.0000000000
138133  47.104  37.050  20.984 0.0000000000
137446  47.219  36.520  20.591 0.0000000000
137455  47.271  36.432  19.808 0.0000000000
136728  47.183  35.822  20.252 0.0000000000
136744  46.553  35.222  19.713 0.0000000000
136729  46.274  35.490  20.600 0.0000000000
135272  45.198  33.415  21.868 0.0000000000
135288  44.913  33.727  21.510 0.0000000000
134549  44.997  32.607  21.942 0.0000000000
134550  44.639  32.778  21.744 0.0000000000
133821  45.450  31.210  21.405 0.0000000000
133055  47.493  31.020  22.384 0.0000000000
133810  46.933  31.405  22.585 0.0000000000
130877  45.826  27.227  20.729 0.0000000000
131642  45.875  28.716  21.592 0.0000000000
130863  44.297  27.708  21.295 0.0000000000
130878  44.790  27.044  20.835 0.0000000000
129356  43.988  25.116  17.806 0.0000000000
129342  43.577  25.557  18.375 0.0000000000
129357  43.255  25.344  17.734 0.0000000000
128550  42.775  24.677  17.608 0.0000000000
126815  44.079  22.379  18.887 0.0000000000
126801  43.385  22.926  19.815 0.0000000000
125929  44.992  21.416  22.978 0.0000000000
125930  43.970  21.534  22.569 0.0000000000
125907  43.753  20.944  23.080 0.0000000000
125908  43.189  21.293  23.283 0.0000000000
125059  43.666  20.495  23.739 0.0000000000
124139  46.559  19.636  24.078 0.0000000000
125057  45.942  20.083  23.354 0.0000000000
124140  45.858  19.673  24.029 0.0000000000
123151  44.386  18.445  26.555 0.0000000000
123175  43.667  18.744  25.591 0.0000000000
124118  43.524  19.116  24.885 0.0000000000
123153  42.580  18.034  26.448 0.0000000000
120354  41.920  15.623  29.039 0.0000000000
120355  41.295  15.369  28.560 0.0000000000
120350  41.748  15.013  29.087 0.0000000000
121250  49.195  16.885  29.727 0.0000000000
122139  48.862  17.501  29.089 0.0000000000
122126  46.468  16.546  31.077 0.0000000000
121242  46.220  16.486  30.404 0.0000000000
121243  45.275  15.899  30.442 0.0000000000
116173  45.233  11.785  31.332 0.0000000000
117254  45.404  12.582  31.726 0.0000000000
117255  44.815  12.616  31.405 0.0000000000
127658  40.420  23.183  21.681 0.0000000000
127671  40.832  23.132  20.972 0.0000000000
126785  41.482  23.010  21.099 0.0000000000
126784  42.273  22.978  20.763 0.0000000000
130125  42.176  26.058  18.967 0.0000000000
130113  41.581  26.391  19.653 0.0000000000
130127  41.190  26.306  18.833 0.0000000000
129345  41.071  25.862  18.805 0.0000000000
129320  40.209  26.006  19.925 0.0000000000
118255  49.549  13.415  37.100 0.0000000000
118254  50.082  13.264  37.282 0.0000000000
116092  50.158  11.527  37.896 0.0000000000
113796  51.346  9.946  37.786 0.0000000000
130889  49.064  27.438  20.046 0.0000000000
129326  48.963  26.496  19.551 0.0000000000
130092  49.100  27.099  20.309 0.0000000000
130093  49.081  26.550  20.527 0.0000000000
129314  49.159  25.698  20.181 0.0000000000
128457  49.168  25.222  26.940 0.0000000000
128464  49.521  24.599  26.403 0.0000000000
126727  48.928  22.574  27.614 0.0000000000
133764  49.053  31.914  25.096 0.0000000000
134509  49.243  32.587  25.118 0.0000000000
133779  49.231  32.012  24.650 0.0000000000
133795  48.903  31.380  23.290 0.0000000000
133053  49.024  30.597  22.720 0.0000000000
133063  48.695  30.834  21.898 0.0000000000
132345  49.015  29.727  22.078 0.0000000000
131654  49.487  28.496  21.223 0.0000000000
123195  49.823  18.875  24.312 0.0000000000
123170  48.981  18.629  25.270 0.0000000000
123146  49.242  18.347  25.964 0.0000000000
122183  48.766  18.222  26.606 0.0000000000
122150  48.152  17.818  28.426 0.0000000000
125040  40.831  20.498  24.712 0.0000000000
122208  40.740  17.796  25.716 0.0000000000
122187  41.613  17.479  26.740 0.0000000000
135300  44.419  32.863  20.441 0.0000000000
135309  44.311  33.606  19.484 0.0000000000
133836  43.894  31.791  20.154 0.0000000000
133830  43.445  31.465  20.409 0.0000000000
128523  37.688  23.463  20.293 0.0000000000
127687  37.410  22.954  19.822 0.0000000000
126752  36.861  22.016  22.186 0.0000000000
132309  46.095  30.251  23.216 0.0000000000
133031  45.669  30.552  24.041 0.0000000000
132310  45.042  29.597  23.826 0.0000000000
135936  43.793  34.447  27.383 0.0000000000
136645  43.912  35.053  27.862 0.0000000000
135949  44.503  34.081  26.718 0.0000000000
135231  45.188  33.506  26.285 0.0000000000
135230  46.253  33.772  26.049 0.0000000000
134502  45.808  32.867  25.986 0.0000000000
133767  45.757  31.753  24.852 0.0000000000
121219  51.288  16.854  31.967 0.0000000000
121228  50.592  16.625  31.353 0.0000000000
120323  50.476  15.987  33.479 0.0000000000
116125  50.486  11.073  35.276 0.0000000000
117211  49.926  12.338  35.534 0.0000000000
116143  50.386  10.683  34.130 0.0000000000
128548  44.380  24.583  17.269 0.0000000000
128561  44.014  24.115  16.623 0.0000000000
128560  44.821  24.090  16.926 0.0000000000
127725  45.369  23.637  17.019 0.0000000000
126837  46.422  22.825  16.955 0.0000000000
127691  49.058  23.045  18.151 0.0000000000
126822  48.745  22.381  17.799 0.0000000000
125973  49.464  21.335  18.188 0.0000000000
124201  50.327  19.724  18.906 0.0000000000
125091  49.907  19.493  19.778 0.0000000000
124188  50.897  18.962  19.866 0.0000000000
125081  51.370  19.204  20.566 0.0000000000
129292  46.334  25.360  22.130 0.0000000000
129303  47.059  25.026  21.769 0.0000000000
128498  46.605  24.263  22.433 0.0000000000
127657  46.919  23.481  22.652 0.0000000000
126745  48.072  22.612  22.731 0.0000000000
126735  50.621  22.802  25.585 0.0000000000
125890  50.549  21.384  25.113 0.0000000000
125034  51.369  20.568  24.621 0.0000000000
124114  51.458  19.529  25.847 0.0000000000
123125  51.457  18.566  28.208 0.0000000000
124094  51.034  19.557  28.794 0.0000000000
124982  48.900  20.370  31.627 0.0000000000
124046  48.947  19.383  33.264 0.0000000000
140164  40.750  40.752  19.413 0.0000000000
140163  41.886  40.618  19.069 0.0000000000
140172  42.740  40.476  18.688 0.0000000000
140171  43.509  40.390  18.636 0.0000000000
138876  44.268  38.473  19.039 0.0000000000
138855  44.523  38.075  19.169 0.0000000000
137412  42.453  36.035  23.353 0.0000000000
138114  42.338  36.403  22.851 0.0000000000
137411  43.328  36.360  23.575 0.0000000000
138112  43.806  36.934  23.043 0.0000000000
136685  47.321  35.541  24.239 0.0000000000
136697  47.476  36.416  24.020 0.0000000000
136698  47.108  35.939  23.629 0.0000000000
136719  45.307  35.133  21.471 0.0000000000
131657  47.240  28.259  20.774 0.0000000000
131641  46.779  28.944  21.129 0.0000000000
130876  46.814  27.477  20.498 0.0000000000
130095  45.336  26.257  20.330 0.0000000000
129329  44.906  25.254  19.080 0.0000000000
129341  44.435  25.351  18.410 0.0000000000
126799  45.416  22.173  20.043 0.0000000000
126782  44.677  22.437  20.998 0.0000000000
126781  45.332  22.021  21.037 0.0000000000
123173  45.849  19.231  25.611 0.0000000000
123150  45.487  18.685  26.538 0.0000000000
123139  44.026  17.928  27.306 0.0000000000
123140  43.452  17.852  27.260 0.0000000000
122168  43.464  17.624  27.820 0.0000000000
121264  43.427  16.649  28.897 0.0000000000
121255  42.998  15.951  29.353 0.0000000000
120339  48.337  15.920  31.213 0.0000000000
120340  47.978  15.949  30.920 0.0000000000
120334  47.631  15.681  31.625 0.0000000000
120335  46.620  15.492  31.603 0.0000000000
120336  45.815  15.241  31.418 0.0000000000
126765  39.205  22.683  22.143 0.0000000000
126748  40.637  22.302  22.917 0.0000000000
125891  41.838  20.836  24.063 0.0000000000
125061  42.164  20.712  24.054 0.0000000000
131644  43.776  28.435  21.402 0.0000000000
132351  43.281  29.307  21.414 0.0000000000
131645  42.687  28.300  21.803 0.0000000000
130880  41.408  27.033  20.512 0.0000000000
129321  39.634  25.535  20.840 0.0000000000
126805  38.643  22.816  20.635 0.0000000000
135924  43.015  34.521  28.344 0.0000000000
155357  42.824  33.916  27.138 0.0000000000
135233  43.450  33.005  26.351 0.0000000000
120291  50.601  15.497  35.152 0.0000000000
118267  50.376  13.329  37.003 0.0000000000
117197  50.725  12.489  36.861 0.0000000000
117210  50.843  12.194  36.049 0.0000000000
116124  51.918  11.221  35.646 0.0000000000
115014  52.377  10.614  34.564 0.0000000000
130123  47.034  26.255  18.038 0.0000000000
129353  46.461  25.587  17.099 0.0000000000
130145  47.316  25.970  16.664 0.0000000000
130144  47.765  25.931  16.885 0.0000000000
128546  47.870  24.337  18.028 0.0000000000
129338  48.203  25.566  18.730 0.0000000000
128536  48.193  24.597  18.693 0.0000000000
127700  48.555  23.676  18.009 0.0000000000
128470  47.059  24.348  25.087 0.0000000000
128475  47.400  23.561  24.651 0.0000000000
127631  49.813  23.633  25.609 0.0000000000
127626  50.062  23.843  26.145 0.0000000000
125884  50.732  21.690  27.029 0.0000000000
125868  50.043  21.029  28.610 0.0000000000
125857  49.326  20.786  29.478 0.0000000000
125000  49.201  20.558  29.972 0.0000000000
125858  48.800  20.879  29.579 0.0000000000
125001  48.613  20.651  30.264 0.0000000000
124983  48.053  20.741  31.937 0.0000000000
124969  46.796  20.185  32.288 0.0000000000
138849  42.032  38.105  20.059 0.0000000000
137381  46.639  36.480  25.809 0.0000000000
137380  47.359  36.011  26.026 0.0000000000
137392  47.628  35.881  25.650 0.0000000000
136683  47.988  35.545  25.480 0.0000000000
135237  49.036  33.528  25.286 0.0000000000
135968  48.252  34.677  24.921 0.0000000000
135243  47.774  34.067  24.300 0.0000000000
135255  47.215  33.309  23.809 0.0000000000
134531  46.782  32.862  23.008 0.0000000000
133054  47.854  31.181  22.057 0.0000000000
133064  47.931  31.047  21.604 0.0000000000
132346  48.418  29.981  21.492 0.0000000000
132362  48.234  29.091  21.060 0.0000000000
132363  47.554  28.946  20.903 0.0000000000
130875  47.693  27.776  20.195 0.0000000000
125085  47.605  20.929  21.944 0.0000000000
125927  46.982  20.985  22.423 0.0000000000
124175  47.537  19.970  23.105 0.0000000000
124138  47.294  19.608  24.054 0.0000000000
123198  46.920  19.533  24.637 0.0000000000
123171  48.009  18.949  25.409 0.0000000000
123172  46.949  19.241  25.445 0.0000000000
123149  46.501  18.788  26.390 0.0000000000
123128  45.857  18.180  28.216 0.0000000000
122152  45.752  17.395  28.693 0.0000000000
117247  46.673  12.365  32.471 0.0000000000
118321  46.335  13.040  32.324 0.0000000000
116166  46.337  11.593  31.853 0.0000000000
122211  38.195  18.253  25.843 0.0000000000
125912  38.987  21.881  23.584 0.0000000000
125042  38.799  20.861  24.894 0.0000000000
125041  39.727  20.466  24.903 0.0000000000
125024  39.030  20.374  25.191 0.0000000000
122210  38.842  18.116  25.952 0.0000000000
120365  39.970  15.461  27.588 0.0000000000
136041  44.038  33.528  19.094 0.0000000000
136058  44.221  33.531  18.526 0.0000000000
133078  42.901  31.038  20.655 0.0000000000
131615  48.686  28.932  23.083 0.0000000000
131640  48.651  27.922  21.920 0.0000000000
131629  48.151  28.398  22.325 0.0000000000
131630  47.083  28.170  22.350 0.0000000000
130851  46.770  27.229  22.359 0.0000000000
130840  46.150  27.727  22.736 0.0000000000
130074  45.785  25.808  22.770 0.0000000000
129266  47.767  24.974  25.622 0.0000000000
129258  48.368  25.567  26.236 0.0000000000
137426  40.402  36.142  22.935 0.0000000000
136702  39.920  35.647  23.965 0.0000000000
136700  41.147  35.689  23.626 0.0000000000
136699  41.750  35.605  23.192 0.0000000000
137398  42.866  35.830  24.166 0.0000000000
137383  44.822  36.180  25.207 0.0000000000
137374  44.918  36.107  25.998 0.0000000000
137372  46.563  35.780  26.259 0.0000000000
135933  47.641  34.863  27.042 0.0000000000
135239  47.947  33.138  25.824 0.0000000000
134501  46.892  33.072  25.794 0.0000000000
134511  47.530  32.364  25.549 0.0000000000
134510  48.638  32.594  25.627 0.0000000000
133043  48.412  30.453  23.322 0.0000000000
123135  50.704  17.709  27.809 0.0000000000
122162  50.263  17.831  27.555 0.0000000000
122148  50.347  17.716  28.398 0.0000000000
121229  49.575  16.211  31.616 0.0000000000
121230  48.807  16.080  31.328 0.0000000000
120326  48.302  15.380  32.403 0.0000000000
118319  47.466  13.331  33.170 0.0000000000
120292  50.366  15.263  34.672 0.0000000000
119328  49.579  14.474  34.707 0.0000000000
117222  49.422  12.504  34.903 0.0000000000
118292  49.098  13.377  34.701 0.0000000000
119329  48.890  13.881  34.381 0.0000000000
118309  47.933  13.308  33.794 0.0000000000
117238  47.761  12.433  33.513 0.0000000000
117246  47.293  12.453  32.922 0.0000000000
116165  47.421  11.461  32.600 0.0000000000
127716  41.603  23.109  17.710 0.0000000000
126829  41.667  22.403  18.419 0.0000000000
126842  42.209  22.718  17.677 0.0000000000
126828  42.679  22.605  18.256 0.0000000000
126840  44.152  23.091  17.399 0.0000000000
126826  44.750  23.042  18.232 0.0000000000
126798  46.445  22.206  19.947 0.0000000000
128558  46.315  24.371  17.204 0.0000000000
126849  47.128  23.211  16.696 0.0000000000
126835  48.405  22.543  17.022 0.0000000000
126823  48.172  22.025  17.806 0.0000000000
125958  47.773  21.493  20.132 0.0000000000
125945  47.751  20.849  21.117 0.0000000000
125084  48.372  20.235  21.565 0.0000000000
124184  48.453  19.754  22.175 0.0000000000
124182  50.277  19.308  21.378 0.0000000000
124172  49.993  19.089  22.381 0.0000000000
123194  51.144  18.518  24.959 0.0000000000
122204  51.110  17.648  25.692 0.0000000000
130860  48.350  27.163  21.673 0.0000000000
129301  48.561  26.013  20.786 0.0000000000
129315  48.056  25.276  20.360 0.0000000000
128508  47.441  24.511  21.190 0.0000000000
128519  48.173  24.334  20.364 0.0000000000
126796  48.693  23.040  20.217 0.0000000000
126778  49.137  21.863  20.594 0.0000000000
125943  49.828  21.400  21.112 0.0000000000
127637  48.208  23.193  23.992 0.0000000000
127646  48.021  22.694  23.253 0.0000000000
126744  48.669  22.548  23.113 0.0000000000
126743  49.557  22.178  23.303 0.0000000000
125926  49.091  21.478  21.993 0.0000000000
125070  51.643  19.385  22.733 0.0000000000
125033  51.956  19.713  24.412 0.0000000000
124156  52.304  18.220  23.629 0.0000000000
123206  52.436  17.967  24.090 0.0000000000
122216  51.922  17.941  25.545 0.0000000000
122136  51.171  17.482  29.266 0.0000000000
122135  51.533  17.626  29.698 0.0000000000
122130  51.496  17.581  30.659 0.0000000000
122124  51.430  17.506  31.591 0.0000000000
122113  51.394  17.419  32.450 0.0000000000
122092  51.166  17.368  33.249 0.0000000000
124998  50.298  20.452  29.222 0.0000000000
124088  50.400  19.863  29.715 0.0000000000
124083  50.707  19.556  30.662 0.0000000000
124965  50.388  20.094  32.026 0.0000000000
124980  50.493  20.043  31.573 0.0000000000
124075  50.849  19.413  31.690 0.0000000000
123095  50.891  18.559  32.448 0.0000000000
122093  50.725  17.201  34.034 0.0000000000
122084  50.458  16.986  34.850 0.0000000000
122078  50.343  16.481  35.286 0.0000000000
121170  50.073  15.596  36.229 0.0000000000
120271  49.626  15.290  36.394 0.0000000000
140170  44.630  40.532  18.205 0.0000000000
139560  45.402  40.004  17.768 0.0000000000
138891  46.145  38.500  17.576 0.0000000000
138196  46.532  37.798  17.730 0.0000000000
138182  47.092  37.025  18.443 0.0000000000
138153  42.632  37.721  20.729 0.0000000000
137395  45.546  36.636  24.465 0.0000000000
138105  45.526  37.148  23.859 0.0000000000
137408  46.706  36.733  23.932 0.0000000000
138152  43.566  37.553  20.427 0.0000000000
138168  44.090  37.345  19.867 0.0000000000
138167  44.740  37.353  19.430 0.0000000000
138166  45.948  37.309  19.453 0.0000000000
138149  46.613  37.224  20.331 0.0000000000
138165  46.732  37.031  19.550 0.0000000000
137456  46.964  36.707  19.405 0.0000000000
137466  46.927  36.421  18.892 0.0000000000
136021  44.892  34.337  20.471 0.0000000000
136000  45.100  34.348  21.461 0.0000000000
136001  44.668  33.834  21.309 0.0000000000
136022  44.419  33.832  20.901 0.0000000000
134563  44.509  32.251  21.276 0.0000000000
133822  44.647  31.290  21.225 0.0000000000
133820  46.277  31.371  21.678 0.0000000000
132348  46.361  29.642  21.593 0.0000000000
133066  45.883  30.464  21.441 0.0000000000
132350  44.314  29.322  21.064 0.0000000000
130084  43.831  26.750  21.244 0.0000000000
130097  43.258  26.112  20.624 0.0000000000
129317  43.719  25.393  20.064 0.0000000000
129332  42.443  25.754  19.313 0.0000000000
129343  42.561  25.615  18.508 0.0000000000
128538  42.194  24.904  18.330 0.0000000000
126802  42.404  22.961  19.594 0.0000000000
125949  44.121  22.126  21.717 0.0000000000
126761  43.529  22.158  22.073 0.0000000000
125060  42.800  20.789  23.944 0.0000000000
125038  42.501  20.286  24.305 0.0000000000
125073  46.606  20.693  23.039 0.0000000000
125906  45.580  20.803  23.246 0.0000000000
125058  44.666  20.371  23.558 0.0000000000
124116  45.182  19.758  24.766 0.0000000000
125023  44.715  19.678  24.473 0.0000000000
124141  44.047  19.797  23.993 0.0000000000
124164  43.742  19.976  23.950 0.0000000000
124142  43.204  19.697  24.435 0.0000000000
123200  42.261  19.044  24.965 0.0000000000
123176  42.469  18.435  25.830 0.0000000000
122206  42.154  17.843  26.333 0.0000000000
122170  41.932  17.377  27.401 0.0000000000
122169  42.561  17.396  27.777 0.0000000000
121273  41.979  17.009  27.809 0.0000000000
121266  41.460  16.005  27.983 0.0000000000
122149  49.411  17.920  28.409 0.0000000000
121260  47.403  17.495  28.750 0.0000000000
121261  46.813  17.036  28.801 0.0000000000
121262  46.144  16.666  28.963 0.0000000000
122141  45.245  16.882  29.226 0.0000000000
118328  45.908  13.378  31.811 0.0000000000
119369  45.416  14.252  31.260 0.0000000000
118332  44.555  13.345  31.221 0.0000000000
119370  44.918  13.778  31.206 0.0000000000
120341  45.386  15.076  30.800 0.0000000000
121244  44.715  15.594  30.098 0.0000000000
121254  44.395  16.186  29.540 0.0000000000
113812  50.914  9.614  37.309 0.0000000000
112636  51.628  9.309  36.754 0.0000000000
112677  51.574  8.795  35.255 0.0000000000
112676  52.260  9.272  35.529 0.0000000000
112635  52.080  9.484  36.828 0.0000000000
112657  52.175  9.390  36.332 0.0000000000
112658  51.635  8.844  36.162 0.0000000000
113773  51.529  10.333  37.702 0.0000000000
113774  51.224  10.344  37.929 0.0000000000
113794  52.274  10.301  37.186 0.0000000000
113795  52.019  9.965  37.372 0.0000000000
113809  53.077  10.405  36.441 0.0000000000
113811  51.798  9.611  37.236 0.0000000000
113828  53.209  10.219  36.095 0.0000000000
113829  52.704  9.845  35.863 0.0000000000
114942  51.220  10.699  37.907 0.0000000000
114958  53.199  11.058  36.698 0.0000000000
114959  52.572  10.740  37.062 0.0000000000
114960  51.910  10.511  37.357 0.0000000000
114979  53.404  10.722  36.255 0.0000000000
114980  53.054  10.601  36.721 0.0000000000
114981  50.847  9.892  37.902 0.0000000000
114982  50.308  10.006  37.787 0.0000000000
114995  53.361  10.577  35.660 0.0000000000
114997  52.166  10.939  35.057 0.0000000000
114998  51.671  10.820  35.010 0.0000000000
115012  53.120  10.320  35.339 0.0000000000
116074  51.361  11.076  37.721 0.0000000000
116075  51.191  11.038  37.903 0.0000000000
116088  53.094  11.330  36.452 0.0000000000
116090  51.734  11.166  37.244 0.0000000000
116091  51.087  11.332  37.854 0.0000000000
116109  53.319  11.209  36.130 0.0000000000
116110  52.789  11.455  36.108 0.0000000000
116122  53.447  10.957  35.825 0.0000000000
116126  49.779  11.834  35.053 0.0000000000
116141  52.721  10.706  35.018 0.0000000000
116142  52.497  10.902  35.129 0.0000000000
116156  50.426  10.507  33.509 0.0000000000
116167  45.606  12.019  31.939 0.0000000000
117196  51.330  11.756  36.701 0.0000000000
117209  51.491  11.555  36.190 0.0000000000
118327  46.567  13.582  32.053 0.0000000000
119297  50.151  13.869  37.037 0.0000000000
119298  49.930  13.763  37.118 0.0000000000
119327  50.360  14.930  35.073 0.0000000000
120332  49.441  15.841  32.270 0.0000000000
120333  48.732  15.824  31.874 0.0000000000
120349  42.351  15.198  29.525 0.0000000000
121169  50.338  15.669  36.042 0.0000000000
121181  49.850  16.111  35.654 0.0000000000
121231  46.790  16.248  31.266 0.0000000000
121233  45.583  15.626  30.996 0.0000000000
121237  51.421  16.974  30.110 0.0000000000
121248  51.035  16.936  29.660 0.0000000000
122125  46.828  16.715  31.075 0.0000000000
122131  46.611  16.664  30.782 0.0000000000
122132  46.270  16.518  30.828 0.0000000000
122137  50.619  17.422  29.154 0.0000000000
122140  45.695  16.721  28.986 0.0000000000
122161  50.982  17.614  27.559 0.0000000000
122185  43.064  17.674  27.239 0.0000000000
122203  51.792  17.639  26.088 0.0000000000
122217  51.639  18.182  25.312 0.0000000000
123126  50.722  17.699  28.090 0.0000000000
123127  50.543  17.837  27.965 0.0000000000
123134  50.901  17.644  27.936 0.0000000000
123166  53.000  18.263  25.006 0.0000000000
123168  50.716  18.113  25.507 0.0000000000
123192  52.787  18.313  24.751 0.0000000000
123193  52.135  18.341  24.884 0.0000000000
123196  48.557  19.089  24.611 0.0000000000
123214  52.175  17.958  23.640 0.0000000000
124063  49.213  19.630  32.850 0.0000000000
124074  51.194  18.852  31.447 0.0000000000
124084  50.109  19.898  30.498 0.0000000000
124134  52.709  18.411  24.179 0.0000000000
124135  52.694  19.078  24.283 0.0000000000
124137  48.098  19.466  24.032 0.0000000000
124157  52.377  18.743  23.620 0.0000000000
124159  48.497  19.454  23.342 0.0000000000
124161  46.913  19.893  23.412 0.0000000000
124162  46.285  19.752  23.662 0.0000000000
124163  44.002  20.054  23.723 0.0000000000
124169  52.121  18.234  23.459 0.0000000000
124174  48.092  19.858  22.825 0.0000000000
124180  51.294  19.032  20.173 0.0000000000
124187  51.112  19.389  19.608 0.0000000000
124189  50.260  19.233  20.336 0.0000000000
124190  49.652  19.534  20.970 0.0000000000
124193  51.066  19.727  18.938 0.0000000000
124194  50.766  19.472  19.213 0.0000000000
124195  50.341  19.380  19.513 0.0000000000
124199  50.927  19.936  18.660 0.0000000000
124200  50.670  19.890  18.717 0.0000000000
124999  49.791  20.515  29.582 0.0000000000
125013  51.086  20.168  27.563 0.0000000000
125017  50.976  21.218  26.503 0.0000000000
125021  50.944  21.114  26.288 0.0000000000
125022  44.900  19.758  24.314 0.0000000000
125036  44.602  19.748  24.116 0.0000000000
125069  52.147  19.002  23.167 0.0000000000
125072  47.530  20.479  22.767 0.0000000000
125075  44.225  20.820  23.077 0.0000000000
125089  51.313  19.604  20.197 0.0000000000
125098  51.014  20.327  19.004 0.0000000000
125099  49.891  19.865  19.223 0.0000000000
125105  51.137  20.016  18.769 0.0000000000
125107  50.019  20.366  18.415 0.0000000000
125888  50.817  21.353  26.382 0.0000000000
125905  46.080  20.716  23.150 0.0000000000
125954  51.153  20.239  19.957 0.0000000000
125955  50.841  20.954  20.217 0.0000000000
125964  51.007  20.476  19.509 0.0000000000
125968  48.066  21.915  19.268 0.0000000000
126760  47.848  22.753  22.045 0.0000000000
126817  41.998  22.243  19.063 0.0000000000
126818  40.860  22.048  19.129 0.0000000000
126819  40.312  22.377  18.769 0.0000000000
126830  40.926  22.627  18.422 0.0000000000
126841  43.358  23.108  17.510 0.0000000000
126843  41.533  22.619  17.966 0.0000000000
126850  46.653  23.117  16.673 0.0000000000
126851  45.943  23.204  16.923 0.0000000000
126853  44.380  23.219  16.968 0.0000000000
126854  43.913  23.132  17.087 0.0000000000
127628  49.098  23.747  26.728 0.0000000000
127639  46.556  23.669  23.700 0.0000000000
127668  48.438  23.348  20.448 0.0000000000
127670  41.436  22.941  20.563 0.0000000000
127681  48.352  23.765  20.371 0.0000000000
127686  38.069  23.075  19.792 0.0000000000
127693  41.878  22.678  19.478 0.0000000000
127695  40.304  23.008  19.155 0.0000000000
127701  44.671  23.287  18.036 0.0000000000
127702  44.450  23.134  18.034 0.0000000000
127703  41.090  23.476  18.254 0.0000000000
127704  40.496  22.915  18.600 0.0000000000
127710  48.636  22.789  17.203 0.0000000000
127712  44.782  23.350  17.794 0.0000000000
127713  44.468  23.201  17.742 0.0000000000
127723  46.693  23.608  17.259 0.0000000000
127726  44.563  23.605  16.781 0.0000000000
127727  43.734  23.467  16.822 0.0000000000
127728  43.270  23.633  17.023 0.0000000000
128463  50.059  24.959  26.155 0.0000000000
128467  50.009  24.644  25.835 0.0000000000
128474  48.026  23.494  24.719 0.0000000000
128486  46.304  24.009  23.352 0.0000000000
128499  46.052  24.337  23.004 0.0000000000
128509  47.013  24.510  21.809 0.0000000000
128530  41.289  24.549  19.335 0.0000000000
128537  47.991  25.017  19.325 0.0000000000
128547  45.094  24.509  17.470 0.0000000000
128557  46.819  24.385  17.586 0.0000000000
128562  43.275  24.038  16.868 0.0000000000
129263  50.204  25.045  25.893 0.0000000000
129313  49.294  26.415  19.937 0.0000000000
129316  44.769  25.365  19.935 0.0000000000
129318  42.755  25.570  20.027 0.0000000000
129319  42.242  25.763  19.880 0.0000000000
129328  48.565  25.252  19.566 0.0000000000
129339  48.361  25.335  19.392 0.0000000000
129352  47.985  25.327  18.067 0.0000000000
129363  47.614  25.208  17.633 0.0000000000
129365  46.754  25.343  16.890 0.0000000000
130099  41.528  26.574  20.096 0.0000000000
130107  48.873  26.989  19.839 0.0000000000
130108  48.354  26.762  19.166 0.0000000000
130112  41.985  26.051  19.519 0.0000000000
130115  39.924  26.886  19.436 0.0000000000
130122  47.782  26.957  17.728 0.0000000000
130126  41.690  26.256  18.986 0.0000000000
130135  47.718  26.633  16.881 0.0000000000
130136  46.958  26.347  16.943 0.0000000000
130143  48.103  25.873  17.356 0.0000000000
130849  49.489  27.996  22.037 0.0000000000
130873  49.260  27.855  20.458 0.0000000000
130879  41.941  26.767  20.999 0.0000000000
130893  41.287  26.829  19.644 0.0000000000
130899  48.342  26.854  17.514 0.0000000000
130900  48.200  27.057  17.595 0.0000000000
130901  41.384  26.598  19.300 0.0000000000
130910  48.280  26.644  17.461 0.0000000000
130918  48.208  26.255  17.339 0.0000000000
130919  48.138  26.498  17.041 0.0000000000
131614  49.348  28.980  22.880 0.0000000000
131627  49.739  28.753  22.374 0.0000000000
131638  50.011  28.618  21.800 0.0000000000
131639  49.218  27.955  22.030 0.0000000000
131665  48.793  28.105  20.039 0.0000000000
132307  47.817  30.414  23.213 0.0000000000
132322  49.354  29.233  23.029 0.0000000000
132360  49.736  29.088  21.723 0.0000000000
133028  48.560  30.992  23.543 0.0000000000
133029  48.031  30.685  23.572 0.0000000000
133763  49.264  32.129  25.006 0.0000000000
133794  49.219  31.930  23.830 0.0000000000
133807  49.190  31.955  23.173 0.0000000000
133809  47.959  31.460  22.313 0.0000000000
133819  48.108  31.207  21.982 0.0000000000
134499  49.041  33.195  25.862 0.0000000000
134545  49.034  32.418  22.892 0.0000000000
134562  45.244  31.928  21.638 0.0000000000
135228  48.470  33.661  26.186 0.0000000000
135238  48.549  33.137  25.914 0.0000000000
135245  46.540  34.481  23.817 0.0000000000
135268  49.092  32.848  23.164 0.0000000000
135273  44.713  33.029  21.963 0.0000000000
135310  44.154  32.973  19.440 0.0000000000
135934  47.298  34.936  26.885 0.0000000000
135944  48.707  34.409  25.958 0.0000000000
135945  48.427  34.600  26.452 0.0000000000
135946  47.879  34.402  26.734 0.0000000000
135959  48.766  34.240  25.442 0.0000000000
135967  48.969  34.023  24.637 0.0000000000
135969  47.241  34.882  24.797 0.0000000000
135974  49.165  33.813  24.103 0.0000000000
135999  45.329  35.025  21.839 0.0000000000
136042  43.878  33.136  19.018 0.0000000000
136059  43.878  33.144  18.695 0.0000000000
136641  48.080  35.114  27.097 0.0000000000
136642  47.856  35.025  27.195 0.0000000000
136643  47.509  35.041  27.000 0.0000000000
136651  48.173  35.078  26.998 0.0000000000
136652  47.746  35.212  26.784 0.0000000000
136653  47.018  35.105  26.492 0.0000000000
136668  47.707  35.506  26.273 0.0000000000
136701  40.391  35.797  23.688 0.0000000000
136708  41.588  35.757  22.821 0.0000000000
136709  41.154  35.577  22.937 0.0000000000
136710  40.770  35.715  23.262 0.0000000000
137379  47.821  35.668  25.954 0.0000000000
137384  43.898  36.086  25.038 0.0000000000
137393  47.449  36.363  25.262 0.0000000000
137424  41.978  36.042  22.776 0.0000000000
137428  38.487  36.894  22.662 0.0000000000
137436  47.017  36.631  21.083 0.0000000000
137467  46.651  36.803  18.917 0.0000000000
138164  47.130  36.821  19.779 0.0000000000
138185  44.786  37.815  18.929 0.0000000000
138847  43.337  38.103  19.956 0.0000000000
138873  46.270  38.080  17.747 0.0000000000
139542  45.488  38.869  17.542 0.0000000000
139546  42.335  40.152  18.755 0.0000000000
140162  42.505  40.913  18.816 0.0000000000
140169  45.464  41.294  18.038 0.0000000000
140173  42.326  40.545  18.800 0.0000000000
140814  46.144  42.162  18.578 0.0000000000
141476  44.844  42.721  18.753 0.0000000000
155358  42.999  33.361  26.633 0.0000000000
