#!ascii label  , from subject 3124 vox2ras=TkReg
1827
35059  9.811  -52.102  51.290 0.0000000000
70283  46.164  -27.015  33.169 0.0000000000
46009  30.244  -45.073  44.422 0.0000000000
45876  40.633  -44.240  49.037 0.0000000000
41369  22.763  -48.440  42.276 0.0000000000
36558  17.968  -51.810  51.640 0.0000000000
81265  55.084  -18.558  27.220 0.0000000000
71710  56.689  -24.740  35.636 0.0000000000
61991  40.764  -32.368  41.960 0.0000000000
91360  54.899  -10.102  20.806 0.0000000000
39605  29.114  -49.748  49.786 0.0000000000
38074  12.732  -50.281  51.339 0.0000000000
75868  57.462  -22.638  31.092 0.0000000000
77246  51.508  -22.878  30.771 0.0000000000
68723  45.863  -28.720  37.964 0.0000000000
68682  51.225  -28.082  39.678 0.0000000000
65992  41.539  -30.348  37.699 0.0000000000
48835  38.764  -42.193  42.233 0.0000000000
44418  36.467  -45.937  45.409 0.0000000000
35076  25.445  -51.782  49.001 0.0000000000
31968  21.842  -53.141  51.630 0.0000000000
36675  20.530  -51.797  46.885 0.0000000000
39700  15.015  -49.652  46.381 0.0000000000
42914  27.121  -46.610  43.585 0.0000000000
85131  58.192  -15.662  28.297 0.0000000000
78622  60.952  -20.365  32.713 0.0000000000
70259  51.514  -26.547  34.692 0.0000000000
67207  40.852  -29.933  44.158 0.0000000000
54230  43.166  -38.596  44.913 0.0000000000
87753  53.383  -13.397  24.548 0.0000000000
92571  57.405  -10.690  24.349 0.0000000000
91338  60.387  -10.557  21.349 0.0000000000
35054  27.550  -51.522  51.658 0.0000000000
38096  11.305  -50.735  50.678 0.0000000000
36503  12.634  -51.022  54.422 0.0000000000
36517  9.986  -51.205  54.678 0.0000000000
75919  51.822  -22.585  28.121 0.0000000000
68667  45.244  -28.794  40.903 0.0000000000
70128  47.636  -28.123  41.524 0.0000000000
33479  4.137  -52.869  52.323 0.0000000000
67410  41.493  -29.624  34.645 0.0000000000
48814  31.346  -43.543  42.118 0.0000000000
47454  34.158  -44.370  42.258 0.0000000000
44450  32.967  -46.145  44.325 0.0000000000
38163  23.910  -50.707  45.680 0.0000000000
35111  22.728  -52.429  47.273 0.0000000000
38187  20.813  -50.776  44.552 0.0000000000
39773  24.699  -48.465  43.343 0.0000000000
38161  25.927  -50.079  45.850 0.0000000000
35045  19.647  -52.478  51.486 0.0000000000
83811  56.186  -16.940  27.351 0.0000000000
81238  59.815  -18.037  29.667 0.0000000000
79962  58.611  -19.382  29.529 0.0000000000
74440  57.030  -23.947  33.081 0.0000000000
75800  59.203  -22.628  34.305 0.0000000000
73128  45.790  -24.733  31.373 0.0000000000
73125  48.489  -24.489  32.266 0.0000000000
70263  48.634  -26.941  33.901 0.0000000000
64654  37.393  -30.219  40.304 0.0000000000
67255  38.562  -29.112  41.380 0.0000000000
63304  39.570  -30.958  43.810 0.0000000000
47402  40.332  -43.805  45.533 0.0000000000
50158  41.575  -41.455  43.390 0.0000000000
50109  42.845  -41.808  47.165 0.0000000000
85151  51.859  -16.165  26.557 0.0000000000
87755  51.691  -14.236  24.993 0.0000000000
86458  54.091  -14.813  26.631 0.0000000000
87726  55.315  -13.677  26.628 0.0000000000
92649  58.969  -9.442  19.218 0.0000000000
91356  58.258  -10.283  20.766 0.0000000000
91316  59.301  -10.604  23.296 0.0000000000
90139  56.602  -11.774  21.528 0.0000000000
42838  29.950  -47.351  46.322 0.0000000000
41273  32.350  -47.583  47.804 0.0000000000
41197  31.435  -48.655  50.182 0.0000000000
38072  15.055  -50.629  50.899 0.0000000000
33426  16.887  -52.936  54.798 0.0000000000
36489  15.276  -51.436  54.877 0.0000000000
79987  52.869  -19.660  26.868 0.0000000000
78668  56.498  -20.668  28.456 0.0000000000
77297  54.269  -21.932  28.088 0.0000000000
75871  54.331  -23.325  31.377 0.0000000000
74442  54.537  -23.639  32.941 0.0000000000
68768  45.896  -28.235  35.565 0.0000000000
68742  48.913  -27.790  36.413 0.0000000000
68702  48.239  -28.069  38.480 0.0000000000
59514  40.418  -34.695  40.465 0.0000000000
45852  42.781  -43.561  50.565 0.0000000000
33515  8.132  -53.274  49.990 0.0000000000
35041  8.394  -53.022  53.925 0.0000000000
33457  6.640  -53.286  53.466 0.0000000000
68824  43.358  -27.621  32.548 0.0000000000
67408  43.536  -28.760  34.743 0.0000000000
67339  43.461  -29.169  37.531 0.0000000000
65913  43.622  -30.077  41.057 0.0000000000
50222  35.916  -42.574  40.405 0.0000000000
47423  37.627  -44.516  43.983 0.0000000000
44370  38.664  -45.229  47.185 0.0000000000
42814  34.699  -46.946  48.154 0.0000000000
38100  37.840  -48.521  48.231 0.0000000000
33464  25.901  -52.613  52.229 0.0000000000
30495  23.391  -54.454  51.727 0.0000000000
33489  23.337  -52.877  51.455 0.0000000000
35078  20.889  -52.465  49.979 0.0000000000
36614  18.570  -51.566  49.682 0.0000000000
39756  18.042  -49.181  43.713 0.0000000000
38166  16.980  -49.990  46.580 0.0000000000
36642  16.140  -50.682  48.688 0.0000000000
39658  13.385  -50.131  48.032 0.0000000000
38125  12.256  -50.597  47.953 0.0000000000
35114  10.696  -52.073  47.367 0.0000000000
48845  29.107  -42.823  42.197 0.0000000000
48847  27.222  -42.962  42.070 0.0000000000
45987  28.652  -45.063  44.822 0.0000000000
39671  27.972  -48.788  46.634 0.0000000000
38101  26.984  -50.701  49.206 0.0000000000
81200  62.081  -18.958  32.322 0.0000000000
77241  59.318  -21.478  31.346 0.0000000000
75876  49.033  -23.240  31.238 0.0000000000
74445  51.447  -23.890  32.843 0.0000000000
71713  54.514  -25.520  34.914 0.0000000000
68740  51.253  -27.312  36.389 0.0000000000
70208  53.716  -26.703  37.140 0.0000000000
67342  38.353  -29.871  37.869 0.0000000000
65929  40.879  -29.777  40.875 0.0000000000
65865  43.646  -30.229  44.323 0.0000000000
55676  41.402  -37.569  41.966 0.0000000000
58245  42.143  -35.580  43.774 0.0000000000
52828  43.508  -39.857  49.644 0.0000000000
56983  43.428  -36.896  47.040 0.0000000000
60610  42.248  -33.268  45.034 0.0000000000
63243  41.463  -31.373  46.637 0.0000000000
65781  42.494  -30.451  48.403 0.0000000000
88995  53.844  -12.358  22.464 0.0000000000
88974  54.977  -12.187  24.490 0.0000000000
88930  57.223  -12.768  26.885 0.0000000000
31984  28.376  -53.177  50.725 0.0000000000
36592  10.465  -51.393  50.458 0.0000000000
36538  10.942  -51.207  52.265 0.0000000000
36539  10.089  -51.594  51.794 0.0000000000
67233  45.418  -28.919  42.543 0.0000000000
68623  46.613  -28.195  42.592 0.0000000000
33519  3.909  -53.193  50.130 0.0000000000
47457  30.897  -44.171  42.500 0.0000000000
47427  32.669  -44.939  43.154 0.0000000000
45983  31.751  -46.464  44.088 0.0000000000
38212  23.172  -49.761  44.042 0.0000000000
36690  22.783  -51.286  45.228 0.0000000000
38214  21.488  -50.106  43.596 0.0000000000
42963  24.161  -47.256  41.379 0.0000000000
41368  23.623  -48.121  42.591 0.0000000000
39723  24.406  -49.507  44.455 0.0000000000
36529  18.657  -52.248  51.740 0.0000000000
33449  18.241  -52.432  53.161 0.0000000000
82498  56.308  -17.967  27.476 0.0000000000
82476  57.503  -18.154  28.458 0.0000000000
79964  57.247  -19.234  28.630 0.0000000000
74415  57.281  -23.974  34.566 0.0000000000
74388  58.066  -23.650  35.810 0.0000000000
70300  46.530  -26.360  32.408 0.0000000000
71737  47.360  -26.093  32.523 0.0000000000
70264  47.841  -27.193  33.707 0.0000000000
62013  39.261  -31.981  40.641 0.0000000000
63353  39.304  -31.372  41.997 0.0000000000
63354  38.760  -30.887  42.227 0.0000000000
63329  39.996  -31.372  42.730 0.0000000000
48720  40.093  -43.957  47.062 0.0000000000
50124  41.465  -43.014  46.468 0.0000000000
48707  40.780  -43.187  48.156 0.0000000000
82501  53.619  -17.597  27.060 0.0000000000
85149  53.604  -15.720  26.727 0.0000000000
83813  54.097  -16.680  26.798 0.0000000000
85147  55.434  -15.801  27.123 0.0000000000
92619  57.044  -9.945  19.982 0.0000000000
91358  56.401  -10.429  20.398 0.0000000000
90149  57.274  -11.400  21.166 0.0000000000
90140  55.597  -11.473  21.243 0.0000000000
39669  29.365  -48.441  47.573 0.0000000000
41253  30.383  -48.276  48.214 0.0000000000
39625  30.323  -48.976  49.177 0.0000000000
38073  13.943  -50.712  51.521 0.0000000000
36511  15.648  -51.087  53.385 0.0000000000
36513  13.900  -51.246  53.463 0.0000000000
36480  12.271  -50.961  56.535 0.0000000000
36466  13.923  -50.926  57.226 0.0000000000
79988  51.829  -19.598  27.016 0.0000000000
78681  53.587  -20.809  27.247 0.0000000000
77308  52.726  -21.603  27.435 0.0000000000
75900  51.852  -23.100  29.506 0.0000000000
75908  53.078  -23.145  28.906 0.0000000000
75872  53.024  -23.272  31.109 0.0000000000
74467  54.528  -23.437  32.274 0.0000000000
75847  53.383  -23.089  32.015 0.0000000000
68745  45.908  -28.825  36.780 0.0000000000
68744  46.724  -28.067  36.655 0.0000000000
68704  46.675  -28.479  38.804 0.0000000000
81268  52.272  -18.643  26.808 0.0000000000
33476  7.394  -53.682  52.462 0.0000000000
31996  6.527  -53.811  51.438 0.0000000000
68825  42.426  -27.794  32.180 0.0000000000
67426  43.778  -28.588  34.190 0.0000000000
67428  42.202  -28.873  33.731 0.0000000000
66019  41.434  -30.477  36.648 0.0000000000
67389  42.323  -29.717  35.738 0.0000000000
67340  42.742  -29.792  37.521 0.0000000000
65943  43.934  -30.037  39.683 0.0000000000
65945  42.217  -30.312  39.540 0.0000000000
50224  33.974  -43.062  40.473 0.0000000000
46004  35.530  -45.451  43.907 0.0000000000
47452  36.447  -44.068  42.768 0.0000000000
46003  36.671  -45.369  44.452 0.0000000000
47405  38.073  -44.733  45.373 0.0000000000
44388  37.495  -45.421  46.281 0.0000000000
41224  32.769  -47.708  49.560 0.0000000000
42815  33.697  -47.154  48.183 0.0000000000
41193  34.447  -47.940  49.409 0.0000000000
38132  36.798  -49.216  47.427 0.0000000000
39689  38.899  -48.029  47.024 0.0000000000
35065  25.784  -51.856  50.238 0.0000000000
33488  24.467  -52.790  51.608 0.0000000000
33508  24.358  -52.817  50.472 0.0000000000
35130  21.248  -52.111  47.334 0.0000000000
35095  21.587  -52.563  48.971 0.0000000000
35096  20.481  -52.403  49.131 0.0000000000
36638  19.796  -52.061  49.390 0.0000000000
36661  19.212  -51.332  47.786 0.0000000000
39755  19.144  -49.328  43.440 0.0000000000
41321  15.274  -48.763  44.863 0.0000000000
39726  16.233  -49.296  45.146 0.0000000000
39699  16.235  -49.707  46.407 0.0000000000
38121  16.838  -50.397  47.601 0.0000000000
39676  15.240  -50.116  47.403 0.0000000000
38124  14.837  -50.399  48.613 0.0000000000
39677  14.195  -49.947  47.219 0.0000000000
38126  11.626  -51.015  48.354 0.0000000000
50228  29.093  -41.789  41.316 0.0000000000
51635  28.225  -41.842  41.542 0.0000000000
44472  26.305  -46.267  42.371 0.0000000000
46031  27.328  -44.679  42.826 0.0000000000
47434  27.393  -44.133  43.264 0.0000000000
44428  27.779  -45.937  44.231 0.0000000000
42864  28.206  -46.778  45.010 0.0000000000
41314  27.515  -47.406  44.661 0.0000000000
38140  25.678  -50.560  47.068 0.0000000000
38119  26.672  -50.507  48.013 0.0000000000
36610  26.295  -51.244  48.872 0.0000000000
36582  26.352  -51.433  50.480 0.0000000000
30480  22.762  -53.681  52.058 0.0000000000
35018  7.682  -52.717  55.323 0.0000000000
35017  8.611  -51.990  55.664 0.0000000000
83784  59.959  -16.345  29.606 0.0000000000
79946  60.733  -19.430  31.183 0.0000000000
81215  61.182  -18.602  31.353 0.0000000000
79931  61.786  -19.258  32.359 0.0000000000
79888  61.697  -20.020  33.298 0.0000000000
77281  57.223  -21.845  29.379 0.0000000000
77264  58.435  -21.354  30.208 0.0000000000
75867  58.173  -22.348  31.399 0.0000000000
75799  60.065  -22.046  34.837 0.0000000000
71734  50.121  -25.478  33.399 0.0000000000
73123  50.191  -24.246  32.611 0.0000000000
71732  51.701  -25.335  33.527 0.0000000000
73077  52.793  -25.075  33.975 0.0000000000
71714  53.155  -25.905  34.701 0.0000000000
68719  49.677  -27.891  37.464 0.0000000000
68741  50.096  -27.722  36.393 0.0000000000
68718  50.821  -27.599  37.483 0.0000000000
67320  37.176  -29.316  37.958 0.0000000000
67238  39.735  -29.373  42.434 0.0000000000
67271  39.315  -29.540  40.814 0.0000000000
67252  40.907  -30.196  42.592 0.0000000000
65903  41.750  -30.334  42.942 0.0000000000
65867  41.836  -30.072  44.642 0.0000000000
51646  37.258  -41.198  40.548 0.0000000000
50200  38.744  -41.367  41.765 0.0000000000
51582  42.654  -40.540  44.304 0.0000000000
52960  41.098  -39.531  42.731 0.0000000000
54254  41.990  -38.492  43.775 0.0000000000
57022  42.275  -36.561  43.074 0.0000000000
55648  42.600  -37.468  44.950 0.0000000000
50072  43.033  -42.106  50.155 0.0000000000
58192  43.758  -35.981  48.381 0.0000000000
59429  42.925  -34.862  46.343 0.0000000000
60567  42.915  -34.233  47.258 0.0000000000
61913  41.591  -32.016  46.050 0.0000000000
60554  42.815  -32.960  48.209 0.0000000000
87754  52.641  -13.690  24.847 0.0000000000
88984  54.016  -13.105  23.095 0.0000000000
88983  54.986  -12.804  23.436 0.0000000000
88975  54.111  -12.973  24.089 0.0000000000
86455  57.011  -14.685  27.627 0.0000000000
87725  56.364  -13.553  26.936 0.0000000000
86454  57.853  -14.397  27.955 0.0000000000
87711  58.690  -13.770  28.260 0.0000000000
92616  59.595  -9.980  20.642 0.0000000000
91317  58.144  -10.463  23.639 0.0000000000
91294  58.716  -11.071  25.024 0.0000000000
90098  58.480  -11.227  25.880 0.0000000000
38054  28.561  -50.255  51.176 0.0000000000
38052  29.560  -49.972  51.361 0.0000000000
35063  28.722  -51.666  51.030 0.0000000000
38075  11.977  -49.973  51.282 0.0000000000
38041  12.531  -50.808  52.781 0.0000000000
36515  11.873  -50.767  53.262 0.0000000000
36504  11.596  -50.852  54.664 0.0000000000
36481  11.389  -51.290  56.682 0.0000000000
75911  50.394  -23.007  28.579 0.0000000000
77269  50.116  -23.314  29.880 0.0000000000
68688  46.167  -29.073  39.824 0.0000000000
68687  46.683  -28.638  39.650 0.0000000000
68644  46.685  -28.338  41.679 0.0000000000
70105  47.251  -27.779  42.617 0.0000000000
33498  5.849  -53.696  51.430 0.0000000000
33499  4.674  -53.025  51.334 0.0000000000
33500  3.730  -53.308  51.360 0.0000000000
67429  41.185  -29.337  33.181 0.0000000000
66020  40.160  -30.544  36.527 0.0000000000
48869  33.600  -43.749  40.977 0.0000000000
48812  33.225  -43.632  42.161 0.0000000000
47426  33.760  -44.904  43.078 0.0000000000
44448  35.036  -46.146  44.270 0.0000000000
36658  24.630  -51.315  46.894 0.0000000000
33542  24.035  -52.832  48.439 0.0000000000
35127  23.312  -51.549  46.100 0.0000000000
35143  22.149  -51.913  46.109 0.0000000000
36692  20.099  -51.058  45.631 0.0000000000
39702  13.692  -49.900  46.113 0.0000000000
41324  12.714  -48.954  44.636 0.0000000000
42948  25.387  -46.910  41.903 0.0000000000
41365  26.126  -47.534  43.104 0.0000000000
39721  26.469  -48.773  44.900 0.0000000000
38211  25.400  -49.244  44.639 0.0000000000
38162  24.695  -50.550  45.979 0.0000000000
31969  20.744  -53.055  51.511 0.0000000000
83796  57.788  -16.549  28.293 0.0000000000
82474  59.465  -17.212  29.467 0.0000000000
81250  58.360  -17.835  28.795 0.0000000000
79961  59.453  -18.895  29.827 0.0000000000
78644  60.272  -20.175  30.981 0.0000000000
74465  57.134  -23.339  32.412 0.0000000000
74463  58.404  -23.065  33.060 0.0000000000
74439  58.171  -23.280  33.612 0.0000000000
74387  59.124  -22.670  35.768 0.0000000000
74473  47.225  -24.087  31.540 0.0000000000
73126  47.639  -24.793  32.002 0.0000000000
71735  49.059  -25.825  33.262 0.0000000000
70261  49.941  -26.378  34.380 0.0000000000
68681  52.551  -27.811  39.637 0.0000000000
65931  36.736  -29.430  39.002 0.0000000000
67273  37.667  -29.176  39.832 0.0000000000
65918  37.550  -29.418  40.967 0.0000000000
65892  38.816  -29.738  42.351 0.0000000000
65870  40.020  -30.551  44.402 0.0000000000
48786  39.893  -43.292  43.599 0.0000000000
50180  40.229  -41.798  42.639 0.0000000000
48760  41.871  -42.444  44.621 0.0000000000
50139  42.790  -41.469  45.027 0.0000000000
51544  43.608  -40.430  46.372 0.0000000000
85166  51.623  -15.652  26.207 0.0000000000
87756  50.346  -14.030  24.918 0.0000000000
86470  52.073  -14.823  26.049 0.0000000000
87729  53.215  -14.536  26.133 0.0000000000
87740  53.608  -13.702  25.801 0.0000000000
88950  54.028  -13.150  25.844 0.0000000000
86457  54.967  -14.832  26.563 0.0000000000
85146  56.468  -15.786  27.502 0.0000000000
92651  57.365  -9.041  18.728 0.0000000000
92633  58.525  -9.633  19.719 0.0000000000
92600  59.216  -10.189  21.163 0.0000000000
91327  60.350  -10.377  22.081 0.0000000000
91340  58.581  -10.736  21.505 0.0000000000
90137  58.204  -11.289  22.459 0.0000000000
90130  56.954  -11.760  23.235 0.0000000000
44394  30.222  -46.363  45.365 0.0000000000
42889  31.292  -46.677  45.369 0.0000000000
42837  30.879  -47.497  46.591 0.0000000000
41251  31.876  -47.892  48.762 0.0000000000
41195  32.555  -47.974  50.446 0.0000000000
36532  16.908  -51.088  52.355 0.0000000000
36497  17.640  -51.775  53.435 0.0000000000
36510  16.540  -51.227  53.226 0.0000000000
36475  16.289  -52.323  55.258 0.0000000000
36490  14.358  -51.170  55.183 0.0000000000
34995  14.989  -52.317  56.610 0.0000000000
81266  54.178  -18.535  27.086 0.0000000000
79975  56.209  -19.958  27.843 0.0000000000
78680  54.555  -20.240  27.429 0.0000000000
77295  55.898  -21.283  28.357 0.0000000000
75905  55.855  -22.738  29.505 0.0000000000
75918  52.789  -22.584  27.961 0.0000000000
75906  54.940  -22.757  29.300 0.0000000000
75869  56.521  -23.055  31.159 0.0000000000
75822  56.014  -23.261  32.303 0.0000000000
74441  55.733  -23.734  32.944 0.0000000000
73075  55.258  -24.918  34.320 0.0000000000
68790  46.121  -27.641  34.261 0.0000000000
68789  47.374  -27.475  34.511 0.0000000000
68767  46.983  -27.859  35.472 0.0000000000
68720  48.554  -28.014  37.487 0.0000000000
68701  49.261  -27.920  38.522 0.0000000000
70175  47.874  -28.330  39.797 0.0000000000
70173  49.182  -28.163  40.224 0.0000000000
68662  50.798  -27.869  40.695 0.0000000000
60679  40.297  -32.913  40.970 0.0000000000
45862  41.295  -44.102  49.566 0.0000000000
83832  50.225  -16.332  25.911 0.0000000000
83816  51.149  -16.683  26.396 0.0000000000
82502  52.678  -17.631  26.930 0.0000000000
95097  54.468  -7.192  20.503 0.0000000000
93878  53.814  -8.270  20.768 0.0000000000
33514  9.278  -52.935  50.251 0.0000000000
33474  9.184  -52.643  52.362 0.0000000000
33475  8.699  -52.954  52.696 0.0000000000
33456  7.975  -53.346  53.719 0.0000000000
33429  6.174  -53.252  54.910 0.0000000000
33458  5.534  -53.271  53.440 0.0000000000
71759  44.868  -25.952  31.800 0.0000000000
70303  42.995  -26.844  31.598 0.0000000000
70285  44.695  -27.591  33.100 0.0000000000
68791  44.977  -28.139  34.587 0.0000000000
68769  44.710  -29.101  35.713 0.0000000000
68746  45.061  -29.261  37.183 0.0000000000
67409  42.670  -28.993  34.781 0.0000000000
67365  43.976  -29.025  36.665 0.0000000000
67338  44.308  -29.009  37.802 0.0000000000
67290  44.866  -29.471  39.598 0.0000000000
67250  44.781  -29.136  41.187 0.0000000000
67221  44.330  -29.606  42.362 0.0000000000
48865  37.328  -42.321  41.042 0.0000000000
48868  34.740  -43.554  40.974 0.0000000000
48837  36.640  -43.411  42.034 0.0000000000
48809  37.824  -43.702  42.887 0.0000000000
47422  38.875  -44.236  44.284 0.0000000000
47359  39.098  -44.639  46.849 0.0000000000
45878  39.614  -44.995  47.764 0.0000000000
44391  33.062  -46.979  45.434 0.0000000000
42886  34.182  -46.896  45.585 0.0000000000
42856  35.597  -46.826  46.444 0.0000000000
36603  36.026  -49.134  48.245 0.0000000000
41191  36.303  -47.659  48.784 0.0000000000
42812  36.817  -46.827  48.055 0.0000000000
42811  38.020  -46.404  47.824 0.0000000000
42763  38.954  -46.474  48.514 0.0000000000
39619  40.336  -47.023  48.094 0.0000000000
31964  25.962  -53.040  52.403 0.0000000000
31965  24.839  -53.238  52.197 0.0000000000
33466  23.541  -52.903  52.115 0.0000000000
33467  22.541  -53.023  51.755 0.0000000000
33543  23.374  -52.944  48.741 0.0000000000
32007  22.220  -53.128  50.210 0.0000000000
33468  21.496  -52.872  51.473 0.0000000000
35057  20.807  -52.159  50.969 0.0000000000
36585  19.631  -51.921  50.460 0.0000000000
36587  18.069  -51.340  50.699 0.0000000000
38231  20.285  -49.511  43.260 0.0000000000
38188  19.561  -50.515  44.711 0.0000000000
36693  19.051  -50.813  45.456 0.0000000000
39757  17.154  -49.252  44.524 0.0000000000
38190  17.520  -50.164  45.195 0.0000000000
36677  17.953  -50.814  46.445 0.0000000000
36662  17.982  -51.069  47.371 0.0000000000
36615  17.526  -51.485  49.506 0.0000000000
36588  16.904  -51.246  50.445 0.0000000000
36589  16.001  -50.800  50.206 0.0000000000
38092  14.311  -50.427  50.220 0.0000000000
38093  13.276  -50.373  50.201 0.0000000000
39679  13.039  -49.678  46.853 0.0000000000
39637  12.916  -50.084  48.875 0.0000000000
39614  12.623  -49.961  49.621 0.0000000000
38105  11.966  -50.620  49.102 0.0000000000
36619  10.909  -51.106  48.852 0.0000000000
35080  10.317  -51.685  49.319 0.0000000000
33530  9.288  -52.987  48.884 0.0000000000
33531  8.335  -53.045  49.058 0.0000000000
51632  30.503  -42.317  41.207 0.0000000000
50182  29.982  -42.685  42.179 0.0000000000
47430  29.755  -44.361  43.683 0.0000000000
48818  27.902  -43.261  42.608 0.0000000000
47432  28.344  -43.724  43.657 0.0000000000
45986  29.204  -45.011  45.121 0.0000000000
42890  29.270  -46.334  45.293 0.0000000000
41276  29.055  -47.763  46.670 0.0000000000
39670  28.668  -48.693  47.218 0.0000000000
38160  26.853  -49.210  45.897 0.0000000000
39651  27.452  -50.218  47.908 0.0000000000
39606  28.171  -50.219  49.800 0.0000000000
38070  27.578  -50.588  50.776 0.0000000000
35043  26.937  -51.572  52.471 0.0000000000
35039  9.598  -51.606  53.905 0.0000000000
36495  9.938  -51.535  56.320 0.0000000000
82461  60.937  -17.555  30.479 0.0000000000
79973  57.257  -19.796  28.684 0.0000000000
78646  58.822  -20.405  30.109 0.0000000000
77240  59.936  -21.163  31.858 0.0000000000
77219  59.317  -22.132  33.151 0.0000000000
77218  59.902  -21.684  33.233 0.0000000000
77271  48.244  -22.237  29.791 0.0000000000
77247  50.591  -23.143  30.710 0.0000000000
75852  48.518  -23.326  31.738 0.0000000000
75850  50.456  -23.060  32.117 0.0000000000
75849  51.286  -22.779  32.290 0.0000000000
74443  53.420  -23.969  32.820 0.0000000000
73076  54.027  -25.002  33.975 0.0000000000
71712  55.646  -25.387  35.118 0.0000000000
68788  48.383  -27.344  34.521 0.0000000000
70244  50.170  -26.958  34.872 0.0000000000
70243  50.989  -26.820  35.237 0.0000000000
68698  52.880  -27.660  38.456 0.0000000000
68739  52.292  -27.033  36.763 0.0000000000
70241  52.574  -26.394  35.520 0.0000000000
71676  54.083  -26.247  36.333 0.0000000000
71674  55.820  -25.654  36.950 0.0000000000
66022  37.966  -29.702  36.053 0.0000000000
65969  39.816  -30.213  38.598 0.0000000000
67295  38.296  -29.207  39.269 0.0000000000
67294  39.517  -29.538  39.602 0.0000000000
65946  40.916  -29.934  39.666 0.0000000000
65928  41.777  -30.308  40.603 0.0000000000
65887  43.906  -29.992  43.168 0.0000000000
65864  44.614  -30.023  44.180 0.0000000000
51626  39.913  -40.363  42.350 0.0000000000
57041  41.471  -36.610  41.380 0.0000000000
59500  41.640  -34.645  41.546 0.0000000000
60652  42.218  -33.786  42.584 0.0000000000
48695  42.298  -42.658  49.341 0.0000000000
51497  43.106  -41.117  48.792 0.0000000000
54198  43.567  -39.272  47.388 0.0000000000
55612  43.589  -37.943  48.407 0.0000000000
55638  43.376  -37.808  46.390 0.0000000000
57006  42.654  -36.323  45.478 0.0000000000
59474  42.370  -34.523  44.369 0.0000000000
60636  41.718  -32.739  44.216 0.0000000000
61930  41.088  -32.210  44.898 0.0000000000
63266  40.714  -31.338  45.658 0.0000000000
65848  40.644  -30.696  45.449 0.0000000000
63194  41.925  -31.457  48.794 0.0000000000
65783  41.769  -31.035  48.049 0.0000000000
65823  41.788  -30.089  46.490 0.0000000000
65845  42.640  -30.066  45.491 0.0000000000
92602  53.656  -9.323  21.552 0.0000000000
90141  54.524  -11.201  21.502 0.0000000000
89002  55.774  -12.152  22.003 0.0000000000
88981  56.351  -12.175  23.806 0.0000000000
91309  56.058  -11.596  24.880 0.0000000000
88961  55.013  -12.420  25.873 0.0000000000
90091  56.193  -12.247  26.066 0.0000000000
90099  57.592  -11.506  25.763 0.0000000000
88928  59.144  -12.651  27.177 0.0000000000
30475  26.793  -53.378  51.602 0.0000000000
30491  27.153  -53.948  50.758 0.0000000000
35070  10.140  -51.756  50.227 0.0000000000
67219  45.816  -28.856  43.232 0.0000000000
47429  30.611  -44.646  43.444 0.0000000000
47428  31.572  -44.971  43.139 0.0000000000
46008  31.176  -45.585  44.033 0.0000000000
39752  22.803  -49.499  43.450 0.0000000000
38213  22.600  -50.121  43.853 0.0000000000
39753  22.170  -49.738  43.361 0.0000000000
39775  23.182  -48.884  42.997 0.0000000000
36530  18.068  -52.041  52.179 0.0000000000
35037  18.461  -52.052  52.793 0.0000000000
36507  18.520  -51.788  52.418 0.0000000000
82499  55.546  -17.726  27.175 0.0000000000
81263  56.654  -18.676  27.785 0.0000000000
81264  55.936  -18.613  27.416 0.0000000000
73073  56.885  -24.626  35.254 0.0000000000
74389  57.376  -24.245  35.396 0.0000000000
73048  57.237  -24.624  36.009 0.0000000000
70301  45.501  -26.548  32.419 0.0000000000
61992  40.059  -32.069  41.673 0.0000000000
61993  39.450  -31.801  41.299 0.0000000000
61972  40.446  -31.813  42.387 0.0000000000
47335  39.980  -44.156  48.099 0.0000000000
47357  40.303  -43.637  48.004 0.0000000000
47334  40.714  -43.645  48.679 0.0000000000
82500  54.588  -17.630  27.014 0.0000000000
92620  55.909  -9.541  20.053 0.0000000000
91359  55.475  -10.171  20.561 0.0000000000
90151  55.805  -10.835  20.721 0.0000000000
91342  55.086  -10.672  20.975 0.0000000000
39626  29.539  -49.369  48.977 0.0000000000
39648  29.901  -48.645  48.331 0.0000000000
36535  14.042  -50.903  52.607 0.0000000000
38055  13.686  -50.806  52.179 0.0000000000
78683  51.372  -20.443  27.439 0.0000000000
78682  52.366  -20.567  27.332 0.0000000000
77267  51.973  -23.188  30.154 0.0000000000
77266  52.529  -23.309  30.208 0.0000000000
77245  52.301  -23.051  30.730 0.0000000000
75873  51.934  -22.708  31.487 0.0000000000
68722  46.641  -28.517  37.890 0.0000000000
67314  46.291  -28.594  38.619 0.0000000000
33497  6.899  -53.667  51.259 0.0000000000
68826  41.495  -27.930  31.939 0.0000000000
68811  41.893  -28.585  32.653 0.0000000000
67368  41.878  -30.270  37.106 0.0000000000
65991  42.219  -30.261  37.919 0.0000000000
65966  42.780  -30.207  38.503 0.0000000000
65967  41.735  -30.306  38.645 0.0000000000
44447  35.858  -45.878  44.586 0.0000000000
45981  37.158  -45.478  45.229 0.0000000000
44389  36.893  -45.741  46.163 0.0000000000
41194  33.478  -47.952  49.925 0.0000000000
41223  33.779  -47.596  49.092 0.0000000000
39599  34.089  -48.486  49.666 0.0000000000
35066  25.002  -52.368  49.573 0.0000000000
35113  20.888  -52.304  48.054 0.0000000000
36660  20.002  -51.938  48.381 0.0000000000
41303  14.728  -49.118  45.568 0.0000000000
41302  15.534  -49.258  45.575 0.0000000000
39675  15.992  -49.913  47.198 0.0000000000
39701  14.214  -49.703  46.263 0.0000000000
42933  26.537  -46.817  43.011 0.0000000000
44471  27.072  -45.897  42.635 0.0000000000
44455  27.558  -45.680  43.556 0.0000000000
41315  27.103  -46.974  44.171 0.0000000000
35091  25.326  -51.648  48.021 0.0000000000
36636  26.182  -51.091  48.085 0.0000000000
36611  25.832  -51.419  48.320 0.0000000000
35075  26.038  -51.528  49.616 0.0000000000
31987  22.099  -53.494  51.580 0.0000000000
35008  6.852  -52.587  56.131 0.0000000000
35007  7.806  -52.019  56.289 0.0000000000
85130  59.092  -15.481  28.674 0.0000000000
85120  59.662  -15.673  29.282 0.0000000000
83785  59.242  -16.376  29.143 0.0000000000
79932  61.300  -19.499  31.988 0.0000000000
79915  61.579  -19.907  32.755 0.0000000000
75894  57.012  -22.586  30.291 0.0000000000
77265  57.870  -22.111  30.162 0.0000000000
71716  50.591  -26.102  33.774 0.0000000000
71733  51.120  -25.426  33.418 0.0000000000
71715  51.866  -26.051  33.864 0.0000000000
70258  52.197  -26.392  34.725 0.0000000000
68700  50.411  -27.843  38.570 0.0000000000
67297  36.812  -29.301  38.339 0.0000000000
67224  39.972  -29.744  43.238 0.0000000000
67237  40.358  -29.888  42.885 0.0000000000
67223  40.582  -29.913  43.636 0.0000000000
67236  41.028  -30.237  43.364 0.0000000000
67206  41.295  -30.038  44.337 0.0000000000
50201  38.326  -42.020  41.699 0.0000000000
50219  38.300  -41.129  41.131 0.0000000000
52898  43.423  -39.555  44.978 0.0000000000
52917  42.678  -39.442  44.220 0.0000000000
54244  42.835  -38.694  44.436 0.0000000000
55660  42.307  -37.673  44.354 0.0000000000
55659  42.678  -38.088  44.697 0.0000000000
59388  43.751  -35.675  48.931 0.0000000000
59389  43.528  -34.973  48.275 0.0000000000
60553  43.049  -33.694  48.376 0.0000000000
60568  42.739  -33.153  47.540 0.0000000000
88964  53.299  -13.488  25.152 0.0000000000
87766  52.726  -13.557  24.059 0.0000000000
87765  53.444  -13.360  23.735 0.0000000000
88963  53.851  -12.783  25.078 0.0000000000
86444  57.772  -15.028  28.046 0.0000000000
86443  58.449  -14.661  28.334 0.0000000000
92615  60.040  -10.316  20.900 0.0000000000
91355  60.434  -10.516  20.552 0.0000000000
91337  60.660  -11.009  20.962 0.0000000000
91326  60.902  -10.803  21.837 0.0000000000
92575  57.806  -10.225  24.139 0.0000000000
91305  58.938  -10.880  24.161 0.0000000000
91306  58.057  -10.417  24.443 0.0000000000
91295  57.926  -10.910  25.212 0.0000000000
36527  28.264  -50.446  51.237 0.0000000000
36550  28.377  -51.012  51.440 0.0000000000
38076  11.471  -50.547  51.254 0.0000000000
38058  11.716  -50.627  51.866 0.0000000000
36516  10.571  -51.025  53.857 0.0000000000
36505  10.685  -51.011  55.088 0.0000000000
36493  11.520  -51.090  55.751 0.0000000000
75912  49.683  -22.733  28.477 0.0000000000
77285  49.718  -23.196  29.041 0.0000000000
68666  45.897  -28.758  40.727 0.0000000000
68665  46.550  -28.624  40.692 0.0000000000
67267  45.974  -28.625  41.123 0.0000000000
33518  5.060  -53.139  50.192 0.0000000000
48842  31.537  -43.169  41.644 0.0000000000
48841  32.557  -43.321  41.859 0.0000000000
48813  32.324  -43.581  42.188 0.0000000000
46006  33.355  -45.604  43.692 0.0000000000
46005  34.435  -45.509  43.734 0.0000000000
44449  34.015  -46.191  44.248 0.0000000000
36672  24.477  -50.982  46.550 0.0000000000
35110  23.880  -51.828  46.993 0.0000000000
36689  23.466  -51.097  45.583 0.0000000000
38186  22.159  -50.820  44.500 0.0000000000
35142  22.609  -51.673  45.825 0.0000000000
36691  21.550  -51.697  45.615 0.0000000000
41367  24.667  -48.046  42.616 0.0000000000
42949  24.772  -47.242  41.780 0.0000000000
42935  25.271  -47.435  42.289 0.0000000000
42934  25.858  -46.985  42.437 0.0000000000
41366  25.532  -47.851  42.793 0.0000000000
41343  25.823  -48.264  43.503 0.0000000000
39750  24.909  -48.806  44.196 0.0000000000
38185  23.623  -50.333  44.762 0.0000000000
38184  24.983  -49.676  44.907 0.0000000000
38141  24.916  -50.875  46.772 0.0000000000
33469  20.286  -52.704  51.440 0.0000000000
31970  19.553  -53.131  51.662 0.0000000000
83797  57.027  -16.719  27.943 0.0000000000
82487  58.146  -17.238  28.572 0.0000000000
82488  57.525  -17.408  28.323 0.0000000000
81241  57.431  -18.749  28.654 0.0000000000
81240  58.040  -18.545  28.869 0.0000000000
79947  60.055  -19.429  30.439 0.0000000000
79948  59.284  -19.726  30.089 0.0000000000
74464  57.879  -23.351  32.666 0.0000000000
74414  58.683  -23.274  34.722 0.0000000000
74474  46.353  -24.085  31.318 0.0000000000
73127  46.719  -24.886  31.603 0.0000000000
70281  48.280  -26.517  33.308 0.0000000000
71736  47.992  -25.846  32.594 0.0000000000
70280  48.885  -26.444  33.631 0.0000000000
71718  49.213  -26.254  33.684 0.0000000000
70262  49.247  -26.551  34.091 0.0000000000
65948  36.568  -30.038  38.953 0.0000000000
65930  36.930  -29.673  39.527 0.0000000000
64642  37.735  -29.895  41.288 0.0000000000
63330  39.523  -30.828  42.850 0.0000000000
64611  39.155  -30.284  42.729 0.0000000000
65891  39.609  -29.982  43.421 0.0000000000
64588  39.700  -30.819  44.214 0.0000000000
48762  40.032  -43.770  44.405 0.0000000000
48761  40.666  -43.363  44.810 0.0000000000
50110  41.780  -42.803  47.315 0.0000000000
50123  42.191  -42.256  46.071 0.0000000000
50122  43.206  -41.252  46.105 0.0000000000
86471  51.393  -15.082  25.809 0.0000000000
85165  52.228  -15.222  26.374 0.0000000000
86469  52.714  -14.894  26.253 0.0000000000
86459  53.314  -14.933  26.438 0.0000000000
87728  53.759  -14.052  26.193 0.0000000000
92634  57.660  -9.516  19.508 0.0000000000
92618  58.011  -10.036  20.173 0.0000000000
92617  58.805  -10.011  20.560 0.0000000000
91339  59.307  -10.384  21.560 0.0000000000
90138  57.568  -11.678  21.933 0.0000000000
90129  57.406  -11.644  22.959 0.0000000000
89000  57.122  -11.953  22.632 0.0000000000
42861  30.488  -46.887  45.845 0.0000000000
39624  30.982  -48.604  49.352 0.0000000000
41252  30.921  -48.108  48.280 0.0000000000
39623  31.486  -48.268  49.383 0.0000000000
41225  31.970  -48.053  49.844 0.0000000000
41196  31.805  -48.363  50.364 0.0000000000
36560  16.120  -50.865  51.311 0.0000000000
36533  15.890  -51.001  52.477 0.0000000000
36500  15.419  -51.148  54.198 0.0000000000
35014  15.907  -51.503  54.496 0.0000000000
36476  15.613  -52.018  55.433 0.0000000000
35004  16.461  -52.550  55.909 0.0000000000
36463  15.994  -52.385  55.826 0.0000000000
36502  13.625  -51.304  54.346 0.0000000000
36491  13.409  -51.143  55.384 0.0000000000
79986  53.876  -19.541  27.032 0.0000000000
79985  54.710  -19.367  27.335 0.0000000000
78671  53.996  -21.446  27.719 0.0000000000
78670  54.550  -21.188  27.713 0.0000000000
77296  55.270  -21.936  28.305 0.0000000000
77283  55.641  -22.410  28.910 0.0000000000
75929  51.386  -22.067  27.572 0.0000000000
75928  52.129  -22.120  27.580 0.0000000000
75897  54.146  -23.439  30.182 0.0000000000
75907  54.011  -23.334  29.051 0.0000000000
75896  55.198  -23.241  30.329 0.0000000000
75870  55.494  -23.243  31.320 0.0000000000
75845  55.982  -23.065  31.846 0.0000000000
74416  56.079  -24.325  33.823 0.0000000000
74417  54.900  -24.135  33.690 0.0000000000
68721  47.514  -28.025  37.606 0.0000000000
68684  48.810  -27.929  39.374 0.0000000000
68664  47.211  -28.481  40.478 0.0000000000
68686  47.373  -28.395  39.552 0.0000000000
70154  47.829  -28.381  40.380 0.0000000000
70152  49.354  -28.047  41.051 0.0000000000
70151  50.115  -27.916  41.108 0.0000000000
70172  49.784  -27.918  40.480 0.0000000000
68640  51.483  -27.704  41.615 0.0000000000
60692  39.881  -33.686  40.002 0.0000000000
60678  40.595  -33.897  40.691 0.0000000000
81267  53.247  -18.585  26.967 0.0000000000
95098  53.825  -7.682  20.893 0.0000000000
33495  9.228  -52.805  51.769 0.0000000000
33496  8.219  -53.425  51.256 0.0000000000
33440  6.867  -53.197  54.283 0.0000000000
33441  5.928  -53.007  54.183 0.0000000000
33478  5.086  -53.373  52.426 0.0000000000
71760  43.866  -26.046  31.521 0.0000000000
70302  44.275  -26.896  32.537 0.0000000000
68809  44.073  -28.079  33.540 0.0000000000
68792  44.170  -28.556  34.652 0.0000000000
68770  43.994  -28.922  35.165 0.0000000000
67387  44.091  -29.143  36.001 0.0000000000
67366  42.979  -29.285  36.665 0.0000000000
67315  44.651  -29.327  38.686 0.0000000000
67316  43.832  -29.294  38.330 0.0000000000
65926  43.767  -30.071  40.227 0.0000000000
67269  44.373  -29.796  39.990 0.0000000000
67251  44.325  -29.681  40.760 0.0000000000
67234  45.079  -29.418  42.000 0.0000000000
67235  44.294  -29.611  41.553 0.0000000000
50221  36.706  -41.825  40.571 0.0000000000
48866  36.792  -42.863  40.976 0.0000000000
48811  33.741  -43.902  41.834 0.0000000000
48839  34.434  -43.884  41.709 0.0000000000
48810  37.073  -43.887  42.630 0.0000000000
48787  38.884  -43.690  43.553 0.0000000000
48788  38.260  -43.939  43.743 0.0000000000
45965  38.010  -44.969  46.418 0.0000000000
47383  38.631  -44.485  46.148 0.0000000000
47336  39.548  -44.590  47.502 0.0000000000
45911  39.250  -45.071  47.343 0.0000000000
42836  31.873  -47.321  46.843 0.0000000000
42888  31.691  -46.780  45.344 0.0000000000
42859  32.399  -47.041  45.927 0.0000000000
42834  34.153  -47.296  47.227 0.0000000000
42857  34.625  -46.995  46.371 0.0000000000
42833  35.153  -46.894  47.294 0.0000000000
36651  37.368  -49.023  47.767 0.0000000000
36574  36.731  -48.652  48.426 0.0000000000
39596  36.842  -47.943  48.744 0.0000000000
41220  37.020  -47.278  48.429 0.0000000000
41248  37.636  -46.877  48.227 0.0000000000
39595  37.856  -48.040  48.771 0.0000000000
39594  38.961  -47.528  48.427 0.0000000000
41188  39.569  -46.660  48.536 0.0000000000
35093  23.565  -52.587  47.926 0.0000000000
35094  22.583  -52.693  48.276 0.0000000000
33527  21.597  -52.806  49.906 0.0000000000
33545  21.971  -52.807  49.451 0.0000000000
33510  22.042  -52.807  50.526 0.0000000000
33511  21.228  -52.439  50.589 0.0000000000
33491  21.267  -52.445  51.132 0.0000000000
35067  20.763  -52.274  50.673 0.0000000000
36613  19.364  -51.715  49.837 0.0000000000
36612  19.917  -51.806  50.014 0.0000000000
36586  18.964  -51.668  50.533 0.0000000000
38216  18.847  -49.948  44.102 0.0000000000
38189  18.485  -50.415  44.894 0.0000000000
41346  16.855  -48.284  43.919 0.0000000000
39758  16.320  -48.675  44.474 0.0000000000
39698  16.920  -49.961  46.015 0.0000000000
39725  16.934  -49.704  45.436 0.0000000000
39724  17.133  -50.030  45.663 0.0000000000
38164  18.184  -50.712  45.703 0.0000000000
38142  17.393  -50.493  46.828 0.0000000000
38122  16.328  -50.413  47.942 0.0000000000
36641  17.116  -50.885  48.323 0.0000000000
36616  16.537  -51.065  49.414 0.0000000000
36617  15.775  -50.654  49.382 0.0000000000
39657  14.220  -50.341  48.332 0.0000000000
38103  14.502  -50.319  49.272 0.0000000000
39635  13.971  -50.152  49.061 0.0000000000
38104  13.847  -50.335  49.522 0.0000000000
39636  13.409  -50.131  49.105 0.0000000000
39660  12.737  -50.063  47.474 0.0000000000
39638  12.695  -50.174  48.683 0.0000000000
39615  12.601  -50.313  49.509 0.0000000000
36644  11.182  -51.576  47.821 0.0000000000
38106  11.397  -50.810  48.919 0.0000000000
35097  10.528  -51.940  48.260 0.0000000000
35098  9.689  -52.446  48.368 0.0000000000
33546  9.168  -52.656  48.338 0.0000000000
33547  8.513  -52.605  48.158 0.0000000000
48844  29.267  -42.617  42.056 0.0000000000
50204  29.584  -42.366  41.663 0.0000000000
48816  29.589  -42.980  42.429 0.0000000000
47458  30.114  -43.740  42.972 0.0000000000
47459  29.323  -43.650  43.172 0.0000000000
48846  27.629  -42.786  42.013 0.0000000000
48819  27.542  -43.459  42.532 0.0000000000
46012  28.186  -44.611  44.160 0.0000000000
47433  27.741  -43.787  43.401 0.0000000000
46011  28.781  -44.520  44.395 0.0000000000
44425  29.663  -45.814  45.298 0.0000000000
44426  28.900  -45.815  45.208 0.0000000000
41295  28.280  -47.879  45.717 0.0000000000
41294  28.958  -47.545  45.782 0.0000000000
41277  28.493  -48.276  46.573 0.0000000000
38183  25.996  -49.243  45.031 0.0000000000
38182  26.528  -48.930  45.306 0.0000000000
38118  27.182  -49.877  47.520 0.0000000000
39628  27.694  -50.322  48.679 0.0000000000
39607  27.546  -50.479  49.467 0.0000000000
38089  27.911  -50.378  50.422 0.0000000000
38090  27.315  -50.604  50.098 0.0000000000
35056  26.113  -51.744  51.290 0.0000000000
35055  26.867  -51.381  51.686 0.0000000000
35044  26.233  -51.770  52.165 0.0000000000
33448  26.626  -52.406  52.818 0.0000000000
30494  24.404  -54.462  51.585 0.0000000000
35012  17.487  -52.392  54.208 0.0000000000
33435  17.892  -52.693  53.964 0.0000000000
31938  17.584  -53.109  54.380 0.0000000000
35049  9.014  -52.540  52.975 0.0000000000
35048  9.556  -52.143  52.596 0.0000000000
35030  8.698  -52.213  54.634 0.0000000000
35006  8.827  -51.585  56.682 0.0000000000
35016  9.396  -51.747  55.972 0.0000000000
36484  8.948  -51.026  57.300 0.0000000000
36483  9.539  -51.209  57.002 0.0000000000
36471  9.368  -51.124  57.666 0.0000000000
82473  60.270  -17.247  29.846 0.0000000000
81237  60.382  -17.977  30.131 0.0000000000
81214  61.746  -18.593  31.833 0.0000000000
78667  57.006  -20.154  28.581 0.0000000000
78657  57.392  -20.637  28.939 0.0000000000
77242  58.484  -21.626  31.058 0.0000000000
77263  58.978  -21.152  30.598 0.0000000000
78632  59.943  -20.766  31.303 0.0000000000
75819  58.787  -22.717  33.406 0.0000000000
77234  59.043  -22.336  32.824 0.0000000000
75818  59.457  -22.005  33.850 0.0000000000
77192  60.049  -21.493  34.012 0.0000000000
77217  60.670  -21.164  33.411 0.0000000000
78605  61.284  -20.395  33.585 0.0000000000
77250  47.684  -22.476  30.449 0.0000000000
77249  48.581  -22.987  30.453 0.0000000000
77248  49.565  -23.266  30.591 0.0000000000
74472  48.019  -23.818  32.061 0.0000000000
75853  47.633  -23.385  31.485 0.0000000000
74471  48.996  -23.778  32.075 0.0000000000
74446  50.751  -23.555  32.869 0.0000000000
74470  50.072  -23.589  32.320 0.0000000000
75827  50.718  -22.944  32.770 0.0000000000
75826  51.409  -22.968  32.986 0.0000000000
74469  52.378  -23.423  32.523 0.0000000000
74444  52.320  -24.007  32.680 0.0000000000
68766  48.121  -27.674  35.425 0.0000000000
68765  49.309  -27.334  35.297 0.0000000000
68764  50.472  -27.301  35.620 0.0000000000
68763  51.015  -27.122  35.736 0.0000000000
68715  53.949  -27.008  37.723 0.0000000000
68716  53.056  -27.075  37.465 0.0000000000
70209  53.117  -26.600  36.922 0.0000000000
70226  52.738  -26.558  36.385 0.0000000000
70225  53.546  -26.404  36.459 0.0000000000
70240  53.171  -26.302  35.918 0.0000000000
70224  54.252  -26.465  36.778 0.0000000000
67343  37.722  -29.697  37.576 0.0000000000
65995  38.339  -29.944  37.037 0.0000000000
65994  39.234  -30.324  37.542 0.0000000000
67256  37.765  -28.922  40.961 0.0000000000
67272  38.477  -29.118  40.312 0.0000000000
67270  40.152  -29.593  41.257 0.0000000000
67293  40.158  -29.658  40.432 0.0000000000
65947  40.257  -29.997  39.147 0.0000000000
65888  42.757  -30.349  43.556 0.0000000000
65902  42.672  -30.305  42.466 0.0000000000
50179  40.727  -41.401  42.756 0.0000000000
50198  40.250  -40.857  42.547 0.0000000000
51625  40.620  -40.368  42.561 0.0000000000
54276  40.930  -38.578  42.322 0.0000000000
54301  40.720  -38.185  41.684 0.0000000000
55698  40.792  -37.503  41.232 0.0000000000
58256  41.610  -35.612  41.913 0.0000000000
58255  41.967  -35.599  42.774 0.0000000000
59499  42.044  -34.733  42.300 0.0000000000
59487  42.355  -34.630  43.236 0.0000000000
45861  42.273  -43.923  49.857 0.0000000000
47318  41.941  -43.244  49.538 0.0000000000
47311  42.410  -43.340  49.990 0.0000000000
51485  43.287  -40.922  49.489 0.0000000000
52829  43.384  -40.363  49.133 0.0000000000
52852  43.828  -40.018  47.846 0.0000000000
52851  43.598  -39.719  48.408 0.0000000000
56961  43.655  -36.867  48.534 0.0000000000
56974  43.621  -37.278  47.777 0.0000000000
55625  43.497  -37.995  47.590 0.0000000000
56994  42.803  -36.787  45.919 0.0000000000
58217  42.937  -35.903  46.681 0.0000000000
59430  42.918  -34.229  46.160 0.0000000000
59453  42.639  -34.513  45.527 0.0000000000
60635  42.137  -33.631  43.765 0.0000000000
61949  41.290  -32.124  43.724 0.0000000000
60611  41.826  -32.503  44.818 0.0000000000
61892  42.111  -31.744  47.148 0.0000000000
63244  41.044  -31.268  46.115 0.0000000000
64556  40.840  -31.085  45.906 0.0000000000
64538  41.197  -31.111  46.510 0.0000000000
61838  42.756  -32.613  49.401 0.0000000000
61839  42.375  -31.860  49.459 0.0000000000
65766  41.786  -30.941  48.624 0.0000000000
65782  41.952  -30.926  48.174 0.0000000000
65801  41.911  -30.590  47.345 0.0000000000
65822  42.533  -30.050  46.419 0.0000000000
65800  42.508  -30.331  47.306 0.0000000000
87768  50.740  -13.383  24.282 0.0000000000
90132  53.629  -11.319  22.106 0.0000000000
90142  53.900  -10.563  21.703 0.0000000000
90131  54.338  -11.963  21.979 0.0000000000
89003  54.987  -11.975  21.733 0.0000000000
88994  54.845  -12.571  22.444 0.0000000000
88982  55.893  -12.544  23.684 0.0000000000
88973  56.005  -12.284  24.167 0.0000000000
90109  56.324  -12.036  24.084 0.0000000000
90111  55.136  -11.233  24.636 0.0000000000
88932  54.820  -13.243  26.480 0.0000000000
88949  54.628  -12.793  26.150 0.0000000000
88931  55.132  -13.214  26.494 0.0000000000
88947  56.359  -12.756  26.474 0.0000000000
90100  56.662  -11.832  25.591 0.0000000000
90090  57.132  -12.196  26.225 0.0000000000
90076  58.067  -12.265  26.636 0.0000000000
88929  58.250  -12.657  26.971 0.0000000000
87710  59.687  -13.391  28.083 0.0000000000
92650  58.315  -9.293  18.915 0.0000000000
93897  59.224  -8.956  18.588 0.0000000000
93886  59.387  -9.344  19.200 0.0000000000
91328  59.571  -10.399  22.200 0.0000000000
31985  27.492  -53.138  51.218 0.0000000000
36563  11.007  -50.966  51.071 0.0000000000
35047  10.221  -51.534  53.290 0.0000000000
68625  45.627  -29.046  41.956 0.0000000000
68624  46.055  -28.641  42.354 0.0000000000
68607  46.355  -28.444  43.023 0.0000000000
47456  31.980  -44.207  42.591 0.0000000000
46007  32.256  -45.994  43.672 0.0000000000
44451  32.425  -46.435  44.109 0.0000000000
39774  24.116  -48.561  43.322 0.0000000000
39751  23.768  -49.355  43.859 0.0000000000
36528  19.428  -52.291  51.383 0.0000000000
33470  18.783  -52.857  52.063 0.0000000000
33471  18.352  -53.212  52.712 0.0000000000
31953  18.131  -53.486  53.258 0.0000000000
82489  57.042  -17.888  27.891 0.0000000000
79963  57.699  -19.516  29.017 0.0000000000
71758  45.984  -25.689  31.781 0.0000000000
71757  47.135  -25.688  32.153 0.0000000000
70299  47.071  -26.208  32.477 0.0000000000
70282  47.244  -26.528  33.010 0.0000000000
63375  38.008  -31.040  40.471 0.0000000000
63365  38.367  -31.011  41.594 0.0000000000
64641  37.938  -30.473  41.026 0.0000000000
63303  40.036  -31.265  43.740 0.0000000000
48740  40.263  -43.854  46.822 0.0000000000
48739  40.659  -43.599  46.241 0.0000000000
48719  40.651  -43.483  47.374 0.0000000000
48718  41.193  -42.889  47.924 0.0000000000
50101  41.805  -42.831  48.034 0.0000000000
83814  53.090  -16.640  26.957 0.0000000000
85150  52.540  -15.691  26.664 0.0000000000
85148  54.632  -15.700  26.857 0.0000000000
83812  55.040  -16.708  27.201 0.0000000000
91357  57.558  -10.707  20.681 0.0000000000
90150  56.555  -11.237  20.783 0.0000000000
41275  30.186  -47.917  47.491 0.0000000000
39647  30.622  -48.526  48.691 0.0000000000
39603  30.885  -49.030  49.963 0.0000000000
36561  15.075  -50.874  51.835 0.0000000000
36562  14.500  -50.861  52.162 0.0000000000
36512  14.767  -51.113  53.442 0.0000000000
36501  14.574  -51.205  54.272 0.0000000000
36492  12.444  -51.007  55.542 0.0000000000
36479  13.221  -50.946  56.422 0.0000000000
77298  53.555  -21.892  27.709 0.0000000000
75910  51.316  -23.087  28.868 0.0000000000
75909  52.241  -22.914  28.858 0.0000000000
75899  52.474  -23.220  29.606 0.0000000000
75898  53.149  -23.461  29.925 0.0000000000
75846  54.038  -23.307  32.100 0.0000000000
75824  53.556  -23.396  32.392 0.0000000000
68703  47.395  -28.263  38.595 0.0000000000
70127  48.778  -27.733  41.774 0.0000000000
33516  7.221  -53.440  50.139 0.0000000000
31978  6.643  -53.879  51.903 0.0000000000
68810  42.888  -28.345  33.051 0.0000000000
67427  43.217  -28.694  33.958 0.0000000000
66044  40.937  -30.053  35.676 0.0000000000
67390  41.619  -29.883  35.483 0.0000000000
66018  41.923  -30.020  36.273 0.0000000000
67367  42.198  -29.882  36.759 0.0000000000
67317  43.286  -29.632  38.081 0.0000000000
67292  43.517  -29.848  38.647 0.0000000000
65944  43.331  -30.150  39.437 0.0000000000
65927  42.877  -30.170  40.377 0.0000000000
50223  35.019  -42.975  40.371 0.0000000000
47425  34.876  -44.764  43.272 0.0000000000
47453  35.316  -44.259  42.711 0.0000000000
47424  36.105  -44.746  43.492 0.0000000000
46002  37.551  -45.150  44.907 0.0000000000
45980  37.644  -45.091  45.745 0.0000000000
44371  38.033  -45.450  46.847 0.0000000000
41272  32.881  -47.382  47.896 0.0000000000
42835  32.988  -47.177  47.264 0.0000000000
41249  33.568  -47.348  48.628 0.0000000000
42792  33.843  -47.352  48.660 0.0000000000
41222  34.772  -47.450  49.236 0.0000000000
38153  37.266  -49.005  46.741 0.0000000000
39668  38.541  -48.535  47.525 0.0000000000
33487  25.548  -52.507  51.764 0.0000000000
33507  25.356  -52.496  51.075 0.0000000000
35112  21.782  -52.432  47.735 0.0000000000
36639  19.210  -51.626  48.962 0.0000000000
39759  15.687  -48.478  44.382 0.0000000000
39727  15.855  -48.855  44.807 0.0000000000
41320  15.729  -49.044  45.105 0.0000000000
38167  16.718  -49.888  46.872 0.0000000000
38143  17.000  -50.118  47.132 0.0000000000
38144  16.463  -50.022  47.263 0.0000000000
38145  15.923  -50.115  47.620 0.0000000000
38123  15.512  -50.413  48.269 0.0000000000
36643  15.637  -50.588  48.849 0.0000000000
39656  14.929  -50.307  48.134 0.0000000000
38147  11.528  -50.971  47.164 0.0000000000
50229  28.972  -41.964  41.519 0.0000000000
50205  28.742  -42.396  41.778 0.0000000000
46051  26.821  -44.940  42.085 0.0000000000
47462  27.385  -43.755  42.753 0.0000000000
44454  27.877  -45.306  44.075 0.0000000000
44427  28.254  -45.764  44.661 0.0000000000
42892  27.782  -46.440  44.601 0.0000000000
39719  27.539  -48.325  45.278 0.0000000000
38139  26.531  -49.825  46.944 0.0000000000
38120  26.076  -50.830  47.708 0.0000000000
36581  26.471  -51.247  49.936 0.0000000000
36553  26.292  -51.542  50.753 0.0000000000
35031  8.228  -52.868  54.365 0.0000000000
81226  60.078  -18.569  30.132 0.0000000000
81225  60.653  -18.496  30.687 0.0000000000
79914  61.937  -19.663  32.678 0.0000000000
79887  61.942  -20.063  33.401 0.0000000000
78658  56.876  -21.268  28.883 0.0000000000
77280  57.953  -21.353  29.531 0.0000000000
77243  57.933  -21.824  30.916 0.0000000000
75866  58.733  -22.070  31.548 0.0000000000
74413  59.451  -22.537  35.153 0.0000000000
75877  48.109  -23.189  30.990 0.0000000000
73102  49.720  -24.964  32.864 0.0000000000
73124  49.386  -24.381  32.411 0.0000000000
73101  50.720  -24.601  33.044 0.0000000000
73100  51.692  -24.674  33.279 0.0000000000
73099  52.599  -24.577  33.310 0.0000000000
73078  52.120  -25.126  33.608 0.0000000000
70207  54.474  -26.707  37.495 0.0000000000
67344  36.903  -29.781  37.021 0.0000000000
67319  37.960  -29.330  38.362 0.0000000000
67239  38.855  -28.970  42.148 0.0000000000
67254  39.519  -29.194  41.728 0.0000000000
67253  40.457  -29.508  42.062 0.0000000000
65916  40.718  -29.723  41.514 0.0000000000
65915  41.431  -30.149  41.796 0.0000000000
65889  41.885  -30.075  43.850 0.0000000000
65866  42.696  -30.255  44.540 0.0000000000
51583  42.099  -40.626  43.611 0.0000000000
51605  41.350  -40.507  43.059 0.0000000000
52935  41.856  -39.523  43.558 0.0000000000
54255  41.446  -38.599  43.140 0.0000000000
55666  41.500  -37.944  42.705 0.0000000000
55675  42.046  -37.342  42.560 0.0000000000
55665  42.063  -37.653  43.365 0.0000000000
57014  42.351  -36.637  44.090 0.0000000000
47302  42.777  -43.016  51.024 0.0000000000
47294  43.069  -42.836  51.200 0.0000000000
50071  43.584  -41.405  50.532 0.0000000000
51484  43.446  -40.652  50.097 0.0000000000
58205  43.447  -35.956  47.616 0.0000000000
59408  43.088  -35.185  47.242 0.0000000000
60586  42.885  -34.193  46.541 0.0000000000
60587  42.663  -33.545  46.362 0.0000000000
61912  42.281  -32.612  45.950 0.0000000000
61891  42.188  -32.591  46.916 0.0000000000
87767  51.882  -13.595  24.290 0.0000000000
88985  53.232  -12.822  22.859 0.0000000000
86456  55.897  -14.846  26.829 0.0000000000
87739  55.745  -13.291  26.544 0.0000000000
87724  57.796  -13.613  27.576 0.0000000000
87712  58.175  -14.053  28.151 0.0000000000
92632  59.373  -9.632  19.791 0.0000000000
92631  60.400  -9.929  19.842 0.0000000000
91375  60.590  -10.477  20.024 0.0000000000
91293  59.598  -11.279  24.782 0.0000000000
39582  28.759  -49.891  50.641 0.0000000000
39581  29.504  -49.510  50.566 0.0000000000
39569  28.885  -49.775  51.129 0.0000000000
36549  29.193  -50.965  51.330 0.0000000000
33485  28.629  -52.226  50.752 0.0000000000
38056  13.115  -50.835  52.382 0.0000000000
38057  12.207  -50.609  52.159 0.0000000000
36537  11.716  -50.747  52.419 0.0000000000
36457  11.625  -51.132  58.019 0.0000000000
75930  50.536  -22.026  27.576 0.0000000000
75920  50.946  -22.566  28.116 0.0000000000
77268  51.158  -23.199  29.901 0.0000000000
68705  45.959  -28.527  38.846 0.0000000000
68643  47.061  -28.445  41.100 0.0000000000
70129  47.157  -27.945  41.945 0.0000000000
33517  6.123  -53.611  50.145 0.0000000000
33480  3.258  -52.875  52.235 0.0000000000
48840  33.357  -43.537  41.753 0.0000000000
47455  33.038  -44.195  42.615 0.0000000000
44419  35.515  -46.388  45.050 0.0000000000
35092  24.626  -52.321  48.188 0.0000000000
35128  22.742  -51.979  46.461 0.0000000000
35141  23.066  -51.439  45.642 0.0000000000
35129  21.731  -52.190  46.646 0.0000000000
36674  21.278  -51.882  46.367 0.0000000000
41322  14.421  -48.587  44.763 0.0000000000
41304  14.010  -49.095  45.490 0.0000000000
41305  13.519  -49.576  45.164 0.0000000000
44492  25.730  -46.119  41.548 0.0000000000
41342  26.705  -47.633  43.920 0.0000000000
39749  26.086  -48.660  44.326 0.0000000000
39722  24.768  -49.377  44.491 0.0000000000
36657  25.204  -51.169  47.215 0.0000000000
83795  58.567  -16.437  28.617 0.0000000000
82475  58.751  -17.203  29.023 0.0000000000
81239  58.893  -18.154  29.327 0.0000000000
81251  57.900  -17.866  28.557 0.0000000000
75844  56.705  -23.007  31.931 0.0000000000
75843  57.704  -23.065  31.859 0.0000000000
74438  58.464  -23.043  33.381 0.0000000000
75801  58.647  -22.978  33.932 0.0000000000
71756  47.715  -25.368  32.260 0.0000000000
73104  48.131  -25.139  32.315 0.0000000000
73103  48.803  -25.132  32.583 0.0000000000
71717  49.660  -26.071  33.805 0.0000000000
70260  50.824  -26.535  34.440 0.0000000000
67275  36.699  -29.424  38.642 0.0000000000
67274  36.960  -29.183  39.249 0.0000000000
67257  37.403  -29.326  40.124 0.0000000000
65917  37.683  -28.974  41.544 0.0000000000
64629  37.869  -29.697  41.692 0.0000000000
65904  37.825  -29.322  41.959 0.0000000000
67226  38.429  -29.100  42.301 0.0000000000
67225  39.249  -29.548  42.547 0.0000000000
65890  40.034  -29.777  43.799 0.0000000000
65869  40.459  -30.136  44.424 0.0000000000
48808  38.923  -43.125  42.633 0.0000000000
48834  39.260  -41.794  42.283 0.0000000000
48807  39.873  -42.345  42.616 0.0000000000
48785  41.071  -42.504  43.339 0.0000000000
48784  41.565  -41.891  43.944 0.0000000000
48738  41.378  -42.947  45.663 0.0000000000
50157  42.221  -41.498  44.063 0.0000000000
51561  43.186  -40.537  44.942 0.0000000000
52882  43.634  -39.707  46.092 0.0000000000
86482  50.838  -14.812  25.328 0.0000000000
86481  51.660  -14.689  25.621 0.0000000000
87742  52.100  -14.481  25.643 0.0000000000
87741  52.944  -14.220  25.613 0.0000000000
88951  53.557  -13.428  25.513 0.0000000000
87727  54.500  -13.939  26.484 0.0000000000
86468  55.012  -15.441  26.753 0.0000000000
86467  55.307  -15.320  26.753 0.0000000000
85132  57.364  -15.747  27.956 0.0000000000
92635  56.606  -9.248  19.323 0.0000000000
92598  60.094  -10.332  21.612 0.0000000000
92585  59.951  -10.266  21.843 0.0000000000
91329  58.755  -10.744  22.719 0.0000000000
91341  57.810  -11.187  21.279 0.0000000000
90128  58.165  -11.095  23.179 0.0000000000
90118  57.681  -11.050  23.483 0.0000000000
91318  57.369  -10.896  23.887 0.0000000000
44424  30.358  -45.774  45.089 0.0000000000
44423  31.199  -46.341  44.884 0.0000000000
44393  30.760  -46.487  45.400 0.0000000000
42860  31.304  -46.903  45.851 0.0000000000
41274  31.339  -47.729  47.632 0.0000000000
39604  29.951  -49.405  49.837 0.0000000000
39580  30.276  -49.465  50.471 0.0000000000
39579  30.964  -49.397  50.369 0.0000000000
36546  31.294  -50.247  50.448 0.0000000000
39578  31.637  -49.400  50.479 0.0000000000
39776  21.770  -49.103  42.743 0.0000000000
36559  17.307  -51.294  51.485 0.0000000000
36508  18.040  -51.772  52.831 0.0000000000
36509  17.392  -51.475  53.033 0.0000000000
36486  17.203  -52.041  54.193 0.0000000000
36487  16.588  -51.920  54.518 0.0000000000
36474  16.648  -52.393  54.778 0.0000000000
35003  16.664  -52.730  55.406 0.0000000000
36536  13.491  -51.015  52.932 0.0000000000
36478  14.102  -51.186  56.213 0.0000000000
36465  14.611  -51.523  56.809 0.0000000000
36477  14.885  -51.585  55.801 0.0000000000
79983  56.308  -19.277  27.672 0.0000000000
79984  55.555  -19.479  27.513 0.0000000000
78679  55.075  -19.922  27.524 0.0000000000
78669  55.486  -20.616  27.829 0.0000000000
77282  56.299  -21.905  28.832 0.0000000000
75904  56.573  -22.505  29.628 0.0000000000
77309  51.832  -21.335  27.546 0.0000000000
75917  53.729  -22.635  28.335 0.0000000000
75916  54.475  -22.556  28.583 0.0000000000
75895  56.173  -23.041  30.353 0.0000000000
75821  56.487  -23.454  32.508 0.0000000000
74466  55.302  -23.410  32.224 0.0000000000
73074  56.323  -24.872  34.663 0.0000000000
68807  45.684  -27.497  33.467 0.0000000000
70265  46.940  -27.258  33.675 0.0000000000
68743  47.782  -27.933  36.496 0.0000000000
68683  49.928  -27.783  39.744 0.0000000000
68685  47.997  -28.193  39.293 0.0000000000
70153  48.537  -28.254  40.862 0.0000000000
70174  48.381  -28.292  39.982 0.0000000000
62031  39.644  -32.654  40.349 0.0000000000
60668  40.678  -32.586  41.513 0.0000000000
42760  41.113  -45.501  49.088 0.0000000000
45875  40.806  -44.415  49.266 0.0000000000
42784  42.174  -45.161  48.453 0.0000000000
85167  50.614  -15.530  25.639 0.0000000000
83831  50.956  -16.129  25.915 0.0000000000
83815  52.174  -16.734  26.697 0.0000000000
82503  51.706  -17.686  26.646 0.0000000000
93877  54.359  -8.216  20.299 0.0000000000
93868  53.993  -8.863  20.886 0.0000000000
33455  8.533  -52.996  53.374 0.0000000000
33439  7.559  -53.101  54.632 0.0000000000
33428  7.048  -53.220  54.998 0.0000000000
31979  6.228  -53.850  51.931 0.0000000000
33477  6.184  -53.649  52.510 0.0000000000
33430  5.434  -52.977  54.825 0.0000000000
35020  5.598  -52.802  55.453 0.0000000000
71776  45.206  -25.257  31.416 0.0000000000
70284  45.245  -27.268  33.010 0.0000000000
68808  45.149  -27.793  33.612 0.0000000000
67388  43.543  -29.151  35.660 0.0000000000
68724  45.242  -29.047  38.275 0.0000000000
68706  45.433  -29.110  39.201 0.0000000000
68689  45.513  -29.282  40.148 0.0000000000
67291  44.134  -29.813  39.129 0.0000000000
67268  44.851  -29.319  40.462 0.0000000000
68646  45.314  -28.989  41.477 0.0000000000
67220  44.760  -29.091  43.038 0.0000000000
48836  37.832  -42.720  41.771 0.0000000000
48867  35.878  -43.483  40.855 0.0000000000
47480  35.417  -43.817  42.271 0.0000000000
48838  35.514  -43.602  41.690 0.0000000000
47421  39.526  -43.883  44.182 0.0000000000
47403  39.866  -44.197  45.078 0.0000000000
47404  38.854  -44.596  45.220 0.0000000000
47382  39.707  -44.227  46.365 0.0000000000
47358  39.855  -44.095  47.401 0.0000000000
47321  39.695  -44.467  47.955 0.0000000000
45877  40.008  -44.619  48.246 0.0000000000
44422  32.353  -46.702  44.725 0.0000000000
44421  33.526  -46.625  45.072 0.0000000000
42858  33.579  -47.216  46.063 0.0000000000
44390  33.437  -46.962  45.526 0.0000000000
44420  34.574  -46.552  44.934 0.0000000000
42885  35.087  -46.796  45.653 0.0000000000
42884  35.866  -46.529  45.769 0.0000000000
39598  35.108  -48.245  49.426 0.0000000000
41192  35.411  -47.653  49.360 0.0000000000
39597  35.977  -48.053  49.082 0.0000000000
42764  35.685  -47.397  49.103 0.0000000000
42813  35.689  -46.911  48.134 0.0000000000
42832  36.208  -46.964  47.240 0.0000000000
42855  36.536  -46.428  46.396 0.0000000000
42831  37.209  -46.646  47.191 0.0000000000
42830  37.813  -46.066  47.189 0.0000000000
44353  38.287  -45.745  47.381 0.0000000000
39622  38.621  -48.179  48.386 0.0000000000
41218  38.628  -46.582  48.430 0.0000000000
42810  38.776  -46.128  48.286 0.0000000000
44329  39.494  -45.508  48.211 0.0000000000
42787  40.043  -45.609  48.702 0.0000000000
42786  40.419  -45.381  48.879 0.0000000000
30476  26.030  -53.598  51.793 0.0000000000
30477  25.071  -53.689  51.847 0.0000000000
30478  24.115  -53.992  52.406 0.0000000000
33465  24.645  -52.906  52.135 0.0000000000
31966  23.802  -53.324  52.378 0.0000000000
30479  23.183  -53.836  52.260 0.0000000000
31967  22.782  -53.316  52.112 0.0000000000
33524  24.325  -52.941  49.122 0.0000000000
33525  23.141  -53.249  49.745 0.0000000000
33544  22.491  -52.836  49.162 0.0000000000
32021  22.602  -53.285  49.934 0.0000000000
33509  22.946  -53.103  50.708 0.0000000000
33490  22.270  -52.753  51.275 0.0000000000
33492  20.497  -52.380  51.158 0.0000000000
36583  20.502  -52.258  50.662 0.0000000000
36554  20.462  -52.259  50.880 0.0000000000
36556  19.279  -51.931  51.113 0.0000000000
36557  18.590  -51.796  51.372 0.0000000000
38230  20.800  -49.530  43.251 0.0000000000
38215  20.120  -49.797  43.846 0.0000000000
41345  17.401  -48.690  43.821 0.0000000000
38217  17.926  -49.794  44.533 0.0000000000
36676  18.927  -51.294  46.396 0.0000000000
36640  18.269  -51.349  48.602 0.0000000000
36663  17.265  -50.577  47.449 0.0000000000
38071  15.599  -50.624  50.600 0.0000000000
38102  15.208  -50.500  49.075 0.0000000000
38091  15.268  -50.276  49.990 0.0000000000
39678  13.505  -49.693  47.101 0.0000000000
39659  13.006  -49.858  47.845 0.0000000000
39613  12.830  -49.849  49.627 0.0000000000
38094  12.526  -50.250  50.357 0.0000000000
38095  11.965  -50.516  50.203 0.0000000000
36590  11.545  -50.775  49.685 0.0000000000
36618  11.295  -50.822  49.327 0.0000000000
36591  10.872  -51.116  50.076 0.0000000000
35069  10.432  -51.498  49.887 0.0000000000
35081  9.857  -52.423  49.422 0.0000000000
33532  7.303  -52.825  49.151 0.0000000000
50227  31.009  -42.534  41.206 0.0000000000
48843  30.961  -43.078  41.913 0.0000000000
51633  30.149  -42.212  41.165 0.0000000000
50181  30.158  -42.664  41.993 0.0000000000
48815  30.479  -43.061  42.301 0.0000000000
50206  28.077  -42.559  41.863 0.0000000000
50184  28.267  -42.946  42.331 0.0000000000
47461  27.628  -43.573  42.855 0.0000000000
48789  28.178  -43.466  43.116 0.0000000000
48817  28.672  -43.244  42.643 0.0000000000
47431  29.008  -44.164  43.753 0.0000000000
46010  29.460  -44.661  44.524 0.0000000000
45984  30.200  -45.285  44.929 0.0000000000
45985  29.887  -45.130  45.079 0.0000000000
42862  29.763  -46.792  45.444 0.0000000000
42863  28.959  -46.929  45.259 0.0000000000
42839  29.386  -47.363  45.794 0.0000000000
39649  29.189  -49.344  47.982 0.0000000000
39747  27.293  -48.232  44.749 0.0000000000
39696  27.210  -48.690  45.619 0.0000000000
38159  27.429  -49.012  46.349 0.0000000000
38138  27.320  -49.367  46.864 0.0000000000
39650  28.054  -49.634  47.678 0.0000000000
39627  28.820  -50.119  48.725 0.0000000000
39583  28.293  -50.241  50.451 0.0000000000
36551  27.743  -50.780  51.335 0.0000000000
36552  26.837  -51.137  50.841 0.0000000000
35042  27.405  -51.812  52.641 0.0000000000
33432  27.254  -52.171  53.471 0.0000000000
36496  18.168  -51.824  53.151 0.0000000000
33436  18.099  -52.895  53.549 0.0000000000
35029  9.392  -51.728  55.054 0.0000000000
36506  10.010  -51.420  55.516 0.0000000000
36482  10.489  -51.423  56.850 0.0000000000
79974  56.816  -19.553  28.257 0.0000000000
78656  58.227  -20.463  29.479 0.0000000000
78645  59.560  -20.491  30.633 0.0000000000
78631  60.521  -20.367  31.799 0.0000000000
75842  58.647  -22.660  32.278 0.0000000000
75841  59.130  -22.141  31.813 0.0000000000
77233  59.444  -21.850  32.387 0.0000000000
77232  60.331  -21.179  32.536 0.0000000000
77286  48.883  -22.291  28.824 0.0000000000
77270  49.091  -23.079  29.719 0.0000000000
75851  49.514  -23.334  31.854 0.0000000000
75875  50.048  -23.213  31.390 0.0000000000
75874  50.976  -22.820  31.502 0.0000000000
75848  52.307  -22.969  32.292 0.0000000000
74468  52.889  -23.472  32.393 0.0000000000
73098  53.351  -24.506  33.556 0.0000000000
74418  54.023  -24.133  33.486 0.0000000000
71711  56.314  -24.957  35.400 0.0000000000
70245  49.521  -26.865  34.600 0.0000000000
68699  51.636  -27.772  38.548 0.0000000000
68717  51.987  -27.441  37.506 0.0000000000
70227  51.926  -26.683  36.081 0.0000000000
70242  51.736  -26.615  35.357 0.0000000000
71696  53.203  -26.200  35.451 0.0000000000
71695  53.893  -25.978  35.767 0.0000000000
70223  54.987  -26.413  37.001 0.0000000000
71675  54.699  -26.100  36.408 0.0000000000
71694  55.049  -25.582  35.844 0.0000000000
71693  55.819  -24.878  36.032 0.0000000000
73049  56.464  -24.828  36.237 0.0000000000
66021  39.067  -30.084  36.308 0.0000000000
65993  40.507  -30.494  37.631 0.0000000000
67296  37.440  -29.131  38.850 0.0000000000
67318  38.750  -29.911  38.652 0.0000000000
65968  40.811  -30.071  38.542 0.0000000000
65914  42.643  -30.267  41.385 0.0000000000
65901  43.538  -29.883  42.004 0.0000000000
65886  44.728  -29.736  43.542 0.0000000000
50199  39.754  -41.293  42.401 0.0000000000
51627  39.260  -40.423  41.955 0.0000000000
52961  40.254  -39.498  42.114 0.0000000000
58281  40.732  -35.254  40.558 0.0000000000
57023  41.857  -36.548  42.234 0.0000000000
59508  40.995  -34.565  40.992 0.0000000000
60667  41.376  -33.321  41.670 0.0000000000
47319  41.198  -43.655  49.300 0.0000000000
48706  41.634  -42.927  48.549 0.0000000000
50100  42.390  -42.082  48.263 0.0000000000
50082  42.798  -42.269  49.744 0.0000000000
50090  43.051  -42.169  49.188 0.0000000000
51527  43.526  -40.725  47.042 0.0000000000
52864  43.663  -40.104  46.720 0.0000000000
54167  43.800  -38.754  50.034 0.0000000000
54184  43.643  -38.834  49.068 0.0000000000
52839  43.525  -39.652  48.874 0.0000000000
54197  43.345  -38.993  48.114 0.0000000000
54210  43.574  -38.872  46.695 0.0000000000
54220  43.382  -38.705  45.746 0.0000000000
55647  42.989  -37.765  45.388 0.0000000000
57007  42.511  -36.725  45.051 0.0000000000
58236  42.423  -35.611  44.911 0.0000000000
58227  42.728  -35.717  45.712 0.0000000000
60653  41.517  -33.052  43.148 0.0000000000
61971  41.176  -32.249  42.639 0.0000000000
61931  40.745  -31.627  44.109 0.0000000000
61929  41.900  -32.382  45.339 0.0000000000
63284  40.845  -31.745  45.550 0.0000000000
63286  39.884  -31.081  44.278 0.0000000000
65849  40.344  -30.836  44.928 0.0000000000
61863  42.857  -32.942  48.718 0.0000000000
61864  42.432  -32.188  48.236 0.0000000000
63218  42.179  -31.551  48.226 0.0000000000
64497  41.813  -30.934  49.113 0.0000000000
64498  41.785  -31.126  48.428 0.0000000000
64537  41.475  -31.105  47.110 0.0000000000
65824  41.318  -30.595  46.435 0.0000000000
65847  41.198  -30.313  45.517 0.0000000000
65868  41.256  -30.201  44.736 0.0000000000
65846  41.854  -30.007  45.564 0.0000000000
65844  43.501  -30.324  45.314 0.0000000000
65821  43.489  -30.392  46.390 0.0000000000
93869  53.567  -8.347  21.294 0.0000000000
92601  54.224  -9.417  21.117 0.0000000000
91344  53.821  -10.013  21.694 0.0000000000
91343  54.379  -10.086  21.271 0.0000000000
88993  55.899  -12.659  22.796 0.0000000000
89001  56.689  -12.210  22.311 0.0000000000
88992  56.744  -12.140  23.122 0.0000000000
90119  56.763  -11.574  23.724 0.0000000000
91308  56.969  -11.244  24.632 0.0000000000
88962  54.577  -12.223  25.504 0.0000000000
88948  55.430  -12.811  26.327 0.0000000000
90101  55.521  -11.914  25.575 0.0000000000
90102  55.023  -11.417  25.054 0.0000000000
91298  55.394  -11.125  25.194 0.0000000000
91297  56.291  -11.528  25.156 0.0000000000
91296  57.190  -11.307  25.139 0.0000000000
88945  58.729  -12.230  26.729 0.0000000000
87723  58.881  -13.177  27.605 0.0000000000
87722  59.460  -12.918  27.603 0.0000000000
30496  22.468  -54.024  51.556 0.0000000000
31927  17.380  -53.152  54.519 0.0000000000
31936  27.172  -52.393  53.365 0.0000000000
31937  26.930  -52.397  53.301 0.0000000000
31950  27.397  -52.369  52.999 0.0000000000
31951  27.094  -52.512  53.157 0.0000000000
31952  26.761  -52.586  52.942 0.0000000000
31986  22.570  -53.600  51.889 0.0000000000
31997  6.350  -53.848  51.626 0.0000000000
32006  22.555  -53.214  50.237 0.0000000000
32022  22.365  -53.263  50.041 0.0000000000
33422  16.966  -53.127  55.722 0.0000000000
33425  17.456  -52.919  54.462 0.0000000000
33427  7.471  -53.042  55.023 0.0000000000
33433  27.025  -52.245  53.487 0.0000000000
33434  26.861  -52.200  53.336 0.0000000000
33446  27.301  -52.212  53.293 0.0000000000
33447  27.155  -52.342  53.323 0.0000000000
33450  18.219  -53.038  53.116 0.0000000000
33506  28.730  -51.811  50.840 0.0000000000
33526  22.224  -53.144  49.817 0.0000000000
35005  9.423  -51.508  56.502 0.0000000000
35013  16.895  -52.526  54.647 0.0000000000
35015  15.702  -51.506  54.637 0.0000000000
35023  27.251  -51.984  53.652 0.0000000000
35024  27.024  -51.950  53.598 0.0000000000
35025  26.814  -51.994  53.308 0.0000000000
35026  18.006  -52.148  53.473 0.0000000000
35027  15.747  -51.336  54.406 0.0000000000
35028  15.534  -51.351  54.537 0.0000000000
35034  27.298  -51.951  53.328 0.0000000000
35035  27.031  -51.776  53.181 0.0000000000
35036  26.616  -51.957  52.773 0.0000000000
35038  10.110  -51.330  53.696 0.0000000000
35040  8.741  -52.562  53.576 0.0000000000
35046  18.641  -52.452  51.941 0.0000000000
35053  28.560  -51.590  51.200 0.0000000000
35058  20.191  -52.346  51.102 0.0000000000
35062  28.904  -51.639  50.880 0.0000000000
35064  26.109  -51.537  49.950 0.0000000000
35068  20.510  -52.263  50.402 0.0000000000
35077  24.919  -52.426  48.960 0.0000000000
35079  20.287  -52.144  49.925 0.0000000000
35099  9.030  -52.444  48.071 0.0000000000
35108  25.321  -51.450  47.553 0.0000000000
35109  24.891  -51.687  47.412 0.0000000000
36460  9.238  -51.367  58.117 0.0000000000
36464  15.302  -52.165  56.101 0.0000000000
36468  11.991  -50.985  57.336 0.0000000000
36469  11.102  -51.179  57.514 0.0000000000
36470  10.206  -51.421  57.485 0.0000000000
36485  17.702  -52.001  53.647 0.0000000000
36488  15.936  -51.779  54.758 0.0000000000
36494  10.698  -51.392  56.013 0.0000000000
36498  16.975  -51.638  53.774 0.0000000000
36499  16.165  -51.345  54.158 0.0000000000
36514  12.960  -51.073  53.291 0.0000000000
36525  29.014  -50.428  51.409 0.0000000000
36526  28.495  -50.474  51.327 0.0000000000
36531  17.647  -51.738  52.303 0.0000000000
36534  14.982  -51.000  52.657 0.0000000000
36555  19.887  -52.226  50.879 0.0000000000
36564  10.445  -51.405  51.032 0.0000000000
36573  37.002  -48.658  48.410 0.0000000000
36575  36.190  -48.748  48.427 0.0000000000
36576  35.354  -48.948  48.664 0.0000000000
36577  34.506  -49.451  49.185 0.0000000000
36584  20.176  -52.157  50.471 0.0000000000
36601  37.194  -48.737  48.248 0.0000000000
36602  36.744  -48.960  48.165 0.0000000000
36627  37.274  -48.935  47.980 0.0000000000
36628  36.707  -49.192  47.935 0.0000000000
36629  35.813  -49.459  48.106 0.0000000000
36637  25.709  -51.201  47.678 0.0000000000
36652  37.172  -49.169  47.677 0.0000000000
36659  24.272  -51.314  46.649 0.0000000000
36673  23.993  -51.115  46.241 0.0000000000
38040  12.806  -50.936  52.802 0.0000000000
38053  28.892  -49.983  51.344 0.0000000000
38064  31.477  -49.937  50.450 0.0000000000
38065  31.640  -50.164  50.350 0.0000000000
38068  28.753  -49.978  51.019 0.0000000000
38069  28.248  -50.335  50.904 0.0000000000
38081  37.336  -48.467  48.437 0.0000000000
38082  37.017  -48.331  48.602 0.0000000000
38083  36.424  -48.346  48.636 0.0000000000
38084  35.624  -48.466  48.855 0.0000000000
38131  37.673  -48.982  47.346 0.0000000000
38165  17.363  -50.299  46.029 0.0000000000
38191  17.238  -49.763  44.969 0.0000000000
38210  25.595  -48.988  44.561 0.0000000000
38218  17.454  -49.759  44.803 0.0000000000
39565  31.032  -49.737  50.492 0.0000000000
39566  30.528  -49.653  50.808 0.0000000000
39567  29.902  -49.561  51.064 0.0000000000
39568  29.205  -49.637  51.142 0.0000000000
39593  39.794  -47.212  48.383 0.0000000000
39601  32.205  -48.783  50.568 0.0000000000
39602  31.482  -48.872  50.390 0.0000000000
39620  40.056  -47.588  48.183 0.0000000000
39621  39.446  -47.983  48.293 0.0000000000
39642  40.394  -47.022  47.951 0.0000000000
39645  38.934  -48.578  48.088 0.0000000000
39646  31.207  -48.351  48.873 0.0000000000
39692  36.979  -48.486  46.095 0.0000000000
39695  27.533  -48.633  45.952 0.0000000000
39697  17.088  -50.110  45.898 0.0000000000
39720  26.943  -48.631  45.221 0.0000000000
39748  26.812  -48.374  44.550 0.0000000000
41186  41.188  -45.919  48.821 0.0000000000
41187  40.413  -46.331  48.595 0.0000000000
41189  38.575  -47.020  48.508 0.0000000000
41190  37.433  -47.582  48.601 0.0000000000
41217  40.216  -46.914  48.283 0.0000000000
41219  37.950  -47.033  48.431 0.0000000000
41221  35.242  -47.362  49.302 0.0000000000
41226  31.404  -48.444  49.922 0.0000000000
41246  38.742  -46.380  48.423 0.0000000000
41247  38.320  -46.618  48.316 0.0000000000
41250  32.997  -47.428  48.520 0.0000000000
41341  27.134  -47.949  44.421 0.0000000000
41344  25.150  -48.377  43.230 0.0000000000
41383  24.026  -47.675  41.944 0.0000000000
42758  42.112  -44.852  48.879 0.0000000000
42761  40.345  -45.728  48.841 0.0000000000
42762  39.427  -46.237  48.599 0.0000000000
42765  35.472  -47.350  49.291 0.0000000000
42788  39.231  -46.025  48.544 0.0000000000
42789  36.104  -47.203  48.631 0.0000000000
42790  35.257  -47.106  48.965 0.0000000000
42791  34.349  -47.267  48.740 0.0000000000
42816  33.161  -47.301  47.973 0.0000000000
42854  37.348  -45.976  46.661 0.0000000000
42887  33.684  -46.939  45.559 0.0000000000
42891  29.016  -46.352  45.260 0.0000000000
42893  27.409  -46.476  44.202 0.0000000000
44305  42.584  -44.313  49.535 0.0000000000
44306  41.861  -44.646  49.447 0.0000000000
44307  41.125  -44.844  49.301 0.0000000000
44308  40.619  -45.243  49.041 0.0000000000
44326  40.944  -44.592  49.345 0.0000000000
44327  40.585  -44.948  49.044 0.0000000000
44328  40.082  -45.208  48.574 0.0000000000
44352  38.892  -45.601  47.735 0.0000000000
44392  31.062  -46.584  45.398 0.0000000000
44395  28.784  -46.343  45.209 0.0000000000
44396  28.564  -46.303  45.101 0.0000000000
44417  37.091  -45.476  45.791 0.0000000000
44452  30.646  -45.635  44.652 0.0000000000
44453  30.360  -45.409  44.809 0.0000000000
44491  26.431  -45.643  42.065 0.0000000000
45860  42.445  -44.086  49.752 0.0000000000
45863  41.106  -43.890  49.465 0.0000000000
45909  40.539  -43.976  48.822 0.0000000000
45910  40.390  -44.119  48.587 0.0000000000
45942  39.027  -44.870  47.091 0.0000000000
45943  38.510  -44.901  46.811 0.0000000000
45982  32.194  -46.585  43.998 0.0000000000
46013  27.703  -44.672  43.556 0.0000000000
47301  42.980  -43.297  51.116 0.0000000000
47310  42.681  -43.398  50.615 0.0000000000
47312  41.595  -43.684  49.561 0.0000000000
47320  39.854  -44.372  48.049 0.0000000000
47333  41.513  -43.231  49.125 0.0000000000
47360  38.427  -44.688  46.507 0.0000000000
47381  40.107  -43.943  45.855 0.0000000000
47384  38.118  -44.704  46.093 0.0000000000
47451  37.276  -44.118  42.998 0.0000000000
47460  28.793  -43.660  43.355 0.0000000000
47479  35.999  -43.682  42.212 0.0000000000
47481  34.834  -43.983  42.272 0.0000000000
48662  43.146  -42.661  50.992 0.0000000000
48674  43.363  -41.811  50.755 0.0000000000
48675  42.980  -42.506  50.620 0.0000000000
48684  42.518  -42.663  49.960 0.0000000000
48694  42.568  -42.473  49.178 0.0000000000
48705  42.393  -42.498  48.903 0.0000000000
48790  28.000  -43.457  43.338 0.0000000000
48806  40.510  -42.055  42.791 0.0000000000
48871  32.029  -43.258  41.429 0.0000000000
50070  43.570  -41.077  50.485 0.0000000000
50080  43.476  -41.078  50.274 0.0000000000
50081  43.222  -41.511  49.961 0.0000000000
50091  42.701  -42.396  49.485 0.0000000000
50111  41.204  -43.334  46.894 0.0000000000
50138  43.136  -40.931  45.447 0.0000000000
50183  28.438  -42.781  42.165 0.0000000000
50202  31.165  -42.757  41.352 0.0000000000
50203  30.626  -42.603  41.573 0.0000000000
50207  27.515  -42.290  41.514 0.0000000000
50220  37.932  -41.776  40.965 0.0000000000
51469  43.624  -40.754  50.476 0.0000000000
51512  43.149  -40.994  47.983 0.0000000000
51526  43.630  -40.336  46.774 0.0000000000
51543  43.665  -40.257  46.553 0.0000000000
51560  43.447  -40.436  45.636 0.0000000000
51634  28.494  -41.860  41.534 0.0000000000
52840  43.490  -40.315  48.574 0.0000000000
52865  43.654  -39.900  46.881 0.0000000000
52881  43.692  -40.070  46.477 0.0000000000
52899  43.035  -40.026  44.561 0.0000000000
52916  43.088  -39.062  44.569 0.0000000000
52918  42.319  -40.030  43.913 0.0000000000
52934  42.323  -38.962  43.837 0.0000000000
54209  43.488  -38.644  47.361 0.0000000000
54245  42.464  -38.521  44.190 0.0000000000
55626  43.533  -38.173  47.018 0.0000000000
55637  43.496  -37.640  47.075 0.0000000000
56962  43.760  -36.334  48.045 0.0000000000
56975  43.643  -36.641  47.780 0.0000000000
56982  43.526  -37.433  47.363 0.0000000000
56995  42.699  -37.166  45.317 0.0000000000
58169  43.702  -36.050  49.545 0.0000000000
58228  42.616  -35.209  45.458 0.0000000000
58235  42.570  -36.083  45.266 0.0000000000
58268  41.340  -35.596  40.916 0.0000000000
59452  42.753  -35.057  45.737 0.0000000000
60541  43.121  -33.398  49.353 0.0000000000
60666  42.133  -34.056  41.841 0.0000000000
60691  40.246  -34.238  40.269 0.0000000000
61815  42.611  -31.585  49.973 0.0000000000
61865  42.256  -31.547  47.832 0.0000000000
61950  40.691  -31.589  43.222 0.0000000000
62012  39.744  -32.275  41.006 0.0000000000
63195  41.904  -31.248  48.183 0.0000000000
63219  41.871  -31.280  47.575 0.0000000000
63265  41.030  -31.561  45.979 0.0000000000
63285  40.454  -31.372  44.808 0.0000000000
63331  38.958  -30.559  42.381 0.0000000000
63352  39.912  -31.635  42.203 0.0000000000
63364  38.909  -31.346  41.016 0.0000000000
64518  41.723  -31.079  47.783 0.0000000000
64572  40.417  -31.036  45.295 0.0000000000
64573  40.113  -30.944  44.657 0.0000000000
64610  39.565  -30.557  43.601 0.0000000000
64628  38.345  -30.220  41.923 0.0000000000
65802  41.479  -30.951  47.298 0.0000000000
65803  41.288  -31.011  46.877 0.0000000000
65825  41.136  -30.960  46.403 0.0000000000
65905  37.699  -29.532  41.529 0.0000000000
66043  41.660  -30.041  35.947 0.0000000000
67208  40.345  -29.829  43.872 0.0000000000
67222  41.246  -29.890  44.013 0.0000000000
67240  38.011  -28.779  41.887 0.0000000000
67248  46.413  -28.541  41.157 0.0000000000
67249  46.204  -28.584  41.287 0.0000000000
67266  46.187  -28.605  40.991 0.0000000000
67313  46.501  -28.609  38.438 0.0000000000
67336  46.282  -28.644  38.298 0.0000000000
67337  46.085  -28.629  38.464 0.0000000000
67341  42.136  -30.130  37.381 0.0000000000
68645  45.850  -28.696  41.432 0.0000000000
68663  50.148  -27.818  40.461 0.0000000000
68714  54.339  -26.906  37.910 0.0000000000
68738  52.764  -26.764  36.912 0.0000000000
68787  49.007  -27.002  34.488 0.0000000000
70228  51.372  -26.908  35.762 0.0000000000
71692  56.419  -24.729  35.887 0.0000000000
74487  54.830  -23.393  31.825 0.0000000000
74488  54.438  -23.362  31.906 0.0000000000
75820  58.526  -23.008  33.642 0.0000000000
75823  54.016  -23.470  32.536 0.0000000000
75825  51.973  -23.407  32.683 0.0000000000
77244  52.752  -23.314  30.512 0.0000000000
77284  50.552  -23.313  29.232 0.0000000000
81252  57.067  -18.726  28.332 0.0000000000
82477  57.268  -18.385  28.369 0.0000000000
85163  55.179  -15.569  26.891 0.0000000000
85164  54.982  -15.700  26.960 0.0000000000
87738  55.967  -13.123  26.470 0.0000000000
87773  53.398  -13.192  23.251 0.0000000000
88933  54.282  -13.357  26.349 0.0000000000
88946  58.310  -12.240  26.669 0.0000000000
88972  56.211  -12.244  24.005 0.0000000000
88991  57.082  -11.906  22.888 0.0000000000
90077  57.752  -12.323  26.628 0.0000000000
90089  58.132  -11.845  26.447 0.0000000000
90110  55.930  -12.022  24.559 0.0000000000
90117  58.061  -10.770  23.426 0.0000000000
90120  56.468  -11.557  24.369 0.0000000000
91299  55.019  -10.889  24.962 0.0000000000
91307  57.531  -10.717  24.681 0.0000000000
91310  55.380  -11.000  24.861 0.0000000000
91319  56.923  -11.278  24.196 0.0000000000
91320  56.642  -11.440  24.516 0.0000000000
92569  57.897  -10.161  24.359 0.0000000000
92570  57.654  -10.294  24.330 0.0000000000
92576  57.525  -10.431  24.052 0.0000000000
92577  57.257  -11.029  24.190 0.0000000000
92584  60.157  -10.318  21.883 0.0000000000
92599  59.700  -10.261  21.416 0.0000000000
