#!ascii label  , from subject 3124 vox2ras=TkReg
692
87147  23.635  -14.561  -18.032 0.1428571492
85822  22.953  -15.589  -17.610 0.1428571492
88360  23.417  -13.635  -18.022 0.1428571492
85820  25.059  -15.235  -17.725 0.1428571492
88359  24.156  -13.673  -18.229 0.2857142985
87145  25.485  -14.257  -17.703 0.1428571492
89555  24.209  -12.376  -19.299 0.5714285970
88358  25.017  -13.227  -18.066 0.1428571492
90669  26.286  -12.018  -18.001 0.2857142985
89514  26.422  -12.451  -17.577 0.2857142985
90667  27.907  -11.519  -17.302 0.1428571492
90668  26.848  -11.455  -17.735 0.2857142985
93157  28.159  -9.380  -18.724 0.2857142985
93158  27.384  -9.921  -19.053 0.2857142985
96781  29.428  -6.733  -19.328 0.2857142985
94433  28.783  -8.251  -18.741 0.2857142985
96798  30.075  -5.878  -19.699 0.2857142985
96799  29.347  -6.394  -20.121 0.2857142985
98903  30.546  -4.139  -21.430 0.2857142985
101213  31.500  -2.471  -22.724 0.8571428657
100058  30.754  -3.610  -21.951 0.4285714328
97868  30.500  -5.002  -20.298 0.2857142985
104612  32.765  -0.105  -23.447 0.7142857313
103477  32.878  -0.187  -22.225 0.7142857313
102341  32.163  -1.589  -22.546 0.7142857313
101194  31.097  -3.266  -22.613 0.7142857313
105749  34.201  1.788  -22.442 0.8571428657
105750  33.512  1.251  -22.763 0.5714285970
104626  33.097  0.590  -23.476 0.8571428657
103496  32.298  -0.761  -23.505 0.7142857313
102358  31.484  -1.502  -23.250 0.7142857313
107996  34.730  2.982  -23.210 0.4285714328
105781  34.085  2.037  -23.522 0.7142857313
105765  33.340  1.574  -23.411 0.8571428657
110062  36.423  5.201  -24.166 0.2857142985
110063  35.697  4.967  -24.097 0.5714285970
107995  34.740  3.973  -23.367 0.8571428657
106930  34.166  2.483  -23.542 0.8571428657
110087  36.809  5.537  -26.015 0.1428571492
110072  36.659  5.237  -25.007 0.1428571492
110073  35.770  5.459  -24.894 0.4285714328
109051  34.725  4.655  -23.856 0.5714285970
108010  34.363  4.189  -23.836 0.8571428657
110099  37.051  5.940  -26.795 0.1428571492
109065  37.630  5.238  -26.331 0.1428571492
110088  35.944  5.716  -25.838 0.4285714328
109052  33.953  4.756  -24.071 0.8571428657
111163  37.393  6.417  -26.863 0.1428571492
110110  37.151  5.933  -27.815 0.1428571492
111164  36.196  6.655  -26.440 0.1428571492
110100  36.067  6.056  -26.535 0.1428571492
112297  34.931  6.973  -26.903 0.4285714328
110102  34.728  6.109  -26.296 0.5714285970
110090  34.181  5.841  -25.702 0.7142857313
109053  33.213  4.431  -24.294 0.8571428657
111148  37.068  6.799  -25.835 0.1428571492
111136  37.224  6.745  -25.258 0.1428571492
112282  35.648  7.252  -25.686 0.1428571492
112283  35.022  7.459  -26.063 0.5714285970
111151  33.797  6.076  -25.782 0.8571428657
110075  33.565  5.208  -25.164 0.8571428657
110076  32.861  5.151  -25.248 0.8571428657
112267  37.681  7.054  -24.721 0.1428571492
112255  36.767  7.310  -23.672 0.2857142985
112268  36.301  6.882  -24.849 0.1428571492
112256  35.652  6.874  -23.812 0.8571428657
112270  34.265  6.773  -25.486 0.8571428657
111150  34.367  6.414  -26.089 0.7142857313
112258  33.640  6.744  -24.688 0.8571428657
113392  37.953  8.645  -22.271 0.1428571492
112236  36.156  7.534  -22.490 0.4285714328
112220  35.343  7.754  -21.795 0.8571428657
112237  34.878  7.076  -22.858 0.8571428657
112257  34.494  6.882  -24.220 0.8571428657
111112  32.979  6.874  -23.744 0.8571428657
113393  36.907  7.997  -21.840 0.4285714328
112221  34.134  7.814  -22.034 0.8571428657
112238  33.442  7.008  -23.320 0.8571428657
112222  32.980  7.493  -21.891 0.8571428657
113373  37.588  9.142  -21.632 0.1428571492
115658  37.588  10.277  -21.351 0.2857142985
113374  37.106  8.775  -21.443 0.5714285970
114506  35.565  9.309  -20.412 0.8571428657
113375  36.137  8.220  -21.120 0.8571428657
113377  33.482  8.161  -21.014 0.8571428657
116748  37.186  11.439  -21.223 0.2857142985
115660  36.363  10.016  -20.226 0.7142857313
114505  36.530  9.367  -20.929 0.5714285970
113359  33.789  9.003  -20.453 0.8571428657
113360  32.813  8.949  -20.656 0.8571428657
115638  35.563  10.483  -19.927 0.8571428657
115639  34.489  10.569  -19.843 0.8571428657
114488  34.025  9.702  -19.856 0.8571428657
115641  32.545  10.485  -19.844 0.7142857313
114489  33.121  9.648  -19.998 0.7142857313
116726  34.914  11.476  -20.073 0.8571428657
116727  34.034  11.442  -19.715 0.8571428657
115640  33.533  10.508  -19.660 0.8571428657
116728  33.067  11.454  -19.664 0.8571428657
117816  32.676  12.469  -19.809 0.8571428657
116729  32.052  11.438  -19.880 0.7142857313
118875  34.467  13.861  -20.264 0.7142857313
118861  34.312  13.320  -19.643 0.8571428657
119821  32.805  14.524  -20.277 0.8571428657
120752  33.101  15.398  -20.567 0.7142857313
118876  33.485  13.541  -19.879 0.8571428657
120806  33.907  15.085  -24.654 0.1428571492
119820  33.912  14.748  -20.633 0.8571428657
120766  33.424  15.623  -21.330 0.7142857313
121684  32.497  15.682  -25.053 0.1428571492
120780  33.467  15.548  -22.449 0.5714285970
121657  32.349  16.491  -22.627 0.5714285970
121658  31.651  16.829  -22.338 0.5714285970
120808  32.198  16.052  -23.771 0.1428571492
120824  30.559  15.453  -26.458 0.1428571492
121659  31.028  17.294  -23.366 0.5714285970
122612  29.671  16.611  -25.684 0.1428571492
121702  29.583  16.055  -26.359 0.1428571492
121675  30.818  16.765  -24.274 0.1428571492
122626  29.220  16.685  -26.238 0.1428571492
121674  31.678  16.537  -23.541 0.5714285970
122601  29.494  17.452  -25.405 0.1428571492
122625  29.555  16.862  -26.735 0.1428571492
154904  29.160  17.752  -25.475 0.1428571492
84467  23.729  -16.138  -17.542 0.1428571492
84468  23.267  -16.116  -17.440 0.1428571492
88356  26.798  -13.298  -17.241 0.2857142985
88357  25.932  -13.299  -17.624 0.2857142985
93143  28.419  -9.761  -17.860 0.2857142985
91916  28.043  -10.182  -18.017 0.2857142985
97869  29.886  -5.125  -20.880 0.2857142985
101193  31.471  -2.845  -21.907 0.4285714328
106903  34.725  2.455  -22.618 0.2857142985
101223  31.262  -2.305  -23.306 0.7142857313
109017  36.118  4.587  -22.547 0.1428571492
106918  32.875  2.351  -23.392 0.8571428657
110074  34.750  5.298  -24.680 0.7142857313
112269  35.200  7.126  -25.092 0.8571428657
111129  32.474  6.230  -24.295 0.8571428657
116725  35.832  11.580  -20.323 0.8571428657
117796  35.102  13.088  -19.935 0.8571428657
119819  34.508  14.333  -20.745 0.8571428657
120793  32.787  16.162  -23.162 0.2857142985
121700  31.221  15.825  -25.721 0.1428571492
121729  29.868  16.142  -27.240 0.1428571492
84446  23.235  -16.424  -16.912 0.1428571492
89516  25.179  -12.629  -18.284 0.4285714328
90693  26.133  -11.666  -18.559 0.2857142985
89537  25.625  -12.129  -18.606 0.4285714328
89554  24.603  -12.263  -19.416 0.2857142985
91917  27.213  -10.424  -18.355 0.1428571492
93156  28.937  -8.796  -18.364 0.2857142985
95621  29.377  -7.308  -18.838 0.2857142985
95622  28.663  -7.633  -19.221 0.2857142985
94447  28.136  -8.277  -19.261 0.2857142985
95640  29.050  -7.137  -19.525 0.2857142985
100073  30.557  -3.405  -22.562 0.7142857313
109076  37.624  5.289  -27.426 0.1428571492
112294  37.881  6.814  -26.761 0.1428571492
113416  37.947  7.778  -23.879 0.1428571492
112235  37.311  7.672  -22.668 0.2857142985
113407  38.125  8.146  -23.264 0.1428571492
111139  33.290  6.215  -25.256 0.8571428657
111141  32.249  5.406  -24.521 1.0000000000
114522  37.848  9.680  -21.756 0.1428571492
115678  38.090  10.677  -21.831 0.1428571492
116724  36.636  11.568  -20.779 0.2857142985
114490  32.185  9.645  -20.386 0.8571428657
117812  36.274  12.504  -20.650 0.5714285970
118898  35.521  13.623  -21.119 0.5714285970
118919  35.063  14.013  -21.670 0.5714285970
119834  33.896  14.829  -21.824 0.7142857313
119846  34.590  14.437  -22.258 0.2857142985
119863  34.261  14.960  -23.484 0.2857142985
120792  33.786  15.475  -23.586 0.1428571492
120807  32.836  15.644  -24.319 0.1428571492
121685  31.827  16.155  -24.710 0.1428571492
122586  29.767  17.657  -23.935 0.2857142985
121699  32.003  15.474  -25.413 0.1428571492
122600  30.250  17.098  -25.131 0.1428571492
154902  29.049  17.809  -24.973 0.1428571492
120825  29.903  15.701  -26.399 0.1428571492
154915  28.829  17.699  -25.997 0.1428571492
154911  29.810  18.252  -26.512 0.1428571492
117838  37.203  12.485  -21.272 0.4285714328
118897  36.339  13.276  -21.197 0.4285714328
118918  35.783  13.706  -21.908 0.4285714328
118935  35.177  14.022  -22.450 0.4285714328
119847  34.053  14.843  -22.855 0.5714285970
87146  24.554  -14.410  -17.946 0.1428571492
85821  24.089  -15.416  -17.922 0.1428571492
85823  22.139  -14.811  -17.488 0.1428571492
88379  23.883  -13.052  -18.526 0.4285714328
88361  22.606  -13.317  -17.851 0.2857142985
88378  24.476  -12.952  -18.474 0.5714285970
90692  26.663  -11.085  -18.330 0.1428571492
103497  31.614  -0.645  -23.569 0.7142857313
105782  33.877  2.096  -23.598 0.8571428657
110089  35.084  5.768  -25.746 0.5714285970
112295  35.627  7.226  -26.194 0.2857142985
110101  35.285  6.021  -26.558 0.1428571492
111138  33.960  6.318  -25.682 0.8571428657
112219  36.019  7.754  -21.690 0.8571428657
114507  34.595  9.220  -20.298 0.8571428657
113376  34.741  8.314  -20.808 0.8571428657
114487  34.918  9.827  -19.980 0.8571428657
117813  35.306  12.547  -20.201 0.8571428657
117798  34.261  12.808  -19.504 0.8571428657
121673  32.189  16.582  -23.026 0.5714285970
120836  29.553  15.118  -26.859 0.1428571492
121686  30.794  16.480  -25.230 0.1428571492
122641  29.326  16.299  -26.802 0.1428571492
120848  29.369  15.249  -27.270 0.1428571492
93142  29.168  -9.278  -17.755 0.1428571492
118873  35.795  13.167  -20.631 0.5714285970
90694  25.636  -11.990  -18.873 0.4285714328
95641  28.273  -7.405  -20.067 0.5714285970
154905  28.614  18.229  -24.128 0.1428571492
95664  27.345  -7.510  -20.828 0.5714285970
95665  26.330  -7.680  -20.746 0.5714285970
95667  24.894  -7.718  -20.159 0.2857142985
96818  27.896  -7.030  -20.973 0.5714285970
96836  26.112  -6.643  -21.118 0.5714285970
94468  24.924  -8.456  -20.245 0.4285714328
95684  27.037  -6.882  -21.202 0.5714285970
95643  24.939  -7.257  -19.981 0.2857142985
96801  25.113  -6.778  -20.190 0.4285714328
96832  28.953  -5.585  -21.541 0.4285714328
97884  27.929  -5.308  -21.550 0.5714285970
97870  26.385  -5.795  -21.086 0.5714285970
97871  25.914  -5.369  -21.091 0.4285714328
97883  28.721  -5.168  -21.781 0.5714285970
98906  28.413  -4.453  -21.910 0.5714285970
97885  26.856  -5.360  -21.285 0.4285714328
100060  28.765  -3.933  -22.243 0.7142857313
100061  28.248  -3.447  -22.042 0.4285714328
98916  29.622  -3.890  -22.727 0.4285714328
96820  25.586  -6.382  -20.695 0.4285714328
96822  24.138  -6.184  -20.227 0.2857142985
96803  23.791  -6.561  -19.659 0.2857142985
97886  26.305  -4.876  -21.276 0.4285714328
98905  29.257  -4.370  -22.303 0.7142857313
101215  30.149  -2.445  -22.817 0.7142857313
102346  28.006  -1.380  -22.057 0.4285714328
103480  29.855  -0.842  -22.876 0.7142857313
103481  29.088  -0.258  -22.544 0.5714285970
103482  27.922  -0.210  -22.380 0.2857142985
101214  30.815  -3.037  -23.230 0.5714285970
102360  30.282  -1.958  -23.265 0.5714285970
102344  29.947  -1.650  -23.042 0.7142857313
103499  29.917  -0.023  -23.249 0.7142857313
104631  29.419  0.780  -22.666 0.7142857313
105769  29.942  1.566  -22.872 0.7142857313
105770  29.049  1.636  -22.883 0.7142857313
104613  28.529  0.737  -22.580 0.4285714328
106923  28.744  2.526  -23.146 0.4285714328
104627  32.612  0.183  -24.001 0.5714285970
103498  30.703  -0.541  -23.196 0.5714285970
105767  31.557  1.299  -23.513 0.5714285970
105768  30.754  1.446  -23.192 0.7142857313
106921  30.589  2.330  -23.026 0.7142857313
107999  31.392  3.298  -22.886 0.7142857313
106922  29.641  2.402  -23.097 0.7142857313
108001  29.357  3.210  -23.083 0.5714285970
107977  29.926  3.691  -22.291 0.5714285970
108011  34.053  3.499  -23.852 0.7142857313
106919  32.086  2.296  -23.701 0.5714285970
107998  31.985  3.296  -23.712 0.7142857313
106920  31.405  2.321  -23.396 0.7142857313
109040  32.222  4.443  -23.492 0.8571428657
109018  31.315  4.450  -22.857 0.7142857313
109019  30.490  4.510  -22.316 0.7142857313
110048  30.897  5.369  -22.923 0.7142857313
109020  29.556  4.555  -22.040 0.5714285970
110049  30.089  5.454  -22.282 0.7142857313
107997  32.573  3.207  -23.659 0.5714285970
110078  32.064  5.114  -24.230 0.8571428657
110065  31.637  5.241  -23.593 0.8571428657
111104  30.306  6.755  -21.904 0.2857142985
109054  32.610  4.654  -24.440 0.7142857313
111114  31.722  6.117  -23.263 0.7142857313
113380  30.318  8.239  -21.247 0.7142857313
111130  32.008  5.688  -24.220 0.7142857313
111115  30.720  6.149  -22.216 0.8571428657
113378  32.397  8.175  -21.114 0.8571428657
112240  31.444  6.608  -22.090 0.8571428657
112224  30.820  7.181  -21.550 0.5714285970
112223  31.916  7.362  -21.620 0.8571428657
113379  31.317  8.349  -21.048 0.8571428657
111113  32.643  6.642  -23.584 0.8571428657
113362  31.442  8.872  -20.813 0.8571428657
113361  31.857  8.842  -20.637 0.8571428657
114491  31.166  9.434  -20.787 0.7142857313
117817  31.590  12.445  -19.864 0.7142857313
117818  30.541  12.466  -20.023 0.7142857313
118877  32.247  13.481  -20.049 0.7142857313
119823  30.625  14.449  -20.038 0.7142857313
118879  30.079  13.450  -20.053 0.7142857313
120755  30.088  15.467  -19.921 0.7142857313
119835  28.792  14.680  -20.219 0.5714285970
120753  32.229  15.373  -20.434 0.7142857313
121629  31.247  16.096  -20.571 0.7142857313
120756  28.851  15.498  -20.079 0.5714285970
121630  30.629  16.210  -20.356 0.4285714328
121631  29.484  16.617  -20.249 0.5714285970
120768  31.760  16.003  -20.796 0.5714285970
121644  30.297  16.860  -20.755 0.5714285970
120757  27.810  15.906  -20.031 0.4285714328
122557  28.577  17.372  -20.418 0.5714285970
121632  28.304  16.692  -20.117 0.5714285970
121645  29.711  17.102  -20.811 0.5714285970
121634  26.264  16.611  -19.814 0.4285714328
120772  26.407  15.359  -20.085 0.4285714328
121633  27.299  16.832  -19.954 0.5714285970
122559  26.655  17.540  -20.160 0.4285714328
101212  32.028  -2.210  -22.104 0.2857142985
105766  32.372  1.245  -23.637 0.5714285970
122558  27.769  17.819  -20.146 0.2857142985
122560  25.975  17.500  -19.502 0.2857142985
94466  26.728  -8.397  -20.545 0.5714285970
93199  25.566  -9.253  -20.427 0.5714285970
96817  28.520  -6.762  -20.866 0.2857142985
94467  25.924  -8.427  -20.496 0.5714285970
96816  29.212  -5.974  -21.221 0.2857142985
96833  28.496  -5.923  -21.431 0.5714285970
95644  24.366  -7.639  -19.741 0.2857142985
97872  25.051  -5.419  -20.664 0.4285714328
98908  26.648  -4.305  -21.287 0.4285714328
98907  27.551  -4.385  -21.552 0.5714285970
97873  24.240  -5.520  -20.476 0.2857142985
101217  28.477  -2.483  -22.383 0.5714285970
103460  32.996  -0.282  -21.576 0.2857142985
102347  27.440  -0.788  -22.113 0.2857142985
111103  30.662  6.644  -21.847 0.7142857313
115642  31.632  10.492  -20.367 0.7142857313
116730  30.937  11.378  -20.151 0.7142857313
116749  30.337  11.030  -20.800 0.7142857313
120769  28.508  14.933  -20.239 0.5714285970
120759  26.456  15.994  -20.120 0.2857142985
120767  32.635  16.031  -20.945 0.5714285970
120782  32.014  16.410  -21.397 0.5714285970
121643  31.246  16.665  -21.050 0.5714285970
96800  28.753  -6.911  -20.385 0.2857142985
102359  30.748  -1.525  -23.159 0.5714285970
109038  33.049  3.819  -23.626 0.7142857313
109039  32.773  4.082  -23.625 0.7142857313
112239  32.373  6.832  -22.600 0.7142857313
119822  31.712  14.458  -20.182 0.8571428657
98915  29.989  -4.198  -22.838 0.5714285970
100074  30.053  -3.353  -22.497 0.5714285970
114492  30.487  9.900  -20.724 0.7142857313
95663  27.997  -7.177  -20.680 0.5714285970
95666  25.487  -7.476  -20.399 0.5714285970
95686  25.913  -7.120  -21.047 0.4285714328
96802  24.562  -6.729  -19.922 0.4285714328
96834  27.594  -6.426  -21.230 0.5714285970
96835  26.660  -6.339  -21.135 0.5714285970
96819  26.125  -6.115  -21.004 0.4285714328
93200  24.961  -9.214  -20.155 0.5714285970
96821  24.733  -6.190  -20.430 0.4285714328
98892  25.359  -4.503  -20.852 0.4285714328
101195  27.664  -2.529  -21.899 0.4285714328
100082  28.821  -2.917  -22.634 0.5714285970
101216  29.215  -2.435  -22.575 0.7142857313
102345  29.147  -1.518  -22.447 0.5714285970
102323  27.322  -1.935  -21.781 0.4285714328
102343  30.431  -1.210  -22.994 0.7142857313
103500  29.607  0.288  -22.941 0.7142857313
104628  31.623  0.269  -24.001 0.7142857313
104629  30.784  0.491  -23.484 0.7142857313
108000  30.300  3.054  -22.759 0.7142857313
107976  30.817  3.698  -22.324 0.7142857313
109021  28.627  4.599  -22.012 0.2857142985
111116  29.706  6.451  -22.212 0.5714285970
111117  28.781  6.455  -22.304 0.2857142985
118878  31.138  13.467  -19.923 0.7142857313
120754  31.165  15.399  -20.434 0.8571428657
100063  26.078  -3.382  -21.285 0.4285714328
89541  23.033  -12.396  -18.400 0.4285714328
96780  30.239  -6.380  -19.127 0.1428571492
100039  31.042  -3.849  -21.299 0.1428571492
101171  31.647  -2.783  -21.123 0.1428571492
97854  30.822  -5.339  -19.631 0.1428571492
97839  31.269  -5.815  -19.005 0.1428571492
100037  32.137  -3.073  -20.057 0.1428571492
98888  31.337  -4.079  -20.231 0.1428571492
98874  30.967  -4.594  -20.079 0.1428571492
101192  32.118  -2.231  -21.388 0.1428571492
104595  33.553  0.732  -21.207 0.2857142985
106882  34.518  2.122  -21.829 0.1428571492
124556  28.714  19.527  -27.252 0.1428571492
114509  29.967  9.293  -20.827 0.4285714328
124557  28.192  19.914  -27.442 0.1428571492
154903  28.502  18.087  -24.886 0.1428571492
116750  29.682  11.078  -21.141 0.4285714328
116731  30.026  11.649  -20.482 0.5714285970
117819  29.570  12.471  -20.181 0.4285714328
124508  26.129  19.538  -22.996 0.2857142985
123541  28.113  18.536  -22.223 0.2857142985
122573  29.257  18.023  -21.973 0.2857142985
123540  29.032  18.513  -22.536 0.2857142985
117822  26.918  12.265  -21.084 0.1428571492
123529  27.632  18.829  -21.313 0.2857142985
123519  30.686  17.366  -21.244 0.4285714328
118882  27.080  12.962  -20.581 0.4285714328
119825  28.759  14.078  -20.320 0.5714285970
122574  28.484  18.224  -21.396 0.2857142985
118901  27.257  13.819  -20.504 0.4285714328
119838  26.775  14.437  -20.205 0.2857142985
122568  28.335  18.283  -20.651 0.1428571492
119839  25.825  14.442  -20.163 0.1428571492
120771  27.284  15.213  -20.070 0.4285714328
123520  27.737  18.901  -20.575 0.1428571492
124502  26.902  19.429  -21.662 0.1428571492
123521  27.292  18.569  -20.012 0.2857142985
123513  25.230  18.117  -19.133 0.1428571492
124492  27.453  18.570  -19.693 0.1428571492
90697  23.120  -11.604  -18.640 0.4285714328
91921  22.590  -10.415  -18.718 0.2857142985
98873  31.642  -4.321  -19.612 0.1428571492
102305  32.603  -1.444  -20.967 0.1428571492
120781  32.634  16.174  -22.013 0.4285714328
122587  29.628  18.400  -22.815 0.2857142985
123530  26.849  18.823  -21.811 0.2857142985
91892  28.608  -10.477  -17.389 0.1428571492
91893  27.668  -10.750  -17.659 0.1428571492
94432  29.556  -8.195  -18.185 0.1428571492
94431  30.364  -8.010  -17.931 0.1428571492
105730  33.483  0.805  -22.266 0.1428571492
103444  32.677  -0.875  -21.404 0.1428571492
118902  26.163  13.355  -20.477 0.1428571492
115661  30.081  10.391  -20.852 0.4285714328
118883  26.556  12.657  -20.705 0.2857142985
122571  31.186  17.536  -21.638 0.4285714328
124504  25.897  19.542  -22.169 0.2857142985
123542  27.133  18.861  -22.560 0.2857142985
123555  28.920  18.536  -23.187 0.2857142985
123556  27.956  18.688  -23.324 0.2857142985
124515  26.611  19.598  -23.725 0.2857142985
124521  26.475  19.231  -25.049 0.1428571492
125421  26.654  20.192  -25.198 0.1428571492
154916  27.521  18.292  -25.756 0.1428571492
124501  27.765  19.543  -21.345 0.2857142985
154917  26.939  18.497  -25.322 0.1428571492
154923  27.016  18.660  -26.567 0.1428571492
124514  27.561  18.667  -24.498 0.1428571492
106881  35.271  2.691  -21.686 0.2857142985
125418  25.591  20.185  -23.603 0.2857142985
90696  23.944  -11.624  -19.380 0.4285714328
89540  23.725  -12.372  -18.959 0.4285714328
104611  33.028  0.337  -22.734 0.4285714328
122572  30.577  17.989  -22.363 0.2857142985
116732  29.145  11.647  -20.700 0.4285714328
118880  29.080  13.371  -20.123 0.5714285970
119824  29.487  14.438  -20.073 0.5714285970
122566  29.913  17.536  -21.298 0.2857142985
123523  25.757  17.878  -19.362 0.2857142985
115643  30.768  10.446  -20.610 0.5714285970
119837  27.588  14.517  -20.348 0.5714285970
122567  29.074  17.454  -21.037 0.2857142985
100038  31.508  -3.423  -20.661 0.1428571492
101170  32.246  -2.303  -20.425 0.1428571492
123531  26.305  19.082  -22.183 0.2857142985
117821  27.605  12.282  -20.497 0.2857142985
117820  28.566  12.376  -20.206 0.4285714328
118881  28.047  13.426  -20.364 0.4285714328
118900  27.801  14.059  -20.478 0.5714285970
102304  33.159  -1.301  -20.158 0.1428571492
115662  29.225  10.232  -20.978 0.2857142985
123557  27.306  19.009  -23.355 0.2857142985
124534  26.610  19.575  -25.999 0.1428571492
107978  29.022  3.836  -22.528 0.4285714328
110050  29.154  5.511  -22.063 0.2857142985
126274  27.697  21.186  -22.489 0.1428571492
125415  25.722  20.158  -22.628 0.1428571492
127165  27.838  22.094  -23.084 0.1428571492
124491  28.203  19.633  -20.332 0.1428571492
126273  28.567  21.558  -22.038 0.1428571492
125413  27.279  20.844  -22.597 0.1428571492
126279  26.143  21.086  -23.221 0.1428571492
125407  28.502  20.611  -21.355 0.1428571492
125408  27.504  20.334  -22.151 0.1428571492
126272  29.137  21.824  -21.578 0.1428571492
127164  28.438  22.418  -22.688 0.1428571492
126256  29.462  21.778  -20.340 0.1428571492
127160  29.006  22.038  -21.695 0.1428571492
125400  29.610  20.812  -20.682 0.1428571492
127155  29.160  22.356  -21.418 0.1428571492
127167  28.229  22.541  -23.529 0.1428571492
98904  30.058  -4.406  -21.915 0.2857142985
125409  26.271  19.958  -21.936 0.1428571492
126283  25.922  21.196  -24.040 0.1428571492
126278  27.251  21.385  -23.037 0.1428571492
126282  26.929  21.487  -23.908 0.1428571492
126268  29.388  21.700  -21.200 0.1428571492
125388  29.756  21.366  -20.163 0.1428571492
97882  29.336  -5.127  -21.626 0.4285714328
93177  26.018  -10.040  -20.333 0.4285714328
91940  26.916  -10.277  -19.130 0.2857142985
93197  27.022  -8.999  -20.581 0.2857142985
93176  27.129  -9.488  -19.875 0.1428571492
94465  27.213  -8.463  -20.324 0.2857142985
91942  25.309  -10.724  -19.742 0.2857142985
120770  28.066  15.108  -20.274 0.4285714328
95642  27.585  -7.925  -20.240 0.2857142985
93178  25.135  -9.824  -19.894 0.4285714328
93175  27.820  -8.925  -19.476 0.1428571492
91918  26.544  -10.873  -18.813 0.1428571492
94448  27.653  -8.395  -19.846 0.2857142985
93198  26.449  -9.189  -20.548 0.4285714328
91941  26.199  -10.577  -19.459 0.2857142985
91943  24.354  -10.625  -19.641 0.2857142985
91920  23.807  -10.951  -19.051 0.2857142985
91944  23.385  -10.044  -19.515 0.2857142985
93179  24.269  -9.289  -19.764 0.2857142985
100062  27.174  -3.416  -21.545 0.2857142985
101196  26.823  -2.487  -21.598 0.2857142985
105751  28.153  1.685  -22.779 0.1428571492
108002  28.596  3.305  -23.058 0.1428571492
112242  29.184  7.149  -22.215 0.1428571492
113381  29.401  8.400  -21.451 0.1428571492
112226  29.090  7.802  -21.989 0.1428571492
113383  27.774  8.704  -21.976 0.1428571492
116752  27.636  10.858  -21.590 0.1428571492
116733  28.155  11.546  -20.804 0.1428571492
116734  27.381  11.664  -21.179 0.1428571492
121635  25.720  15.908  -20.008 0.1428571492
120773  25.696  15.207  -19.928 0.1428571492
121623  25.211  16.530  -19.671 0.1428571492
121622  25.792  16.870  -19.599 0.1428571492
90707  25.547  -11.586  -19.292 0.1428571492
114508  30.700  8.850  -21.030 0.2857142985
114511  28.009  9.293  -21.641 0.1428571492
89517  22.357  -12.291  -17.901 0.2857142985
98891  25.979  -4.394  -21.121 0.2857142985
101197  25.986  -2.330  -21.511 0.2857142985
105752  27.212  1.666  -22.544 0.1428571492
107979  28.188  3.810  -22.474 0.1428571492
109022  27.798  4.634  -22.302 0.1428571492
111118  27.916  6.496  -22.439 0.1428571492
112243  28.434  7.442  -22.302 0.1428571492
113395  27.892  8.092  -22.183 0.1428571492
116753  26.594  11.294  -21.670 0.1428571492
120760  25.236  15.392  -19.353 0.1428571492
121647  25.998  15.613  -20.105 0.1428571492
100064  25.523  -2.921  -21.480 0.2857142985
90708  24.672  -11.630  -19.692 0.2857142985
112225  29.819  7.423  -21.781 0.1428571492
119826  24.836  14.438  -19.585 0.1428571492
100040  25.623  -3.900  -20.981 0.1428571492
114510  28.737  9.193  -20.962 0.1428571492
116751  28.756  10.999  -21.345 0.1428571492
102325  25.736  -1.451  -21.650 0.1428571492
113382  28.506  8.445  -21.854 0.1428571492
112244  27.510  7.396  -22.329 0.1428571492
90673  21.647  -11.468  -17.326 0.1428571492
90672  22.345  -11.137  -18.086 0.1428571492
90674  21.170  -11.201  -17.009 0.1428571492
91897  21.841  -10.508  -18.032 0.1428571492
93180  23.321  -9.172  -19.338 0.1428571492
107975  35.065  2.979  -22.665 0.1428571492
107955  35.913  2.928  -21.898 0.1428571492
118917  36.675  13.277  -22.148 0.1428571492
91922  21.948  -9.816  -18.396 0.1428571492
93181  22.901  -9.141  -18.986 0.1428571492
93159  22.470  -9.273  -18.597 0.1428571492
116773  37.720  11.629  -21.717 0.1428571492
88381  22.796  -12.736  -18.113 0.1428571492
107974  35.483  3.581  -22.393 0.1428571492
94449  24.345  -8.465  -19.790 0.1428571492
91898  21.090  -10.456  -17.252 0.1428571492
94450  23.773  -8.431  -19.469 0.1428571492
88380  23.267  -12.902  -18.261 0.4285714328
89515  25.655  -12.431  -18.121 0.4285714328
89538  25.148  -12.459  -18.865 0.4285714328
89539  24.337  -12.614  -18.984 0.5714285970
89553  25.046  -12.104  -19.518 0.2857142985
90670  24.157  -11.390  -19.484 0.2857142985
90671  23.954  -11.378  -19.256 0.2857142985
90695  24.319  -11.288  -19.526 0.2857142985
90709  24.196  -12.122  -19.497 0.4285714328
91894  23.993  -11.339  -19.312 0.2857142985
91895  24.036  -11.187  -19.192 0.2857142985
91896  22.257  -10.674  -18.260 0.1428571492
91919  24.221  -11.120  -19.370 0.2857142985
91945  22.831  -9.618  -19.161 0.1428571492
95685  26.540  -7.087  -21.176 0.5714285970
98889  30.740  -4.342  -20.763 0.2857142985
98890  30.223  -4.445  -21.206 0.2857142985
100057  31.307  -3.336  -21.411 0.1428571492
100059  30.384  -3.881  -22.555 0.5714285970
100075  29.167  -3.349  -22.591 0.5714285970
100076  28.657  -3.046  -22.531 0.5714285970
100083  28.571  -2.836  -22.543 0.5714285970
101224  30.839  -2.248  -23.406 0.7142857313
101225  30.490  -2.080  -23.311 0.5714285970
101226  28.695  -2.701  -22.588 0.5714285970
101227  28.460  -2.703  -22.518 0.5714285970
102322  32.356  -1.534  -21.741 0.2857142985
102342  31.638  -1.799  -22.958 0.7142857313
102357  32.183  -1.381  -23.135 0.7142857313
103461  32.543  -0.819  -22.054 0.1428571492
103478  32.631  -0.705  -22.893 0.7142857313
103479  30.224  -1.064  -22.950 0.7142857313
104596  33.323  0.419  -21.836 0.4285714328
104630  30.126  0.720  -22.936 0.7142857313
105729  33.958  1.245  -21.681 0.1428571492
105764  34.127  1.889  -23.142 0.7142857313
106902  35.136  2.948  -22.326 0.1428571492
106917  34.425  2.310  -23.314 0.7142857313
106931  33.721  2.484  -23.586 0.8571428657
107954  36.418  3.226  -21.847 0.1428571492
108012  33.268  3.329  -23.602 0.5714285970
109037  35.352  4.775  -23.187 0.7142857313
109055  32.332  4.820  -24.293 0.8571428657
110064  35.188  4.826  -24.021 0.5714285970
110077  32.424  5.115  -24.675 1.0000000000
110091  33.413  5.631  -25.716 0.8571428657
111119  27.054  6.517  -22.704 0.1428571492
111128  32.988  6.734  -24.232 0.8571428657
111137  36.907  6.719  -25.266 0.1428571492
111140  32.571  5.636  -24.735 1.0000000000
111149  36.281  7.053  -25.785 0.1428571492
111162  38.019  6.574  -27.301 0.1428571492
111165  35.340  6.597  -26.725 0.1428571492
111166  34.832  6.566  -26.707 0.1428571492
112234  37.758  8.026  -22.902 0.1428571492
112241  30.914  6.571  -21.826 0.7142857313
112254  37.594  7.668  -23.507 0.1428571492
112271  33.732  6.578  -25.196 0.8571428657
112281  37.775  7.194  -26.180 0.1428571492
112284  34.701  7.036  -26.489 0.4285714328
112296  35.226  7.099  -26.598 0.4285714328
113394  36.331  7.829  -21.714 0.4285714328
114504  37.308  9.594  -21.256 0.2857142985
114521  38.451  9.832  -22.371 0.1428571492
115637  36.298  10.815  -20.365 0.8571428657
115659  36.811  10.504  -21.091 0.7142857313
115679  37.520  10.929  -21.372 0.1428571492
117797  34.811  12.910  -19.641 0.8571428657
117814  34.509  12.254  -19.777 0.8571428657
117815  33.683  12.430  -19.597 0.8571428657
118860  34.780  13.324  -19.952 0.8571428657
118862  33.905  13.069  -19.492 0.8571428657
118874  35.163  13.416  -20.407 0.8571428657
118899  34.930  14.017  -20.899 0.7142857313
119833  34.522  14.454  -21.321 0.8571428657
119836  28.241  14.409  -20.361 0.5714285970
120758  26.931  16.018  -20.154 0.2857142985
120794  32.223  16.360  -23.395 0.5714285970
121646  26.172  15.909  -20.093 0.1428571492
121701  30.242  16.121  -25.904 0.1428571492
121717  29.254  15.913  -26.803 0.1428571492
121730  29.304  15.945  -27.152 0.1428571492
122545  30.980  17.649  -20.666 0.4285714328
122546  30.885  17.635  -20.894 0.4285714328
122547  30.844  17.730  -21.292 0.4285714328
122554  30.917  17.470  -20.689 0.4285714328
122555  30.685  17.453  -20.816 0.4285714328
122556  30.730  17.345  -21.030 0.4285714328
122565  30.648  17.004  -21.027 0.4285714328
122611  30.216  16.589  -25.484 0.1428571492
122640  29.406  16.328  -27.038 0.1428571492
123508  30.984  17.803  -20.834 0.4285714328
123509  31.044  17.883  -20.716 0.4285714328
123510  30.942  17.802  -21.041 0.4285714328
123517  30.941  17.634  -20.775 0.4285714328
123518  30.739  17.353  -21.021 0.4285714328
123527  30.807  17.566  -21.323 0.4285714328
123528  30.681  17.734  -21.466 0.4285714328
123532  26.093  19.380  -22.438 0.2857142985
123538  31.005  18.190  -21.730 0.4285714328
123539  30.629  18.015  -21.789 0.4285714328
123543  26.592  19.298  -22.903 0.2857142985
123544  26.121  19.446  -22.695 0.2857142985
123558  27.187  19.404  -23.582 0.2857142985
123573  26.659  18.947  -26.098 0.1428571492
123590  26.902  19.121  -26.612 0.1428571492
123604  27.359  18.849  -27.036 0.1428571492
124503  26.197  19.388  -21.868 0.2857142985
124509  25.895  19.637  -22.612 0.2857142985
124516  25.820  19.783  -23.220 0.2857142985
124547  28.707  20.230  -27.176 0.1428571492
125410  25.829  19.746  -21.983 0.2857142985
125414  26.659  20.567  -22.641 0.1428571492
125454  27.867  20.743  -27.488 0.1428571492
126267  29.320  21.790  -21.407 0.1428571492
126277  27.933  21.763  -22.662 0.1428571492
126280  25.621  20.736  -23.470 0.1428571492
127154  29.268  22.017  -21.484 0.1428571492
127161  28.775  22.412  -21.904 0.1428571492
154922  26.934  18.545  -25.976 0.1428571492
