#!ascii label  , from subject 3122 vox2ras=TkReg
1632
9529  11.482  -72.916  6.544 0.0000000000
62156  42.967  -37.466  -3.517 0.0000000000
28006  28.942  -61.416  3.447 0.0000000000
24505  39.852  -62.256  5.801 0.0000000000
29708  20.085  -59.429  3.528 0.0000000000
14984  18.027  -68.411  9.841 0.0000000000
76233  57.996  -27.537  -8.275 0.0000000000
66276  56.177  -34.959  -0.732 0.0000000000
43916  37.700  -50.725  1.489 0.0000000000
85861  53.211  -19.273  -11.835 0.0000000000
22834  26.548  -63.502  7.217 0.0000000000
12140  14.705  -71.081  8.083 0.0000000000
70598  57.292  -31.807  -4.285 0.0000000000
69155  51.174  -33.374  -5.510 0.0000000000
56851  42.699  -41.662  -1.147 0.0000000000
60759  47.310  -39.105  0.172 0.0000000000
52792  39.545  -44.900  -1.823 0.0000000000
28063  37.641  -59.836  1.348 0.0000000000
22907  34.632  -63.783  3.392 0.0000000000
26231  22.569  -62.235  8.120 0.0000000000
21048  20.187  -64.893  11.562 0.0000000000
22836  18.562  -63.921  6.782 0.0000000000
19607  15.412  -66.049  4.596 0.0000000000
32972  24.334  -58.907  3.587 0.0000000000
81150  60.270  -23.380  -5.967 0.0000000000
74838  61.193  -28.469  -2.681 0.0000000000
64849  49.427  -36.047  -1.774 0.0000000000
46771  40.336  -49.609  3.429 0.0000000000
34507  39.445  -57.243  4.736 0.0000000000
83423  54.942  -21.980  -8.185 0.0000000000
83471  59.525  -21.254  -10.557 0.0000000000
85895  59.704  -19.316  -15.006 0.0000000000
22783  25.600  -63.381  10.358 0.0000000000
10832  13.298  -71.712  6.797 0.0000000000
9491  14.685  -72.962  10.139 0.0000000000
8258  13.359  -74.109  9.347 0.0000000000
69198  51.703  -32.313  -7.359 0.0000000000
52775  43.132  -44.605  0.061 0.0000000000
54126  44.779  -43.085  0.929 0.0000000000
7062  7.522  -74.948  9.556 0.0000000000
56903  38.406  -41.348  -3.784 0.0000000000
29725  30.391  -60.336  1.952 0.0000000000
26333  33.098  -62.320  1.644 0.0000000000
24570  31.666  -62.767  3.037 0.0000000000
27990  21.544  -60.471  5.681 0.0000000000
26234  20.443  -62.242  7.387 0.0000000000
26285  19.171  -61.774  5.108 0.0000000000
32975  21.994  -58.299  3.537 0.0000000000
29642  23.092  -59.868  6.026 0.0000000000
18047  18.907  -66.516  10.112 0.0000000000
78688  59.034  -25.761  -7.441 0.0000000000
78659  60.577  -25.693  -4.107 0.0000000000
74896  59.366  -28.427  -5.367 0.0000000000
69098  55.947  -33.432  -1.633 0.0000000000
70543  58.301  -32.090  -1.234 0.0000000000
66340  43.898  -35.104  -4.933 0.0000000000
67693  46.687  -34.300  -4.283 0.0000000000
64872  45.511  -35.793  -2.893 0.0000000000
46807  35.917  -48.365  0.702 0.0000000000
48327  37.562  -47.812  1.195 0.0000000000
45294  38.490  -50.026  3.894 0.0000000000
26297  38.596  -61.928  3.764 0.0000000000
31387  38.723  -58.584  2.823 0.0000000000
29654  39.065  -59.934  5.224 0.0000000000
78707  55.177  -25.706  -10.263 0.0000000000
81163  53.203  -22.844  -8.341 0.0000000000
79987  57.178  -24.114  -9.096 0.0000000000
82299  57.436  -22.468  -7.875 0.0000000000
87101  56.809  -18.808  -15.171 0.0000000000
84697  56.409  -20.139  -13.716 0.0000000000
84678  59.872  -20.016  -12.033 0.0000000000
83485  56.316  -21.677  -12.634 0.0000000000
26302  27.647  -62.223  4.551 0.0000000000
22874  30.682  -64.098  4.767 0.0000000000
22831  29.721  -64.380  7.153 0.0000000000
13546  16.509  -69.269  8.033 0.0000000000
12126  18.021  -70.381  10.384 0.0000000000
10798  16.348  -72.097  9.731 0.0000000000
73560  55.517  -29.747  -8.811 0.0000000000
73527  57.797  -29.660  -6.407 0.0000000000
70642  54.697  -31.220  -6.911 0.0000000000
69144  54.735  -32.800  -4.557 0.0000000000
67674  53.461  -34.114  -2.841 0.0000000000
59481  42.722  -39.763  -2.422 0.0000000000
62110  45.036  -38.225  -1.390 0.0000000000
58178  44.576  -40.317  -0.511 0.0000000000
41020  37.760  -52.606  0.009 0.0000000000
26225  40.041  -61.582  8.015 0.0000000000
9531  9.368  -72.736  7.230 0.0000000000
7077  11.074  -74.998  9.011 0.0000000000
7079  8.984  -74.858  9.167 0.0000000000
62159  40.874  -38.001  -4.507 0.0000000000
58236  40.970  -40.387  -3.392 0.0000000000
55495  40.946  -43.554  -1.724 0.0000000000
51325  41.365  -45.628  -0.124 0.0000000000
28065  35.232  -60.951  0.599 0.0000000000
24566  35.786  -63.237  2.361 0.0000000000
22868  37.408  -64.246  4.189 0.0000000000
22872  32.977  -63.941  5.169 0.0000000000
21144  35.614  -64.794  6.152 0.0000000000
24459  23.276  -63.529  9.943 0.0000000000
22759  22.125  -63.785  12.293 0.0000000000
24462  20.972  -62.869  9.646 0.0000000000
21096  19.590  -64.529  9.044 0.0000000000
18092  18.548  -66.325  7.547 0.0000000000
26304  17.668  -61.957  3.308 0.0000000000
21151  17.259  -64.551  5.486 0.0000000000
16567  17.160  -67.566  6.904 0.0000000000
16570  15.513  -68.258  5.881 0.0000000000
13584  13.549  -69.318  5.040 0.0000000000
12166  11.446  -70.698  5.641 0.0000000000
33016  28.056  -58.217  1.696 0.0000000000
33019  25.564  -57.713  2.517 0.0000000000
29683  26.425  -59.925  4.128 0.0000000000
27989  25.439  -60.837  5.347 0.0000000000
26229  24.375  -62.101  8.515 0.0000000000
76190  62.152  -27.203  -3.642 0.0000000000
72074  59.435  -30.365  -2.977 0.0000000000
69158  48.024  -33.310  -6.123 0.0000000000
66320  50.169  -34.778  -3.372 0.0000000000
63462  52.410  -36.033  -1.192 0.0000000000
63447  48.037  -36.871  -0.655 0.0000000000
63428  51.551  -36.954  0.212 0.0000000000
51376  36.977  -46.224  -2.383 0.0000000000
48342  39.483  -47.138  0.398 0.0000000000
46780  42.117  -49.203  2.454 0.0000000000
34584  39.150  -56.039  1.560 0.0000000000
37725  40.400  -54.610  2.922 0.0000000000
31282  39.639  -58.555  7.395 0.0000000000
36066  40.858  -55.220  6.498 0.0000000000
40928  40.130  -52.784  4.839 0.0000000000
43852  40.787  -51.388  6.712 0.0000000000
43865  42.766  -51.153  5.859 0.0000000000
83465  53.680  -22.160  -10.623 0.0000000000
83449  56.473  -21.823  -9.382 0.0000000000
83432  58.941  -21.558  -8.292 0.0000000000
22755  26.924  -64.020  11.774 0.0000000000
9528  12.662  -72.701  6.557 0.0000000000
8277  13.743  -73.384  8.017 0.0000000000
8278  12.859  -74.084  7.651 0.0000000000
51307  43.092  -45.656  1.898 0.0000000000
52752  43.535  -45.048  1.728 0.0000000000
8261  5.873  -73.745  9.091 0.0000000000
28026  29.585  -61.158  3.100 0.0000000000
28024  30.951  -61.327  2.592 0.0000000000
26318  29.855  -61.946  3.491 0.0000000000
28011  20.915  -60.464  4.666 0.0000000000
27992  20.289  -60.963  5.176 0.0000000000
28029  19.806  -60.158  3.586 0.0000000000
34549  21.733  -56.954  2.845 0.0000000000
31397  20.942  -58.371  3.430 0.0000000000
29686  21.606  -60.055  4.421 0.0000000000
16500  18.498  -67.345  9.734 0.0000000000
14970  18.322  -68.755  10.518 0.0000000000
77450  58.492  -26.602  -8.065 0.0000000000
77431  59.257  -26.627  -6.274 0.0000000000
76219  58.381  -27.936  -6.948 0.0000000000
67655  55.835  -34.310  -1.284 0.0000000000
69080  57.186  -33.250  -0.665 0.0000000000
64889  43.668  -36.202  -4.204 0.0000000000
64887  45.167  -35.801  -3.531 0.0000000000
64873  44.633  -36.229  -2.997 0.0000000000
43918  36.543  -50.120  0.678 0.0000000000
45312  37.425  -50.008  1.749 0.0000000000
45305  37.478  -49.197  1.834 0.0000000000
43898  38.378  -50.556  3.332 0.0000000000
26278  39.176  -61.846  4.618 0.0000000000
28004  38.910  -60.631  4.354 0.0000000000
27966  39.011  -60.846  6.328 0.0000000000
77457  56.423  -26.592  -10.121 0.0000000000
79997  55.679  -24.764  -9.601 0.0000000000
78698  57.730  -25.607  -9.119 0.0000000000
79986  57.898  -24.485  -8.655 0.0000000000
85877  54.959  -19.389  -13.201 0.0000000000
84680  54.875  -20.371  -12.837 0.0000000000
84679  55.808  -20.780  -13.118 0.0000000000
83487  54.149  -21.044  -12.356 0.0000000000
24526  27.078  -62.835  6.061 0.0000000000
22877  27.835  -63.917  5.741 0.0000000000
22833  27.433  -64.221  7.201 0.0000000000
13519  15.595  -70.378  8.832 0.0000000000
12129  16.219  -70.620  9.786 0.0000000000
12135  15.609  -70.796  9.316 0.0000000000
7038  14.449  -74.105  10.407 0.0000000000
7036  15.466  -73.614  10.236 0.0000000000
72139  54.339  -30.379  -9.191 0.0000000000
72129  55.403  -30.428  -8.103 0.0000000000
70658  53.733  -31.265  -8.224 0.0000000000
69173  51.489  -32.790  -6.463 0.0000000000
69153  53.738  -32.829  -5.650 0.0000000000
69154  52.416  -33.039  -5.533 0.0000000000
69131  53.717  -33.555  -3.603 0.0000000000
67704  52.609  -33.946  -4.249 0.0000000000
58196  42.707  -40.795  -1.887 0.0000000000
59461  43.709  -39.753  -1.141 0.0000000000
56850  43.379  -41.338  -0.745 0.0000000000
74960  54.653  -28.616  -10.566 0.0000000000
8281  9.258  -73.944  8.014 0.0000000000
9513  8.080  -73.404  8.385 0.0000000000
60854  39.675  -38.692  -4.717 0.0000000000
59524  40.567  -39.724  -3.733 0.0000000000
59525  39.533  -39.725  -3.904 0.0000000000
55516  38.303  -42.775  -2.901 0.0000000000
55514  39.902  -42.441  -2.475 0.0000000000
54148  39.829  -43.995  -1.789 0.0000000000
52782  41.607  -44.774  -0.856 0.0000000000
51337  40.649  -45.662  -0.787 0.0000000000
28078  33.291  -60.566  0.221 0.0000000000
24568  33.568  -63.420  2.903 0.0000000000
24586  33.780  -63.168  1.576 0.0000000000
22906  35.593  -63.749  3.135 0.0000000000
22905  36.456  -63.411  2.989 0.0000000000
22887  36.452  -64.015  3.674 0.0000000000
22853  31.426  -64.256  6.035 0.0000000000
22873  31.919  -64.257  5.097 0.0000000000
22828  32.784  -64.910  6.489 0.0000000000
21124  34.923  -65.239  6.242 0.0000000000
21122  37.478  -64.848  6.267 0.0000000000
26207  22.642  -62.061  9.823 0.0000000000
24460  22.625  -63.159  10.314 0.0000000000
24471  21.433  -62.404  9.066 0.0000000000
26249  19.553  -62.525  6.838 0.0000000000
24473  20.225  -63.376  8.291 0.0000000000
22815  19.206  -63.820  7.636 0.0000000000
19560  18.881  -65.266  8.204 0.0000000000
21133  18.175  -64.834  6.948 0.0000000000
28030  17.590  -60.850  2.600 0.0000000000
21179  15.320  -64.770  4.170 0.0000000000
22896  16.390  -63.730  4.189 0.0000000000
21165  15.830  -65.277  4.565 0.0000000000
19605  16.882  -66.089  5.776 0.0000000000
18123  16.344  -66.871  5.530 0.0000000000
16569  16.126  -68.127  6.256 0.0000000000
18124  15.536  -66.833  5.194 0.0000000000
13565  11.898  -69.903  5.264 0.0000000000
31447  28.613  -58.354  0.905 0.0000000000
33042  27.680  -57.680  1.510 0.0000000000
34547  23.375  -57.175  2.803 0.0000000000
34545  24.923  -57.694  2.804 0.0000000000
32992  25.878  -59.046  2.510 0.0000000000
31370  25.224  -59.375  3.768 0.0000000000
29660  26.053  -60.334  4.977 0.0000000000
29661  25.232  -60.215  4.972 0.0000000000
27956  22.621  -60.909  7.278 0.0000000000
27955  23.401  -61.484  7.197 0.0000000000
26230  23.349  -62.097  8.275 0.0000000000
26214  24.173  -62.080  9.487 0.0000000000
22773  21.152  -64.415  11.851 0.0000000000
7046  11.485  -75.813  9.916 0.0000000000
7045  11.930  -75.582  9.908 0.0000000000
81132  61.302  -23.418  -4.638 0.0000000000
76192  60.968  -27.093  -3.269 0.0000000000
78637  61.541  -26.406  -3.390 0.0000000000
76183  61.362  -27.856  -3.194 0.0000000000
74837  61.424  -28.884  -2.364 0.0000000000
70624  57.335  -30.994  -5.191 0.0000000000
72088  58.528  -30.510  -5.046 0.0000000000
70609  58.678  -31.152  -4.148 0.0000000000
72017  59.480  -31.237  -0.505 0.0000000000
66308  47.582  -35.247  -3.035 0.0000000000
67691  48.593  -34.402  -4.067 0.0000000000
66306  49.783  -35.434  -2.647 0.0000000000
66292  51.701  -35.136  -1.910 0.0000000000
64847  51.418  -35.959  -1.649 0.0000000000
62089  46.117  -38.364  -0.445 0.0000000000
63449  46.290  -37.620  -0.811 0.0000000000
63433  47.214  -37.764  -0.015 0.0000000000
51361  35.734  -46.548  -1.968 0.0000000000
48293  38.916  -48.663  2.434 0.0000000000
49839  38.777  -47.248  0.486 0.0000000000
48307  39.895  -48.529  1.563 0.0000000000
46805  40.952  -48.453  1.602 0.0000000000
46781  41.119  -49.298  3.064 0.0000000000
29751  36.443  -59.511  -0.204 0.0000000000
31440  37.654  -58.774  0.682 0.0000000000
32966  39.094  -57.742  4.186 0.0000000000
33009  38.786  -57.257  2.285 0.0000000000
34540  39.311  -56.587  3.046 0.0000000000
37726  39.437  -54.886  2.445 0.0000000000
36122  40.008  -55.581  3.460 0.0000000000
29583  39.521  -59.725  7.731 0.0000000000
37642  41.272  -54.795  7.333 0.0000000000
39305  40.477  -53.768  5.192 0.0000000000
39284  40.754  -53.393  7.081 0.0000000000
42470  39.700  -52.032  5.963 0.0000000000
42442  40.653  -52.248  7.522 0.0000000000
82302  54.229  -22.380  -8.170 0.0000000000
83452  53.613  -22.316  -9.560 0.0000000000
82327  54.914  -22.372  -9.826 0.0000000000
83435  55.645  -21.758  -8.648 0.0000000000
82297  59.234  -22.785  -7.261 0.0000000000
83420  58.175  -21.864  -7.863 0.0000000000
83411  59.530  -21.920  -6.950 0.0000000000
83409  61.172  -21.643  -6.712 0.0000000000
84736  58.606  -19.617  -15.164 0.0000000000
83482  59.483  -21.144  -11.511 0.0000000000
84662  60.599  -20.163  -10.473 0.0000000000
84649  60.671  -20.075  -9.813 0.0000000000
22797  26.303  -63.590  9.065 0.0000000000
22812  27.955  -63.955  8.340 0.0000000000
22781  27.240  -64.148  10.258 0.0000000000
12141  14.195  -71.089  7.825 0.0000000000
10815  14.731  -71.736  8.431 0.0000000000
9512  14.440  -72.776  8.616 0.0000000000
8257  13.743  -73.506  9.826 0.0000000000
7043  14.045  -74.385  10.352 0.0000000000
69199  50.651  -32.396  -7.290 0.0000000000
69174  50.370  -32.908  -6.553 0.0000000000
55478  42.807  -43.148  -0.234 0.0000000000
55476  43.922  -42.589  0.276 0.0000000000
52774  43.796  -44.396  0.408 0.0000000000
54090  44.838  -44.355  2.009 0.0000000000
8272  6.690  -73.586  8.791 0.0000000000
7063  6.589  -74.648  9.475 0.0000000000
58254  38.222  -40.657  -4.399 0.0000000000
54158  37.676  -43.925  -2.795 0.0000000000
28068  32.327  -61.257  1.294 0.0000000000
28047  31.407  -61.130  2.176 0.0000000000
26315  31.960  -62.150  2.853 0.0000000000
24551  32.763  -63.516  3.188 0.0000000000
27957  21.937  -60.808  7.108 0.0000000000
26233  21.013  -62.125  7.632 0.0000000000
26247  20.700  -61.586  6.827 0.0000000000
26264  19.979  -61.501  6.036 0.0000000000
18125  14.851  -66.761  4.613 0.0000000000
19636  13.232  -65.439  3.549 0.0000000000
34548  22.619  -56.936  2.813 0.0000000000
32973  23.492  -58.835  3.684 0.0000000000
29663  23.583  -59.770  5.204 0.0000000000
31345  22.626  -59.609  4.175 0.0000000000
29643  22.352  -60.002  5.898 0.0000000000
19520  19.294  -65.880  10.414 0.0000000000
79973  59.775  -24.358  -6.597 0.0000000000
79959  60.625  -24.261  -4.891 0.0000000000
78679  59.637  -25.525  -6.255 0.0000000000
76212  59.718  -27.371  -4.823 0.0000000000
74880  60.608  -27.912  -3.774 0.0000000000
69113  56.684  -32.765  -2.507 0.0000000000
69112  57.632  -32.395  -2.660 0.0000000000
69096  57.573  -32.534  -1.700 0.0000000000
69079  57.988  -32.803  -0.865 0.0000000000
67712  45.675  -34.388  -5.360 0.0000000000
66339  45.266  -35.072  -4.939 0.0000000000
66309  46.641  -35.257  -3.047 0.0000000000
64870  47.146  -35.884  -2.586 0.0000000000
62077  48.498  -38.260  1.023 0.0000000000
49843  35.384  -47.335  0.519 0.0000000000
49858  36.400  -47.040  0.118 0.0000000000
48328  36.912  -47.962  0.811 0.0000000000
48295  37.952  -48.669  2.262 0.0000000000
46773  38.831  -49.584  3.566 0.0000000000
26330  37.618  -61.482  1.946 0.0000000000
29723  38.265  -59.290  2.039 0.0000000000
28022  38.838  -60.264  3.280 0.0000000000
29680  38.968  -59.658  4.203 0.0000000000
32947  39.434  -58.129  5.231 0.0000000000
79999  53.856  -24.547  -9.711 0.0000000000
81186  53.054  -23.727  -9.070 0.0000000000
81184  54.557  -23.810  -9.319 0.0000000000
81175  55.219  -23.422  -8.622 0.0000000000
82301  55.132  -22.553  -7.943 0.0000000000
83422  55.899  -22.093  -8.351 0.0000000000
81160  56.905  -23.016  -7.914 0.0000000000
79975  58.553  -24.024  -8.127 0.0000000000
87067  55.773  -18.728  -13.792 0.0000000000
85897  57.265  -19.749  -14.675 0.0000000000
84711  58.977  -19.995  -14.587 0.0000000000
84693  60.540  -19.538  -13.366 0.0000000000
84695  58.336  -20.753  -13.823 0.0000000000
83484  57.556  -22.029  -12.371 0.0000000000
83473  57.643  -22.079  -11.189 0.0000000000
26301  28.224  -62.064  4.257 0.0000000000
24555  29.509  -62.830  4.381 0.0000000000
24539  29.001  -62.934  4.968 0.0000000000
22854  30.241  -64.185  6.063 0.0000000000
22809  31.229  -65.027  7.525 0.0000000000
15004  17.211  -68.814  9.222 0.0000000000
13503  17.987  -69.213  10.461 0.0000000000
13505  16.705  -69.994  9.680 0.0000000000
10807  17.348  -70.770  10.238 0.0000000000
10799  15.777  -72.505  9.754 0.0000000000
7034  16.596  -73.102  10.129 0.0000000000
74950  56.576  -28.495  -9.295 0.0000000000
73536  57.593  -29.219  -6.967 0.0000000000
73549  56.570  -29.543  -7.914 0.0000000000
72113  56.317  -30.511  -6.834 0.0000000000
70612  56.253  -31.682  -5.293 0.0000000000
69171  53.906  -32.048  -6.745 0.0000000000
69152  54.998  -32.111  -5.711 0.0000000000
69143  56.072  -32.276  -4.734 0.0000000000
69130  54.472  -33.306  -3.342 0.0000000000
67672  54.970  -33.794  -2.296 0.0000000000
66290  54.140  -34.736  -1.679 0.0000000000
62148  43.221  -38.325  -2.834 0.0000000000
62146  44.071  -37.543  -2.541 0.0000000000
60806  44.018  -38.824  -1.598 0.0000000000
60787  44.714  -38.752  -0.877 0.0000000000
59435  45.657  -39.866  -0.271 0.0000000000
56830  44.436  -41.717  0.251 0.0000000000
58163  45.987  -40.690  0.716 0.0000000000
58162  46.882  -40.604  0.399 0.0000000000
42542  38.122  -51.679  0.922 0.0000000000
24485  40.376  -61.604  6.716 0.0000000000
78709  53.260  -25.585  -9.765 0.0000000000
77466  54.589  -26.974  -10.646 0.0000000000
76250  55.727  -27.698  -10.419 0.0000000000
88173  53.249  -17.588  -11.422 0.0000000000
87046  52.869  -18.312  -11.502 0.0000000000
9530  10.446  -72.752  6.885 0.0000000000
8288  11.079  -73.498  7.198 0.0000000000
8289  9.998  -73.474  7.338 0.0000000000
7078  9.934  -74.844  9.152 0.0000000000
5908  10.115  -75.848  9.789 0.0000000000
7061  8.410  -75.047  9.480 0.0000000000
63512  42.387  -36.234  -4.516 0.0000000000
62168  41.028  -37.404  -4.764 0.0000000000
62157  42.287  -37.519  -3.792 0.0000000000
60825  41.672  -38.909  -3.220 0.0000000000
59482  42.174  -40.108  -3.049 0.0000000000
56871  41.489  -41.598  -1.978 0.0000000000
56902  39.233  -41.356  -3.427 0.0000000000
56872  40.828  -41.859  -2.177 0.0000000000
56852  41.949  -42.155  -1.591 0.0000000000
54140  41.874  -43.815  -0.764 0.0000000000
52769  42.737  -45.205  0.695 0.0000000000
49821  42.743  -46.739  1.683 0.0000000000
28064  36.712  -60.676  0.778 0.0000000000
26344  33.614  -62.097  0.920 0.0000000000
24600  35.456  -62.610  0.917 0.0000000000
26331  37.007  -62.086  1.443 0.0000000000
24564  37.203  -62.611  2.969 0.0000000000
24549  38.514  -62.825  3.776 0.0000000000
24524  39.218  -62.759  5.148 0.0000000000
24553  30.971  -63.241  3.614 0.0000000000
22891  32.175  -63.749  4.314 0.0000000000
22871  34.110  -64.027  5.044 0.0000000000
21125  33.900  -65.194  6.398 0.0000000000
22850  34.861  -64.741  5.490 0.0000000000
22870  35.220  -64.215  4.856 0.0000000000
22848  37.154  -64.356  5.235 0.0000000000
21141  38.676  -64.356  5.499 0.0000000000
22825  39.681  -63.425  5.917 0.0000000000
24440  23.808  -63.223  11.869 0.0000000000
24441  23.073  -63.299  11.732 0.0000000000
22786  21.991  -64.084  10.465 0.0000000000
21076  21.345  -64.413  10.441 0.0000000000
24472  20.561  -62.836  8.993 0.0000000000
22788  20.659  -64.144  9.511 0.0000000000
21095  20.238  -64.729  9.495 0.0000000000
19532  19.391  -65.876  9.689 0.0000000000
18061  18.895  -66.483  9.239 0.0000000000
18078  18.429  -66.904  8.084 0.0000000000
29689  18.596  -60.490  3.055 0.0000000000
26303  18.476  -61.768  3.998 0.0000000000
24543  17.971  -63.319  5.064 0.0000000000
24558  16.811  -62.903  3.751 0.0000000000
22878  17.281  -63.608  4.670 0.0000000000
22837  17.944  -64.265  6.339 0.0000000000
19575  17.970  -65.786  7.031 0.0000000000
18093  18.245  -66.963  7.031 0.0000000000
16535  17.348  -67.919  7.820 0.0000000000
16550  16.939  -67.970  7.318 0.0000000000
15036  16.068  -68.741  6.775 0.0000000000
13548  15.132  -69.985  6.729 0.0000000000
16591  14.982  -67.988  5.049 0.0000000000
15066  14.543  -68.954  5.349 0.0000000000
12163  14.223  -70.455  6.704 0.0000000000
12164  13.416  -70.712  6.273 0.0000000000
10843  12.747  -71.290  6.217 0.0000000000
10845  11.089  -71.479  6.023 0.0000000000
10846  10.105  -71.483  6.529 0.0000000000
10835  9.234  -71.571  7.061 0.0000000000
31446  29.354  -59.132  0.700 0.0000000000
29726  29.395  -60.072  2.092 0.0000000000
29727  28.532  -59.713  2.673 0.0000000000
34565  26.748  -57.545  2.052 0.0000000000
31394  27.208  -59.363  3.058 0.0000000000
29681  27.752  -60.478  3.899 0.0000000000
28008  27.298  -61.403  4.421 0.0000000000
27988  26.040  -61.740  4.963 0.0000000000
26241  26.359  -62.274  6.609 0.0000000000
29641  23.978  -59.931  6.036 0.0000000000
27953  24.818  -61.822  6.660 0.0000000000
26227  25.977  -62.274  7.931 0.0000000000
24469  25.035  -62.864  9.173 0.0000000000
22784  24.956  -63.493  10.349 0.0000000000
7076  12.066  -74.768  8.965 0.0000000000
7044  13.071  -74.972  9.637 0.0000000000
78658  60.908  -25.033  -4.157 0.0000000000
73526  58.270  -29.364  -5.876 0.0000000000
73514  59.435  -29.567  -4.910 0.0000000000
73499  60.546  -29.018  -2.948 0.0000000000
70579  58.739  -31.366  -2.147 0.0000000000
73468  60.147  -29.949  -1.530 0.0000000000
73467  60.707  -30.115  -1.431 0.0000000000
69176  48.335  -33.015  -6.814 0.0000000000
67728  49.483  -33.968  -5.433 0.0000000000
67710  47.219  -33.927  -4.862 0.0000000000
67708  49.045  -34.189  -4.716 0.0000000000
67706  51.035  -34.072  -4.656 0.0000000000
67676  51.736  -34.491  -3.184 0.0000000000
66291  52.993  -35.043  -1.865 0.0000000000
64830  54.326  -35.608  -0.555 0.0000000000
63468  45.397  -37.176  -2.177 0.0000000000
63466  47.224  -36.878  -1.289 0.0000000000
64836  48.143  -36.482  -1.311 0.0000000000
63413  48.649  -37.697  0.688 0.0000000000
63430  49.607  -37.149  0.235 0.0000000000
64833  50.195  -36.850  -1.036 0.0000000000
63443  51.869  -36.773  -0.709 0.0000000000
64816  53.697  -36.099  -0.088 0.0000000000
54159  36.818  -44.575  -3.042 0.0000000000
52794  38.025  -45.198  -2.306 0.0000000000
49857  37.380  -47.017  -0.257 0.0000000000
51339  38.198  -46.346  -1.136 0.0000000000
49871  39.427  -46.567  -1.283 0.0000000000
49854  40.218  -46.570  -0.049 0.0000000000
49836  42.030  -47.223  1.368 0.0000000000
48292  43.292  -47.766  2.844 0.0000000000
31439  38.185  -58.400  1.307 0.0000000000
39391  38.472  -53.644  0.239 0.0000000000
41003  39.239  -52.920  1.397 0.0000000000
40979  39.344  -52.455  2.183 0.0000000000
27952  39.426  -60.439  6.792 0.0000000000
31303  39.037  -58.903  6.900 0.0000000000
32946  39.758  -57.773  6.058 0.0000000000
34460  40.166  -56.959  7.418 0.0000000000
36092  40.392  -56.110  4.922 0.0000000000
37675  40.546  -54.311  4.511 0.0000000000
39325  40.229  -53.356  4.421 0.0000000000
42502  39.020  -51.731  3.267 0.0000000000
43891  39.860  -51.560  4.374 0.0000000000
45269  39.938  -50.984  4.435 0.0000000000
45280  40.668  -50.918  4.615 0.0000000000
42440  41.666  -52.218  7.558 0.0000000000
43866  41.785  -51.113  6.061 0.0000000000
45279  41.529  -50.924  4.366 0.0000000000
45278  42.645  -50.853  4.218 0.0000000000
85845  52.289  -19.311  -11.551 0.0000000000
84664  52.999  -20.600  -11.797 0.0000000000
83476  54.363  -21.743  -11.680 0.0000000000
82333  55.917  -22.407  -10.840 0.0000000000
83461  57.760  -22.176  -10.010 0.0000000000
83434  56.705  -21.605  -8.616 0.0000000000
83433  57.823  -21.547  -8.455 0.0000000000
84644  59.568  -21.112  -9.296 0.0000000000
83431  60.094  -21.296  -8.278 0.0000000000
22757  25.409  -63.729  12.494 0.0000000000
22744  25.870  -63.832  13.044 0.0000000000
9538  11.760  -72.112  6.300 0.0000000000
8286  13.183  -73.440  7.102 0.0000000000
8287  12.187  -73.582  6.995 0.0000000000
49820  43.436  -46.227  2.150 0.0000000000
51306  44.079  -45.701  2.346 0.0000000000
29688  20.325  -59.856  3.864 0.0000000000
28012  20.132  -60.346  4.223 0.0000000000
29707  20.700  -58.915  3.597 0.0000000000
29687  20.846  -59.580  4.051 0.0000000000
16501  18.290  -67.785  9.547 0.0000000000
14983  18.579  -67.829  10.192 0.0000000000
76232  58.393  -27.227  -7.690 0.0000000000
76226  58.112  -27.852  -7.457 0.0000000000
67654  56.684  -33.836  -0.444 0.0000000000
63496  43.469  -36.917  -3.508 0.0000000000
64874  44.105  -36.547  -3.500 0.0000000000
63483  44.041  -36.949  -2.982 0.0000000000
45325  36.722  -49.928  1.264 0.0000000000
43906  37.993  -50.583  2.430 0.0000000000
26259  39.312  -61.544  5.688 0.0000000000
76240  57.555  -27.431  -9.130 0.0000000000
77456  57.325  -26.559  -9.494 0.0000000000
77451  58.047  -26.588  -8.852 0.0000000000
85859  54.483  -19.680  -12.694 0.0000000000
84681  54.038  -20.169  -12.456 0.0000000000
22858  26.810  -63.163  6.502 0.0000000000
22857  27.279  -63.669  6.210 0.0000000000
13533  15.375  -70.446  7.936 0.0000000000
12136  15.111  -70.936  8.729 0.0000000000
72140  53.500  -30.716  -9.328 0.0000000000
72131  53.946  -30.861  -8.777 0.0000000000
70676  53.545  -30.986  -8.775 0.0000000000
69146  52.208  -33.657  -4.906 0.0000000000
69147  51.603  -33.864  -4.940 0.0000000000
58180  43.332  -40.747  -1.251 0.0000000000
56832  43.070  -41.838  -0.507 0.0000000000
60864  39.351  -38.088  -5.551 0.0000000000
60855  38.579  -39.333  -5.079 0.0000000000
59542  38.998  -39.559  -4.499 0.0000000000
54149  38.884  -43.950  -2.124 0.0000000000
55506  39.513  -43.389  -1.985 0.0000000000
52784  40.144  -44.767  -1.206 0.0000000000
24567  34.742  -63.409  2.522 0.0000000000
22888  35.436  -64.260  3.928 0.0000000000
22829  31.978  -64.910  6.823 0.0000000000
21127  32.659  -65.054  7.058 0.0000000000
26216  22.682  -61.777  9.020 0.0000000000
26208  22.042  -61.992  9.452 0.0000000000
26217  22.062  -61.964  8.776 0.0000000000
24509  19.306  -63.125  6.809 0.0000000000
21132  18.681  -64.610  7.653 0.0000000000
21178  15.926  -64.531  4.446 0.0000000000
19606  16.323  -66.119  4.858 0.0000000000
32994  24.257  -58.182  3.189 0.0000000000
32993  25.124  -58.616  2.988 0.0000000000
32971  24.778  -59.126  3.565 0.0000000000
29685  24.977  -59.865  4.365 0.0000000000
31371  24.504  -59.430  4.124 0.0000000000
27942  22.565  -61.865  7.483 0.0000000000
27941  23.015  -62.076  7.648 0.0000000000
26215  23.497  -61.884  9.307 0.0000000000
21047  20.709  -64.831  12.056 0.0000000000
4824  11.469  -76.481  9.971 0.0000000000
5897  11.748  -76.136  10.190 0.0000000000
81149  60.771  -22.928  -5.439 0.0000000000
82283  61.200  -22.823  -5.118 0.0000000000
81140  60.838  -23.413  -4.996 0.0000000000
76184  61.217  -27.435  -3.216 0.0000000000
70611  56.895  -31.614  -4.898 0.0000000000
70610  57.787  -31.257  -4.663 0.0000000000
70597  57.935  -31.685  -3.721 0.0000000000
64868  48.894  -35.873  -2.420 0.0000000000
66307  48.584  -35.379  -3.023 0.0000000000
66294  50.089  -35.783  -1.970 0.0000000000
60760  46.364  -39.053  -0.276 0.0000000000
62088  46.782  -38.178  -0.147 0.0000000000
62087  47.487  -38.230  0.156 0.0000000000
51362  34.715  -46.282  -2.063 0.0000000000
46795  39.164  -48.688  2.394 0.0000000000
46794  39.615  -48.821  2.266 0.0000000000
46782  40.070  -49.121  2.984 0.0000000000
46793  40.526  -48.958  1.929 0.0000000000
46770  40.667  -49.674  3.298 0.0000000000
29743  37.184  -59.417  0.679 0.0000000000
32986  39.205  -57.497  3.270 0.0000000000
34525  39.445  -56.843  3.954 0.0000000000
36109  39.517  -56.111  3.539 0.0000000000
36108  39.963  -56.124  4.086 0.0000000000
37635  41.430  -54.784  8.148 0.0000000000
39294  41.350  -53.989  6.846 0.0000000000
39275  40.966  -53.306  7.564 0.0000000000
40908  40.532  -52.689  7.334 0.0000000000
39274  41.810  -53.907  7.790 0.0000000000
83424  54.278  -22.063  -8.370 0.0000000000
82303  53.503  -22.384  -8.533 0.0000000000
83437  53.873  -22.125  -8.795 0.0000000000
83438  53.098  -22.139  -9.133 0.0000000000
83436  54.742  -21.884  -8.626 0.0000000000
83451  54.438  -22.120  -9.203 0.0000000000
81157  59.544  -23.396  -6.987 0.0000000000
82291  59.683  -22.433  -6.815 0.0000000000
82290  60.912  -22.425  -6.031 0.0000000000
85894  60.589  -18.684  -14.517 0.0000000000
84663  60.241  -20.575  -11.112 0.0000000000
84650  59.908  -20.906  -9.976 0.0000000000
24456  25.881  -63.251  9.689 0.0000000000
22782  26.403  -63.632  10.151 0.0000000000
10823  14.199  -71.765  7.678 0.0000000000
10816  14.510  -72.211  8.162 0.0000000000
9519  14.247  -72.594  7.903 0.0000000000
8269  13.268  -74.138  8.564 0.0000000000
8268  13.855  -73.525  9.061 0.0000000000
8246  13.938  -73.671  10.363 0.0000000000
8247  13.393  -74.163  9.823 0.0000000000
69200  49.634  -32.484  -7.356 0.0000000000
54128  43.379  -43.532  0.092 0.0000000000
8273  5.956  -73.133  8.922 0.0000000000
5912  6.168  -75.184  9.505 0.0000000000
29744  31.095  -60.002  1.520 0.0000000000
29724  30.945  -60.509  2.043 0.0000000000
26316  31.231  -61.883  3.075 0.0000000000
24569  32.301  -63.061  2.620 0.0000000000
24552  32.180  -63.347  3.499 0.0000000000
27958  21.344  -60.962  6.829 0.0000000000
27973  20.993  -60.812  6.249 0.0000000000
27993  19.708  -61.060  4.718 0.0000000000
26284  19.788  -61.348  5.270 0.0000000000
26265  19.436  -62.342  6.317 0.0000000000
32997  21.895  -57.565  3.236 0.0000000000
32996  22.670  -57.678  3.315 0.0000000000
32974  22.709  -58.525  3.698 0.0000000000
32953  22.883  -59.090  3.753 0.0000000000
31373  22.544  -59.144  3.763 0.0000000000
28010  21.482  -60.497  5.029 0.0000000000
29665  22.127  -60.176  5.049 0.0000000000
27972  21.788  -60.486  6.338 0.0000000000
18033  18.963  -66.341  10.864 0.0000000000
16483  19.078  -67.116  10.974 0.0000000000
78687  59.551  -25.037  -7.039 0.0000000000
76217  59.336  -27.430  -5.759 0.0000000000
77421  59.605  -26.412  -5.297 0.0000000000
76203  60.404  -27.327  -4.170 0.0000000000
74881  60.104  -28.408  -4.407 0.0000000000
69097  56.580  -32.988  -1.272 0.0000000000
66310  46.045  -35.410  -3.054 0.0000000000
64871  46.285  -35.854  -2.646 0.0000000000
48343  34.772  -47.326  0.389 0.0000000000
48330  35.301  -47.593  0.640 0.0000000000
48329  36.121  -47.916  0.791 0.0000000000
45304  37.766  -49.699  2.566 0.0000000000
46785  37.714  -48.977  2.129 0.0000000000
46784  38.252  -49.288  2.874 0.0000000000
28023  38.615  -61.161  3.370 0.0000000000
28044  38.244  -60.652  2.057 0.0000000000
31333  39.318  -59.141  4.925 0.0000000000
31317  39.329  -59.099  5.851 0.0000000000
79998  54.812  -24.638  -9.790 0.0000000000
79996  56.558  -24.581  -9.420 0.0000000000
81183  55.475  -23.907  -9.335 0.0000000000
81161  54.904  -23.106  -8.073 0.0000000000
81174  56.425  -23.421  -8.692 0.0000000000
82314  56.075  -23.027  -8.280 0.0000000000
81173  57.377  -23.719  -8.762 0.0000000000
79985  58.600  -24.863  -8.024 0.0000000000
79974  59.204  -24.382  -7.488 0.0000000000
85876  55.851  -19.219  -13.713 0.0000000000
84713  57.064  -20.044  -14.246 0.0000000000
84712  57.813  -20.279  -14.640 0.0000000000
84696  57.279  -20.611  -13.866 0.0000000000
83496  57.471  -21.416  -13.307 0.0000000000
83474  56.479  -22.284  -11.521 0.0000000000
26280  28.697  -62.413  4.559 0.0000000000
26281  28.161  -62.520  4.900 0.0000000000
22855  29.051  -64.427  6.119 0.0000000000
22830  30.823  -64.685  6.878 0.0000000000
13531  16.609  -69.313  8.837 0.0000000000
13517  16.838  -69.409  9.531 0.0000000000
10808  16.530  -71.159  10.086 0.0000000000
10797  16.940  -71.725  10.182 0.0000000000
9489  17.347  -72.227  10.339 0.0000000000
9511  14.894  -72.440  9.069 0.0000000000
9510  15.280  -72.211  9.144 0.0000000000
9490  15.236  -72.732  10.043 0.0000000000
73568  55.856  -29.115  -9.277 0.0000000000
73550  55.968  -29.845  -8.201 0.0000000000
72114  55.447  -30.637  -7.202 0.0000000000
70641  55.599  -31.045  -6.526 0.0000000000
70640  56.251  -30.954  -6.195 0.0000000000
70627  55.167  -31.547  -6.292 0.0000000000
69197  52.741  -32.076  -7.472 0.0000000000
69196  53.456  -31.749  -7.635 0.0000000000
69129  55.835  -33.033  -3.603 0.0000000000
67685  53.812  -33.709  -3.210 0.0000000000
67673  54.279  -33.894  -2.681 0.0000000000
67666  54.623  -34.205  -1.953 0.0000000000
67667  53.766  -34.411  -2.258 0.0000000000
60824  42.680  -38.709  -2.928 0.0000000000
60807  43.268  -38.806  -2.217 0.0000000000
58179  43.994  -40.666  -0.534 0.0000000000
60788  44.158  -39.213  -1.013 0.0000000000
59460  44.432  -39.726  -0.746 0.0000000000
59459  45.030  -39.414  -0.543 0.0000000000
59436  44.943  -40.042  -0.506 0.0000000000
55475  44.839  -42.595  0.574 0.0000000000
56812  45.902  -41.714  1.156 0.0000000000
58146  46.301  -41.154  1.276 0.0000000000
58145  46.998  -40.810  1.460 0.0000000000
42557  37.381  -51.520  0.197 0.0000000000
77467  53.651  -26.822  -10.620 0.0000000000
78715  53.708  -26.062  -10.272 0.0000000000
76252  54.122  -27.753  -10.830 0.0000000000
74952  54.902  -28.924  -9.912 0.0000000000
74959  55.275  -28.174  -10.546 0.0000000000
74951  55.540  -28.517  -9.929 0.0000000000
8290  9.396  -73.411  7.477 0.0000000000
8270  9.146  -74.513  8.752 0.0000000000
7086  9.637  -74.495  8.619 0.0000000000
7060  9.565  -75.292  9.557 0.0000000000
8260  7.102  -74.322  9.332 0.0000000000
8259  7.730  -74.713  9.341 0.0000000000
63513  41.687  -36.557  -4.802 0.0000000000
62169  40.227  -37.630  -4.742 0.0000000000
63514  40.620  -36.873  -5.195 0.0000000000
62158  41.555  -37.671  -4.226 0.0000000000
60841  41.975  -38.294  -3.596 0.0000000000
60842  40.947  -38.744  -3.970 0.0000000000
59523  41.193  -39.859  -3.622 0.0000000000
58217  41.525  -40.414  -3.093 0.0000000000
58197  41.786  -40.791  -2.334 0.0000000000
58218  40.766  -40.931  -2.550 0.0000000000
58238  39.008  -40.614  -3.793 0.0000000000
55505  40.435  -43.085  -2.313 0.0000000000
56873  40.258  -42.131  -2.441 0.0000000000
55504  41.181  -42.608  -2.328 0.0000000000
56853  41.428  -42.259  -1.999 0.0000000000
55494  41.566  -43.114  -1.748 0.0000000000
51319  42.181  -45.762  0.554 0.0000000000
51308  42.621  -45.731  1.294 0.0000000000
49822  42.243  -46.211  1.094 0.0000000000
28076  35.352  -60.136  0.155 0.0000000000
28075  35.986  -59.947  0.156 0.0000000000
26345  32.935  -61.689  1.483 0.0000000000
28067  33.181  -61.128  1.078 0.0000000000
24585  35.068  -63.126  1.597 0.0000000000
24601  34.480  -62.761  0.908 0.0000000000
24584  36.160  -62.731  1.566 0.0000000000
26332  36.445  -62.390  1.037 0.0000000000
24583  36.648  -62.598  1.766 0.0000000000
26314  37.205  -62.394  2.382 0.0000000000
24565  36.696  -62.812  2.319 0.0000000000
22886  37.360  -63.427  3.388 0.0000000000
22867  38.213  -63.588  3.941 0.0000000000
24536  38.840  -62.965  4.399 0.0000000000
22847  38.542  -64.139  4.822 0.0000000000
24538  29.737  -63.545  4.375 0.0000000000
24554  30.059  -62.843  4.120 0.0000000000
24537  30.318  -63.541  4.092 0.0000000000
22890  33.287  -63.669  4.042 0.0000000000
21145  34.595  -64.992  6.048 0.0000000000
22849  36.012  -64.518  5.453 0.0000000000
21143  36.760  -64.581  6.075 0.0000000000
21142  37.908  -64.603  5.669 0.0000000000
24448  23.588  -63.409  10.888 0.0000000000
24449  22.852  -63.405  10.960 0.0000000000
24461  21.706  -62.666  10.050 0.0000000000
22785  22.390  -63.725  11.008 0.0000000000
21075  21.460  -64.341  10.793 0.0000000000
22787  21.303  -63.882  9.753 0.0000000000
24489  21.119  -62.522  8.314 0.0000000000
24490  20.780  -62.829  7.904 0.0000000000
22800  19.499  -63.809  8.513 0.0000000000
22799  19.990  -63.678  9.223 0.0000000000
19531  19.913  -65.394  10.062 0.0000000000
19547  19.773  -65.260  9.419 0.0000000000
18077  18.978  -66.208  8.242 0.0000000000
18062  18.553  -66.791  8.776 0.0000000000
28014  18.358  -61.157  3.174 0.0000000000
24556  18.091  -62.332  3.966 0.0000000000
24542  18.381  -62.550  4.651 0.0000000000
26320  16.510  -62.232  2.888 0.0000000000
24571  16.349  -63.136  3.370 0.0000000000
22879  16.886  -64.028  5.131 0.0000000000
22860  17.500  -63.998  5.619 0.0000000000
21150  17.641  -65.112  5.972 0.0000000000
19590  17.264  -66.660  6.055 0.0000000000
19589  17.411  -66.163  6.444 0.0000000000
18108  17.513  -67.196  6.435 0.0000000000
16549  17.511  -67.538  7.255 0.0000000000
15050  15.592  -68.586  6.380 0.0000000000
15037  15.506  -69.077  6.704 0.0000000000
18136  14.054  -66.527  4.216 0.0000000000
16610  14.389  -67.352  4.386 0.0000000000
15067  14.070  -68.680  4.834 0.0000000000
13583  14.106  -69.211  5.229 0.0000000000
13563  14.150  -69.719  5.835 0.0000000000
12165  12.438  -70.666  5.792 0.0000000000
10844  11.999  -71.378  6.018 0.0000000000
12167  10.432  -70.641  5.926 0.0000000000
12168  9.312  -70.496  6.402 0.0000000000
10847  9.456  -71.133  6.717 0.0000000000
31420  28.718  -59.090  1.793 0.0000000000
34566  26.222  -57.292  2.030 0.0000000000
31396  25.590  -59.421  3.039 0.0000000000
31422  26.605  -58.851  2.318 0.0000000000
31395  26.586  -59.437  3.131 0.0000000000
29705  27.445  -59.733  3.393 0.0000000000
29706  26.904  -59.767  3.730 0.0000000000
29682  27.088  -60.290  4.052 0.0000000000
26283  26.356  -62.405  5.478 0.0000000000
27967  25.581  -62.026  5.558 0.0000000000
26244  23.964  -62.099  7.519 0.0000000000
27954  24.361  -61.721  6.769 0.0000000000
26243  25.037  -61.874  7.249 0.0000000000
26228  25.504  -62.087  8.145 0.0000000000
24486  25.420  -62.977  8.144 0.0000000000
24487  24.826  -62.526  8.686 0.0000000000
26205  23.929  -62.905  9.625 0.0000000000
24458  24.307  -63.486  9.837 0.0000000000
24447  24.483  -63.516  11.068 0.0000000000
22747  23.167  -63.880  12.636 0.0000000000
12127  17.760  -70.046  10.266 0.0000000000
12117  18.333  -69.600  10.564 0.0000000000
12116  18.236  -70.127  10.420 0.0000000000
7084  11.353  -74.580  8.365 0.0000000000
8279  11.744  -74.142  7.678 0.0000000000
4827  12.165  -75.962  10.621 0.0000000000
5900  12.302  -75.870  10.271 0.0000000000
4826  12.515  -76.068  10.170 0.0000000000
5899  13.147  -75.355  9.683 0.0000000000
4825  13.368  -75.866  9.690 0.0000000000
78669  60.309  -25.275  -4.839 0.0000000000
78668  60.704  -24.568  -4.457 0.0000000000
77401  61.824  -26.609  -3.405 0.0000000000
73535  57.935  -28.994  -6.466 0.0000000000
72087  59.247  -30.443  -4.033 0.0000000000
73500  59.935  -29.449  -3.616 0.0000000000
73483  60.054  -29.638  -2.431 0.0000000000
70564  58.241  -31.988  -1.940 0.0000000000
70563  58.754  -31.465  -1.308 0.0000000000
72036  59.656  -30.383  -0.958 0.0000000000
73450  60.130  -30.280  -0.839 0.0000000000
73466  61.174  -30.129  -1.570 0.0000000000
69159  47.214  -33.392  -6.247 0.0000000000
69177  47.448  -33.123  -6.931 0.0000000000
69157  48.939  -33.507  -6.143 0.0000000000
67729  48.535  -33.842  -5.476 0.0000000000
67694  46.101  -34.437  -4.587 0.0000000000
67711  46.453  -34.045  -5.099 0.0000000000
66321  49.128  -34.883  -3.480 0.0000000000
67690  49.585  -34.479  -4.010 0.0000000000
67707  50.039  -34.380  -4.714 0.0000000000
67689  50.606  -34.458  -3.854 0.0000000000
67688  51.410  -34.275  -3.813 0.0000000000
67677  51.057  -34.380  -3.318 0.0000000000
64846  52.239  -35.713  -1.530 0.0000000000
66279  53.211  -35.235  -1.069 0.0000000000
64831  53.488  -35.651  -0.767 0.0000000000
62130  44.708  -38.042  -2.129 0.0000000000
63482  44.720  -37.101  -2.685 0.0000000000
62129  45.406  -37.725  -1.579 0.0000000000
63448  46.897  -37.359  -0.432 0.0000000000
63467  46.170  -37.190  -1.404 0.0000000000
63465  47.781  -36.625  -1.244 0.0000000000
63410  51.101  -37.414  0.920 0.0000000000
63411  50.154  -37.366  0.898 0.0000000000
63429  50.526  -37.067  0.228 0.0000000000
63445  49.962  -36.980  -0.482 0.0000000000
63444  50.861  -37.060  -0.764 0.0000000000
51377  36.381  -46.167  -2.637 0.0000000000
52804  37.102  -45.357  -2.639 0.0000000000
51359  37.510  -46.192  -1.895 0.0000000000
49841  37.005  -47.564  0.453 0.0000000000
51328  36.657  -46.767  -0.549 0.0000000000
49856  38.280  -46.978  -0.218 0.0000000000
49855  39.132  -47.066  -0.432 0.0000000000
48358  39.070  -46.771  -1.387 0.0000000000
48341  40.037  -47.379  0.608 0.0000000000
46792  41.556  -48.707  2.034 0.0000000000
48323  41.556  -47.823  1.504 0.0000000000
48305  42.129  -48.138  1.845 0.0000000000
48304  42.878  -47.909  1.995 0.0000000000
46779  42.877  -48.633  2.658 0.0000000000
29702  38.526  -58.871  2.564 0.0000000000
31414  38.566  -58.338  2.219 0.0000000000
33033  38.783  -56.568  1.660 0.0000000000
34585  38.580  -56.098  1.192 0.0000000000
36157  38.549  -55.350  0.860 0.0000000000
37759  38.958  -54.776  1.149 0.0000000000
37742  39.633  -54.215  2.316 0.0000000000
39370  39.438  -53.554  1.884 0.0000000000
39369  39.887  -53.363  2.622 0.0000000000
26226  39.915  -61.280  7.558 0.0000000000
26240  39.800  -61.065  6.622 0.0000000000
27940  39.524  -60.537  7.516 0.0000000000
31262  39.832  -59.220  7.574 0.0000000000
31283  39.439  -59.432  7.433 0.0000000000
31302  39.224  -58.307  7.106 0.0000000000
32928  39.417  -58.330  6.333 0.0000000000
32902  39.645  -57.831  7.167 0.0000000000
36044  40.441  -56.150  7.646 0.0000000000
36067  40.536  -56.028  6.313 0.0000000000
37676  40.642  -55.041  5.162 0.0000000000
40933  39.794  -52.645  4.012 0.0000000000
42490  39.962  -52.135  4.493 0.0000000000
42491  39.489  -51.686  3.831 0.0000000000
43890  40.016  -51.972  4.805 0.0000000000
43853  40.358  -51.629  6.683 0.0000000000
43868  40.123  -51.360  5.754 0.0000000000
45268  40.378  -51.171  4.779 0.0000000000
45267  40.505  -51.064  5.369 0.0000000000
40906  41.864  -52.832  7.577 0.0000000000
40905  42.488  -53.273  7.749 0.0000000000
43850  42.324  -51.146  6.606 0.0000000000
43881  41.316  -50.987  5.313 0.0000000000
43880  42.174  -51.112  5.165 0.0000000000
43879  43.252  -51.027  4.964 0.0000000000
88164  51.709  -18.014  -10.834 0.0000000000
81177  53.478  -23.336  -8.593 0.0000000000
81164  52.053  -23.142  -8.112 0.0000000000
83478  52.427  -20.931  -11.399 0.0000000000
83477  53.350  -21.324  -11.598 0.0000000000
83464  54.707  -22.081  -11.005 0.0000000000
82326  55.761  -22.356  -9.999 0.0000000000
82334  55.222  -22.256  -10.721 0.0000000000
83462  56.687  -22.324  -10.447 0.0000000000
83448  57.689  -21.539  -9.181 0.0000000000
83421  57.016  -21.970  -8.163 0.0000000000
83419  59.375  -21.723  -7.398 0.0000000000
83447  58.817  -21.447  -9.045 0.0000000000
83446  59.528  -21.239  -8.825 0.0000000000
83417  61.377  -21.345  -7.302 0.0000000000
88201  56.302  -18.088  -14.930 0.0000000000
84694  59.712  -20.524  -13.394 0.0000000000
22756  26.130  -63.786  12.060 0.0000000000
10833  12.495  -71.852  6.374 0.0000000000
9527  13.664  -72.636  7.258 0.0000000000
52753  42.977  -45.242  1.407 0.0000000000
28049  30.121  -60.731  2.473 0.0000000000
28048  30.710  -60.888  2.330 0.0000000000
28025  30.490  -61.324  2.796 0.0000000000
26317  30.373  -61.883  3.252 0.0000000000
26298  30.726  -62.247  3.503 0.0000000000
27991  20.949  -60.711  5.468 0.0000000000
32976  21.420  -58.120  3.404 0.0000000000
31374  21.971  -59.281  3.824 0.0000000000
31375  21.303  -58.747  3.656 0.0000000000
16484  18.798  -67.230  10.464 0.0000000000
14969  18.789  -68.190  10.657 0.0000000000
13494  18.876  -68.775  10.870 0.0000000000
77442  58.649  -26.718  -7.452 0.0000000000
78680  59.210  -26.164  -6.748 0.0000000000
76218  58.902  -27.537  -6.584 0.0000000000
74913  59.090  -28.172  -6.096 0.0000000000
67664  56.097  -33.618  -1.246 0.0000000000
66326  44.320  -35.852  -4.381 0.0000000000
64888  44.641  -36.304  -3.926 0.0000000000
64854  45.198  -36.451  -2.580 0.0000000000
45326  35.989  -49.207  0.480 0.0000000000
45314  36.294  -48.995  0.915 0.0000000000
46797  36.512  -48.608  1.099 0.0000000000
45313  36.874  -49.296  1.468 0.0000000000
26279  38.882  -61.485  4.249 0.0000000000
28005  38.739  -61.251  4.105 0.0000000000
27986  38.972  -61.168  4.562 0.0000000000
27985  38.969  -60.853  5.403 0.0000000000
78706  56.088  -25.586  -9.821 0.0000000000
78705  56.962  -25.601  -9.622 0.0000000000
79995  57.317  -24.843  -9.250 0.0000000000
78697  58.380  -25.647  -8.418 0.0000000000
84698  55.569  -19.996  -13.361 0.0000000000
83497  56.634  -20.959  -13.382 0.0000000000
83486  55.102  -21.402  -12.513 0.0000000000
24541  27.458  -62.904  5.780 0.0000000000
24540  27.976  -63.043  5.661 0.0000000000
24525  27.509  -63.043  5.918 0.0000000000
22856  28.013  -64.335  6.234 0.0000000000
22832  28.596  -64.323  7.304 0.0000000000
13532  15.973  -69.785  8.452 0.0000000000
13518  16.168  -70.021  9.274 0.0000000000
10809  15.903  -71.701  9.470 0.0000000000
8245  14.500  -73.313  10.385 0.0000000000
9478  15.226  -72.983  10.315 0.0000000000
73561  54.858  -29.810  -9.178 0.0000000000
72138  54.920  -30.217  -8.693 0.0000000000
72130  54.532  -30.768  -8.326 0.0000000000
70657  54.390  -31.151  -7.694 0.0000000000
69172  52.688  -32.651  -6.589 0.0000000000
69145  53.409  -33.442  -4.442 0.0000000000
67686  53.183  -33.973  -3.589 0.0000000000
59480  43.403  -39.422  -1.831 0.0000000000
59462  43.257  -40.115  -1.784 0.0000000000
55459  45.225  -42.883  1.056 0.0000000000
73570  54.396  -29.504  -9.854 0.0000000000
9532  8.682  -72.058  7.346 0.0000000000
9520  9.057  -73.296  7.571 0.0000000000
9521  8.407  -72.864  7.877 0.0000000000
8282  8.430  -73.618  8.253 0.0000000000
62170  39.594  -37.598  -5.220 0.0000000000
60853  40.449  -38.287  -4.510 0.0000000000
60843  40.106  -39.150  -3.938 0.0000000000
58237  40.067  -40.814  -3.417 0.0000000000
56891  38.047  -41.999  -3.345 0.0000000000
56890  38.777  -41.968  -3.013 0.0000000000
55515  39.172  -42.758  -2.308 0.0000000000
54142  40.540  -43.993  -1.486 0.0000000000
54141  41.207  -43.958  -1.221 0.0000000000
51336  41.225  -45.277  -0.841 0.0000000000
28066  34.144  -60.945  1.033 0.0000000000
24587  32.962  -62.838  2.113 0.0000000000
22852  32.529  -64.180  6.081 0.0000000000
21123  36.269  -64.887  6.593 0.0000000000
26206  23.401  -62.365  9.866 0.0000000000
24508  19.666  -62.742  7.062 0.0000000000
24491  20.185  -62.975  7.391 0.0000000000
24492  19.632  -63.243  7.331 0.0000000000
24474  19.784  -63.504  7.808 0.0000000000
21114  19.107  -64.529  8.393 0.0000000000
19574  18.577  -65.510  7.600 0.0000000000
26319  17.106  -61.526  2.822 0.0000000000
22897  15.526  -64.197  3.845 0.0000000000
22911  16.098  -63.510  3.384 0.0000000000
21164  16.722  -64.900  5.176 0.0000000000
21163  17.174  -65.473  5.692 0.0000000000
18109  17.055  -67.118  5.796 0.0000000000
16568  16.822  -67.683  6.499 0.0000000000
16589  16.500  -67.552  5.840 0.0000000000
16590  15.839  -67.614  5.604 0.0000000000
13564  13.001  -69.933  5.475 0.0000000000
31369  25.911  -59.539  3.738 0.0000000000
29684  25.656  -59.860  4.343 0.0000000000
27970  23.280  -60.540  6.607 0.0000000000
26245  23.395  -62.070  7.584 0.0000000000
24488  24.453  -62.317  9.032 0.0000000000
7059  10.907  -75.521  9.567 0.0000000000
5901  11.798  -75.902  10.222 0.0000000000
5896  12.127  -76.001  10.553 0.0000000000
77402  60.810  -26.454  -3.640 0.0000000000
78647  61.275  -26.006  -3.639 0.0000000000
77395  61.263  -26.649  -3.341 0.0000000000
77394  61.561  -26.773  -3.378 0.0000000000
76191  61.867  -27.211  -3.431 0.0000000000
74858  61.843  -28.310  -3.283 0.0000000000
73498  61.588  -29.437  -2.683 0.0000000000
72103  57.641  -30.349  -5.747 0.0000000000
72102  58.246  -29.972  -5.493 0.0000000000
72089  57.807  -30.778  -5.155 0.0000000000
70608  59.114  -30.994  -3.760 0.0000000000
70542  58.921  -31.758  -0.691 0.0000000000
66323  47.069  -34.733  -3.577 0.0000000000
67692  47.615  -34.382  -4.173 0.0000000000
66322  48.083  -34.758  -3.516 0.0000000000
66305  51.006  -34.820  -2.779 0.0000000000
66293  50.729  -35.503  -2.021 0.0000000000
62109  45.672  -38.037  -0.894 0.0000000000
62108  46.338  -37.873  -0.523 0.0000000000
63432  47.925  -37.652  0.089 0.0000000000
63409  52.223  -37.482  1.183 0.0000000000
51378  35.426  -45.920  -2.726 0.0000000000
51360  36.680  -46.751  -2.001 0.0000000000
48309  38.089  -48.135  1.943 0.0000000000
49840  37.878  -47.343  0.536 0.0000000000
48326  38.450  -47.744  1.228 0.0000000000
48325  39.447  -47.891  0.955 0.0000000000
48324  40.498  -47.861  1.270 0.0000000000
48306  40.362  -48.524  1.561 0.0000000000
31386  38.910  -58.305  3.425 0.0000000000
31413  39.030  -58.069  2.748 0.0000000000
34560  39.377  -56.245  2.137 0.0000000000
36140  39.209  -55.402  2.136 0.0000000000
36123  39.571  -55.632  2.840 0.0000000000
27939  39.566  -60.654  7.951 0.0000000000
27930  39.873  -60.115  7.921 0.0000000000
29582  40.015  -59.540  7.741 0.0000000000
31261  40.260  -58.572  7.847 0.0000000000
36043  40.845  -55.432  7.091 0.0000000000
37654  40.845  -54.715  5.971 0.0000000000
37653  41.148  -54.643  6.615 0.0000000000
39295  41.062  -53.543  6.211 0.0000000000
40923  40.406  -52.716  5.658 0.0000000000
42482  40.023  -52.195  5.188 0.0000000000
40918  40.395  -52.631  6.566 0.0000000000
42459  40.105  -51.971  6.846 0.0000000000
42458  40.677  -51.837  7.264 0.0000000000
81162  54.230  -22.892  -8.161 0.0000000000
82304  52.489  -22.689  -8.431 0.0000000000
83453  52.802  -22.012  -9.904 0.0000000000
82329  53.764  -22.541  -10.030 0.0000000000
82335  54.457  -22.410  -10.398 0.0000000000
82328  54.185  -22.514  -9.806 0.0000000000
83450  55.312  -21.923  -9.213 0.0000000000
82298  58.744  -22.367  -7.539 0.0000000000
82292  59.165  -21.932  -6.958 0.0000000000
83418  60.566  -21.415  -7.371 0.0000000000
83410  60.214  -21.889  -6.859 0.0000000000
85918  57.799  -19.528  -15.280 0.0000000000
85917  59.008  -19.086  -15.773 0.0000000000
85937  59.634  -18.604  -16.031 0.0000000000
83494  59.401  -21.122  -12.435 0.0000000000
85843  60.292  -19.918  -11.556 0.0000000000
85827  61.194  -19.987  -10.854 0.0000000000
22814  25.912  -63.679  8.115 0.0000000000
22813  26.884  -63.842  8.198 0.0000000000
22796  27.148  -63.945  9.256 0.0000000000
22767  27.401  -64.307  11.041 0.0000000000
9503  14.326  -73.040  9.496 0.0000000000
9492  14.226  -73.048  9.947 0.0000000000
5898  14.046  -74.895  9.719 0.0000000000
55493  42.315  -42.746  -0.703 0.0000000000
55477  43.064  -42.498  -0.160 0.0000000000
54127  44.325  -43.580  0.727 0.0000000000
52767  44.107  -44.598  1.128 0.0000000000
54111  44.543  -44.018  1.613 0.0000000000
9514  7.391  -72.937  8.457 0.0000000000
5911  7.131  -75.462  9.620 0.0000000000
54157  38.475  -43.318  -2.451 0.0000000000
54150  38.370  -44.547  -2.392 0.0000000000
28046  31.937  -61.258  1.764 0.0000000000
26334  32.279  -61.941  2.071 0.0000000000
26335  31.711  -61.821  2.574 0.0000000000
22908  33.985  -63.716  3.648 0.0000000000
27943  22.083  -61.534  7.333 0.0000000000
26232  21.821  -62.293  7.888 0.0000000000
26246  21.512  -61.637  7.173 0.0000000000
27974  20.526  -61.016  5.874 0.0000000000
26248  19.826  -62.128  7.001 0.0000000000
24527  18.839  -63.210  5.703 0.0000000000
22898  15.089  -64.549  3.642 0.0000000000
21166  15.112  -65.335  4.381 0.0000000000
19621  14.581  -65.820  4.410 0.0000000000
19622  13.855  -65.642  3.975 0.0000000000
32995  23.450  -57.901  3.291 0.0000000000
31372  23.920  -59.241  4.071 0.0000000000
31344  23.355  -59.535  4.341 0.0000000000
29664  22.839  -59.752  5.166 0.0000000000
31346  22.107  -59.851  4.312 0.0000000000
27971  22.508  -60.396  6.571 0.0000000000
81141  60.481  -23.854  -5.363 0.0000000000
79965  60.184  -24.437  -5.654 0.0000000000
77412  60.265  -26.386  -4.274 0.0000000000
77411  60.582  -26.795  -3.888 0.0000000000
76202  60.761  -27.223  -3.578 0.0000000000
74859  60.958  -28.093  -3.119 0.0000000000
69128  57.034  -32.362  -3.683 0.0000000000
69127  57.729  -32.129  -3.245 0.0000000000
66338  45.784  -34.710  -4.643 0.0000000000
66325  44.944  -35.622  -4.325 0.0000000000
66324  45.895  -35.013  -3.811 0.0000000000
64869  48.069  -35.928  -2.566 0.0000000000
60739  47.600  -39.570  0.661 0.0000000000
60758  47.748  -38.668  0.404 0.0000000000
51330  35.253  -46.742  -0.119 0.0000000000
51343  35.071  -46.326  -0.825 0.0000000000
49859  35.571  -46.895  0.376 0.0000000000
49842  36.156  -47.375  0.684 0.0000000000
48311  36.779  -48.359  1.186 0.0000000000
48310  37.407  -48.375  1.645 0.0000000000
48294  38.492  -48.678  2.431 0.0000000000
46783  39.069  -49.188  2.758 0.0000000000
46772  39.559  -49.521  3.591 0.0000000000
28045  37.458  -61.258  1.500 0.0000000000
28043  38.679  -59.999  2.680 0.0000000000
29701  38.703  -59.259  3.094 0.0000000000
31361  38.970  -58.680  4.208 0.0000000000
81185  53.660  -23.790  -9.190 0.0000000000
81176  54.342  -23.376  -8.561 0.0000000000
82300  56.287  -22.663  -8.148 0.0000000000
81159  57.802  -23.248  -8.225 0.0000000000
81158  58.998  -23.277  -7.792 0.0000000000
87082  56.067  -18.497  -14.185 0.0000000000
85898  56.631  -19.418  -14.359 0.0000000000
85919  57.090  -19.412  -14.887 0.0000000000
84737  58.294  -19.996  -15.053 0.0000000000
84710  60.115  -19.538  -14.171 0.0000000000
83495  58.609  -21.494  -13.021 0.0000000000
83483  58.644  -21.779  -11.940 0.0000000000
83472  58.728  -21.791  -10.833 0.0000000000
28007  28.363  -61.189  3.815 0.0000000000
26300  29.317  -62.036  4.106 0.0000000000
22875  29.449  -64.161  5.072 0.0000000000
22876  28.461  -63.996  5.437 0.0000000000
22811  29.027  -64.547  8.308 0.0000000000
21109  29.860  -64.984  8.428 0.0000000000
22810  30.270  -64.716  7.807 0.0000000000
31399  19.414  -58.623  3.011 0.0000000000
15003  17.663  -68.178  8.759 0.0000000000
14985  17.205  -68.934  9.797 0.0000000000
13504  17.291  -69.448  9.997 0.0000000000
12128  16.969  -70.355  9.962 0.0000000000
10814  15.277  -71.610  9.027 0.0000000000
9477  15.869  -72.873  10.103 0.0000000000
9476  16.568  -72.586  10.093 0.0000000000
74942  57.322  -28.182  -8.700 0.0000000000
74931  57.539  -28.621  -7.771 0.0000000000
74943  56.881  -28.881  -8.351 0.0000000000
73548  57.126  -29.455  -7.457 0.0000000000
72112  57.309  -30.150  -6.841 0.0000000000
72128  56.093  -30.208  -7.612 0.0000000000
72104  56.834  -30.598  -6.219 0.0000000000
70625  56.669  -31.037  -5.569 0.0000000000
70659  52.798  -31.583  -8.250 0.0000000000
70643  54.045  -31.517  -7.435 0.0000000000
69170  54.689  -31.737  -6.407 0.0000000000
69114  55.625  -33.381  -2.388 0.0000000000
69115  54.857  -33.618  -2.717 0.0000000000
67665  55.462  -33.857  -1.764 0.0000000000
67656  55.101  -34.352  -1.562 0.0000000000
66277  54.974  -35.034  -1.242 0.0000000000
60839  43.160  -37.934  -3.327 0.0000000000
62147  43.493  -37.761  -2.942 0.0000000000
62132  43.303  -38.366  -2.561 0.0000000000
62131  43.732  -38.168  -2.266 0.0000000000
60805  44.592  -38.456  -1.450 0.0000000000
60786  45.554  -38.873  -0.511 0.0000000000
59434  46.742  -40.018  -0.153 0.0000000000
56831  43.664  -41.652  -0.116 0.0000000000
58165  44.164  -41.137  0.021 0.0000000000
55474  45.553  -42.379  0.761 0.0000000000
56829  45.310  -41.684  0.521 0.0000000000
58164  44.837  -40.720  0.037 0.0000000000
59412  47.340  -40.160  0.391 0.0000000000
59411  47.658  -40.024  1.084 0.0000000000
43934  36.902  -50.748  0.358 0.0000000000
43933  37.484  -50.948  0.770 0.0000000000
42522  38.665  -51.376  1.977 0.0000000000
24484  40.264  -61.931  7.244 0.0000000000
78708  54.178  -25.403  -10.151 0.0000000000
78713  54.895  -26.426  -10.514 0.0000000000
76251  55.026  -27.712  -10.764 0.0000000000
77465  55.489  -26.806  -10.536 0.0000000000
76249  56.293  -27.405  -10.191 0.0000000000
74949  57.125  -27.944  -9.250 0.0000000000
87057  53.410  -18.539  -11.816 0.0000000000
85844  52.865  -18.898  -11.581 0.0000000000
8280  10.628  -73.983  7.898 0.0000000000
7085  10.296  -74.537  8.498 0.0000000000
5902  11.130  -76.053  9.881 0.0000000000
8271  8.041  -74.241  8.701 0.0000000000
4834  10.423  -76.303  9.748 0.0000000000
66341  43.053  -35.228  -4.946 0.0000000000
64900  43.177  -35.640  -4.669 0.0000000000
64890  42.821  -36.030  -4.387 0.0000000000
63497  42.588  -36.660  -3.978 0.0000000000
63498  42.037  -37.109  -4.202 0.0000000000
60840  42.754  -38.091  -3.462 0.0000000000
59503  42.149  -39.364  -2.973 0.0000000000
60826  41.315  -39.089  -3.459 0.0000000000
59504  41.620  -39.621  -3.354 0.0000000000
56870  42.127  -41.425  -1.824 0.0000000000
59526  38.795  -40.058  -4.191 0.0000000000
56889  39.752  -41.797  -2.796 0.0000000000
58219  40.237  -41.259  -2.771 0.0000000000
58198  41.143  -41.234  -2.154 0.0000000000
54129  42.662  -43.824  -0.375 0.0000000000
52776  42.127  -44.716  0.011 0.0000000000
49804  43.080  -47.249  2.437 0.0000000000
28079  32.465  -60.665  0.626 0.0000000000
26343  34.802  -61.929  0.532 0.0000000000
26342  36.161  -61.932  0.560 0.0000000000
26341  36.666  -61.596  0.887 0.0000000000
26313  37.762  -61.860  2.703 0.0000000000
22904  36.840  -62.987  3.037 0.0000000000
24550  37.961  -62.676  3.286 0.0000000000
26296  38.792  -62.384  4.153 0.0000000000
26299  30.279  -62.283  3.779 0.0000000000
22892  31.452  -63.929  4.373 0.0000000000
22889  34.440  -64.019  4.174 0.0000000000
22827  33.250  -65.177  6.334 0.0000000000
22851  33.585  -64.745  5.838 0.0000000000
22869  36.294  -64.243  4.623 0.0000000000
22826  39.244  -63.658  5.489 0.0000000000
24431  24.359  -63.612  12.755 0.0000000000
24433  23.302  -63.329  12.304 0.0000000000
22771  22.399  -63.475  11.722 0.0000000000
22772  21.680  -64.000  11.581 0.0000000000
21061  20.948  -64.506  11.253 0.0000000000
21062  20.185  -64.726  11.128 0.0000000000
22798  20.581  -63.363  9.521 0.0000000000
21077  20.617  -64.738  10.290 0.0000000000
19548  19.397  -65.520  8.834 0.0000000000
16516  18.441  -66.976  9.231 0.0000000000
16517  18.196  -67.488  9.022 0.0000000000
29709  19.244  -59.889  2.925 0.0000000000
28013  19.265  -60.923  3.747 0.0000000000
26305  17.111  -62.442  3.561 0.0000000000
22895  17.005  -63.248  4.202 0.0000000000
24557  17.569  -62.825  4.123 0.0000000000
24528  18.149  -63.637  5.612 0.0000000000
22859  18.168  -63.813  6.054 0.0000000000
19604  17.255  -65.710  6.003 0.0000000000
16534  17.830  -67.561  8.039 0.0000000000
15022  17.464  -68.037  8.219 0.0000000000
15023  17.105  -68.585  8.181 0.0000000000
16551  16.464  -68.193  6.894 0.0000000000
15035  16.639  -68.807  7.336 0.0000000000
13547  15.902  -69.466  7.425 0.0000000000
16592  14.209  -68.022  4.399 0.0000000000
15051  14.966  -68.843  6.106 0.0000000000
12148  14.548  -70.716  7.455 0.0000000000
12149  13.868  -71.007  7.225 0.0000000000
9539  10.858  -72.203  6.400 0.0000000000
9540  10.364  -72.143  6.712 0.0000000000
10834  9.993  -72.087  7.044 0.0000000000
10836  8.572  -71.468  7.301 0.0000000000
10824  7.994  -71.520  7.627 0.0000000000
29745  30.017  -59.807  1.293 0.0000000000
31419  29.101  -59.561  1.390 0.0000000000
29703  29.005  -60.273  3.031 0.0000000000
28027  28.813  -60.835  3.296 0.0000000000
33017  27.181  -58.026  2.016 0.0000000000
33018  26.230  -58.050  2.481 0.0000000000
31421  27.547  -59.236  2.429 0.0000000000
29728  27.996  -59.644  3.035 0.0000000000
29704  28.328  -60.177  3.392 0.0000000000
28009  26.608  -60.679  4.564 0.0000000000
27987  26.725  -62.024  4.601 0.0000000000
26282  27.117  -62.469  5.175 0.0000000000
26260  26.674  -62.359  6.125 0.0000000000
24506  26.504  -62.599  6.729 0.0000000000
29662  24.397  -59.965  4.961 0.0000000000
29640  24.747  -60.481  5.698 0.0000000000
27969  24.082  -61.016  6.310 0.0000000000
27968  25.041  -61.698  6.000 0.0000000000
26262  25.531  -62.011  6.676 0.0000000000
26242  26.100  -62.015  7.278 0.0000000000
24507  26.074  -62.747  7.483 0.0000000000
24468  25.591  -63.248  8.966 0.0000000000
24457  25.271  -63.089  9.794 0.0000000000
24470  24.467  -62.665  9.316 0.0000000000
22770  25.181  -63.573  10.887 0.0000000000
12103  18.643  -69.407  10.695 0.0000000000
7083  12.380  -74.516  8.327 0.0000000000
7075  12.830  -74.522  8.931 0.0000000000
7058  11.955  -75.051  9.527 0.0000000000
7057  12.869  -74.704  9.329 0.0000000000
79958  60.857  -24.042  -4.411 0.0000000000
79951  61.380  -24.146  -4.530 0.0000000000
74915  57.935  -28.479  -6.963 0.0000000000
74914  58.500  -28.485  -6.441 0.0000000000
74897  58.861  -28.759  -5.901 0.0000000000
73515  58.676  -29.735  -5.383 0.0000000000
73525  58.971  -29.216  -5.559 0.0000000000
74860  60.533  -28.605  -3.600 0.0000000000
70580  58.249  -31.877  -2.828 0.0000000000
70596  58.907  -31.234  -3.192 0.0000000000
72075  59.237  -30.879  -2.324 0.0000000000
72037  59.293  -30.999  -0.752 0.0000000000
72056  59.659  -30.358  -1.910 0.0000000000
73482  60.689  -29.106  -2.157 0.0000000000
74818  61.113  -29.175  -1.974 0.0000000000
74817  61.185  -29.592  -1.792 0.0000000000
69201  48.624  -32.579  -7.496 0.0000000000
69175  49.311  -32.986  -6.724 0.0000000000
69156  49.960  -33.472  -5.984 0.0000000000
67727  50.378  -33.930  -5.316 0.0000000000
67731  46.907  -33.673  -5.650 0.0000000000
67730  47.665  -33.683  -5.510 0.0000000000
67709  48.101  -34.160  -4.826 0.0000000000
67705  51.862  -34.061  -4.393 0.0000000000
67687  52.241  -34.217  -3.693 0.0000000000
67675  52.659  -34.403  -2.940 0.0000000000
66304  52.123  -34.724  -2.487 0.0000000000
67668  53.094  -34.467  -2.442 0.0000000000
66278  53.794  -35.128  -1.103 0.0000000000
64853  45.809  -36.379  -2.192 0.0000000000
64852  46.683  -36.435  -1.995 0.0000000000
64851  47.663  -36.414  -1.866 0.0000000000
64850  48.500  -36.211  -1.834 0.0000000000
62078  48.045  -38.295  0.484 0.0000000000
63431  48.752  -37.279  0.147 0.0000000000
63412  49.306  -37.482  0.815 0.0000000000
63446  49.087  -36.920  -0.505 0.0000000000
64834  49.606  -36.622  -1.112 0.0000000000
64848  50.449  -36.354  -1.521 0.0000000000
63464  51.363  -36.701  -1.362 0.0000000000
63442  52.520  -36.343  -0.818 0.0000000000
63427  52.804  -36.766  0.117 0.0000000000
64817  53.063  -36.091  -0.506 0.0000000000
64815  54.697  -36.167  0.179 0.0000000000
64829  55.347  -35.520  -0.211 0.0000000000
52793  38.870  -45.156  -2.265 0.0000000000
51342  36.155  -46.574  -1.101 0.0000000000
51341  37.019  -46.775  -1.234 0.0000000000
49873  37.993  -46.728  -0.597 0.0000000000
51358  38.394  -45.973  -1.434 0.0000000000
51357  39.200  -45.735  -1.563 0.0000000000
51338  39.884  -45.643  -1.280 0.0000000000
51326  40.763  -45.989  -0.147 0.0000000000
49853  40.892  -46.164  0.204 0.0000000000
49838  40.523  -47.120  0.684 0.0000000000
49837  41.420  -46.695  0.836 0.0000000000
29742  37.832  -59.177  1.179 0.0000000000
33010  38.501  -57.809  1.718 0.0000000000
33034  38.381  -57.193  1.053 0.0000000000
37743  38.948  -54.543  1.930 0.0000000000
39390  39.269  -53.846  0.972 0.0000000000
41004  38.587  -52.804  0.841 0.0000000000
40980  38.828  -52.203  1.444 0.0000000000
29633  38.992  -60.004  6.318 0.0000000000
29604  39.110  -60.068  7.874 0.0000000000
29619  39.387  -59.902  7.078 0.0000000000
34506  39.898  -57.027  5.510 0.0000000000
32878  39.975  -57.682  7.984 0.0000000000
34440  40.232  -56.711  8.501 0.0000000000
34486  40.083  -57.328  6.530 0.0000000000
34524  39.734  -56.636  4.676 0.0000000000
37702  40.455  -55.196  4.091 0.0000000000
37701  40.613  -54.325  3.774 0.0000000000
39324  40.539  -53.813  4.117 0.0000000000
39350  40.272  -53.508  3.541 0.0000000000
40954  39.735  -52.729  3.228 0.0000000000
40955  39.289  -52.266  2.956 0.0000000000
42503  38.597  -51.184  2.930 0.0000000000
42492  38.850  -51.168  3.534 0.0000000000
43892  38.979  -50.881  4.070 0.0000000000
43882  40.130  -51.713  5.108 0.0000000000
43883  39.840  -51.210  4.406 0.0000000000
45282  39.285  -50.490  4.231 0.0000000000
45293  39.224  -49.909  4.150 0.0000000000
45281  39.924  -50.576  4.274 0.0000000000
45292  39.985  -50.111  3.919 0.0000000000
40893  41.447  -52.960  7.789 0.0000000000
42441  41.048  -52.220  7.911 0.0000000000
42457  41.246  -51.662  7.424 0.0000000000
43835  42.089  -51.556  7.189 0.0000000000
43836  41.656  -51.500  7.433 0.0000000000
43851  41.546  -51.127  6.956 0.0000000000
43867  40.823  -50.872  5.941 0.0000000000
45291  40.822  -50.267  3.528 0.0000000000
45303  41.382  -50.074  3.144 0.0000000000
45302  41.983  -50.052  2.757 0.0000000000
45289  42.915  -50.318  3.289 0.0000000000
45277  43.888  -50.079  4.345 0.0000000000
45288  43.522  -49.396  3.398 0.0000000000
87047  52.355  -18.578  -11.433 0.0000000000
85862  52.818  -19.284  -11.658 0.0000000000
84665  52.423  -20.142  -11.729 0.0000000000
84682  53.202  -19.965  -12.176 0.0000000000
83488  53.514  -20.659  -12.160 0.0000000000
83475  55.398  -22.005  -11.521 0.0000000000
82341  55.568  -22.270  -11.101 0.0000000000
83460  58.950  -21.574  -9.847 0.0000000000
84651  59.324  -21.271  -9.514 0.0000000000
84643  60.240  -20.734  -9.172 0.0000000000
83430  60.959  -21.088  -8.027 0.0000000000
4822  12.160  -76.218  10.480 0.0000000000
4823  11.878  -76.385  10.341 0.0000000000
5895  12.126  -75.933  10.770 0.0000000000
7037  14.864  -73.951  10.436 0.0000000000
7041  15.677  -73.811  10.084 0.0000000000
8234  16.711  -72.865  10.170 0.0000000000
8236  15.330  -73.328  10.300 0.0000000000
8237  14.660  -73.542  10.436 0.0000000000
8238  14.271  -73.913  10.529 0.0000000000
9479  14.750  -73.181  10.379 0.0000000000
9501  15.457  -72.456  9.608 0.0000000000
9502  14.846  -72.731  9.747 0.0000000000
10783  16.372  -72.451  9.950 0.0000000000
10784  15.978  -72.708  10.022 0.0000000000
10785  15.528  -72.774  10.079 0.0000000000
10796  18.181  -70.869  10.357 0.0000000000
10806  17.819  -70.521  10.339 0.0000000000
10822  14.475  -71.354  7.975 0.0000000000
12150  9.146  -70.943  6.919 0.0000000000
13487  18.811  -69.190  10.794 0.0000000000
13495  18.534  -69.047  10.745 0.0000000000
21060  21.542  -64.282  11.063 0.0000000000
22754  27.182  -64.398  11.549 0.0000000000
22758  22.766  -63.473  12.217 0.0000000000
22835  25.968  -63.269  7.709 0.0000000000
22861  17.056  -64.310  5.384 0.0000000000
22885  38.070  -63.192  3.526 0.0000000000
22912  15.773  -63.835  3.333 0.0000000000
24446  25.108  -63.563  11.469 0.0000000000
24599  36.124  -62.564  0.836 0.0000000000
26261  25.917  -62.198  6.042 0.0000000000
26263  20.560  -61.241  6.247 0.0000000000
27929  40.128  -59.841  7.785 0.0000000000
27938  40.249  -60.408  7.706 0.0000000000
28028  20.126  -59.984  3.756 0.0000000000
29603  39.493  -60.009  8.067 0.0000000000
29644  21.943  -60.221  5.788 0.0000000000
29722  38.499  -59.787  2.450 0.0000000000
29746  29.423  -59.701  1.287 0.0000000000
31343  23.938  -59.582  4.549 0.0000000000
32903  39.144  -58.145  6.887 0.0000000000
32927  39.546  -57.854  6.632 0.0000000000
32952  23.094  -59.331  3.882 0.0000000000
34559  39.490  -56.084  1.983 0.0000000000
34583  39.382  -56.002  1.773 0.0000000000
36139  39.450  -55.838  1.956 0.0000000000
36155  39.253  -55.716  1.751 0.0000000000
36156  38.901  -55.408  1.522 0.0000000000
37724  40.602  -54.073  3.422 0.0000000000
39273  42.030  -53.596  7.794 0.0000000000
39283  41.539  -54.009  7.280 0.0000000000
39304  40.443  -53.783  4.593 0.0000000000
39349  40.587  -53.895  3.713 0.0000000000
40892  41.584  -53.217  7.741 0.0000000000
40907  40.962  -52.799  7.813 0.0000000000
40934  39.473  -52.174  3.445 0.0000000000
40978  39.595  -52.672  2.747 0.0000000000
42422  41.488  -52.663  7.732 0.0000000000
42423  41.315  -52.526  7.803 0.0000000000
42521  38.914  -51.823  2.711 0.0000000000
43869  40.147  -51.356  4.734 0.0000000000
43884  39.192  -50.683  4.186 0.0000000000
43917  37.066  -50.434  1.028 0.0000000000
45283  38.907  -50.474  4.152 0.0000000000
45290  41.836  -50.545  3.488 0.0000000000
45300  43.206  -49.025  3.009 0.0000000000
45301  42.802  -49.475  2.851 0.0000000000
45324  37.228  -50.240  1.392 0.0000000000
46791  42.269  -48.494  2.257 0.0000000000
46796  37.108  -48.783  1.574 0.0000000000
46806  40.596  -48.502  1.580 0.0000000000
48308  39.024  -48.249  2.020 0.0000000000
48322  42.329  -47.609  1.583 0.0000000000
48357  39.266  -46.748  -1.340 0.0000000000
48377  39.121  -46.554  -1.403 0.0000000000
48378  38.862  -46.606  -1.389 0.0000000000
49844  34.964  -47.099  0.862 0.0000000000
49870  40.189  -46.232  -1.012 0.0000000000
49872  38.533  -46.788  -1.217 0.0000000000
49892  38.942  -46.289  -1.426 0.0000000000
49893  38.669  -46.409  -1.346 0.0000000000
51327  37.203  -46.780  -0.739 0.0000000000
51329  35.842  -46.669  -0.295 0.0000000000
51340  37.768  -46.505  -0.968 0.0000000000
52768  43.445  -44.988  0.824 0.0000000000
52783  40.969  -44.792  -1.209 0.0000000000
55492  42.746  -42.166  -0.586 0.0000000000
56888  40.357  -41.570  -2.513 0.0000000000
58235  41.402  -40.120  -3.446 0.0000000000
59505  41.138  -39.361  -3.627 0.0000000000
60823  43.143  -38.245  -3.148 0.0000000000
63414  48.346  -37.934  0.538 0.0000000000
63463  52.027  -36.374  -1.330 0.0000000000
64832  52.794  -35.636  -1.013 0.0000000000
64835  48.769  -36.481  -1.179 0.0000000000
66289  54.703  -34.538  -1.599 0.0000000000
66303  52.710  -34.630  -2.429 0.0000000000
66319  50.743  -34.537  -3.303 0.0000000000
69142  56.825  -32.034  -4.409 0.0000000000
69151  55.787  -31.907  -5.393 0.0000000000
70595  59.206  -30.773  -3.491 0.0000000000
70626  55.864  -31.556  -5.903 0.0000000000
70677  53.021  -31.083  -8.836 0.0000000000
72057  59.184  -30.855  -1.488 0.0000000000
72115  54.876  -30.821  -7.613 0.0000000000
72127  56.742  -30.048  -7.384 0.0000000000
73449  60.303  -30.470  -0.707 0.0000000000
73559  56.278  -29.328  -8.676 0.0000000000
73569  55.178  -29.266  -9.481 0.0000000000
74857  62.059  -27.600  -3.500 0.0000000000
74878  62.284  -27.761  -3.770 0.0000000000
74932  56.987  -29.094  -7.837 0.0000000000
76225  58.471  -27.292  -7.150 0.0000000000
76241  56.826  -27.503  -9.673 0.0000000000
76242  56.232  -27.962  -9.955 0.0000000000
77400  62.045  -26.526  -3.578 0.0000000000
77403  60.624  -26.052  -3.908 0.0000000000
77432  58.907  -26.687  -6.954 0.0000000000
77458  55.825  -26.154  -10.279 0.0000000000
77464  56.036  -27.145  -10.439 0.0000000000
78636  61.698  -26.462  -3.417 0.0000000000
78646  61.813  -26.272  -3.518 0.0000000000
78648  60.827  -25.821  -3.845 0.0000000000
78714  54.356  -26.225  -10.440 0.0000000000
81182  56.062  -24.103  -9.327 0.0000000000
82276  61.622  -22.890  -4.720 0.0000000000
82277  61.057  -22.841  -4.798 0.0000000000
82315  55.643  -23.016  -8.187 0.0000000000
82316  53.334  -22.223  -8.801 0.0000000000
82336  53.992  -22.535  -10.236 0.0000000000
82340  55.827  -22.290  -11.273 0.0000000000
83459  59.464  -21.216  -10.100 0.0000000000
83463  55.111  -22.070  -11.072 0.0000000000
84683  52.799  -19.609  -11.788 0.0000000000
85878  54.468  -19.231  -12.781 0.0000000000
85896  59.049  -19.468  -15.101 0.0000000000
87048  51.694  -18.765  -11.273 0.0000000000
88174  52.414  -17.991  -11.252 0.0000000000
88175  52.012  -18.297  -11.264 0.0000000000
