#!ascii label  , from subject 3601 vox2ras=TkReg
1032
57220  -23.221  -33.610  -12.993 0.4285714328
58343  -23.731  -32.994  -14.282 0.2857142985
57250  -23.650  -33.321  -14.083 0.4285714328
58332  -24.192  -32.832  -14.182 0.4285714328
59406  -25.364  -32.107  -14.407 0.4285714328
59405  -24.480  -31.818  -14.581 0.2857142985
59417  -25.323  -31.600  -15.045 0.4285714328
61506  -24.526  -29.718  -14.609 0.4285714328
60444  -25.649  -30.210  -15.264 0.4285714328
62614  -24.727  -28.644  -14.759 0.4285714328
62615  -25.468  -28.601  -15.172 0.4285714328
63611  -24.925  -27.631  -15.014 0.5714285970
63617  -25.656  -27.609  -15.419 0.4285714328
63618  -26.337  -27.561  -15.803 0.2857142985
64587  -25.241  -26.667  -15.109 0.7142857313
64588  -25.960  -26.647  -15.483 0.7142857313
65607  -26.891  -25.645  -16.022 0.7142857313
64599  -27.298  -26.598  -16.339 0.4285714328
64589  -26.622  -26.605  -15.909 0.7142857313
66584  -27.513  -24.587  -16.937 0.5714285970
66573  -26.413  -24.725  -15.594 0.5714285970
66583  -26.962  -24.663  -16.270 0.5714285970
67510  -27.133  -23.706  -16.376 0.5714285970
66592  -28.102  -24.581  -17.600 0.4285714328
67511  -27.700  -23.659  -17.038 0.5714285970
68499  -28.603  -22.566  -17.548 0.5714285970
68479  -26.947  -22.741  -15.580 0.7142857313
68491  -28.163  -22.733  -16.648 0.7142857313
68490  -27.530  -23.051  -16.313 0.5714285970
68478  -26.028  -22.792  -14.848 0.5714285970
69534  -27.979  -21.737  -15.840 0.8571428657
69555  -28.697  -21.670  -17.607 0.7142857313
69568  -28.710  -21.417  -18.483 0.5714285970
69533  -27.149  -21.698  -15.360 0.7142857313
69532  -26.190  -21.689  -14.964 0.5714285970
70539  -28.763  -20.830  -17.695 0.7142857313
69579  -28.973  -21.129  -19.174 0.5714285970
69545  -28.616  -21.790  -16.622 0.7142857313
70527  -28.700  -20.978  -16.796 0.7142857313
70540  -29.224  -20.166  -17.719 0.5714285970
70553  -29.426  -19.895  -18.552 0.5714285970
70514  -28.199  -20.774  -15.898 0.5714285970
70528  -29.112  -20.404  -16.824 0.7142857313
71542  -30.303  -18.764  -17.640 0.7142857313
71555  -29.832  -18.921  -18.646 0.7142857313
71516  -29.136  -19.764  -15.847 0.7142857313
71529  -29.634  -19.842  -16.795 0.7142857313
71530  -30.251  -19.234  -16.707 0.7142857313
72537  -30.652  -17.971  -17.652 0.7142857313
71556  -30.131  -18.318  -18.323 0.5714285970
71517  -29.832  -19.406  -15.974 0.7142857313
71514  -27.336  -19.838  -15.348 0.5714285970
72538  -31.268  -17.512  -17.338 0.5714285970
74563  -32.000  -16.391  -17.808 0.5714285970
72512  -29.288  -18.763  -15.439 0.8571428657
72511  -28.332  -18.808  -15.306 0.8571428657
73564  -31.703  -16.948  -17.455 0.7142857313
73532  -31.281  -17.184  -15.637 0.7142857313
72513  -30.208  -18.693  -15.696 0.8571428657
73545  -31.227  -17.768  -16.072 0.7142857313
75471  -31.774  -15.376  -15.434 0.8571428657
74530  -32.332  -15.811  -16.592 0.5714285970
74510  -31.547  -16.352  -15.711 0.8571428657
74509  -30.724  -16.512  -15.258 0.8571428657
73530  -29.501  -17.764  -15.235 0.8571428657
77404  -31.477  -13.526  -15.234 0.8571428657
77405  -32.442  -13.518  -15.487 0.8571428657
79371  -32.123  -11.747  -15.479 0.8571428657
75470  -30.903  -15.488  -15.323 0.8571428657
78413  -29.825  -12.675  -16.012 1.0000000000
78390  -30.901  -12.625  -15.441 1.0000000000
76440  -30.224  -14.561  -15.397 0.8571428657
79369  -30.719  -11.978  -15.726 1.0000000000
78389  -30.368  -12.775  -15.649 1.0000000000
80360  -30.771  -10.680  -16.199 1.0000000000
81372  -29.471  -9.608  -17.812 0.7142857313
80334  -31.098  -11.245  -15.790 1.0000000000
80359  -29.761  -10.841  -16.567 1.0000000000
81349  -30.043  -9.918  -16.960 1.0000000000
83217  -31.191  -7.102  -18.190 1.0000000000
83215  -29.688  -7.601  -18.831 0.8571428657
84103  -30.565  -6.025  -19.445 0.8571428657
86895  -30.893  -3.181  -20.784 0.8571428657
86882  -30.385  -4.419  -20.477 0.8571428657
85892  -30.680  -4.823  -19.834 1.0000000000
88911  -30.748  -1.687  -22.607 0.8571428657
87885  -30.776  -2.546  -21.869 0.8571428657
87892  -30.381  -2.492  -23.051 0.7142857313
86899  -29.317  -3.773  -22.181 0.5714285970
88925  -29.760  -1.718  -24.234 0.7142857313
87891  -28.316  -2.620  -23.075 0.5714285970
86906  -28.618  -3.356  -22.728 0.5714285970
88897  -28.165  -1.842  -22.384 0.4285714328
89925  -27.998  -0.672  -24.645 0.4285714328
89932  -28.322  -0.719  -25.397 0.4285714328
90831  -28.263  -0.033  -22.538 0.2857142985
90815  -28.771  0.014  -21.287 0.2857142985
89891  -28.242  -0.841  -21.760 0.2857142985
90805  -28.857  0.162  -20.590 0.2857142985
58331  -23.624  -32.662  -14.342 0.2857142985
74548  -32.122  -16.297  -17.175 0.5714285970
72523  -30.798  -18.405  -16.534 0.7142857313
72524  -31.187  -17.835  -16.812 0.7142857313
74511  -32.088  -15.901  -15.963 0.8571428657
76443  -32.868  -14.412  -15.911 0.8571428657
78391  -31.835  -12.620  -15.355 0.8571428657
81373  -30.186  -9.054  -17.424 0.8571428657
90801  -29.670  1.156  -19.354 0.1428571492
59404  -23.484  -31.626  -14.420 0.2857142985
60442  -24.137  -30.742  -14.542 0.2857142985
60443  -25.149  -30.773  -15.055 0.4285714328
61518  -25.923  -29.555  -15.399 0.4285714328
65594  -24.888  -25.752  -14.692 0.2857142985
65595  -25.559  -25.762  -15.128 0.7142857313
65596  -26.242  -25.693  -15.505 0.7142857313
67522  -28.973  -23.897  -18.401 0.4285714328
67499  -26.025  -23.872  -15.015 0.7142857313
67500  -26.542  -23.728  -15.669 0.7142857313
67521  -28.344  -23.576  -17.758 0.5714285970
71574  -29.920  -18.795  -19.319 0.5714285970
70571  -29.229  -20.409  -19.086 0.5714285970
70515  -28.756  -20.403  -16.113 0.7142857313
72549  -29.874  -18.256  -18.739 0.5714285970
75472  -32.499  -15.274  -15.851 0.5714285970
75469  -29.901  -15.515  -15.391 1.0000000000
80335  -31.555  -11.078  -15.707 1.0000000000
77422  -29.168  -13.490  -16.103 1.0000000000
81348  -29.441  -10.322  -17.156 0.8571428657
82279  -29.418  -8.481  -18.461 0.7142857313
82264  -29.844  -8.843  -17.871 1.0000000000
82266  -31.039  -8.131  -17.298 1.0000000000
82280  -29.949  -7.903  -18.392 0.7142857313
83200  -30.914  -7.602  -17.821 1.0000000000
84082  -30.989  -6.514  -18.978 0.8571428657
85898  -30.041  -4.941  -21.162 0.8571428657
85873  -31.266  -4.682  -19.139 1.0000000000
84964  -30.928  -5.549  -19.336 1.0000000000
86900  -30.025  -3.224  -22.564 0.7142857313
88910  -28.173  -1.792  -23.456 0.7142857313
86907  -29.258  -3.329  -23.104 0.5714285970
86919  -29.115  -2.807  -23.708 0.7142857313
87901  -29.150  -2.355  -24.394 0.7142857313
88888  -27.724  -2.247  -20.184 0.4285714328
89924  -27.876  -0.187  -24.220 0.4285714328
88947  -28.884  -1.560  -25.357 0.4285714328
90848  -28.179  0.412  -25.428 0.4285714328
90832  -28.918  0.759  -22.879 0.2857142985
90844  -27.811  0.033  -23.899 0.4285714328
66572  -25.789  -24.793  -14.986 0.4285714328
89917  -27.998  -1.024  -23.795 0.4285714328
90830  -27.758  -0.411  -22.992 0.2857142985
57234  -23.738  -33.272  -13.591 0.4285714328
58317  -24.434  -32.711  -13.366 0.4285714328
57248  -23.202  -32.916  -14.317 0.2857142985
57232  -22.868  -33.068  -14.016 0.2857142985
58333  -24.803  -32.633  -13.971 0.4285714328
61507  -25.326  -29.607  -14.926 0.4285714328
67532  -28.815  -23.192  -18.249 0.5714285970
68480  -27.616  -22.415  -15.908 0.7142857313
70552  -28.888  -20.579  -18.530 0.5714285970
71541  -29.815  -19.515  -17.718 0.7142857313
70513  -27.294  -20.774  -15.394 0.7142857313
71515  -28.219  -19.762  -15.563 0.8571428657
74529  -31.977  -16.471  -16.530 0.8571428657
76442  -32.114  -14.464  -15.342 0.8571428657
74508  -29.658  -16.607  -15.271 0.8571428657
77403  -30.398  -13.474  -15.449 1.0000000000
80358  -29.020  -10.980  -17.064 1.0000000000
81390  -28.609  -9.399  -18.583 0.8571428657
86894  -30.258  -3.647  -21.274 0.8571428657
86908  -29.660  -2.828  -23.352 0.7142857313
87902  -29.790  -2.313  -23.744 0.7142857313
86920  -29.388  -2.589  -23.793 0.5714285970
87900  -28.595  -2.359  -23.937 0.5714285970
86918  -28.751  -2.987  -23.378 0.5714285970
88889  -28.232  -1.844  -20.922 0.4285714328
88936  -28.118  -1.581  -25.136 0.4285714328
88868  -27.912  -0.096  -19.369 0.2857142985
89907  -27.887  -0.958  -22.879 0.2857142985
89879  -28.760  0.326  -20.101 0.2857142985
89870  -28.902  0.847  -19.393 0.1428571492
82265  -30.286  -8.231  -17.850 1.0000000000
87912  -28.444  -2.152  -24.829 0.5714285970
93262  -26.968  3.688  -26.339 0.2857142985
94040  -27.108  4.582  -25.051 0.1428571492
92482  -26.920  1.896  -25.867 0.2857142985
93269  -27.032  3.509  -27.235 0.2857142985
93253  -27.426  3.540  -24.880 0.1428571492
94828  -26.906  5.528  -24.341 0.1428571492
91685  -28.467  1.326  -23.722 0.1428571492
91691  -27.777  1.243  -25.311 0.2857142985
92475  -28.186  2.333  -24.520 0.1428571492
92497  -28.748  2.233  -27.409 0.2857142985
91694  -27.014  1.822  -26.897 0.2857142985
92466  -31.474  2.528  -23.538 0.2857142985
92484  -29.871  2.271  -25.744 0.2857142985
94829  -27.525  5.197  -23.900 0.1428571492
90833  -30.513  -0.140  -23.563 0.2857142985
91701  -28.703  1.544  -26.774 0.2857142985
91695  -27.512  1.185  -26.165 0.2857142985
90818  -32.356  0.742  -21.135 0.1428571492
90841  -30.741  1.068  -23.632 0.2857142985
91697  -29.597  1.264  -25.585 0.2857142985
93240  -28.026  3.798  -24.269 0.1428571492
90850  -29.302  0.833  -25.798 0.2857142985
90851  -28.093  0.900  -26.220 0.2857142985
90811  -35.736  0.185  -20.515 0.1428571492
91656  -34.019  1.203  -20.738 0.1428571492
91678  -31.413  1.654  -22.687 0.4285714328
89927  -29.835  -0.444  -24.662 0.2857142985
88878  -33.146  -1.692  -19.091 0.2857142985
89893  -31.501  -0.434  -21.505 0.4285714328
89908  -30.554  -0.693  -22.996 0.2857142985
88946  -28.472  -1.498  -25.402 0.2857142985
87859  -35.004  -2.893  -18.529 0.1428571492
89882  -33.625  -0.444  -19.852 0.2857142985
89909  -30.962  -0.131  -22.301 0.4285714328
88890  -32.056  -1.438  -20.532 0.5714285970
85875  -34.809  -4.348  -17.946 0.1428571492
87858  -33.968  -2.747  -18.248 0.1428571492
88898  -31.053  -1.521  -21.764 0.7142857313
88926  -30.364  -1.679  -23.516 0.4285714328
87867  -32.431  -2.354  -19.317 0.4285714328
84083  -35.746  -6.246  -17.993 0.2857142985
85862  -34.956  -4.847  -17.624 0.7142857313
87879  -31.304  -2.418  -20.720 0.7142857313
84944  -31.573  -5.550  -18.548 0.8571428657
86855  -32.896  -4.020  -17.954 0.8571428657
86884  -31.905  -3.010  -19.384 0.5714285970
82281  -35.877  -7.733  -18.262 0.2857142985
83218  -35.872  -6.939  -18.439 0.2857142985
86867  -32.435  -3.514  -18.671 0.7142857313
86866  -31.637  -4.061  -18.990 0.8571428657
81391  -35.995  -8.794  -18.323 0.1428571492
84934  -33.731  -5.488  -17.306 0.7142857313
80382  -35.565  -9.485  -17.958 0.1428571492
76478  -25.668  -13.846  -17.912 0.5714285970
78433  -28.403  -12.209  -17.201 0.8571428657
80357  -28.635  -11.289  -17.354 0.8571428657
78432  -27.691  -12.435  -17.433 0.4285714328
80379  -28.490  -10.819  -17.704 0.5714285970
82248  -32.966  -8.246  -16.354 0.8571428657
84069  -31.616  -6.476  -17.994 0.8571428657
80381  -35.107  -10.194  -17.580 0.2857142985
84058  -33.666  -7.005  -16.606 0.8571428657
84070  -32.352  -6.572  -17.219 0.8571428657
80400  -35.163  -10.861  -18.767 0.4285714328
83186  -34.327  -7.669  -16.566 0.7142857313
84072  -34.324  -6.476  -16.878 0.7142857313
75509  -25.979  -14.566  -17.418 0.2857142985
77421  -28.178  -13.208  -16.668 0.5714285970
77438  -26.970  -13.089  -17.443 0.5714285970
79393  -30.222  -11.660  -16.055 0.8571428657
81350  -30.926  -9.094  -16.795 0.8571428657
82247  -31.861  -7.921  -17.006 0.8571428657
83183  -32.103  -7.481  -16.949 0.8571428657
80363  -34.253  -10.090  -16.424 0.4285714328
81352  -33.523  -9.140  -16.085 0.8571428657
83185  -33.423  -7.655  -16.541 0.8571428657
79411  -34.825  -11.494  -17.997 0.4285714328
73526  -25.670  -18.361  -16.104 0.7142857313
73543  -25.409  -17.559  -16.714 0.4285714328
72510  -27.311  -18.823  -15.286 0.7142857313
74506  -27.585  -16.838  -15.620 0.8571428657
74505  -26.598  -16.738  -15.959 0.5714285970
75490  -26.471  -15.409  -16.660 0.5714285970
75507  -24.559  -15.655  -18.241 0.4285714328
75467  -27.577  -15.886  -15.839 0.8571428657
76462  -28.450  -14.212  -16.145 0.7142857313
76461  -27.542  -14.082  -16.662 0.5714285970
78392  -32.750  -12.559  -15.586 0.7142857313
79372  -32.993  -11.540  -15.612 0.7142857313
80362  -33.082  -10.247  -15.681 0.7142857313
77459  -33.591  -13.200  -18.960 0.2857142985
78415  -34.140  -12.427  -16.992 0.4285714328
78416  -34.502  -11.952  -17.538 0.5714285970
70512  -26.294  -20.737  -15.287 0.4285714328
71513  -26.385  -19.867  -15.461 0.4285714328
72522  -24.995  -18.404  -16.784 0.4285714328
73529  -28.448  -17.782  -15.352 0.7142857313
75468  -28.597  -15.372  -15.710 0.8571428657
76463  -33.223  -14.348  -16.601 0.7142857313
77440  -33.761  -13.474  -18.234 0.2857142985
77425  -33.692  -13.521  -17.152 0.5714285970
77406  -33.270  -13.480  -16.200 0.5714285970
70511  -25.181  -20.739  -15.607 0.5714285970
72509  -26.387  -18.961  -15.564 0.5714285970
74549  -32.398  -15.765  -17.397 0.4285714328
75511  -33.224  -14.614  -17.463 0.4285714328
76501  -33.307  -13.953  -18.393 0.4285714328
76464  -33.362  -14.255  -17.153 0.4285714328
68460  -25.478  -23.259  -14.760 0.5714285970
69580  -29.647  -20.878  -19.355 0.4285714328
70572  -29.852  -19.815  -19.297 0.4285714328
73580  -31.574  -17.021  -18.516 0.4285714328
73563  -30.971  -17.394  -18.114 0.4285714328
74565  -33.270  -16.302  -18.537 0.4285714328
74564  -32.476  -16.124  -18.236 0.4285714328
61520  -27.098  -29.060  -16.120 0.1428571492
72567  -30.329  -18.104  -19.405 0.4285714328
73596  -30.949  -17.543  -19.233 0.4285714328
73597  -31.668  -17.535  -19.177 0.4285714328
63619  -27.002  -27.521  -16.148 0.1428571492
63626  -27.717  -27.533  -16.388 0.1428571492
65617  -28.056  -25.285  -17.197 0.2857142985
68512  -30.575  -22.343  -19.154 0.2857142985
70556  -32.652  -20.553  -18.485 0.2857142985
70554  -31.119  -20.957  -19.022 0.2857142985
67533  -29.568  -23.504  -18.791 0.4285714328
68521  -29.639  -21.725  -19.254 0.2857142985
71558  -32.697  -19.690  -18.517 0.2857142985
71576  -31.367  -19.476  -19.221 0.4285714328
62625  -27.381  -28.383  -16.189 0.1428571492
62624  -26.752  -28.437  -15.976 0.1428571492
64600  -28.026  -26.666  -16.706 0.2857142985
65609  -28.301  -25.958  -17.007 0.2857142985
66600  -29.663  -24.518  -18.561 0.2857142985
67534  -30.592  -23.414  -19.263 0.2857142985
62635  -28.063  -28.451  -16.383 0.1428571492
64611  -29.552  -26.673  -17.544 0.2857142985
63627  -28.478  -27.588  -16.668 0.2857142985
65618  -28.954  -25.585  -17.513 0.2857142985
64601  -28.788  -26.694  -17.083 0.2857142985
65628  -29.569  -25.222  -18.185 0.2857142985
61519  -26.597  -29.502  -15.934 0.1428571492
60459  -26.029  -30.680  -15.745 0.2857142985
61531  -27.147  -29.631  -16.251 0.1428571492
57221  -23.821  -33.049  -12.729 0.2857142985
57206  -23.489  -33.565  -12.103 0.2857142985
58301  -24.481  -32.662  -12.416 0.1428571492
56139  -23.214  -34.012  -11.431 0.1428571492
67535  -31.462  -23.176  -19.173 0.2857142985
68513  -31.612  -22.410  -18.919 0.2857142985
68520  -29.036  -21.901  -19.032 0.4285714328
69581  -30.413  -20.805  -19.275 0.4285714328
70574  -31.505  -20.069  -19.118 0.2857142985
72552  -32.553  -18.625  -18.738 0.2857142985
73527  -26.259  -17.835  -15.716 0.7142857313
72569  -32.061  -17.923  -19.218 0.4285714328
75491  -27.500  -14.985  -16.236 0.5714285970
75493  -32.911  -15.146  -16.691 0.4285714328
76500  -33.140  -14.428  -18.579 0.2857142985
77458  -33.111  -13.684  -18.863 0.2857142985
78434  -34.101  -13.061  -17.613 0.5714285970
84963  -30.313  -5.612  -19.920 0.7142857313
79395  -33.815  -11.342  -16.232 0.7142857313
84932  -31.963  -5.789  -17.713 0.8571428657
86893  -29.550  -4.304  -21.517 0.5714285970
84933  -32.690  -5.426  -17.394 0.8571428657
86883  -31.178  -3.611  -19.867 0.8571428657
84073  -35.210  -6.342  -17.364 0.5714285970
89926  -29.310  -0.871  -25.170 0.2857142985
88870  -33.939  -2.058  -18.667 0.4285714328
88891  -32.742  -1.345  -19.791 0.4285714328
94030  -28.943  4.303  -23.279 0.1428571492
90817  -31.524  0.712  -22.077 0.2857142985
90808  -33.257  0.407  -20.601 0.1428571492
92490  -29.473  2.368  -26.934 0.2857142985
57233  -23.159  -33.594  -13.817 0.2857142985
60458  -25.579  -31.277  -15.427 0.2857142985
62636  -28.823  -28.494  -16.479 0.1428571492
65608  -27.576  -25.626  -16.659 0.2857142985
67546  -31.364  -23.761  -19.357 0.2857142985
71528  -24.937  -19.288  -16.544 0.2857142985
72553  -33.766  -18.374  -18.382 0.2857142985
73528  -27.406  -17.778  -15.428 0.5714285970
73562  -24.917  -16.957  -17.555 0.4285714328
73544  -25.876  -17.010  -16.357 0.5714285970
76499  -25.051  -13.902  -18.474 0.2857142985
75508  -25.220  -14.952  -17.843 0.5714285970
73581  -32.609  -17.375  -18.690 0.2857142985
73595  -30.444  -17.611  -19.110 0.4285714328
77437  -26.180  -12.853  -17.997 0.2857142985
73582  -33.957  -17.297  -18.396 0.1428571492
75528  -33.655  -15.549  -18.645 0.4285714328
75527  -33.055  -15.287  -18.403 0.4285714328
75542  -33.852  -14.962  -19.004 0.1428571492
80361  -31.821  -10.135  -15.967 0.8571428657
76511  -33.013  -14.538  -19.192 0.1428571492
77407  -33.694  -12.974  -16.574 0.5714285970
78435  -34.379  -12.572  -18.158 0.2857142985
79396  -34.508  -11.267  -17.076 0.5714285970
82250  -34.465  -8.555  -16.605 0.7142857313
84945  -32.114  -5.159  -18.009 0.8571428657
80413  -35.420  -10.272  -19.599 0.2857142985
81405  -36.057  -9.394  -19.374 0.1428571492
90838  -28.161  0.578  -23.573 0.2857142985
82268  -35.540  -8.058  -17.593 0.4285714328
80401  -35.525  -9.823  -18.598 0.4285714328
81392  -36.199  -8.012  -18.741 0.1428571492
86856  -33.587  -3.675  -17.984 0.5714285970
83219  -36.195  -6.891  -19.037 0.1428571492
84936  -35.416  -5.465  -17.674 0.1428571492
86870  -35.654  -3.780  -18.598 0.1428571492
93254  -28.128  2.915  -24.413 0.1428571492
87857  -33.212  -2.425  -18.656 0.5714285970
85877  -36.131  -4.600  -18.609 0.1428571492
88880  -34.698  -1.806  -19.039 0.1428571492
89894  -32.198  -0.176  -20.933 0.2857142985
89871  -33.815  -0.882  -19.337 0.2857142985
89872  -34.447  -0.834  -19.401 0.1428571492
89884  -35.377  -0.532  -19.926 0.1428571492
90809  -34.247  0.489  -20.305 0.1428571492
92452  -32.043  2.423  -22.666 0.2857142985
92437  -32.894  2.544  -21.967 0.1428571492
91664  -33.861  1.822  -21.234 0.1428571492
59392  -26.361  -31.675  -13.818 0.1428571492
60476  -27.399  -29.830  -16.360 0.1428571492
68514  -32.417  -22.329  -18.452 0.2857142985
77471  -33.035  -13.070  -19.328 0.2857142985
91666  -35.520  1.416  -21.539 0.1428571492
93243  -32.233  3.370  -23.395 0.2857142985
57219  -22.475  -33.274  -13.083 0.2857142985
58318  -25.069  -32.345  -13.623 0.1428571492
59391  -25.624  -31.880  -13.396 0.1428571492
59418  -25.886  -31.728  -15.474 0.1428571492
62623  -26.116  -28.552  -15.639 0.1428571492
68510  -28.901  -22.427  -18.464 0.4285714328
78412  -28.888  -12.541  -16.702 0.8571428657
76439  -29.332  -14.504  -15.708 0.8571428657
87886  -31.165  -2.004  -21.385 0.7142857313
89918  -29.683  -1.150  -24.625 0.2857142985
89919  -30.201  -0.802  -23.996 0.2857142985
90849  -28.749  0.379  -25.984 0.2857142985
66593  -28.887  -24.590  -18.078 0.2857142985
71575  -30.566  -19.092  -19.368 0.4285714328
85874  -31.925  -4.582  -18.552 0.8571428657
90845  -27.922  0.359  -24.513 0.2857142985
90846  -29.093  -0.314  -25.523 0.2857142985
91684  -28.110  1.399  -24.409 0.2857142985
74507  -28.546  -16.705  -15.423 0.8571428657
92481  -26.857  2.731  -26.616 0.2857142985
93252  -27.098  3.856  -25.570 0.1428571492
92473  -27.137  2.978  -25.733 0.2857142985
94041  -27.526  4.555  -24.414 0.1428571492
92474  -27.752  2.276  -25.011 0.2857142985
92495  -27.767  2.721  -27.995 0.2857142985
91700  -27.944  1.537  -26.875 0.2857142985
92465  -30.969  2.392  -24.060 0.2857142985
92483  -29.592  2.162  -26.365 0.2857142985
91692  -30.136  1.422  -24.909 0.2857142985
90840  -30.405  0.435  -24.180 0.2857142985
91687  -30.990  1.530  -23.338 0.2857142985
90834  -30.869  0.556  -23.079 0.2857142985
91696  -29.320  1.524  -26.213 0.2857142985
91663  -32.988  1.872  -21.331 0.1428571492
90819  -33.303  1.207  -21.005 0.1428571492
90847  -29.526  0.313  -25.229 0.2857142985
91657  -34.839  1.129  -20.742 0.1428571492
91662  -32.098  1.893  -21.859 0.1428571492
88879  -33.844  -1.401  -19.014 0.1428571492
88899  -31.464  -1.431  -21.105 0.5714285970
89880  -31.971  -0.800  -20.906 0.4285714328
89892  -30.817  -0.900  -22.152 0.5714285970
87868  -35.294  -2.250  -19.127 0.1428571492
87849  -34.681  -3.491  -18.278 0.1428571492
89881  -32.608  -0.502  -20.452 0.2857142985
89883  -34.583  -0.124  -19.906 0.2857142985
87880  -32.037  -2.027  -20.027 0.5714285970
87866  -31.752  -2.671  -19.850 0.7142857313
85861  -34.200  -4.635  -17.731 0.4285714328
86868  -33.284  -3.068  -18.346 0.5714285970
84935  -34.653  -5.527  -17.381 0.5714285970
85860  -33.261  -4.607  -17.666 0.7142857313
83203  -35.112  -7.313  -17.045 0.5714285970
81376  -35.419  -9.036  -17.466 0.4285714328
84071  -33.263  -6.279  -16.870 0.8571428657
76480  -27.159  -13.636  -17.120 0.5714285970
78411  -28.300  -12.615  -17.025 0.5714285970
79409  -27.638  -11.624  -17.879 0.4285714328
81351  -32.446  -8.911  -16.188 0.8571428657
82249  -33.879  -8.413  -16.415 0.8571428657
81375  -34.757  -9.223  -16.884 0.4285714328
72508  -25.632  -19.128  -16.047 0.5714285970
74527  -25.477  -16.670  -17.045 0.4285714328
74528  -25.955  -16.335  -16.597 0.5714285970
76460  -26.996  -14.607  -16.657 0.5714285970
75489  -25.578  -15.897  -17.134 0.4285714328
74546  -24.434  -16.411  -18.121 0.2857142985
78393  -33.517  -12.403  -16.111 0.5714285970
71512  -25.505  -19.922  -15.825 0.5714285970
75510  -32.939  -15.086  -17.669 0.4285714328
77457  -32.785  -14.074  -19.011 0.2857142985
68522  -30.211  -21.476  -19.278 0.2857142985
70573  -30.914  -20.126  -19.229 0.4285714328
73579  -30.776  -17.445  -18.785 0.4285714328
72568  -31.395  -18.414  -19.312 0.4285714328
69569  -30.919  -21.600  -19.056 0.2857142985
70555  -31.778  -20.684  -18.909 0.2857142985
68511  -29.675  -22.571  -19.063 0.2857142985
72551  -31.987  -19.232  -19.000 0.4285714328
61532  -27.593  -29.259  -16.339 0.1428571492
66601  -30.554  -24.433  -19.147 0.2857142985
65619  -29.842  -26.022  -18.146 0.2857142985
57207  -24.282  -33.014  -11.770 0.1428571492
58286  -24.869  -32.588  -11.927 0.1428571492
93241  -28.960  3.474  -23.904 0.1428571492
58302  -25.196  -32.211  -12.678 0.1428571492
91677  -29.102  1.465  -23.331 0.1428571492
84119  -28.953  -5.693  -20.423 0.5714285970
83233  -27.236  -7.479  -20.189 0.4285714328
84101  -29.025  -6.260  -20.100 0.4285714328
83234  -28.260  -7.306  -19.597 0.4285714328
84975  -30.020  -5.499  -20.580 0.4285714328
81389  -27.424  -9.196  -19.082 0.4285714328
83214  -29.009  -7.767  -19.104 0.4285714328
82295  -27.398  -8.327  -19.692 0.4285714328
83235  -29.346  -7.087  -19.441 0.5714285970
84102  -30.043  -6.421  -19.555 0.5714285970
80399  -28.761  -10.145  -18.080 0.5714285970
69556  -34.086  -21.727  -17.227 0.1428571492
70557  -33.428  -20.272  -17.864 0.1428571492
71543  -34.156  -20.006  -17.282 0.1428571492
64581  -24.490  -26.641  -14.669 0.2857142985
69570  -31.727  -21.579  -18.821 0.1428571492
67526  -35.417  -22.898  -16.795 0.1428571492
68502  -35.606  -22.266  -17.096 0.1428571492
69557  -35.157  -21.407  -16.695 0.1428571492
68503  -36.473  -22.502  -17.261 0.1428571492
63610  -24.093  -27.619  -14.603 0.2857142985
67536  -32.448  -23.458  -18.499 0.1428571492
67524  -33.432  -23.447  -17.342 0.1428571492
68500  -33.962  -22.545  -17.156 0.1428571492
67515  -36.279  -23.257  -16.622 0.1428571492
67525  -34.511  -23.103  -16.811 0.1428571492
69522  -37.921  -21.831  -14.497 0.1428571492
68493  -37.281  -22.748  -16.667 0.1428571492
69535  -37.924  -21.637  -15.344 0.1428571492
63609  -23.242  -27.564  -13.844 0.2857142985
65629  -30.431  -25.457  -18.653 0.1428571492
65630  -31.441  -25.311  -19.203 0.1428571492
65642  -31.761  -24.782  -19.395 0.1428571492
67547  -31.942  -23.827  -19.169 0.1428571492
66585  -33.601  -24.400  -16.969 0.1428571492
66594  -32.711  -24.299  -18.022 0.1428571492
66587  -34.700  -24.150  -16.198 0.1428571492
67523  -32.891  -23.882  -17.813 0.1428571492
67501  -35.657  -24.276  -15.830 0.1428571492
67487  -37.476  -23.864  -14.736 0.1428571492
68464  -37.781  -23.086  -14.410 0.1428571492
68481  -37.592  -23.036  -15.466 0.1428571492
62613  -23.876  -28.690  -14.399 0.2857142985
62600  -23.229  -28.860  -13.758 0.2857142985
64612  -30.412  -26.776  -17.896 0.1428571492
64624  -31.403  -26.575  -18.621 0.1428571492
65631  -32.202  -25.025  -19.010 0.1428571492
65611  -33.222  -25.209  -17.192 0.1428571492
66574  -34.521  -25.066  -15.931 0.1428571492
66577  -36.568  -24.314  -15.505 0.1428571492
68432  -37.737  -22.031  -13.447 0.1428571492
68453  -37.845  -22.355  -13.937 0.1428571492
63638  -29.932  -27.254  -17.508 0.1428571492
64613  -30.997  -27.182  -17.914 0.1428571492
64639  -32.280  -26.998  -19.347 0.1428571492
64603  -33.056  -26.218  -17.361 0.1428571492
64625  -32.375  -26.245  -19.039 0.1428571492
64590  -33.381  -25.944  -16.534 0.1428571492
64614  -32.552  -25.657  -18.525 0.1428571492
65598  -33.878  -25.382  -16.248 0.1428571492
65600  -35.551  -25.264  -15.502 0.1428571492
68452  -37.725  -23.015  -13.561 0.1428571492
67477  -37.664  -23.760  -13.743 0.1428571492
63639  -30.385  -27.858  -17.487 0.1428571492
63628  -29.426  -27.688  -17.019 0.1428571492
63649  -32.619  -28.301  -19.529 0.1428571492
63648  -32.138  -27.790  -19.203 0.1428571492
63640  -31.283  -27.809  -18.226 0.1428571492
64640  -32.814  -27.166  -19.547 0.1428571492
63620  -33.348  -27.086  -16.543 0.1428571492
63630  -33.218  -27.027  -17.710 0.1428571492
64591  -33.956  -26.371  -15.756 0.1428571492
65587  -35.526  -26.035  -15.322 0.1428571492
66562  -36.924  -24.792  -14.857 0.1428571492
62656  -32.440  -28.775  -19.093 0.1428571492
62648  -31.767  -28.736  -18.363 0.1428571492
63650  -33.672  -27.854  -19.312 0.1428571492
62669  -33.483  -28.908  -19.866 0.1428571492
62639  -33.398  -28.102  -17.507 0.1428571492
63641  -33.453  -27.395  -18.561 0.1428571492
65588  -35.924  -25.806  -15.128 0.1428571492
63621  -34.179  -27.452  -15.528 0.1428571492
64641  -33.274  -27.624  -19.583 0.1428571492
64615  -32.990  -26.408  -18.425 0.1428571492
65610  -32.876  -25.290  -17.700 0.1428571492
66602  -31.316  -24.593  -19.375 0.1428571492
69494  -37.682  -21.655  -13.131 0.1428571492
67514  -35.268  -23.734  -16.281 0.1428571492
67503  -36.970  -23.695  -15.844 0.1428571492
69571  -32.536  -21.435  -18.434 0.1428571492
70542  -35.185  -20.412  -16.937 0.1428571492
61505  -23.719  -29.733  -14.278 0.2857142985
65589  -36.656  -25.914  -14.414 0.1428571492
66549  -37.503  -24.669  -13.917 0.1428571492
68431  -37.660  -22.417  -12.865 0.1428571492
70475  -37.669  -20.971  -12.700 0.1428571492
70495  -37.719  -21.158  -13.535 0.1428571492
68465  -37.918  -22.389  -14.954 0.1428571492
70504  -37.783  -21.077  -14.426 0.1428571492
68494  -37.668  -22.179  -16.637 0.1428571492
71544  -34.686  -19.819  -17.586 0.1428571492
71559  -33.721  -19.441  -18.057 0.1428571492
84973  -28.769  -5.305  -20.614 0.4285714328
85897  -29.098  -4.713  -21.074 0.4285714328
93231  -33.575  3.850  -22.956 0.1428571492
84974  -29.370  -5.460  -20.612 0.4285714328
93257  -32.002  3.725  -23.956 0.1428571492
69572  -33.347  -21.167  -17.840 0.1428571492
64623  -30.525  -26.190  -18.372 0.1428571492
68515  -33.199  -22.211  -17.757 0.1428571492
70541  -34.153  -20.789  -17.116 0.1428571492
68501  -34.787  -22.315  -16.922 0.1428571492
67527  -35.968  -22.742  -16.979 0.1428571492
68492  -36.795  -23.012  -16.900 0.1428571492
70530  -35.620  -21.023  -17.161 0.1428571492
69559  -36.660  -21.577  -17.911 0.1428571492
66603  -32.409  -24.366  -18.644 0.1428571492
67537  -32.852  -22.859  -18.004 0.1428571492
67516  -36.907  -23.261  -16.603 0.1428571492
67502  -36.159  -23.998  -15.910 0.1428571492
67513  -34.297  -23.798  -16.568 0.1428571492
68482  -37.736  -22.259  -15.968 0.1428571492
65643  -31.979  -24.616  -19.312 0.1428571492
65621  -32.908  -24.716  -17.678 0.1428571492
65612  -33.731  -24.879  -16.682 0.1428571492
65620  -32.673  -25.023  -18.082 0.1428571492
66575  -35.112  -24.672  -15.831 0.1428571492
66586  -34.199  -24.532  -16.365 0.1428571492
66576  -36.064  -24.800  -15.431 0.1428571492
65597  -33.480  -25.506  -16.627 0.1428571492
65599  -35.012  -25.781  -15.612 0.1428571492
66561  -36.434  -25.334  -14.966 0.1428571492
63663  -32.576  -27.424  -19.575 0.1428571492
63664  -32.945  -27.978  -19.773 0.1428571492
64626  -33.209  -26.997  -19.258 0.1428571492
62629  -33.689  -28.374  -16.090 0.1428571492
64592  -34.805  -26.823  -15.297 0.1428571492
63613  -35.372  -27.473  -14.734 0.1428571492
56137  -21.743  -34.058  -11.365 0.1428571492
57205  -22.717  -33.872  -12.251 0.1428571492
57204  -21.717  -33.409  -11.950 0.1428571492
57218  -21.942  -32.977  -12.587 0.1428571492
58330  -23.017  -32.449  -14.306 0.1428571492
59375  -22.212  -31.483  -13.003 0.1428571492
60433  -22.883  -30.336  -13.648 0.1428571492
59403  -22.891  -31.769  -14.092 0.1428571492
60434  -23.406  -30.569  -14.182 0.1428571492
60419  -22.375  -30.498  -13.083 0.1428571492
61495  -23.249  -29.796  -13.868 0.1428571492
62599  -22.409  -28.671  -13.310 0.1428571492
62598  -21.878  -28.069  -13.178 0.1428571492
63595  -22.812  -28.136  -13.530 0.1428571492
64579  -22.807  -26.402  -14.051 0.2857142985
64580  -23.687  -26.568  -14.218 0.1428571492
69530  -24.115  -21.790  -15.681 0.4285714328
79426  -27.253  -11.136  -18.410 0.2857142985
80397  -26.957  -10.212  -18.858 0.2857142985
80398  -27.934  -10.310  -18.439 0.2857142985
84116  -26.117  -7.341  -20.773 0.2857142985
84099  -26.796  -6.893  -20.446 0.2857142985
84100  -27.912  -6.400  -19.973 0.2857142985
84118  -28.605  -5.801  -20.274 0.4285714328
65585  -23.152  -25.576  -14.346 0.2857142985
58300  -22.017  -32.435  -12.903 0.1428571492
62588  -22.084  -29.149  -13.086 0.1428571492
63594  -22.222  -27.502  -13.457 0.1428571492
63608  -22.573  -26.911  -13.697 0.1428571492
65586  -24.089  -25.645  -14.253 0.2857142985
66558  -23.451  -24.651  -14.397 0.2857142985
66559  -24.515  -24.696  -14.389 0.2857142985
66560  -25.163  -24.461  -14.643 0.2857142985
67486  -25.378  -23.904  -14.716 0.4285714328
68459  -24.803  -23.237  -14.776 0.4285714328
78430  -26.402  -12.211  -18.336 0.2857142985
79424  -25.888  -11.090  -18.990 0.2857142985
80411  -26.011  -10.274  -19.723 0.2857142985
81388  -26.691  -9.676  -19.472 0.2857142985
81404  -27.165  -8.764  -19.468 0.2857142985
82305  -26.373  -8.110  -20.705 0.2857142985
83246  -24.856  -8.016  -21.118 0.2857142985
84117  -26.488  -7.458  -20.665 0.2857142985
78450  -26.657  -11.730  -18.418 0.2857142985
79441  -25.988  -10.682  -19.211 0.2857142985
78465  -25.270  -11.944  -19.188 0.2857142985
80419  -25.838  -9.904  -20.163 0.2857142985
81411  -25.299  -9.303  -20.793 0.2857142985
81402  -26.357  -9.490  -20.108 0.2857142985
82293  -26.252  -9.019  -20.569 0.2857142985
82303  -25.195  -8.657  -21.093 0.2857142985
80409  -24.843  -10.195  -19.960 0.2857142985
80417  -24.633  -9.853  -20.388 0.2857142985
81412  -25.912  -9.420  -20.581 0.2857142985
68477  -24.918  -22.547  -14.989 0.4285714328
69531  -25.142  -21.752  -15.260 0.4285714328
59390  -23.047  -31.121  -14.039 0.1428571492
58316  -22.548  -32.298  -13.626 0.1428571492
82294  -26.611  -8.428  -20.374 0.2857142985
59389  -22.667  -31.261  -13.594 0.1428571492
61481  -22.456  -29.625  -13.222 0.1428571492
61480  -21.934  -29.667  -12.839 0.1428571492
61494  -22.888  -29.457  -13.519 0.1428571492
65584  -22.242  -25.481  -14.418 0.2857142985
83248  -26.276  -7.859  -20.782 0.2857142985
68458  -24.294  -23.320  -14.791 0.4285714328
81421  -23.911  -9.585  -20.692 0.2857142985
70525  -24.154  -20.334  -16.386 0.2857142985
70510  -24.456  -21.108  -15.829 0.2857142985
94858  -31.537  5.471  -27.480 0.1428571492
94074  -31.698  4.965  -27.064 0.1428571492
94063  -30.231  4.127  -26.905 0.1428571492
93264  -31.205  3.541  -25.356 0.1428571492
93256  -31.480  3.285  -24.478 0.1428571492
95675  -31.210  6.089  -27.359 0.1428571492
93271  -30.110  3.249  -26.520 0.1428571492
93277  -28.331  3.428  -28.138 0.1428571492
95664  -27.957  6.109  -26.166 0.1428571492
70526  -24.789  -19.951  -16.290 0.2857142985
71527  -24.153  -19.417  -16.877 0.2857142985
94043  -32.188  4.219  -24.639 0.1428571492
94850  -32.427  5.118  -26.692 0.1428571492
92477  -31.177  2.667  -24.192 0.1428571492
94052  -31.420  4.161  -25.843 0.1428571492
94042  -31.694  3.956  -25.186 0.1428571492
92476  -30.663  2.553  -24.682 0.1428571492
93278  -29.206  3.210  -27.593 0.1428571492
94072  -29.845  4.342  -27.218 0.1428571492
94848  -28.151  5.346  -26.758 0.1428571492
94071  -28.932  4.208  -27.610 0.1428571492
94061  -27.422  4.485  -26.932 0.1428571492
94051  -27.211  4.567  -25.868 0.1428571492
93276  -27.471  3.442  -27.943 0.1428571492
93263  -30.591  3.099  -25.536 0.1428571492
92491  -29.752  2.512  -26.427 0.1428571492
94073  -30.846  4.678  -27.304 0.1428571492
95674  -30.351  5.919  -27.323 0.1428571492
94065  -31.834  4.653  -26.378 0.1428571492
93279  -29.846  3.594  -27.171 0.1428571492
95667  -30.734  6.624  -27.040 0.1428571492
78474  -24.165  -11.295  -19.872 0.1428571492
78464  -24.665  -11.589  -19.545 0.1428571492
79439  -24.907  -10.744  -19.720 0.1428571492
81410  -24.521  -9.244  -20.927 0.1428571492
83229  -20.297  -7.451  -19.403 0.1428571492
83231  -22.824  -7.573  -20.383 0.1428571492
77469  -24.932  -12.325  -19.232 0.1428571492
83245  -23.738  -8.468  -20.798 0.1428571492
84094  -22.218  -6.673  -19.757 0.1428571492
84095  -23.222  -6.617  -20.236 0.1428571492
84955  -22.697  -5.678  -19.363 0.2857142985
73561  -24.202  -17.090  -17.942 0.1428571492
75540  -23.905  -14.163  -18.833 0.1428571492
77455  -24.859  -13.401  -18.883 0.1428571492
79428  -34.623  -11.888  -19.038 0.1428571492
78473  -23.791  -10.999  -20.093 0.1428571492
84114  -24.447  -7.229  -20.991 0.1428571492
84097  -24.969  -6.489  -20.626 0.1428571492
84956  -23.640  -5.595  -19.764 0.1428571492
85888  -25.907  -5.352  -19.617 0.2857142985
87855  -27.077  -3.045  -19.511 0.2857142985
87854  -25.656  -2.450  -18.848 0.2857142985
90839  -28.614  1.026  -23.359 0.1428571492
89864  -28.139  0.185  -18.581 0.1428571492
84960  -27.448  -5.819  -20.010 0.2857142985
84958  -25.481  -6.045  -19.929 0.2857142985
84943  -27.235  -5.406  -19.865 0.2857142985
85907  -28.596  -4.257  -21.340 0.2857142985
86865  -27.316  -4.237  -19.578 0.2857142985
87853  -24.390  -2.846  -18.449 0.2857142985
86898  -28.464  -3.709  -21.878 0.2857142985
87865  -27.788  -3.440  -19.922 0.2857142985
87884  -28.185  -2.798  -22.119 0.2857142985
87845  -25.196  -1.512  -18.591 0.2857142985
90816  -29.321  0.641  -21.799 0.1428571492
91654  -29.921  1.814  -21.060 0.1428571492
87843  -23.269  -2.077  -18.342 0.1428571492
88876  -27.698  -1.461  -19.769 0.1428571492
88866  -26.816  -1.291  -19.113 0.2857142985
88867  -27.506  -0.410  -19.341 0.1428571492
89862  -26.273  0.011  -18.580 0.1428571492
84953  -20.685  -5.603  -18.771 0.2857142985
88861  -24.926  -0.886  -18.271 0.1428571492
89856  -26.988  0.588  -17.535 0.1428571492
89861  -25.429  -0.143  -18.327 0.1428571492
84914  -19.074  -5.600  -16.440 0.1428571492
80412  -34.795  -11.219  -19.839 0.1428571492
77470  -32.696  -13.682  -19.598 0.1428571492
75525  -24.232  -14.699  -18.643 0.1428571492
77467  -23.668  -12.924  -19.362 0.1428571492
77466  -23.195  -12.811  -19.198 0.1428571492
79438  -22.723  -10.773  -19.712 0.1428571492
80408  -22.340  -10.387  -19.582 0.1428571492
120621  -23.454  -9.952  -20.283 0.1428571492
82291  -21.119  -8.646  -19.633 0.1428571492
84954  -21.630  -5.616  -19.169 0.2857142985
85887  -25.092  -5.075  -19.275 0.1428571492
85870  -24.537  -4.404  -18.888 0.1428571492
86878  -25.715  -4.680  -19.360 0.2857142985
86863  -25.184  -3.986  -18.711 0.1428571492
86864  -26.298  -4.167  -19.444 0.1428571492
89854  -24.788  0.023  -17.586 0.1428571492
88860  -24.091  -1.139  -17.657 0.2857142985
88877  -27.986  -0.648  -19.921 0.1428571492
78468  -33.315  -12.599  -19.536 0.1428571492
79443  -33.646  -11.886  -19.947 0.1428571492
87877  -28.020  -3.075  -21.382 0.2857142985
89878  -28.425  -0.362  -20.587 0.1428571492
89869  -28.375  0.151  -19.505 0.1428571492
87875  -27.660  -2.603  -20.162 0.2857142985
91661  -29.631  1.492  -22.393 0.1428571492
77456  -25.303  -12.885  -18.760 0.1428571492
76521  -32.981  -14.325  -19.765 0.1428571492
85896  -28.374  -4.762  -20.899 0.2857142985
84098  -25.885  -6.637  -20.609 0.1428571492
84959  -26.446  -6.041  -19.982 0.1428571492
78463  -23.975  -11.905  -19.682 0.1428571492
78482  -23.480  -10.366  -20.167 0.1428571492
120617  -23.425  -9.477  -20.450 0.1428571492
78461  -22.634  -11.372  -19.375 0.1428571492
78462  -23.169  -11.682  -19.515 0.1428571492
83243  -22.357  -8.648  -20.171 0.1428571492
83230  -21.714  -7.814  -20.220 0.1428571492
84113  -23.764  -7.194  -20.733 0.1428571492
77468  -24.514  -12.865  -19.278 0.1428571492
84096  -24.071  -6.362  -20.577 0.1428571492
76510  -24.074  -13.741  -19.021 0.1428571492
85886  -24.114  -4.733  -19.217 0.2857142985
85871  -26.468  -5.213  -19.645 0.2857142985
88887  -27.586  -2.440  -19.990 0.2857142985
87876  -27.754  -2.979  -20.547 0.2857142985
87844  -24.560  -1.791  -18.411 0.1428571492
88875  -27.377  -2.198  -19.766 0.2857142985
85872  -26.978  -4.978  -19.688 0.2857142985
86881  -28.233  -4.379  -20.580 0.2857142985
87856  -27.620  -3.764  -19.656 0.2857142985
86892  -28.104  -3.909  -21.096 0.2857142985
88865  -25.702  -1.021  -18.660 0.2857142985
92434  -30.086  2.207  -22.033 0.1428571492
86862  -24.075  -3.773  -18.690 0.2857142985
89863  -27.247  0.236  -18.656 0.1428571492
65583  -21.401  -25.378  -14.414 0.1428571492
66557  -22.570  -24.680  -14.616 0.1428571492
67483  -22.731  -23.895  -14.775 0.1428571492
66568  -20.640  -23.871  -14.696 0.1428571492
67495  -21.354  -22.971  -15.194 0.1428571492
67496  -21.968  -23.431  -15.169 0.1428571492
68487  -21.589  -22.253  -15.644 0.1428571492
67484  -23.692  -23.579  -14.704 0.1428571492
68488  -22.138  -22.015  -16.139 0.1428571492
68475  -22.876  -22.285  -15.704 0.1428571492
68476  -23.942  -22.711  -15.224 0.1428571492
69529  -23.491  -22.038  -15.756 0.1428571492
68489  -22.558  -21.742  -16.187 0.1428571492
69543  -23.096  -21.395  -16.289 0.1428571492
70524  -23.269  -20.366  -16.761 0.1428571492
72521  -24.421  -18.775  -17.038 0.1428571492
85884  -22.130  -4.766  -18.637 0.1428571492
67485  -24.674  -23.839  -14.582 0.1428571492
66555  -20.927  -24.544  -14.633 0.1428571492
66570  -21.509  -23.598  -15.042 0.1428571492
66556  -21.716  -24.384  -14.848 0.1428571492
69544  -23.812  -21.016  -16.262 0.1428571492
67482  -22.225  -24.115  -14.923 0.1428571492
67494  -20.624  -23.103  -14.945 0.1428571492
68473  -21.736  -22.779  -15.390 0.1428571492
68474  -22.119  -22.642  -15.598 0.1428571492
67497  -22.742  -23.097  -15.196 0.1428571492
69541  -21.744  -21.386  -16.057 0.1428571492
67498  -23.303  -22.917  -15.236 0.1428571492
68486  -21.156  -22.113  -15.323 0.1428571492
65582  -20.660  -25.421  -14.130 0.1428571492
57249  -23.382  -33.190  -14.249 0.2857142985
57258  -23.607  -33.225  -14.249 0.2857142985
57259  -23.811  -33.214  -14.224 0.2857142985
58342  -23.513  -33.059  -14.309 0.2857142985
60477  -27.762  -29.924  -16.448 0.1428571492
64582  -35.505  -26.452  -15.090 0.1428571492
64602  -32.818  -25.637  -17.879 0.1428571492
66571  -25.240  -25.099  -14.713 0.2857142985
66595  -33.123  -24.327  -17.495 0.1428571492
66614  -31.088  -24.106  -19.421 0.2857142985
66615  -31.681  -24.299  -19.394 0.1428571492
66616  -32.111  -24.361  -19.132 0.1428571492
67512  -33.852  -24.025  -16.764 0.1428571492
67548  -32.254  -24.012  -18.904 0.1428571492
69514  -37.796  -21.687  -13.829 0.1428571492
69546  -35.398  -21.216  -16.764 0.1428571492
69547  -35.522  -21.254  -16.959 0.1428571492
69558  -35.822  -21.598  -17.376 0.1428571492
70529  -35.462  -20.987  -16.817 0.1428571492
71557  -31.999  -19.963  -18.932 0.2857142985
72550  -30.255  -17.824  -18.700 0.4285714328
72566  -29.825  -18.268  -19.087 0.5714285970
73531  -30.667  -17.725  -15.341 0.7142857313
73546  -31.572  -17.215  -16.471 0.7142857313
74547  -25.004  -16.111  -17.669 0.4285714328
74562  -24.005  -15.925  -18.721 0.1428571492
75466  -27.009  -16.185  -15.929 0.7142857313
75492  -28.006  -14.658  -16.171 0.5714285970
75494  -33.184  -14.726  -17.111 0.4285714328
75526  -24.758  -14.379  -18.481 0.1428571492
75541  -33.281  -14.941  -18.788 0.2857142985
76441  -31.151  -14.494  -15.225 0.8571428657
76479  -26.633  -14.034  -17.273 0.5714285970
76481  -33.104  -14.787  -18.018 0.2857142985
76482  -33.352  -14.292  -17.852 0.4285714328
76498  -24.553  -13.841  -18.797 0.1428571492
76509  -23.665  -13.772  -18.930 0.1428571492
76522  -33.608  -14.257  -20.031 0.1428571492
77402  -29.744  -13.871  -15.627 0.8571428657
77423  -29.772  -13.376  -15.788 1.0000000000
77424  -33.393  -13.908  -16.761 0.4285714328
77439  -27.502  -13.296  -17.067 0.5714285970
77441  -34.043  -13.062  -18.671 0.2857142985
77472  -33.459  -12.890  -19.248 0.1428571492
78414  -30.402  -12.340  -15.771 1.0000000000
78431  -26.823  -12.351  -17.938 0.2857142985
78449  -25.948  -11.846  -18.783 0.2857142985
78451  -27.186  -11.844  -18.008 0.4285714328
78452  -33.998  -12.702  -19.199 0.1428571492
78472  -23.372  -10.918  -19.934 0.1428571492
78481  -23.047  -10.611  -19.890 0.1428571492
79370  -31.289  -11.818  -15.593 1.0000000000
79391  -28.793  -11.742  -17.108 0.8571428657
79392  -29.426  -11.743  -16.591 0.8571428657
79394  -30.806  -11.461  -15.827 1.0000000000
79410  -28.232  -11.614  -17.548 0.8571428657
79425  -26.393  -10.961  -18.815 0.2857142985
79427  -27.906  -11.104  -18.005 0.5714285970
79440  -25.485  -11.043  -19.368 0.1428571492
79442  -32.999  -11.962  -20.516 0.1428571492
79447  -24.041  -10.580  -20.288 0.2857142985
79448  -24.362  -10.697  -20.055 0.2857142985
79454  -23.923  -10.259  -20.403 0.2857142985
79455  -24.185  -10.248  -20.329 0.2857142985
80336  -32.304  -10.938  -15.605 1.0000000000
80380  -29.040  -10.371  -17.557 0.8571428657
80396  -26.405  -10.294  -19.322 0.2857142985
80410  -25.385  -10.273  -19.803 0.2857142985
80418  -25.323  -9.785  -20.268 0.2857142985
80426  -24.214  -9.830  -20.549 0.2857142985
81353  -34.207  -9.091  -16.437 0.8571428657
81374  -30.610  -8.631  -17.337 0.8571428657
81387  -26.434  -9.995  -19.739 0.2857142985
81401  -22.098  -9.867  -19.533 0.1428571492
81403  -26.815  -8.913  -19.659 0.2857142985
81420  -23.792  -10.249  -20.401 0.1428571492
82267  -35.027  -8.320  -16.912 0.4285714328
82278  -28.320  -8.380  -19.059 0.2857142985
82282  -36.100  -7.442  -18.742 0.1428571492
82296  -36.321  -7.608  -19.251 0.1428571492
82301  -22.899  -9.675  -20.099 0.1428571492
82302  -24.591  -8.618  -21.102 0.2857142985
82304  -26.028  -8.631  -20.889 0.2857142985
83184  -32.600  -7.523  -16.748 0.8571428657
83201  -31.686  -7.325  -17.409 0.8571428657
83202  -32.289  -7.219  -17.083 0.8571428657
83204  -35.547  -7.111  -17.782 0.2857142985
83216  -30.455  -7.385  -18.551 1.0000000000
83232  -23.392  -7.455  -20.586 0.1428571492
83236  -30.001  -7.083  -19.110 0.5714285970
83244  -22.702  -8.433  -20.377 0.1428571492
83247  -25.683  -7.948  -21.007 0.2857142985
83249  -26.625  -7.684  -20.597 0.2857142985
84056  -32.570  -7.103  -16.978 0.8571428657
84057  -32.978  -7.029  -16.801 0.8571428657
84081  -30.397  -6.875  -19.078 0.8571428657
84115  -25.357  -7.219  -21.021 0.2857142985
84942  -26.947  -5.594  -19.777 0.2857142985
84957  -24.554  -5.825  -19.838 0.2857142985
84961  -28.230  -5.478  -20.310 0.2857142985
84962  -29.744  -5.857  -20.205 0.5714285970
85859  -32.553  -4.548  -18.030 0.8571428657
85869  -24.209  -4.306  -18.885 0.1428571492
85876  -35.476  -4.575  -18.060 0.1428571492
85889  -27.472  -4.973  -19.974 0.2857142985
85890  -27.896  -4.977  -20.439 0.2857142985
85891  -30.339  -5.105  -20.446 0.4285714328
85908  -29.000  -4.164  -21.616 0.2857142985
86857  -34.429  -3.891  -18.075 0.1428571492
86869  -34.980  -3.852  -18.308 0.1428571492
86879  -26.108  -4.868  -19.534 0.2857142985
86880  -28.042  -4.293  -19.888 0.2857142985
86891  -28.104  -3.794  -20.393 0.2857142985
87848  -34.341  -3.321  -18.172 0.1428571492
87860  -35.638  -3.199  -18.858 0.1428571492
87864  -27.592  -2.777  -19.938 0.2857142985
87869  -35.847  -2.712  -19.315 0.1428571492
87878  -30.818  -2.972  -21.191 0.8571428657
87913  -28.792  -2.086  -25.160 0.5714285970
87922  -28.373  -1.980  -25.300 0.5714285970
87923  -28.599  -1.856  -25.381 0.5714285970
88869  -33.527  -1.871  -18.829 0.2857142985
88871  -34.395  -2.363  -18.613 0.1428571492
88892  -33.430  -1.135  -19.406 0.2857142985
88924  -28.154  -1.680  -24.387 0.4285714328
88937  -29.315  -1.725  -24.931 0.2857142985
89906  -27.812  -0.578  -23.366 0.2857142985
89916  -27.849  -0.423  -23.875 0.4285714328
89933  -28.769  -0.817  -25.454 0.2857142985
90807  -32.595  0.120  -20.758 0.1428571492
90810  -35.143  0.487  -20.333 0.1428571492
90820  -35.600  0.743  -20.852 0.1428571492
90837  -27.806  -0.128  -23.351 0.4285714328
90852  -28.353  1.117  -26.455 0.2857142985
91650  -29.870  1.537  -19.990 0.1428571492
91658  -35.302  0.993  -20.824 0.1428571492
91665  -34.637  1.653  -21.260 0.1428571492
91686  -30.646  1.753  -23.961 0.2857142985
91699  -27.635  2.197  -27.429 0.2857142985
91702  -27.974  2.395  -27.746 0.2857142985
91703  -28.165  2.126  -27.452 0.2857142985
91704  -28.387  1.816  -27.191 0.2857142985
92436  -32.453  2.474  -22.295 0.2857142985
92463  -28.222  2.017  -24.566 0.1428571492
92467  -32.160  2.819  -23.084 0.2857142985
92489  -27.135  2.674  -27.480 0.2857142985
92496  -28.390  2.628  -27.882 0.2857142985
93230  -32.821  3.936  -23.072 0.1428571492
93242  -31.809  3.227  -23.831 0.1428571492
93255  -31.035  3.085  -25.034 0.1428571492
93270  -29.701  3.080  -27.155 0.1428571492
93272  -30.783  3.752  -25.932 0.1428571492
94024  -33.222  4.157  -23.190 0.1428571492
94029  -28.253  4.564  -23.803 0.1428571492
94053  -32.149  4.519  -25.630 0.1428571492
94064  -30.953  4.290  -26.580 0.1428571492
94069  -27.376  3.967  -27.593 0.1428571492
94070  -27.985  4.248  -27.741 0.1428571492
120618  -23.562  -9.695  -20.445 0.1428571492
120619  -22.812  -10.475  -19.817 0.1428571492
120620  -22.919  -10.269  -19.911 0.1428571492
120622  -23.655  -9.309  -20.656 0.1428571492
120623  -23.388  -8.996  -20.555 0.1428571492
