#!ascii label  , from subject 3604 vox2ras=TkReg
1482
58232  -38.449  -35.320  36.596 0.0000000000
69651  -53.476  -23.106  34.027 0.0000000000
62528  -46.694  -30.835  33.696 0.0000000000
35661  -13.773  -56.644  54.102 0.0000000000
57107  -35.225  -34.983  42.923 0.0000000000
46314  -24.568  -46.134  53.388 0.0000000000
45390  -34.176  -46.899  53.107 0.0000000000
48272  -39.515  -43.008  47.245 0.0000000000
55067  -40.678  -37.886  46.112 0.0000000000
42623  -18.500  -49.067  48.598 0.0000000000
46309  -19.735  -46.428  53.030 0.0000000000
46412  -21.699  -46.540  48.467 0.0000000000
47331  -30.111  -46.300  48.837 0.0000000000
46435  -35.435  -46.071  47.422 0.0000000000
57128  -40.960  -35.231  42.462 0.0000000000
57170  -44.798  -35.910  40.496 0.0000000000
66564  -50.441  -26.823  33.727 0.0000000000
59330  -43.021  -33.661  34.493 0.0000000000
74524  -48.431  -18.748  30.367 0.0000000000
32443  -11.272  -59.549  56.384 0.0000000000
60180  -38.824  -33.478  46.546 0.0000000000
58167  -35.847  -34.387  40.614 0.0000000000
47346  -25.669  -45.554  48.796 0.0000000000
46318  -29.246  -46.314  53.181 0.0000000000
59232  -48.416  -33.158  39.697 0.0000000000
77453  -55.348  -15.389  28.446 0.0000000000
48289  -37.773  -43.074  45.928 0.0000000000
51589  -39.169  -40.755  45.048 0.0000000000
44507  -19.900  -47.479  47.526 0.0000000000
46463  -33.376  -45.529  45.535 0.0000000000
47387  -36.020  -44.928  46.059 0.0000000000
47353  -37.944  -45.456  48.240 0.0000000000
57181  -39.638  -35.892  40.225 0.0000000000
57149  -43.461  -35.894  41.624 0.0000000000
57196  -41.920  -35.987  38.931 0.0000000000
68584  -51.933  -24.983  33.034 0.0000000000
65546  -53.147  -27.435  37.922 0.0000000000
71590  -54.634  -21.402  34.271 0.0000000000
35672  -11.891  -57.270  52.095 0.0000000000
33562  -12.451  -58.250  55.022 0.0000000000
57092  -37.698  -35.646  44.289 0.0000000000
57064  -39.041  -35.216  46.366 0.0000000000
59177  -36.857  -34.333  43.936 0.0000000000
60221  -37.299  -33.740  43.152 0.0000000000
58150  -35.149  -34.476  41.455 0.0000000000
47244  -21.682  -46.381  53.358 0.0000000000
46272  -20.912  -45.813  55.626 0.0000000000
46260  -23.519  -45.970  56.369 0.0000000000
45299  -25.614  -46.596  56.157 0.0000000000
48279  -24.230  -43.850  45.816 0.0000000000
49332  -26.179  -44.369  46.035 0.0000000000
46362  -31.765  -46.673  51.133 0.0000000000
47290  -29.859  -46.337  51.032 0.0000000000
45368  -31.653  -46.248  53.689 0.0000000000
46266  -31.230  -46.610  56.068 0.0000000000
39756  -16.091  -53.335  51.000 0.0000000000
40665  -16.533  -51.524  53.638 0.0000000000
40634  -16.097  -52.100  55.878 0.0000000000
60353  -45.243  -32.599  34.100 0.0000000000
59276  -45.691  -33.659  36.230 0.0000000000
61400  -47.974  -32.138  36.550 0.0000000000
78450  -57.454  -15.442  27.060 0.0000000000
35641  -14.251  -57.157  57.880 0.0000000000
48236  -40.924  -43.254  49.669 0.0000000000
51526  -41.709  -40.021  49.463 0.0000000000
51558  -40.246  -40.601  46.764 0.0000000000
53944  -39.305  -38.685  44.434 0.0000000000
42582  -18.177  -49.448  51.125 0.0000000000
44459  -17.989  -47.717  52.860 0.0000000000
45436  -19.269  -47.163  50.276 0.0000000000
46377  -20.626  -46.354  50.990 0.0000000000
47304  -22.314  -46.468  50.614 0.0000000000
47382  -28.616  -45.316  46.365 0.0000000000
46460  -31.210  -46.277  46.019 0.0000000000
46417  -32.604  -46.046  48.173 0.0000000000
46385  -34.731  -46.835  50.467 0.0000000000
45429  -37.412  -46.346  50.712 0.0000000000
47315  -39.704  -44.507  50.432 0.0000000000
41674  -17.100  -51.076  47.967 0.0000000000
58091  -42.059  -34.236  46.046 0.0000000000
59157  -46.116  -33.724  47.141 0.0000000000
58128  -44.875  -34.619  43.996 0.0000000000
57133  -46.801  -35.618  42.487 0.0000000000
64575  -48.159  -28.632  33.365 0.0000000000
63544  -49.337  -30.322  36.365 0.0000000000
64531  -50.937  -28.953  36.992 0.0000000000
28443  -10.616  -62.615  59.321 0.0000000000
58257  -41.052  -34.897  36.100 0.0000000000
61450  -41.747  -31.579  33.071 0.0000000000
65599  -45.513  -27.769  32.221 0.0000000000
66591  -46.879  -26.338  31.436 0.0000000000
68614  -49.229  -24.501  31.051 0.0000000000
70656  -50.420  -22.655  31.100 0.0000000000
72545  -51.681  -20.590  31.483 0.0000000000
73520  -47.825  -19.609  30.635 0.0000000000
34586  -13.125  -58.783  59.083 0.0000000000
32396  -11.983  -60.190  60.280 0.0000000000
31342  -11.029  -61.389  60.357 0.0000000000
58021  -42.933  -34.942  50.989 0.0000000000
55024  -41.546  -37.516  48.978 0.0000000000
57028  -40.236  -34.874  49.011 0.0000000000
59136  -41.433  -33.843  47.686 0.0000000000
59181  -39.965  -33.766  44.630 0.0000000000
58153  -38.529  -34.993  41.573 0.0000000000
58198  -36.519  -35.088  38.431 0.0000000000
45318  -19.386  -46.981  55.179 0.0000000000
47344  -23.868  -45.688  47.956 0.0000000000
47285  -24.670  -46.626  51.011 0.0000000000
47348  -27.693  -45.573  48.575 0.0000000000
47309  -27.140  -46.092  50.334 0.0000000000
45365  -26.439  -46.605  53.391 0.0000000000
45322  -28.437  -46.982  55.557 0.0000000000
36707  -13.909  -56.402  51.476 0.0000000000
37728  -14.783  -55.221  51.088 0.0000000000
36697  -14.430  -55.375  53.796 0.0000000000
58218  -44.014  -35.060  37.327 0.0000000000
57188  -46.717  -34.794  39.467 0.0000000000
58175  -49.356  -34.380  40.520 0.0000000000
62446  -50.235  -31.044  39.814 0.0000000000
75487  -51.850  -18.343  32.188 0.0000000000
76464  -53.351  -18.069  31.988 0.0000000000
77412  -55.493  -17.257  31.984 0.0000000000
77441  -53.973  -16.401  29.393 0.0000000000
75502  -56.312  -17.569  31.095 0.0000000000
49364  -37.283  -42.862  44.732 0.0000000000
49389  -37.482  -42.391  44.279 0.0000000000
50522  -36.838  -41.902  43.134 0.0000000000
47431  -34.917  -44.552  44.655 0.0000000000
48301  -36.102  -44.158  45.010 0.0000000000
48288  -37.453  -43.841  45.557 0.0000000000
57205  -39.260  -36.070  38.702 0.0000000000
57195  -40.885  -36.285  39.101 0.0000000000
58214  -40.303  -35.754  37.446 0.0000000000
69662  -52.907  -23.637  33.253 0.0000000000
68569  -53.256  -25.294  35.403 0.0000000000
68570  -54.121  -24.499  35.748 0.0000000000
69643  -54.635  -23.518  35.345 0.0000000000
70623  -53.991  -22.173  33.953 0.0000000000
34631  -13.138  -57.386  53.076 0.0000000000
33579  -12.439  -57.884  53.559 0.0000000000
34616  -13.127  -57.485  54.731 0.0000000000
57091  -36.768  -35.272  43.815 0.0000000000
58106  -37.286  -34.784  44.647 0.0000000000
58122  -35.909  -34.570  43.453 0.0000000000
60212  -35.978  -33.927  43.022 0.0000000000
58136  -35.298  -34.602  42.235 0.0000000000
42499  -16.887  -49.996  54.412 0.0000000000
47245  -22.555  -46.316  53.380 0.0000000000
47221  -22.711  -45.582  55.038 0.0000000000
47223  -24.060  -46.139  54.863 0.0000000000
46262  -25.069  -46.337  56.114 0.0000000000
46276  -25.181  -46.268  55.250 0.0000000000
44470  -32.932  -47.312  52.286 0.0000000000
45405  -31.707  -46.830  52.386 0.0000000000
45388  -32.338  -46.877  53.079 0.0000000000
45349  -32.412  -46.347  54.563 0.0000000000
41639  -17.066  -50.920  51.490 0.0000000000
41622  -16.911  -50.559  52.835 0.0000000000
41607  -16.665  -50.726  54.093 0.0000000000
58037  -44.617  -34.315  50.202 0.0000000000
62512  -45.724  -31.325  33.611 0.0000000000
60355  -46.617  -32.689  34.667 0.0000000000
61439  -47.562  -31.444  34.656 0.0000000000
48235  -40.532  -43.210  48.867 0.0000000000
49290  -40.995  -41.591  48.668 0.0000000000
50447  -40.275  -41.281  47.050 0.0000000000
52776  -39.128  -39.572  44.229 0.0000000000
53963  -38.883  -38.592  43.548 0.0000000000
55099  -38.172  -37.629  42.960 0.0000000000
42603  -18.520  -49.171  49.510 0.0000000000
43526  -18.577  -48.590  50.913 0.0000000000
43541  -18.891  -48.644  49.187 0.0000000000
45468  -20.644  -47.079  47.830 0.0000000000
45438  -20.287  -46.814  49.531 0.0000000000
46411  -21.116  -46.699  48.880 0.0000000000
47303  -21.563  -46.436  51.010 0.0000000000
47342  -22.356  -46.282  48.953 0.0000000000
47404  -29.548  -45.505  45.169 0.0000000000
46449  -34.370  -45.760  46.706 0.0000000000
46433  -33.405  -46.099  47.428 0.0000000000
46434  -34.259  -46.169  47.683 0.0000000000
46401  -33.762  -46.401  49.420 0.0000000000
46402  -34.949  -46.754  49.680 0.0000000000
45443  -35.871  -46.685  50.146 0.0000000000
45457  -36.854  -46.500  49.163 0.0000000000
47371  -38.724  -43.874  47.129 0.0000000000
47333  -38.890  -45.304  49.485 0.0000000000
47355  -39.707  -43.722  48.274 0.0000000000
48225  -40.367  -43.763  49.966 0.0000000000
41675  -17.643  -50.441  48.454 0.0000000000
58125  -41.704  -34.713  44.010 0.0000000000
58110  -43.418  -35.031  44.806 0.0000000000
57110  -42.638  -35.199  43.313 0.0000000000
57169  -43.668  -35.947  40.611 0.0000000000
57131  -44.364  -35.620  42.490 0.0000000000
57151  -45.778  -35.802  41.449 0.0000000000
57134  -48.077  -35.489  42.374 0.0000000000
57152  -46.951  -35.453  41.392 0.0000000000
65584  -49.874  -27.962  33.496 0.0000000000
64554  -50.264  -28.857  35.011 0.0000000000
65563  -50.959  -27.811  35.321 0.0000000000
65518  -53.998  -27.683  39.581 0.0000000000
66580  -46.210  -27.006  31.951 0.0000000000
67593  -45.473  -25.540  30.833 0.0000000000
69701  -46.756  -23.504  30.606 0.0000000000
69702  -47.711  -23.005  30.687 0.0000000000
69687  -49.825  -23.529  31.023 0.0000000000
71638  -47.535  -21.581  30.612 0.0000000000
71622  -49.257  -21.447  30.756 0.0000000000
33568  -10.874  -59.057  54.310 0.0000000000
32442  -10.647  -60.039  56.718 0.0000000000
35628  -15.386  -56.878  59.658 0.0000000000
34596  -13.746  -57.920  58.546 0.0000000000
34588  -14.477  -57.972  59.764 0.0000000000
32390  -12.857  -59.693  61.049 0.0000000000
31336  -13.142  -60.344  61.283 0.0000000000
31352  -11.159  -60.656  60.003 0.0000000000
30316  -12.610  -61.305  61.117 0.0000000000
29390  -12.436  -62.059  60.611 0.0000000000
52724  -41.334  -38.858  47.858 0.0000000000
52696  -41.529  -39.086  49.095 0.0000000000
55034  -41.139  -37.410  47.725 0.0000000000
58059  -38.784  -34.243  47.046 0.0000000000
57039  -39.951  -34.926  48.384 0.0000000000
59118  -38.989  -33.840  47.708 0.0000000000
59108  -40.375  -34.446  48.707 0.0000000000
59134  -39.312  -33.564  46.881 0.0000000000
59152  -40.205  -33.565  46.394 0.0000000000
59167  -39.307  -33.411  45.105 0.0000000000
59215  -36.640  -34.210  41.241 0.0000000000
58137  -37.987  -34.597  42.235 0.0000000000
58169  -37.509  -35.083  40.785 0.0000000000
58185  -37.466  -35.303  40.032 0.0000000000
58184  -36.581  -35.057  39.630 0.0000000000
45383  -18.546  -46.817  52.698 0.0000000000
44452  -18.772  -47.120  53.931 0.0000000000
45363  -19.606  -46.543  54.017 0.0000000000
48243  -24.669  -45.298  47.212 0.0000000000
47364  -24.096  -45.329  46.845 0.0000000000
47345  -24.803  -45.766  48.331 0.0000000000
47306  -23.950  -46.636  50.032 0.0000000000
46380  -25.188  -46.091  49.722 0.0000000000
47366  -29.420  -45.831  47.227 0.0000000000
48266  -28.167  -45.494  47.239 0.0000000000
47349  -28.517  -45.722  48.318 0.0000000000
47268  -29.793  -46.338  52.061 0.0000000000
47310  -28.216  -46.083  50.302 0.0000000000
47266  -28.385  -46.469  52.076 0.0000000000
46360  -27.137  -46.480  51.846 0.0000000000
46316  -27.619  -46.442  53.069 0.0000000000
45344  -27.334  -46.732  54.335 0.0000000000
45346  -28.982  -46.736  55.046 0.0000000000
46345  -37.556  -45.830  52.269 0.0000000000
38732  -15.567  -54.031  50.587 0.0000000000
38711  -15.179  -54.317  52.418 0.0000000000
37715  -14.826  -54.833  53.136 0.0000000000
40615  -16.287  -52.003  56.725 0.0000000000
59301  -41.397  -34.431  35.532 0.0000000000
58236  -42.775  -35.037  36.548 0.0000000000
59274  -43.309  -34.812  35.905 0.0000000000
59247  -47.737  -33.198  38.640 0.0000000000
59245  -45.985  -34.154  37.972 0.0000000000
58188  -47.835  -33.966  39.621 0.0000000000
58173  -48.215  -34.219  40.229 0.0000000000
59217  -49.051  -33.056  40.313 0.0000000000
63515  -50.383  -29.848  38.159 0.0000000000
62459  -49.796  -30.413  38.486 0.0000000000
61375  -50.862  -31.347  38.333 0.0000000000
74511  -49.208  -19.076  30.704 0.0000000000
73495  -51.227  -19.318  31.468 0.0000000000
75496  -50.670  -18.455  31.050 0.0000000000
75508  -51.339  -17.794  30.941 0.0000000000
76493  -52.178  -17.428  30.748 0.0000000000
76465  -54.007  -17.904  32.199 0.0000000000
76484  -53.802  -17.048  30.464 0.0000000000
76518  -54.257  -16.243  27.398 0.0000000000
76516  -52.503  -16.945  27.435 0.0000000000
77452  -54.613  -15.820  28.409 0.0000000000
78425  -54.969  -15.904  30.075 0.0000000000
78427  -55.953  -15.581  29.716 0.0000000000
78436  -56.838  -15.387  29.019 0.0000000000
75538  -57.214  -16.843  27.339 0.0000000000
48290  -38.385  -42.844  46.194 0.0000000000
49341  -39.291  -42.066  46.450 0.0000000000
49366  -38.332  -42.004  45.453 0.0000000000
51603  -38.502  -40.985  43.873 0.0000000000
43570  -18.929  -48.249  47.639 0.0000000000
47408  -33.746  -45.018  45.015 0.0000000000
47386  -34.897  -45.060  45.977 0.0000000000
47368  -35.875  -45.548  46.761 0.0000000000
47369  -36.796  -45.486  47.269 0.0000000000
47388  -37.196  -44.621  46.227 0.0000000000
47389  -37.827  -43.963  46.218 0.0000000000
57166  -40.455  -35.782  40.975 0.0000000000
57148  -42.353  -36.037  41.811 0.0000000000
57167  -41.488  -36.085  40.896 0.0000000000
57184  -42.784  -36.089  39.748 0.0000000000
57185  -43.870  -35.982  39.597 0.0000000000
67567  -51.382  -25.866  33.472 0.0000000000
66545  -51.898  -27.060  35.467 0.0000000000
67559  -52.386  -25.952  34.577 0.0000000000
67532  -54.293  -26.381  37.852 0.0000000000
72528  -54.956  -20.634  34.233 0.0000000000
33569  -11.802  -58.578  54.205 0.0000000000
33561  -11.641  -58.873  55.232 0.0000000000
56148  -39.572  -36.547  45.074 0.0000000000
56134  -40.419  -36.413  46.509 0.0000000000
57077  -38.909  -35.519  45.497 0.0000000000
58089  -37.957  -34.573  45.646 0.0000000000
60193  -37.970  -33.857  44.969 0.0000000000
60204  -38.287  -33.568  44.489 0.0000000000
60213  -36.710  -33.974  43.375 0.0000000000
60225  -36.242  -33.656  42.418 0.0000000000
58151  -35.762  -34.155  41.361 0.0000000000
47261  -20.761  -46.277  52.861 0.0000000000
46291  -20.713  -45.945  54.567 0.0000000000
47219  -21.223  -45.736  54.835 0.0000000000
47210  -22.316  -45.602  55.718 0.0000000000
45286  -25.442  -46.958  56.834 0.0000000000
49330  -24.963  -43.652  45.890 0.0000000000
48263  -25.893  -44.899  46.855 0.0000000000
46381  -30.976  -46.023  49.383 0.0000000000
47312  -30.135  -46.270  49.980 0.0000000000
47291  -30.650  -46.409  51.096 0.0000000000
47269  -30.320  -46.350  51.787 0.0000000000
46319  -30.230  -46.254  53.117 0.0000000000
46296  -29.682  -46.484  54.513 0.0000000000
45347  -31.349  -46.237  54.321 0.0000000000
40697  -16.872  -51.881  49.688 0.0000000000
39757  -16.382  -52.584  50.314 0.0000000000
39728  -15.793  -52.926  53.498 0.0000000000
39716  -15.825  -52.797  54.564 0.0000000000
40651  -16.287  -51.669  54.866 0.0000000000
59331  -44.065  -33.453  34.516 0.0000000000
59304  -44.902  -33.954  35.191 0.0000000000
59305  -45.698  -33.411  35.136 0.0000000000
60292  -47.049  -32.950  37.016 0.0000000000
60274  -48.144  -32.479  38.352 0.0000000000
75517  -47.229  -17.489  29.154 0.0000000000
75506  -49.147  -18.224  30.213 0.0000000000
75528  -47.917  -17.347  28.589 0.0000000000
76526  -54.722  -16.187  26.623 0.0000000000
78448  -56.358  -15.321  27.931 0.0000000000
77475  -55.883  -15.693  26.785 0.0000000000
77477  -57.159  -15.327  25.959 0.0000000000
36682  -14.312  -56.059  55.317 0.0000000000
35649  -14.004  -56.673  56.439 0.0000000000
50399  -42.163  -41.165  50.776 0.0000000000
49269  -41.789  -41.644  50.271 0.0000000000
51543  -41.094  -40.178  48.074 0.0000000000
52738  -40.638  -39.408  46.546 0.0000000000
51590  -39.629  -40.457  45.437 0.0000000000
52756  -39.992  -39.594  45.239 0.0000000000
53924  -39.940  -38.676  45.268 0.0000000000
56165  -39.190  -36.838  44.236 0.0000000000
56163  -37.502  -36.026  43.449 0.0000000000
42564  -17.731  -49.238  52.106 0.0000000000
43478  -17.502  -48.540  53.619 0.0000000000
43509  -18.162  -48.545  51.615 0.0000000000
44468  -18.172  -47.637  51.750 0.0000000000
46354  -19.298  -46.658  51.271 0.0000000000
44489  -19.811  -47.367  49.301 0.0000000000
45421  -19.362  -46.777  50.414 0.0000000000
46355  -20.003  -46.397  51.576 0.0000000000
47280  -20.922  -46.196  52.117 0.0000000000
47282  -22.029  -46.478  51.569 0.0000000000
47265  -23.660  -46.257  52.357 0.0000000000
47383  -29.772  -46.004  46.214 0.0000000000
47367  -30.204  -46.385  47.045 0.0000000000
46447  -32.167  -45.939  46.454 0.0000000000
46431  -31.648  -46.170  47.092 0.0000000000
46398  -30.947  -46.018  48.426 0.0000000000
46400  -32.738  -46.127  49.147 0.0000000000
46383  -32.825  -46.607  50.146 0.0000000000
45425  -34.081  -46.923  51.464 0.0000000000
45391  -35.220  -46.774  53.030 0.0000000000
45409  -35.493  -46.916  52.002 0.0000000000
45411  -37.104  -46.292  51.597 0.0000000000
46365  -37.764  -45.922  51.322 0.0000000000
46422  -37.796  -46.078  48.532 0.0000000000
46405  -38.483  -45.769  49.825 0.0000000000
47314  -39.042  -45.198  51.099 0.0000000000
47293  -39.691  -44.525  51.634 0.0000000000
41663  -17.157  -51.086  49.065 0.0000000000
59155  -43.060  -34.001  47.455 0.0000000000
58093  -44.227  -34.308  45.963 0.0000000000
58094  -45.479  -34.340  45.945 0.0000000000
58112  -45.733  -34.569  44.966 0.0000000000
57112  -44.097  -35.232  43.294 0.0000000000
57113  -45.232  -35.209  43.371 0.0000000000
63580  -47.715  -29.540  33.472 0.0000000000
62515  -48.311  -30.731  34.462 0.0000000000
63566  -49.139  -29.949  34.656 0.0000000000
63546  -50.360  -29.325  36.439 0.0000000000
63516  -51.418  -29.543  38.180 0.0000000000
65555  -51.939  -27.980  36.786 0.0000000000
63517  -52.445  -29.066  39.189 0.0000000000
58254  -38.115  -34.811  35.588 0.0000000000
58233  -39.671  -35.305  36.699 0.0000000000
59299  -38.914  -34.070  34.974 0.0000000000
59327  -39.722  -33.689  34.218 0.0000000000
60349  -41.463  -33.130  33.843 0.0000000000
60369  -42.085  -32.456  33.485 0.0000000000
61451  -43.055  -31.839  33.465 0.0000000000
62525  -43.592  -30.649  33.421 0.0000000000
63578  -45.361  -29.838  33.432 0.0000000000
64573  -45.996  -29.052  33.184 0.0000000000
65600  -46.588  -27.779  32.725 0.0000000000
65601  -47.607  -27.554  32.681 0.0000000000
66582  -48.635  -27.021  32.282 0.0000000000
68611  -46.065  -24.783  30.585 0.0000000000
67595  -47.527  -25.566  31.022 0.0000000000
67583  -49.412  -26.137  31.954 0.0000000000
67598  -50.539  -24.931  31.628 0.0000000000
69671  -51.220  -23.992  31.791 0.0000000000
70642  -51.714  -22.717  31.961 0.0000000000
71608  -52.341  -22.043  32.310 0.0000000000
71624  -50.943  -21.913  31.046 0.0000000000
73506  -48.702  -19.634  30.746 0.0000000000
74523  -47.291  -18.778  30.425 0.0000000000
74534  -47.602  -18.215  29.892 0.0000000000
34611  -13.356  -57.426  56.546 0.0000000000
34603  -13.003  -58.142  56.804 0.0000000000
33548  -12.283  -58.971  57.121 0.0000000000
33519  -13.680  -58.868  60.242 0.0000000000
33529  -12.422  -59.378  59.173 0.0000000000
32417  -11.886  -59.490  58.099 0.0000000000
32415  -10.639  -60.325  58.844 0.0000000000
31364  -10.165  -60.863  59.132 0.0000000000
30327  -9.909  -62.094  59.163 0.0000000000
29394  -10.731  -62.206  59.672 0.0000000000
58047  -43.097  -34.517  49.845 0.0000000000
55003  -41.910  -37.090  50.351 0.0000000000
56121  -40.812  -36.449  47.949 0.0000000000
56103  -41.034  -35.908  49.322 0.0000000000
58020  -41.091  -35.002  49.828 0.0000000000
59110  -42.060  -34.610  49.381 0.0000000000
59137  -42.444  -33.848  48.011 0.0000000000
59154  -42.100  -33.902  46.986 0.0000000000
58108  -41.090  -34.282  44.991 0.0000000000
58124  -40.668  -34.607  43.843 0.0000000000
59191  -38.170  -33.701  43.612 0.0000000000
59200  -39.293  -34.254  42.817 0.0000000000
57126  -39.862  -35.037  42.229 0.0000000000
57180  -38.757  -35.559  40.354 0.0000000000
57193  -38.882  -35.802  39.409 0.0000000000
58212  -37.497  -35.517  37.528 0.0000000000
58135  -34.314  -34.782  41.857 0.0000000000
58149  -33.876  -34.627  41.067 0.0000000000
58166  -34.376  -34.343  40.190 0.0000000000
58182  -34.537  -34.302  39.377 0.0000000000
59244  -34.769  -34.694  38.482 0.0000000000
58197  -35.527  -34.817  38.019 0.0000000000
58211  -36.419  -34.948  37.293 0.0000000000
58231  -37.277  -35.030  36.439 0.0000000000
46271  -20.247  -46.143  56.136 0.0000000000
47378  -22.418  -45.514  45.964 0.0000000000
47363  -23.332  -45.523  46.900 0.0000000000
47362  -22.524  -46.013  47.636 0.0000000000
47323  -22.696  -46.307  49.556 0.0000000000
47305  -23.090  -46.365  50.310 0.0000000000
46337  -24.517  -46.386  52.179 0.0000000000
48281  -26.769  -44.758  45.523 0.0000000000
48264  -26.623  -45.054  46.735 0.0000000000
47347  -26.782  -45.434  48.684 0.0000000000
47329  -28.387  -45.867  49.320 0.0000000000
47328  -27.453  -45.717  49.475 0.0000000000
47327  -26.448  -45.580  49.620 0.0000000000
47308  -26.070  -45.849  50.434 0.0000000000
46339  -26.018  -46.571  52.417 0.0000000000
46315  -25.489  -46.465  53.404 0.0000000000
46294  -26.104  -46.556  54.453 0.0000000000
45301  -27.563  -47.098  56.323 0.0000000000
35673  -12.340  -57.195  51.992 0.0000000000
35666  -13.735  -56.852  53.194 0.0000000000
38745  -14.610  -54.626  49.445 0.0000000000
37737  -14.337  -55.201  50.062 0.0000000000
36708  -14.453  -55.782  51.833 0.0000000000
36702  -14.461  -55.588  52.857 0.0000000000
36690  -14.132  -56.022  54.421 0.0000000000
36691  -14.610  -55.317  54.755 0.0000000000
39704  -15.801  -52.873  55.644 0.0000000000
58215  -41.394  -35.669  37.218 0.0000000000
57209  -43.149  -35.923  37.794 0.0000000000
57198  -44.057  -35.735  38.543 0.0000000000
59258  -44.926  -34.434  37.065 0.0000000000
57200  -45.596  -34.830  38.653 0.0000000000
57187  -45.914  -35.191  39.397 0.0000000000
57173  -47.898  -34.667  40.546 0.0000000000
61401  -48.586  -31.270  36.775 0.0000000000
61334  -49.269  -31.284  39.591 0.0000000000
61316  -49.597  -31.650  40.320 0.0000000000
72536  -52.930  -20.638  32.907 0.0000000000
73485  -53.251  -19.768  32.990 0.0000000000
74479  -53.802  -18.744  33.329 0.0000000000
75497  -51.371  -18.083  31.593 0.0000000000
75488  -52.441  -18.135  32.258 0.0000000000
74481  -54.860  -18.862  33.673 0.0000000000
74482  -55.553  -18.689  33.521 0.0000000000
74492  -56.108  -18.385  32.865 0.0000000000
76506  -52.378  -17.490  28.670 0.0000000000
76485  -54.506  -16.672  30.704 0.0000000000
76455  -56.155  -17.160  31.889 0.0000000000
76509  -57.310  -16.356  27.957 0.0000000000
49388  -36.823  -42.769  43.960 0.0000000000
48318  -35.334  -43.987  44.104 0.0000000000
48319  -36.301  -43.610  44.290 0.0000000000
48302  -36.932  -43.564  44.867 0.0000000000
58213  -38.906  -36.138  37.728 0.0000000000
57206  -40.041  -36.161  38.380 0.0000000000
68576  -53.100  -24.482  34.356 0.0000000000
68577  -53.893  -23.696  34.857 0.0000000000
68571  -55.060  -23.878  36.011 0.0000000000
69652  -54.353  -22.998  34.657 0.0000000000
69653  -54.918  -22.993  35.113 0.0000000000
70622  -53.416  -22.451  33.715 0.0000000000
34623  -13.427  -57.234  53.896 0.0000000000
34622  -12.865  -57.654  53.742 0.0000000000
34617  -13.535  -57.029  54.463 0.0000000000
57108  -35.826  -35.160  43.165 0.0000000000
57090  -36.196  -35.062  43.739 0.0000000000
58121  -35.483  -34.525  42.980 0.0000000000
42500  -17.227  -49.239  54.612 0.0000000000
42522  -16.995  -49.412  53.687 0.0000000000
47246  -23.443  -46.116  53.381 0.0000000000
47232  -23.100  -45.911  54.287 0.0000000000
47233  -23.910  -45.953  54.289 0.0000000000
46292  -24.580  -46.152  54.601 0.0000000000
44461  -33.191  -47.194  52.614 0.0000000000
44460  -32.849  -47.196  52.633 0.0000000000
45389  -33.225  -46.982  53.117 0.0000000000
45371  -33.742  -46.600  54.007 0.0000000000
42521  -16.827  -50.060  53.615 0.0000000000
61455  -46.862  -31.377  33.904 0.0000000000
62513  -47.216  -31.217  34.150 0.0000000000
48254  -39.900  -43.002  47.838 0.0000000000
49289  -40.688  -42.156  48.092 0.0000000000
49314  -39.719  -42.339  46.979 0.0000000000
52810  -38.180  -39.739  42.443 0.0000000000
53962  -38.462  -39.005  42.912 0.0000000000
45469  -21.262  -46.703  47.506 0.0000000000
46394  -21.790  -46.511  49.359 0.0000000000
46419  -34.603  -46.462  48.510 0.0000000000
46420  -35.884  -46.495  48.693 0.0000000000
46403  -35.722  -46.641  49.494 0.0000000000
48253  -39.336  -43.561  47.512 0.0000000000
47354  -38.953  -44.464  48.071 0.0000000000
42641  -18.120  -49.680  47.790 0.0000000000
42622  -17.988  -49.679  48.986 0.0000000000
58141  -41.337  -34.924  43.228 0.0000000000
58126  -42.655  -34.915  43.788 0.0000000000
58142  -41.980  -34.922  43.435 0.0000000000
57150  -44.600  -35.857  41.525 0.0000000000
57171  -45.930  -35.696  40.384 0.0000000000
66563  -49.434  -27.287  32.956 0.0000000000
65571  -50.274  -27.940  34.016 0.0000000000
65572  -50.626  -27.656  34.552 0.0000000000
63503  -54.490  -28.665  39.411 0.0000000000
66589  -44.855  -26.292  31.151 0.0000000000
70670  -47.940  -22.197  30.627 0.0000000000
72569  -47.429  -20.620  30.655 0.0000000000
33560  -11.003  -59.394  55.093 0.0000000000
32454  -10.612  -59.857  55.596 0.0000000000
34577  -14.872  -57.780  60.585 0.0000000000
31335  -12.305  -60.632  61.070 0.0000000000
30322  -13.189  -61.538  60.834 0.0000000000
53897  -41.194  -38.315  47.368 0.0000000000
53898  -41.429  -38.246  48.047 0.0000000000
55050  -40.864  -37.488  46.775 0.0000000000
59133  -38.644  -33.734  46.762 0.0000000000
58045  -38.963  -34.278  47.914 0.0000000000
59119  -39.841  -33.949  47.958 0.0000000000
59151  -39.393  -33.368  45.903 0.0000000000
60187  -38.827  -33.410  46.085 0.0000000000
59216  -37.191  -34.621  41.139 0.0000000000
58168  -36.855  -34.768  40.560 0.0000000000
46332  -19.302  -46.506  52.318 0.0000000000
45362  -19.212  -46.651  53.413 0.0000000000
48244  -25.443  -45.302  47.530 0.0000000000
46396  -24.813  -46.087  49.260 0.0000000000
46414  -25.238  -45.814  49.090 0.0000000000
47365  -28.753  -45.554  47.519 0.0000000000
47350  -29.310  -45.970  48.154 0.0000000000
47248  -29.550  -46.337  52.680 0.0000000000
47267  -28.951  -46.439  52.295 0.0000000000
46342  -28.715  -46.330  52.829 0.0000000000
46341  -28.165  -46.401  52.447 0.0000000000
46317  -28.412  -46.343  53.386 0.0000000000
46295  -28.942  -46.397  53.891 0.0000000000
46346  -38.236  -45.448  52.810 0.0000000000
38691  -15.226  -53.644  54.341 0.0000000000
59302  -42.609  -34.354  35.201 0.0000000000
59231  -47.452  -33.749  38.982 0.0000000000
58189  -48.346  -33.762  40.040 0.0000000000
61376  -51.462  -30.804  37.731 0.0000000000
62460  -50.530  -30.522  38.720 0.0000000000
74512  -50.022  -18.852  30.957 0.0000000000
74525  -49.393  -18.584  30.565 0.0000000000
76483  -52.888  -17.453  30.925 0.0000000000
76494  -52.613  -17.395  30.043 0.0000000000
77443  -55.048  -15.468  29.055 0.0000000000
78434  -55.631  -15.345  29.257 0.0000000000
77437  -56.538  -16.026  29.662 0.0000000000
78435  -56.322  -15.176  29.150 0.0000000000
49339  -38.153  -42.441  45.822 0.0000000000
50523  -37.539  -41.428  43.121 0.0000000000
50502  -37.980  -41.668  44.050 0.0000000000
51621  -38.187  -40.725  43.171 0.0000000000
47430  -34.412  -44.700  44.176 0.0000000000
47410  -35.332  -44.658  45.144 0.0000000000
47409  -34.534  -44.854  45.162 0.0000000000
46450  -35.293  -45.401  46.607 0.0000000000
48270  -38.279  -43.549  46.521 0.0000000000
57182  -40.654  -36.199  40.078 0.0000000000
57183  -41.717  -36.196  39.907 0.0000000000
57197  -42.999  -36.172  38.733 0.0000000000
67558  -51.554  -26.287  34.193 0.0000000000
67533  -54.671  -26.105  38.250 0.0000000000
66515  -54.645  -26.674  39.030 0.0000000000
67522  -55.000  -25.935  38.975 0.0000000000
71591  -55.515  -21.539  35.054 0.0000000000
71576  -56.246  -21.453  35.558 0.0000000000
33570  -12.470  -58.040  54.092 0.0000000000
33578  -11.919  -58.108  53.313 0.0000000000
33555  -12.394  -58.535  56.039 0.0000000000
56147  -38.665  -35.961  44.595 0.0000000000
59178  -37.476  -34.293  44.475 0.0000000000
59165  -37.886  -34.123  45.193 0.0000000000
60203  -37.622  -33.973  44.327 0.0000000000
60202  -36.987  -34.081  43.773 0.0000000000
59203  -35.706  -33.965  42.262 0.0000000000
60224  -35.897  -33.681  42.440 0.0000000000
59204  -35.851  -33.761  41.898 0.0000000000
59214  -36.122  -34.009  41.437 0.0000000000
47243  -21.037  -46.115  53.476 0.0000000000
47229  -20.915  -45.889  54.120 0.0000000000
47230  -21.418  -45.991  54.221 0.0000000000
47211  -23.080  -45.618  55.802 0.0000000000
46252  -24.674  -46.415  56.795 0.0000000000
49331  -25.699  -43.761  45.908 0.0000000000
49304  -25.389  -44.076  46.140 0.0000000000
49305  -25.730  -44.413  46.280 0.0000000000
46382  -31.843  -46.312  49.799 0.0000000000
47313  -31.047  -46.339  50.270 0.0000000000
45387  -31.599  -46.505  53.190 0.0000000000
46344  -30.968  -46.366  52.330 0.0000000000
46343  -30.343  -46.312  52.337 0.0000000000
46320  -31.208  -46.228  53.556 0.0000000000
46297  -30.886  -46.290  54.242 0.0000000000
46298  -31.303  -46.171  54.082 0.0000000000
45325  -32.010  -46.373  55.084 0.0000000000
40688  -16.702  -51.786  50.956 0.0000000000
40678  -16.453  -51.708  52.352 0.0000000000
39729  -16.239  -52.323  53.473 0.0000000000
39717  -16.298  -52.108  54.169 0.0000000000
41587  -16.693  -50.691  55.140 0.0000000000
60352  -44.329  -32.636  34.166 0.0000000000
59332  -45.008  -33.293  34.455 0.0000000000
59333  -45.702  -33.080  34.482 0.0000000000
61423  -47.354  -32.313  35.662 0.0000000000
60309  -47.061  -32.634  36.225 0.0000000000
60310  -47.430  -32.589  36.810 0.0000000000
60293  -47.632  -32.550  37.442 0.0000000000
61373  -48.280  -32.097  37.861 0.0000000000
76525  -53.601  -16.413  26.220 0.0000000000
77474  -55.342  -15.742  27.036 0.0000000000
76532  -54.977  -16.256  25.859 0.0000000000
35650  -14.799  -55.976  56.752 0.0000000000
49247  -41.508  -42.764  51.031 0.0000000000
49248  -41.774  -41.962  50.920 0.0000000000
49268  -41.307  -42.258  49.553 0.0000000000
50448  -40.620  -41.065  47.461 0.0000000000
50430  -40.894  -41.118  48.000 0.0000000000
51559  -40.547  -40.368  47.245 0.0000000000
52723  -41.032  -39.316  47.392 0.0000000000
51575  -40.287  -40.098  46.417 0.0000000000
50467  -38.953  -41.428  45.851 0.0000000000
50468  -39.427  -41.401  46.248 0.0000000000
52777  -39.573  -39.623  44.768 0.0000000000
53945  -39.647  -39.033  44.919 0.0000000000
53923  -39.476  -38.562  44.912 0.0000000000
55065  -39.304  -37.821  44.883 0.0000000000
55082  -39.052  -37.618  43.681 0.0000000000
56178  -37.899  -36.687  43.161 0.0000000000
44480  -18.868  -47.745  50.823 0.0000000000
44479  -18.379  -48.077  51.269 0.0000000000
44469  -18.528  -47.222  51.281 0.0000000000
45402  -18.540  -46.859  51.752 0.0000000000
45420  -19.006  -46.979  50.925 0.0000000000
44497  -19.314  -47.853  48.107 0.0000000000
44498  -19.813  -47.504  48.644 0.0000000000
46392  -20.136  -46.648  49.886 0.0000000000
46376  -19.852  -46.538  50.515 0.0000000000
46356  -20.658  -46.266  51.833 0.0000000000
47302  -21.035  -46.240  51.416 0.0000000000
47264  -22.653  -46.397  52.470 0.0000000000
47283  -22.895  -46.384  51.406 0.0000000000
47405  -30.826  -46.096  45.249 0.0000000000
47384  -30.624  -46.347  46.278 0.0000000000
46462  -32.594  -45.773  45.680 0.0000000000
46432  -32.443  -46.099  47.233 0.0000000000
46416  -31.723  -45.962  47.901 0.0000000000
46399  -31.805  -46.004  48.815 0.0000000000
46384  -33.970  -46.759  50.598 0.0000000000
46364  -33.640  -47.023  51.316 0.0000000000
45426  -34.820  -46.967  51.157 0.0000000000
45444  -36.749  -46.525  50.024 0.0000000000
45428  -36.528  -46.531  50.885 0.0000000000
46386  -37.918  -46.081  50.837 0.0000000000
47352  -37.295  -45.681  47.857 0.0000000000
46421  -37.079  -46.166  48.184 0.0000000000
48226  -41.049  -43.335  50.471 0.0000000000
41654  -17.629  -50.287  50.711 0.0000000000
58076  -42.780  -34.180  46.802 0.0000000000
58077  -44.008  -34.103  47.184 0.0000000000
58092  -43.266  -34.375  46.252 0.0000000000
58111  -44.496  -34.609  44.970 0.0000000000
57130  -43.248  -35.675  42.597 0.0000000000
57132  -45.554  -35.606  42.515 0.0000000000
57114  -46.589  -35.185  43.745 0.0000000000
58130  -46.495  -34.914  44.242 0.0000000000
57115  -47.799  -35.488  43.478 0.0000000000
63581  -48.706  -29.369  33.693 0.0000000000
62530  -48.390  -30.159  33.809 0.0000000000
64544  -50.911  -28.815  36.056 0.0000000000
63532  -50.353  -29.516  37.417 0.0000000000
64513  -51.027  -29.076  37.881 0.0000000000
66546  -52.420  -27.081  36.110 0.0000000000
65565  -52.173  -27.607  36.368 0.0000000000
65556  -52.566  -27.527  36.966 0.0000000000
63500  -52.912  -28.708  39.466 0.0000000000
29392  -9.450  -63.027  58.831 0.0000000000
28442  -9.707  -63.051  58.808 0.0000000000
59328  -40.836  -33.739  34.468 0.0000000000
60348  -40.424  -33.119  33.663 0.0000000000
60368  -41.061  -32.446  33.128 0.0000000000
60370  -42.731  -32.535  33.690 0.0000000000
62526  -44.665  -30.682  33.602 0.0000000000
63577  -44.283  -29.768  33.351 0.0000000000
64572  -45.025  -29.112  32.998 0.0000000000
64589  -45.721  -28.473  32.733 0.0000000000
64590  -46.324  -28.465  33.015 0.0000000000
66590  -45.856  -26.344  31.251 0.0000000000
66581  -47.287  -26.931  32.200 0.0000000000
66592  -47.932  -26.393  31.576 0.0000000000
69685  -47.554  -23.835  30.703 0.0000000000
68612  -47.010  -24.517  30.688 0.0000000000
68613  -48.127  -24.617  30.791 0.0000000000
67596  -48.696  -25.692  31.341 0.0000000000
67597  -49.812  -25.286  31.503 0.0000000000
70655  -49.513  -22.492  30.790 0.0000000000
69689  -51.312  -23.180  31.774 0.0000000000
70657  -51.167  -22.640  31.464 0.0000000000
71623  -50.179  -21.663  30.854 0.0000000000
72556  -48.253  -20.308  30.771 0.0000000000
72557  -48.982  -20.475  30.878 0.0000000000
32453  -9.855  -60.478  56.096 0.0000000000
35648  -13.424  -57.216  56.145 0.0000000000
34604  -13.526  -57.575  57.379 0.0000000000
34595  -13.014  -58.383  57.893 0.0000000000
33520  -14.276  -58.544  60.472 0.0000000000
32397  -12.434  -59.855  60.733 0.0000000000
33518  -12.923  -59.402  60.124 0.0000000000
33517  -12.124  -59.796  59.648 0.0000000000
33539  -12.006  -59.522  58.636 0.0000000000
33528  -11.859  -59.739  59.097 0.0000000000
32416  -11.380  -59.850  58.487 0.0000000000
32405  -11.375  -60.182  59.438 0.0000000000
32404  -10.680  -60.599  59.528 0.0000000000
31351  -10.575  -61.246  59.876 0.0000000000
31363  -9.967  -61.575  59.215 0.0000000000
31350  -10.202  -61.698  59.465 0.0000000000
30328  -10.382  -61.923  59.562 0.0000000000
30319  -10.864  -61.725  60.117 0.0000000000
29391  -12.840  -62.061  60.300 0.0000000000
58022  -43.411  -34.911  51.322 0.0000000000
58036  -43.657  -34.565  50.450 0.0000000000
58035  -42.677  -34.840  50.349 0.0000000000
50411  -41.814  -41.053  49.827 0.0000000000
51515  -42.200  -40.235  50.395 0.0000000000
53873  -41.810  -38.200  49.409 0.0000000000
52684  -42.004  -39.040  50.117 0.0000000000
53864  -42.044  -37.942  50.015 0.0000000000
53865  -42.501  -38.178  50.681 0.0000000000
55012  -41.637  -37.305  49.660 0.0000000000
57065  -39.802  -35.469  46.796 0.0000000000
57066  -40.428  -35.889  47.363 0.0000000000
57040  -40.464  -35.396  48.941 0.0000000000
57029  -40.662  -35.281  49.499 0.0000000000
56093  -41.128  -35.720  49.682 0.0000000000
57015  -41.082  -35.237  49.756 0.0000000000
58019  -40.857  -34.978  49.746 0.0000000000
59120  -40.785  -34.102  48.275 0.0000000000
59109  -41.127  -34.403  49.131 0.0000000000
59121  -41.731  -34.047  48.648 0.0000000000
59168  -40.081  -33.536  45.512 0.0000000000
59169  -40.985  -33.903  45.895 0.0000000000
59182  -40.523  -33.800  45.254 0.0000000000
58107  -40.408  -34.219  44.362 0.0000000000
59193  -40.034  -34.161  43.919 0.0000000000
60215  -38.084  -33.526  43.967 0.0000000000
59179  -38.293  -33.532  44.095 0.0000000000
59199  -38.519  -34.075  42.851 0.0000000000
58138  -38.891  -34.552  42.233 0.0000000000
58139  -39.684  -34.797  42.438 0.0000000000
58154  -39.219  -34.949  41.749 0.0000000000
57165  -39.383  -35.369  41.171 0.0000000000
58170  -38.835  -35.171  41.249 0.0000000000
58199  -37.763  -35.750  38.914 0.0000000000
57192  -38.176  -35.549  39.828 0.0000000000
58200  -38.689  -35.963  38.687 0.0000000000
58165  -33.135  -34.044  40.592 0.0000000000
59213  -33.413  -33.952  39.845 0.0000000000
59228  -33.934  -33.952  39.197 0.0000000000
59229  -34.531  -34.318  38.927 0.0000000000
58196  -34.605  -34.982  37.706 0.0000000000
58230  -36.237  -34.678  36.275 0.0000000000
43492  -17.808  -48.468  52.468 0.0000000000
44451  -18.132  -47.613  53.985 0.0000000000
44439  -18.753  -47.350  54.769 0.0000000000
46290  -20.274  -46.160  55.065 0.0000000000
47343  -22.982  -45.757  48.404 0.0000000000
47284  -23.850  -46.456  51.283 0.0000000000
46357  -24.520  -46.543  51.598 0.0000000000
48282  -27.477  -45.274  46.348 0.0000000000
48247  -27.876  -45.521  47.815 0.0000000000
48265  -27.479  -45.429  47.151 0.0000000000
48246  -27.126  -45.257  47.814 0.0000000000
47330  -29.213  -46.217  49.102 0.0000000000
47311  -29.145  -46.307  50.111 0.0000000000
47287  -26.693  -46.338  51.129 0.0000000000
45386  -26.844  -46.576  52.841 0.0000000000
46359  -26.163  -46.483  51.915 0.0000000000
45385  -26.107  -46.606  52.837 0.0000000000
46338  -25.434  -46.551  52.596 0.0000000000
45364  -25.947  -46.592  53.281 0.0000000000
45342  -25.998  -46.556  53.816 0.0000000000
45343  -26.612  -46.655  54.068 0.0000000000
45321  -27.452  -46.961  55.257 0.0000000000
46279  -30.824  -46.543  55.294 0.0000000000
46278  -30.169  -46.785  55.626 0.0000000000
46265  -30.599  -46.785  55.992 0.0000000000
45392  -36.162  -46.690  52.796 0.0000000000
35674  -13.288  -57.044  52.093 0.0000000000
39768  -15.768  -53.305  49.615 0.0000000000
38722  -15.210  -54.532  51.393 0.0000000000
38731  -14.999  -54.648  50.341 0.0000000000
36714  -14.283  -55.841  50.829 0.0000000000
36696  -14.056  -56.089  53.497 0.0000000000
40650  -16.013  -52.337  55.263 0.0000000000
59141  -46.686  -33.781  47.897 0.0000000000
58256  -40.370  -34.863  35.951 0.0000000000
58234  -40.743  -35.297  36.590 0.0000000000
58217  -43.307  -35.357  37.190 0.0000000000
58216  -42.403  -35.514  37.150 0.0000000000
57210  -43.809  -35.485  37.738 0.0000000000
59275  -44.658  -34.648  36.357 0.0000000000
59259  -45.532  -34.153  37.411 0.0000000000
58204  -46.398  -34.305  38.570 0.0000000000
58203  -45.812  -34.375  38.224 0.0000000000
58186  -46.216  -34.625  38.881 0.0000000000
57172  -47.009  -35.111  40.330 0.0000000000
58172  -47.457  -34.553  39.849 0.0000000000
58155  -48.731  -34.533  40.804 0.0000000000
58156  -49.484  -34.534  41.072 0.0000000000
62503  -48.762  -30.766  35.386 0.0000000000
62489  -48.355  -31.282  35.937 0.0000000000
62490  -49.046  -30.685  36.442 0.0000000000
62445  -49.696  -30.955  39.616 0.0000000000
61352  -49.381  -31.110  38.989 0.0000000000
61333  -49.138  -31.550  39.917 0.0000000000
62429  -49.843  -31.281  40.176 0.0000000000
71599  -52.749  -21.482  32.808 0.0000000000
72546  -52.357  -20.840  32.106 0.0000000000
74501  -51.544  -18.772  31.897 0.0000000000
73497  -52.701  -19.807  32.433 0.0000000000
74503  -52.993  -19.268  32.682 0.0000000000
73486  -53.798  -19.631  33.510 0.0000000000
74488  -53.001  -18.771  32.632 0.0000000000
75507  -50.263  -18.287  30.583 0.0000000000
76472  -52.282  -17.631  31.735 0.0000000000
76471  -51.734  -17.616  31.564 0.0000000000
75489  -53.149  -18.165  32.214 0.0000000000
75473  -53.606  -18.430  32.716 0.0000000000
75474  -54.238  -18.191  33.035 0.0000000000
75464  -54.796  -18.125  33.383 0.0000000000
75475  -54.655  -17.935  33.067 0.0000000000
76466  -54.782  -17.517  31.916 0.0000000000
76442  -55.349  -17.721  32.894 0.0000000000
76453  -55.647  -17.488  32.405 0.0000000000
73498  -56.367  -19.216  32.763 0.0000000000
75477  -55.936  -17.678  32.480 0.0000000000
76507  -53.370  -16.662  28.467 0.0000000000
76495  -53.345  -16.924  29.506 0.0000000000
77433  -53.921  -16.643  29.905 0.0000000000
77428  -55.881  -16.423  30.819 0.0000000000
77427  -55.427  -16.338  30.801 0.0000000000
76468  -56.306  -17.051  31.368 0.0000000000
74515  -56.242  -17.903  31.831 0.0000000000
75501  -56.254  -18.037  30.989 0.0000000000
78449  -56.822  -15.408  27.438 0.0000000000
78443  -56.957  -15.547  28.034 0.0000000000
77454  -57.465  -15.853  27.596 0.0000000000
48303  -37.374  -43.092  45.309 0.0000000000
49365  -37.836  -42.437  45.073 0.0000000000
50501  -37.253  -41.952  43.772 0.0000000000
48287  -36.790  -44.356  45.440 0.0000000000
57194  -39.855  -36.236  39.315 0.0000000000
57207  -41.121  -36.196  38.094 0.0000000000
68585  -52.509  -24.512  33.253 0.0000000000
69630  -55.672  -23.592  36.434 0.0000000000
69645  -55.919  -22.909  36.267 0.0000000000
69644  -55.442  -22.983  35.710 0.0000000000
70624  -55.039  -22.326  34.946 0.0000000000
71589  -53.930  -21.221  33.782 0.0000000000
34640  -12.160  -57.489  52.464 0.0000000000
34629  -11.966  -57.768  52.774 0.0000000000
34630  -12.464  -57.681  53.073 0.0000000000
34610  -13.066  -57.763  55.852 0.0000000000
58105  -36.517  -34.779  43.951 0.0000000000
59176  -36.252  -34.479  43.710 0.0000000000
59189  -36.638  -34.033  43.671 0.0000000000
59187  -35.798  -34.060  43.016 0.0000000000
59196  -35.692  -34.100  42.741 0.0000000000
42484  -17.144  -49.966  55.352 0.0000000000
47231  -22.213  -46.086  54.296 0.0000000000
47222  -23.553  -45.879  55.193 0.0000000000
46274  -23.781  -46.070  55.832 0.0000000000
46261  -24.242  -46.271  56.288 0.0000000000
46275  -24.363  -46.203  55.455 0.0000000000
46363  -32.991  -47.211  51.122 0.0000000000
45406  -32.484  -47.242  52.086 0.0000000000
45369  -32.090  -46.345  53.777 0.0000000000
45350  -33.221  -46.406  54.785 0.0000000000
61437  -45.750  -31.952  33.759 0.0000000000
60354  -46.152  -32.673  34.231 0.0000000000
61438  -46.963  -32.037  34.421 0.0000000000
61424  -47.807  -31.799  35.343 0.0000000000
49267  -40.898  -42.588  48.812 0.0000000000
50429  -40.649  -41.430  47.634 0.0000000000
51604  -38.913  -40.577  44.306 0.0000000000
51605  -39.346  -40.238  44.709 0.0000000000
52796  -38.799  -39.690  43.590 0.0000000000
42602  -18.151  -49.752  50.029 0.0000000000
42583  -18.572  -49.171  50.332 0.0000000000
43527  -18.975  -48.608  50.064 0.0000000000
44488  -19.419  -47.858  49.434 0.0000000000
45467  -20.259  -47.246  48.410 0.0000000000
45454  -20.659  -46.909  48.862 0.0000000000
46393  -20.924  -46.542  49.745 0.0000000000
47321  -21.212  -46.423  50.699 0.0000000000
47322  -21.879  -46.472  50.035 0.0000000000
46448  -33.207  -45.864  46.372 0.0000000000
46418  -33.563  -46.087  48.422 0.0000000000
45442  -35.221  -46.847  50.482 0.0000000000
45456  -36.208  -46.581  49.496 0.0000000000
47370  -37.899  -44.436  47.153 0.0000000000
47334  -39.823  -44.292  49.141 0.0000000000
58109  -42.388  -34.703  44.916 0.0000000000
57079  -42.927  -34.703  45.684 0.0000000000
58127  -43.774  -34.917  44.009 0.0000000000
57153  -48.213  -35.064  41.313 0.0000000000
64576  -49.112  -28.598  33.503 0.0000000000
64562  -49.455  -29.086  34.041 0.0000000000
64563  -50.145  -28.516  34.219 0.0000000000
64564  -50.449  -28.347  34.752 0.0000000000
64556  -51.141  -28.233  35.732 0.0000000000
65547  -53.580  -27.339  38.533 0.0000000000
65531  -53.176  -27.686  38.862 0.0000000000
65517  -53.318  -27.870  39.497 0.0000000000
72538  -56.696  -20.379  34.039 0.0000000000
62524  -42.497  -30.701  33.047 0.0000000000
66578  -44.235  -26.849  31.730 0.0000000000
66579  -45.196  -27.057  31.632 0.0000000000
69686  -48.619  -23.378  30.733 0.0000000000
70654  -48.653  -22.244  30.663 0.0000000000
71621  -48.299  -21.255  30.739 0.0000000000
32441  -10.014  -60.473  57.070 0.0000000000
35635  -14.318  -57.446  58.598 0.0000000000
34597  -14.277  -57.777  59.077 0.0000000000
34587  -13.785  -58.478  59.571 0.0000000000
32391  -13.753  -59.523  61.323 0.0000000000
32389  -12.164  -60.211  60.884 0.0000000000
31343  -11.489  -60.934  60.607 0.0000000000
30315  -11.904  -61.415  60.949 0.0000000000
29389  -11.768  -62.047  60.635 0.0000000000
29387  -12.326  -61.831  60.928 0.0000000000
51525  -41.339  -39.830  48.751 0.0000000000
52712  -41.435  -38.882  48.421 0.0000000000
53887  -41.619  -38.284  48.704 0.0000000000
55035  -41.447  -37.683  48.366 0.0000000000
58074  -38.683  -34.694  46.620 0.0000000000
57050  -39.796  -35.173  47.656 0.0000000000
57038  -39.067  -34.776  47.978 0.0000000000
58046  -39.678  -34.443  48.332 0.0000000000
58032  -40.233  -34.638  48.929 0.0000000000
59135  -40.420  -33.778  47.348 0.0000000000
59153  -41.138  -33.752  46.786 0.0000000000
59197  -36.896  -33.757  42.535 0.0000000000
59198  -37.401  -33.899  42.755 0.0000000000
59206  -37.266  -34.239  41.776 0.0000000000
58152  -37.748  -34.947  41.423 0.0000000000
57143  -37.867  -35.145  41.249 0.0000000000
57179  -38.030  -35.397  40.516 0.0000000000
45401  -18.147  -47.133  52.397 0.0000000000
45382  -18.181  -47.182  53.045 0.0000000000
45361  -18.517  -47.056  53.371 0.0000000000
45340  -19.282  -46.880  54.294 0.0000000000
46258  -21.759  -45.864  56.408 0.0000000000
46257  -20.804  -46.044  56.752 0.0000000000
48261  -24.576  -44.845  46.228 0.0000000000
48260  -24.016  -44.975  45.979 0.0000000000
47324  -23.351  -46.036  49.170 0.0000000000
47325  -24.064  -46.176  48.967 0.0000000000
46379  -24.434  -46.339  49.863 0.0000000000
47307  -25.101  -46.420  50.222 0.0000000000
48283  -27.916  -45.446  46.785 0.0000000000
48248  -28.350  -45.581  47.726 0.0000000000
47289  -29.033  -46.432  51.180 0.0000000000
47288  -27.965  -46.385  51.491 0.0000000000
46361  -27.694  -46.463  52.033 0.0000000000
46340  -27.395  -46.486  52.404 0.0000000000
45366  -27.111  -46.623  53.573 0.0000000000
45367  -27.772  -46.501  53.777 0.0000000000
45345  -28.391  -46.656  54.467 0.0000000000
39748  -15.838  -53.172  52.079 0.0000000000
38723  -15.564  -53.842  51.710 0.0000000000
37721  -14.904  -55.079  52.151 0.0000000000
37709  -14.804  -54.577  54.072 0.0000000000
37704  -14.992  -54.474  55.034 0.0000000000
40635  -16.448  -51.319  55.936 0.0000000000
58235  -41.710  -34.935  36.417 0.0000000000
59273  -42.255  -34.641  35.954 0.0000000000
58237  -43.706  -34.955  36.706 0.0000000000
59260  -46.402  -33.437  37.222 0.0000000000
59246  -46.637  -33.859  38.244 0.0000000000
59230  -47.043  -33.986  38.713 0.0000000000
58187  -46.992  -34.291  38.992 0.0000000000
58174  -48.954  -33.822  40.418 0.0000000000
63531  -49.864  -29.928  37.895 0.0000000000
62474  -49.434  -30.404  37.659 0.0000000000
61353  -50.586  -31.263  39.240 0.0000000000
73508  -50.530  -19.681  31.089 0.0000000000
73509  -51.263  -19.991  31.348 0.0000000000
74513  -50.901  -18.795  31.304 0.0000000000
75509  -51.807  -17.488  30.981 0.0000000000
76482  -52.230  -17.452  31.283 0.0000000000
76451  -54.237  -18.119  32.686 0.0000000000
76473  -53.013  -17.792  31.570 0.0000000000
76474  -53.845  -17.655  31.350 0.0000000000
76475  -54.588  -17.137  31.195 0.0000000000
76524  -52.585  -16.493  26.405 0.0000000000
76517  -53.412  -16.606  27.330 0.0000000000
76508  -53.935  -16.269  28.086 0.0000000000
77451  -54.084  -16.157  28.762 0.0000000000
77442  -54.627  -15.889  29.391 0.0000000000
78426  -55.412  -15.814  30.024 0.0000000000
77429  -56.185  -16.384  30.379 0.0000000000
75511  -56.436  -17.171  29.996 0.0000000000
77465  -57.866  -15.628  27.055 0.0000000000
76510  -57.719  -16.161  27.415 0.0000000000
75539  -57.732  -16.500  27.120 0.0000000000
48271  -39.062  -43.049  46.668 0.0000000000
49313  -39.224  -42.404  46.532 0.0000000000
49340  -38.791  -42.085  46.099 0.0000000000
50484  -38.781  -41.390  45.213 0.0000000000
50483  -38.292  -41.772  44.858 0.0000000000
50503  -38.526  -41.312  44.447 0.0000000000
51622  -38.648  -40.414  43.566 0.0000000000
42642  -18.755  -48.920  47.697 0.0000000000
46429  -21.890  -46.257  47.011 0.0000000000
47428  -32.551  -45.322  44.166 0.0000000000
47407  -33.009  -45.486  44.895 0.0000000000
47385  -33.915  -45.019  45.926 0.0000000000
46436  -36.283  -46.085  47.862 0.0000000000
57129  -42.166  -35.342  42.856 0.0000000000
57147  -41.271  -35.733  41.813 0.0000000000
57168  -42.575  -36.077  40.758 0.0000000000
66584  -50.358  -26.309  32.986 0.0000000000
66552  -50.735  -27.060  34.373 0.0000000000
66565  -51.122  -26.400  34.070 0.0000000000
66554  -52.217  -26.633  35.375 0.0000000000
66537  -53.157  -26.737  37.040 0.0000000000
67545  -53.328  -26.312  36.785 0.0000000000
66527  -53.490  -26.899  37.645 0.0000000000
66514  -54.325  -26.830  38.758 0.0000000000
65519  -54.636  -27.426  39.391 0.0000000000
69631  -56.318  -23.022  36.437 0.0000000000
72515  -56.577  -21.163  35.463 0.0000000000
72529  -55.847  -20.736  34.671 0.0000000000
33587  -11.680  -57.911  52.763 0.0000000000
33577  -11.080  -58.560  53.409 0.0000000000
33554  -11.686  -58.988  56.231 0.0000000000
55049  -40.526  -37.197  46.069 0.0000000000
56149  -40.161  -36.678  45.738 0.0000000000
57078  -39.771  -35.800  45.883 0.0000000000
57076  -38.040  -35.252  45.199 0.0000000000
57063  -38.337  -34.991  46.057 0.0000000000
58073  -38.295  -34.328  46.420 0.0000000000
59149  -38.038  -34.078  46.049 0.0000000000
60194  -38.228  -33.692  45.466 0.0000000000
60195  -38.782  -33.390  45.336 0.0000000000
60214  -37.600  -33.769  43.598 0.0000000000
60220  -36.782  -33.750  42.773 0.0000000000
59205  -36.610  -33.733  42.123 0.0000000000
47260  -20.521  -46.269  53.298 0.0000000000
46310  -20.183  -46.260  53.802 0.0000000000
47242  -20.720  -46.156  53.625 0.0000000000
47220  -21.904  -45.628  54.943 0.0000000000
46273  -21.617  -45.637  55.509 0.0000000000
48280  -24.715  -44.187  46.127 0.0000000000
48262  -25.190  -44.660  46.431 0.0000000000
45348  -31.693  -46.222  54.231 0.0000000000
46280  -31.601  -46.452  55.572 0.0000000000
39769  -16.317  -52.524  49.024 0.0000000000
39749  -16.176  -52.479  51.552 0.0000000000
38692  -15.544  -53.197  53.969 0.0000000000
59303  -43.799  -34.341  35.121 0.0000000000
60330  -46.242  -32.996  34.922 0.0000000000
60308  -46.328  -33.091  35.727 0.0000000000
59277  -46.494  -33.149  36.484 0.0000000000
60273  -47.118  -32.939  37.887 0.0000000000
59248  -48.374  -32.648  39.039 0.0000000000
75518  -48.367  -18.037  29.461 0.0000000000
75519  -49.462  -17.966  29.675 0.0000000000
75529  -48.856  -17.553  28.722 0.0000000000
77462  -54.987  -15.696  27.600 0.0000000000
78441  -56.043  -15.173  28.518 0.0000000000
77463  -55.763  -15.434  27.690 0.0000000000
77464  -56.321  -15.489  27.307 0.0000000000
77484  -55.699  -15.912  25.585 0.0000000000
77476  -56.592  -15.511  26.471 0.0000000000
78458  -57.220  -15.414  26.635 0.0000000000
35656  -13.715  -56.698  55.035 0.0000000000
35636  -14.814  -56.821  58.720 0.0000000000
50410  -41.030  -40.815  49.006 0.0000000000
53908  -40.919  -38.520  46.629 0.0000000000
51574  -39.971  -40.652  46.300 0.0000000000
51591  -40.150  -40.110  45.783 0.0000000000
52757  -40.358  -39.446  45.796 0.0000000000
53925  -40.539  -38.607  45.899 0.0000000000
55066  -40.099  -37.633  45.549 0.0000000000
55081  -38.654  -37.198  43.305 0.0000000000
56164  -38.363  -36.646  43.689 0.0000000000
57109  -36.764  -35.759  43.129 0.0000000000
42544  -17.239  -49.144  52.882 0.0000000000
43555  -19.009  -48.445  48.428 0.0000000000
45453  -20.156  -47.178  49.158 0.0000000000
45437  -19.716  -46.927  49.793 0.0000000000
46375  -19.333  -46.709  50.716 0.0000000000
46333  -20.268  -46.339  52.621 0.0000000000
46334  -20.734  -46.272  52.334 0.0000000000
47262  -21.148  -46.295  52.638 0.0000000000
47281  -21.296  -46.335  51.809 0.0000000000
47263  -21.824  -46.462  52.427 0.0000000000
46336  -22.464  -46.464  52.619 0.0000000000
47403  -28.548  -45.038  44.950 0.0000000000
47351  -30.104  -46.297  47.908 0.0000000000
46461  -31.736  -45.952  45.832 0.0000000000
46446  -31.514  -46.143  46.458 0.0000000000
46430  -31.020  -46.393  46.845 0.0000000000
46415  -30.950  -46.172  47.581 0.0000000000
45407  -33.467  -47.226  52.147 0.0000000000
45408  -34.550  -47.000  52.148 0.0000000000
45427  -35.726  -46.817  51.066 0.0000000000
45410  -36.330  -46.611  51.811 0.0000000000
46366  -38.191  -45.353  51.724 0.0000000000
45458  -37.602  -46.427  48.894 0.0000000000
45445  -37.678  -46.512  49.760 0.0000000000
47332  -38.469  -45.628  48.873 0.0000000000
46404  -38.329  -46.083  49.123 0.0000000000
45430  -38.014  -46.261  50.446 0.0000000000
46387  -38.317  -45.715  50.626 0.0000000000
47292  -38.871  -44.836  52.242 0.0000000000
48210  -40.376  -43.930  51.057 0.0000000000
40708  -16.773  -51.798  48.494 0.0000000000
41653  -17.225  -51.084  50.254 0.0000000000
41640  -17.548  -50.076  51.828 0.0000000000
59139  -43.872  -34.153  47.787 0.0000000000
57081  -43.800  -34.541  45.649 0.0000000000
58079  -46.313  -33.873  46.741 0.0000000000
58095  -46.670  -34.210  45.932 0.0000000000
57111  -43.092  -35.316  43.351 0.0000000000
58129  -45.971  -34.860  44.174 0.0000000000
58113  -46.924  -34.673  44.758 0.0000000000
57116  -49.006  -35.240  43.407 0.0000000000
62529  -47.514  -30.579  33.780 0.0000000000
63557  -49.308  -30.230  35.873 0.0000000000
63567  -49.823  -29.247  34.661 0.0000000000
63558  -49.874  -29.556  35.581 0.0000000000
63545  -49.643  -30.049  36.778 0.0000000000
62461  -51.772  -29.970  38.170 0.0000000000
65573  -51.053  -27.428  35.134 0.0000000000
65564  -51.631  -27.657  35.729 0.0000000000
64532  -51.561  -28.491  37.428 0.0000000000
65530  -52.617  -27.988  38.485 0.0000000000
64514  -52.008  -28.625  38.352 0.0000000000
30338  -8.925  -62.555  58.285 0.0000000000
58255  -39.268  -34.858  35.767 0.0000000000
59300  -40.085  -34.313  35.113 0.0000000000
59329  -41.947  -33.736  34.578 0.0000000000
60350  -42.398  -32.978  34.092 0.0000000000
60351  -43.331  -32.654  34.039 0.0000000000
61434  -43.388  -32.187  33.807 0.0000000000
61435  -43.775  -32.062  33.924 0.0000000000
61452  -44.028  -31.367  33.774 0.0000000000
61453  -44.609  -31.287  33.782 0.0000000000
62511  -45.164  -31.293  33.692 0.0000000000
62527  -45.762  -30.718  33.551 0.0000000000
63579  -46.545  -29.848  33.492 0.0000000000
64574  -47.013  -28.587  33.299 0.0000000000
65581  -47.225  -27.886  33.075 0.0000000000
65582  -47.801  -27.966  33.112 0.0000000000
65583  -48.762  -27.810  33.029 0.0000000000
66562  -48.978  -27.430  32.687 0.0000000000
66583  -49.832  -26.584  32.674 0.0000000000
67594  -46.473  -25.550  30.900 0.0000000000
66593  -48.526  -26.380  31.718 0.0000000000
67582  -48.829  -26.334  31.786 0.0000000000
67584  -50.549  -25.723  32.373 0.0000000000
67585  -51.416  -25.193  32.580 0.0000000000
68615  -50.195  -24.408  31.277 0.0000000000
68616  -50.718  -24.408  31.520 0.0000000000
68599  -51.772  -24.518  32.480 0.0000000000
69673  -52.272  -24.026  32.665 0.0000000000
70643  -52.341  -23.099  32.527 0.0000000000
70634  -52.970  -22.422  33.220 0.0000000000
71607  -51.684  -21.673  31.504 0.0000000000
72559  -50.916  -20.858  31.076 0.0000000000
72558  -49.914  -20.602  30.745 0.0000000000
73507  -49.545  -19.684  30.835 0.0000000000
35655  -13.430  -57.135  55.659 0.0000000000
33547  -11.686  -59.263  56.776 0.0000000000
33531  -14.094  -58.558  60.062 0.0000000000
34576  -13.493  -58.925  59.964 0.0000000000
33512  -13.706  -59.084  60.890 0.0000000000
33540  -12.436  -59.123  58.259 0.0000000000
32430  -12.046  -59.304  57.710 0.0000000000
32429  -11.466  -59.568  57.386 0.0000000000
32428  -10.571  -60.186  57.818 0.0000000000
31376  -10.174  -60.634  58.409 0.0000000000
29403  -9.534  -62.486  58.980 0.0000000000
29393  -9.939  -62.551  59.042 0.0000000000
28440  -11.370  -62.246  60.219 0.0000000000
28444  -11.494  -62.487  59.933 0.0000000000
58023  -44.289  -34.630  51.024 0.0000000000
51506  -42.322  -40.448  51.419 0.0000000000
56135  -40.738  -36.732  47.254 0.0000000000
55023  -41.232  -36.965  48.475 0.0000000000
57051  -40.415  -35.593  48.188 0.0000000000
56111  -40.917  -36.113  48.695 0.0000000000
56112  -41.311  -36.688  49.189 0.0000000000
56104  -41.363  -36.467  49.763 0.0000000000
57016  -42.035  -35.459  50.001 0.0000000000
57031  -42.453  -35.200  50.438 0.0000000000
58033  -40.720  -34.823  49.493 0.0000000000
58034  -41.647  -34.917  49.710 0.0000000000
59111  -42.633  -34.616  49.662 0.0000000000
59122  -42.810  -34.399  48.991 0.0000000000
58075  -42.283  -34.133  46.656 0.0000000000
59170  -41.571  -33.920  46.446 0.0000000000
58140  -40.472  -34.813  42.891 0.0000000000
60205  -38.784  -33.430  44.855 0.0000000000
59180  -38.841  -33.586  44.361 0.0000000000
59192  -39.258  -33.952  43.622 0.0000000000
58123  -39.949  -34.323  43.189 0.0000000000
57127  -40.172  -35.104  42.294 0.0000000000
57146  -40.331  -35.406  41.764 0.0000000000
57124  -34.907  -35.090  42.151 0.0000000000
58183  -35.340  -34.606  39.214 0.0000000000
58210  -35.395  -34.904  36.985 0.0000000000
45341  -19.738  -46.487  54.650 0.0000000000
46444  -21.779  -46.126  45.964 0.0000000000
49306  -26.097  -44.688  46.469 0.0000000000
48245  -26.264  -45.224  47.745 0.0000000000
47326  -25.600  -45.755  49.748 0.0000000000
47286  -25.645  -46.372  51.068 0.0000000000
46358  -25.152  -46.614  51.728 0.0000000000
46293  -25.393  -46.334  54.315 0.0000000000
46277  -25.898  -46.450  55.120 0.0000000000
45320  -26.610  -46.779  54.878 0.0000000000
45300  -26.347  -46.837  55.937 0.0000000000
45323  -29.374  -46.940  55.595 0.0000000000
34641  -12.692  -57.384  52.544 0.0000000000
36713  -13.602  -56.157  50.601 0.0000000000
36701  -14.022  -56.311  52.517 0.0000000000
36683  -14.919  -55.394  55.965 0.0000000000
39692  -15.983  -52.760  56.496 0.0000000000
57208  -42.155  -35.985  37.952 0.0000000000
57186  -44.933  -35.685  39.499 0.0000000000
58238  -44.243  -34.807  36.945 0.0000000000
58220  -45.226  -34.390  37.836 0.0000000000
58219  -44.718  -34.619  37.401 0.0000000000
58201  -44.377  -35.057  38.015 0.0000000000
57199  -45.008  -35.246  38.676 0.0000000000
62502  -48.033  -31.152  35.064 0.0000000000
61374  -48.599  -31.470  37.593 0.0000000000
62473  -48.998  -30.866  37.303 0.0000000000
61351  -48.728  -31.719  38.800 0.0000000000
60275  -48.470  -32.211  38.975 0.0000000000
60234  -49.187  -32.247  40.273 0.0000000000
60235  -49.847  -32.242  40.485 0.0000000000
59219  -50.167  -32.765  40.419 0.0000000000
59218  -49.609  -33.131  40.491 0.0000000000
70635  -53.378  -22.132  33.601 0.0000000000
71600  -53.313  -21.506  33.416 0.0000000000
73496  -51.897  -19.689  31.854 0.0000000000
72527  -54.171  -20.517  33.913 0.0000000000
73477  -54.354  -19.865  33.925 0.0000000000
73478  -54.960  -19.753  34.044 0.0000000000
75472  -53.001  -18.458  32.557 0.0000000000
75462  -53.859  -18.534  33.224 0.0000000000
73479  -55.709  -19.655  34.099 0.0000000000
73480  -56.244  -19.526  33.888 0.0000000000
73487  -56.344  -19.355  33.389 0.0000000000
76441  -54.991  -17.800  33.117 0.0000000000
74491  -55.797  -18.294  33.164 0.0000000000
72547  -56.525  -20.025  33.271 0.0000000000
75522  -52.108  -17.733  29.531 0.0000000000
77420  -55.199  -17.051  31.577 0.0000000000
78420  -54.915  -16.117  30.456 0.0000000000
77426  -54.959  -16.418  30.946 0.0000000000
77413  -55.731  -17.066  31.919 0.0000000000
74505  -56.165  -17.800  32.154 0.0000000000
78442  -56.604  -15.202  28.398 0.0000000000
76496  -56.937  -16.500  28.761 0.0000000000
28439  -11.095  -62.356  59.903 0.0000000000
29386  -12.153  -61.690  60.966 0.0000000000
29388  -11.141  -62.013  60.251 0.0000000000
30320  -11.311  -61.606  60.570 0.0000000000
30321  -12.620  -61.737  60.920 0.0000000000
32455  -11.261  -59.340  55.700 0.0000000000
33511  -13.281  -59.257  60.668 0.0000000000
33530  -13.979  -58.528  59.869 0.0000000000
34575  -13.381  -58.911  59.731 0.0000000000
44471  -33.127  -47.288  52.400 0.0000000000
45324  -31.427  -46.365  54.804 0.0000000000
45384  -25.727  -46.593  53.017 0.0000000000
45403  -26.390  -46.532  52.442 0.0000000000
45404  -26.799  -46.518  52.270 0.0000000000
45422  -24.931  -46.424  50.078 0.0000000000
45423  -24.861  -46.399  49.931 0.0000000000
45424  -25.015  -46.290  49.897 0.0000000000
45439  -24.626  -46.551  49.988 0.0000000000
45440  -24.981  -46.211  49.687 0.0000000000
45441  -25.111  -46.010  49.419 0.0000000000
45446  -38.301  -46.154  49.976 0.0000000000
45455  -21.087  -46.780  48.329 0.0000000000
46263  -25.614  -46.470  55.737 0.0000000000
46264  -30.334  -46.933  55.959 0.0000000000
46311  -20.659  -46.052  54.036 0.0000000000
46312  -22.199  -46.478  52.856 0.0000000000
46313  -22.492  -46.438  52.836 0.0000000000
46335  -22.266  -46.482  52.554 0.0000000000
46378  -24.649  -46.387  49.757 0.0000000000
46395  -24.769  -46.285  49.595 0.0000000000
46397  -25.278  -45.872  49.354 0.0000000000
46413  -25.144  -45.819  48.860 0.0000000000
46445  -31.123  -46.394  46.399 0.0000000000
47212  -23.461  -45.831  55.817 0.0000000000
47241  -20.496  -46.243  53.575 0.0000000000
47247  -29.297  -46.352  52.722 0.0000000000
50485  -39.090  -41.005  45.622 0.0000000000
52695  -41.395  -39.325  48.625 0.0000000000
52711  -41.319  -39.428  48.179 0.0000000000
55100  -38.803  -37.924  43.287 0.0000000000
57030  -42.268  -35.121  50.052 0.0000000000
57049  -39.143  -34.886  47.119 0.0000000000
57080  -43.573  -34.550  45.796 0.0000000000
57093  -43.009  -35.011  45.248 0.0000000000
57094  -43.489  -34.824  45.477 0.0000000000
57095  -43.929  -34.723  45.395 0.0000000000
57096  -47.001  -34.979  44.307 0.0000000000
57144  -38.090  -35.214  41.304 0.0000000000
57145  -39.759  -35.147  41.946 0.0000000000
57163  -37.920  -35.288  41.052 0.0000000000
57164  -38.490  -35.315  41.033 0.0000000000
58011  -43.695  -35.009  51.744 0.0000000000
58058  -38.401  -34.174  46.690 0.0000000000
58090  -41.369  -34.141  45.666 0.0000000000
58104  -36.016  -34.853  43.658 0.0000000000
58171  -38.999  -35.053  41.375 0.0000000000
58202  -45.058  -34.671  38.181 0.0000000000
59132  -38.275  -34.048  46.562 0.0000000000
59150  -38.248  -33.796  46.203 0.0000000000
59156  -43.589  -34.050  47.621 0.0000000000
59166  -38.074  -33.882  45.803 0.0000000000
59188  -36.091  -34.079  43.456 0.0000000000
59190  -37.591  -33.751  43.286 0.0000000000
59233  -50.109  -33.518  40.222 0.0000000000
59272  -41.774  -34.626  35.979 0.0000000000
60179  -38.626  -33.629  46.549 0.0000000000
60186  -38.521  -33.593  46.324 0.0000000000
60211  -35.798  -33.918  42.883 0.0000000000
60218  -35.835  -33.834  42.705 0.0000000000
60219  -36.156  -33.750  42.763 0.0000000000
60226  -36.473  -33.677  42.451 0.0000000000
60255  -48.668  -32.187  39.544 0.0000000000
60331  -46.827  -32.698  35.277 0.0000000000
61315  -49.344  -31.604  40.251 0.0000000000
61317  -50.008  -31.634  40.332 0.0000000000
61335  -50.302  -31.538  40.028 0.0000000000
61350  -48.380  -32.080  38.390 0.0000000000
61399  -47.457  -32.395  36.141 0.0000000000
61436  -44.673  -31.872  33.893 0.0000000000
61454  -46.324  -31.402  33.660 0.0000000000
62428  -49.476  -31.330  40.143 0.0000000000
62430  -50.082  -31.362  40.176 0.0000000000
62444  -49.379  -31.225  39.939 0.0000000000
62458  -49.160  -30.989  38.157 0.0000000000
62491  -49.279  -30.505  37.076 0.0000000000
62514  -47.709  -31.076  34.418 0.0000000000
63514  -49.991  -30.034  38.252 0.0000000000
63559  -50.424  -28.991  35.673 0.0000000000
64500  -53.580  -28.232  39.706 0.0000000000
64501  -54.264  -28.124  39.731 0.0000000000
64545  -51.387  -28.394  36.458 0.0000000000
64555  -50.672  -28.365  35.298 0.0000000000
64577  -49.679  -28.572  33.764 0.0000000000
65532  -53.948  -27.298  39.025 0.0000000000
65533  -54.344  -27.308  39.291 0.0000000000
65545  -52.256  -27.983  37.714 0.0000000000
65585  -50.292  -27.579  33.951 0.0000000000
65602  -48.191  -27.612  32.755 0.0000000000
66528  -53.990  -26.777  38.149 0.0000000000
66529  -54.450  -26.558  38.618 0.0000000000
66538  -53.642  -26.634  37.501 0.0000000000
66553  -51.298  -26.833  34.760 0.0000000000
67521  -54.778  -26.168  38.799 0.0000000000
67546  -53.919  -26.146  37.181 0.0000000000
67552  -52.986  -26.140  36.120 0.0000000000
67553  -53.737  -25.465  36.212 0.0000000000
67566  -50.645  -26.141  33.162 0.0000000000
67568  -52.363  -25.240  33.655 0.0000000000
68598  -51.120  -24.546  31.944 0.0000000000
68600  -52.130  -24.519  32.843 0.0000000000
69672  -51.583  -23.718  32.061 0.0000000000
69684  -47.107  -23.956  30.675 0.0000000000
69688  -50.860  -23.679  31.508 0.0000000000
69703  -48.231  -22.712  30.685 0.0000000000
70669  -47.166  -22.367  30.587 0.0000000000
71577  -56.774  -21.706  36.286 0.0000000000
72537  -53.557  -20.533  33.428 0.0000000000
74480  -54.026  -18.984  33.688 0.0000000000
74483  -56.067  -18.794  33.370 0.0000000000
74489  -53.453  -18.895  33.008 0.0000000000
74490  -53.757  -19.138  33.428 0.0000000000
74493  -56.059  -17.896  32.408 0.0000000000
74502  -52.511  -18.817  32.391 0.0000000000
74514  -56.220  -18.335  31.529 0.0000000000
75463  -54.208  -18.423  33.348 0.0000000000
75465  -55.354  -18.011  33.188 0.0000000000
75476  -55.743  -17.961  32.864 0.0000000000
75478  -56.082  -17.482  32.197 0.0000000000
75490  -54.211  -18.046  32.099 0.0000000000
75491  -54.444  -17.826  32.011 0.0000000000
75492  -56.230  -17.485  31.831 0.0000000000
75498  -51.983  -17.668  31.979 0.0000000000
75499  -54.185  -17.932  31.780 0.0000000000
75500  -54.441  -17.626  31.634 0.0000000000
76450  -53.892  -18.273  32.536 0.0000000000
76452  -54.959  -17.623  32.580 0.0000000000
76454  -55.948  -17.131  32.074 0.0000000000
76463  -52.572  -17.917  32.044 0.0000000000
76467  -56.074  -16.798  31.537 0.0000000000
76476  -56.164  -16.686  30.953 0.0000000000
76477  -56.405  -16.756  30.452 0.0000000000
76481  -51.823  -17.511  31.372 0.0000000000
76519  -57.650  -16.403  27.371 0.0000000000
76520  -58.015  -16.237  27.002 0.0000000000
76527  -55.371  -16.000  26.404 0.0000000000
77411  -55.208  -17.363  31.938 0.0000000000
77421  -55.485  -16.780  31.493 0.0000000000
77422  -55.754  -16.727  31.521 0.0000000000
77434  -54.486  -16.320  30.206 0.0000000000
77435  -55.711  -16.038  30.247 0.0000000000
77436  -56.078  -15.996  30.019 0.0000000000
77444  -57.139  -15.951  28.727 0.0000000000
77455  -57.940  -15.897  27.169 0.0000000000
78421  -55.124  -16.063  30.488 0.0000000000
78428  -56.352  -15.570  29.503 0.0000000000
78433  -55.152  -15.614  29.590 0.0000000000
