#!ascii label  , from subject 3604 vox2ras=TkReg
1304
40593  -8.369  -51.665  56.859 0.0000000000
49337  -31.777  -41.473  48.090 0.0000000000
58087  -30.044  -34.999  46.547 0.0000000000
50382  -24.834  -38.356  52.110 0.0000000000
64551  -37.586  -28.056  35.648 0.0000000000
65493  -31.585  -26.856  39.647 0.0000000000
50344  -33.691  -39.880  52.576 0.0000000000
50406  -29.254  -40.114  49.445 0.0000000000
67530  -42.873  -25.518  38.099 0.0000000000
72512  -45.239  -20.677  35.781 0.0000000000
76433  -46.233  -16.714  35.538 0.0000000000
63416  -32.473  -29.519  47.792 0.0000000000
62391  -29.683  -30.137  43.236 0.0000000000
65440  -34.921  -26.550  44.948 0.0000000000
65482  -38.449  -26.776  41.095 0.0000000000
49254  -17.278  -40.329  49.252 0.0000000000
38649  -7.017  -53.455  60.198 0.0000000000
55047  -33.572  -38.233  46.544 0.0000000000
59102  -31.291  -33.837  50.633 0.0000000000
49327  -19.706  -39.900  46.752 0.0000000000
53918  -25.817  -37.310  45.084 0.0000000000
78423  -43.238  -14.629  30.758 0.0000000000
79436  -47.644  -12.736  34.480 0.0000000000
62485  -36.077  -28.835  36.797 0.0000000000
61348  -40.995  -28.890  38.798 0.0000000000
41606  -10.690  -49.536  53.199 0.0000000000
32413  -5.444  -59.337  57.944 0.0000000000
69641  -43.825  -22.737  36.767 0.0000000000
64423  -33.411  -27.845  46.085 0.0000000000
47359  -14.919  -44.118  47.756 0.0000000000
38656  -7.681  -52.407  59.384 0.0000000000
52774  -34.664  -39.771  44.434 0.0000000000
51571  -33.796  -39.295  46.488 0.0000000000
50422  -22.212  -38.517  49.403 0.0000000000
51581  -22.162  -38.299  46.278 0.0000000000
53882  -24.273  -37.071  48.892 0.0000000000
49284  -30.521  -42.218  48.367 0.0000000000
50463  -29.497  -39.554  46.435 0.0000000000
49359  -31.154  -40.603  45.435 0.0000000000
49182  -23.493  -39.650  52.439 0.0000000000
49236  -20.881  -39.419  50.432 0.0000000000
72544  -40.464  -20.725  32.806 0.0000000000
76470  -42.186  -16.352  31.153 0.0000000000
77396  -46.543  -14.251  35.369 0.0000000000
64462  -30.499  -28.192  41.747 0.0000000000
65538  -33.642  -27.592  37.740 0.0000000000
62424  -39.148  -28.332  40.187 0.0000000000
45400  -12.557  -45.707  51.095 0.0000000000
45360  -11.359  -45.982  52.862 0.0000000000
44437  -11.026  -47.498  53.982 0.0000000000
42563  -11.459  -49.154  51.700 0.0000000000
33546  -6.544  -58.489  57.137 0.0000000000
48224  -33.489  -41.861  50.131 0.0000000000
52709  -34.391  -39.039  49.355 0.0000000000
53858  -35.088  -38.431  51.827 0.0000000000
50338  -27.243  -38.654  53.396 0.0000000000
52668  -27.448  -38.696  51.165 0.0000000000
50368  -29.216  -39.874  52.648 0.0000000000
49189  -31.725  -40.152  51.114 0.0000000000
66535  -39.137  -26.222  37.433 0.0000000000
69622  -40.156  -23.061  36.717 0.0000000000
71585  -41.473  -21.346  35.093 0.0000000000
74476  -42.849  -18.971  34.572 0.0000000000
76436  -43.485  -17.002  34.134 0.0000000000
74469  -46.045  -18.707  35.732 0.0000000000
61267  -30.429  -31.331  46.793 0.0000000000
60200  -29.223  -32.466  44.839 0.0000000000
62379  -31.489  -29.679  45.670 0.0000000000
64435  -31.942  -27.978  44.000 0.0000000000
66449  -32.715  -25.899  41.659 0.0000000000
66486  -35.146  -26.161  39.918 0.0000000000
66453  -37.065  -25.455  42.300 0.0000000000
49230  -15.210  -41.451  50.382 0.0000000000
46391  -13.732  -44.229  48.883 0.0000000000
81510  -47.760  -11.149  29.943 0.0000000000
37666  -5.727  -54.088  60.331 0.0000000000
55080  -32.859  -38.297  44.408 0.0000000000
57061  -32.067  -36.685  46.906 0.0000000000
56109  -34.596  -36.955  48.993 0.0000000000
58044  -32.881  -36.259  48.965 0.0000000000
59130  -30.844  -34.569  48.121 0.0000000000
61252  -31.154  -31.511  49.400 0.0000000000
52719  -27.916  -38.486  48.114 0.0000000000
49178  -20.174  -39.270  51.703 0.0000000000
126645  -18.512  -40.621  47.828 0.0000000000
77408  -44.062  -15.143  34.065 0.0000000000
79453  -45.492  -13.106  32.609 0.0000000000
80469  -46.600  -12.269  31.806 0.0000000000
81490  -49.172  -11.416  33.250 0.0000000000
38699  -8.227  -53.553  53.462 0.0000000000
36689  -7.627  -54.478  55.713 0.0000000000
63553  -36.507  -28.901  35.356 0.0000000000
62439  -36.840  -28.235  38.807 0.0000000000
61368  -37.879  -29.460  37.871 0.0000000000
63556  -38.905  -28.541  37.164 0.0000000000
64527  -41.539  -27.810  38.492 0.0000000000
40632  -9.393  -50.573  54.814 0.0000000000
37690  -6.965  -55.473  57.980 0.0000000000
35619  -6.104  -56.082  59.407 0.0000000000
34571  -4.077  -57.013  59.842 0.0000000000
39680  -8.142  -51.489  58.159 0.0000000000
50481  -32.423  -40.597  46.073 0.0000000000
50500  -33.291  -40.503  45.605 0.0000000000
50465  -33.269  -40.145  47.608 0.0000000000
50403  -23.008  -38.718  50.402 0.0000000000
51552  -23.386  -37.883  49.119 0.0000000000
51521  -24.514  -37.906  50.570 0.0000000000
48249  -32.136  -43.023  47.753 0.0000000000
49308  -30.864  -42.049  47.380 0.0000000000
49335  -31.378  -41.381  47.355 0.0000000000
49360  -31.593  -40.589  46.027 0.0000000000
49184  -25.344  -38.734  53.270 0.0000000000
49135  -24.395  -39.727  53.804 0.0000000000
49210  -23.712  -39.345  51.716 0.0000000000
49238  -22.734  -38.926  51.020 0.0000000000
75495  -41.882  -17.296  31.475 0.0000000000
57089  -30.912  -36.773  45.191 0.0000000000
57088  -29.836  -36.167  44.741 0.0000000000
64478  -30.649  -27.703  40.272 0.0000000000
64505  -30.616  -28.590  38.690 0.0000000000
65524  -32.581  -27.494  37.975 0.0000000000
45418  -12.494  -46.565  50.664 0.0000000000
45381  -12.311  -45.827  51.879 0.0000000000
44466  -11.953  -47.477  51.611 0.0000000000
44458  -11.666  -47.461  52.431 0.0000000000
42581  -11.423  -49.500  50.646 0.0000000000
49192  -33.846  -40.587  51.312 0.0000000000
50370  -34.230  -40.106  51.054 0.0000000000
52657  -34.554  -39.231  52.370 0.0000000000
50316  -28.055  -38.623  54.098 0.0000000000
50339  -28.433  -38.651  53.095 0.0000000000
50317  -29.155  -38.775  53.820 0.0000000000
49140  -32.141  -39.667  52.936 0.0000000000
49139  -31.430  -39.281  52.587 0.0000000000
49160  -32.760  -39.975  51.839 0.0000000000
49216  -32.177  -41.048  50.222 0.0000000000
67527  -40.831  -25.404  38.019 0.0000000000
68556  -39.604  -24.388  37.178 0.0000000000
68558  -41.905  -23.953  37.314 0.0000000000
71572  -44.628  -21.479  36.123 0.0000000000
70604  -42.859  -21.992  35.823 0.0000000000
71587  -43.479  -21.153  35.152 0.0000000000
72523  -42.198  -20.783  34.524 0.0000000000
72525  -44.084  -20.551  34.843 0.0000000000
73476  -44.556  -19.593  34.764 0.0000000000
73466  -45.125  -19.939  35.366 0.0000000000
62359  -31.222  -30.584  47.573 0.0000000000
62373  -30.983  -30.485  46.059 0.0000000000
62374  -31.547  -29.793  46.334 0.0000000000
65439  -33.520  -27.019  44.782 0.0000000000
65438  -32.591  -27.741  44.583 0.0000000000
65450  -32.737  -27.287  43.743 0.0000000000
65463  -32.578  -26.437  42.682 0.0000000000
66434  -34.014  -25.762  42.896 0.0000000000
66451  -34.779  -25.240  41.913 0.0000000000
66420  -35.423  -25.776  44.142 0.0000000000
49203  -17.027  -39.568  50.732 0.0000000000
50359  -16.167  -39.659  51.660 0.0000000000
49231  -15.913  -40.358  49.962 0.0000000000
46410  -14.347  -45.033  48.199 0.0000000000
81508  -49.251  -10.635  31.301 0.0000000000
82512  -49.766  -10.255  29.613 0.0000000000
37662  -6.622  -53.253  60.723 0.0000000000
53921  -33.730  -39.121  45.383 0.0000000000
53942  -33.799  -39.123  44.483 0.0000000000
55064  -33.198  -38.366  45.532 0.0000000000
56145  -32.337  -37.447  45.528 0.0000000000
57062  -32.540  -37.176  47.105 0.0000000000
55001  -35.273  -37.309  50.468 0.0000000000
55021  -34.570  -37.641  48.947 0.0000000000
56101  -35.011  -36.649  49.791 0.0000000000
59103  -32.143  -34.615  51.077 0.0000000000
58030  -32.716  -35.504  50.300 0.0000000000
59107  -31.708  -35.021  50.136 0.0000000000
59117  -31.476  -35.238  49.172 0.0000000000
59106  -31.121  -34.200  49.635 0.0000000000
60174  -30.609  -32.325  49.287 0.0000000000
60166  -31.139  -31.897  50.307 0.0000000000
53916  -23.548  -37.642  45.169 0.0000000000
51511  -28.250  -39.097  50.725 0.0000000000
52708  -27.804  -38.363  49.301 0.0000000000
51539  -28.376  -39.219  48.699 0.0000000000
51584  -28.929  -39.123  45.754 0.0000000000
50335  -21.188  -38.794  52.789 0.0000000000
49280  -19.771  -39.659  48.518 0.0000000000
49257  -19.836  -39.649  49.377 0.0000000000
49326  -19.154  -40.653  46.587 0.0000000000
50474  -18.344  -41.703  45.789 0.0000000000
75460  -44.921  -17.214  35.168 0.0000000000
76437  -44.165  -16.251  34.459 0.0000000000
76438  -45.132  -16.086  35.075 0.0000000000
78394  -46.981  -13.649  35.376 0.0000000000
78408  -46.016  -13.860  34.771 0.0000000000
79445  -46.480  -12.878  33.944 0.0000000000
79460  -45.963  -12.871  31.982 0.0000000000
80465  -47.606  -12.219  33.114 0.0000000000
80471  -48.051  -11.940  32.524 0.0000000000
80451  -48.808  -12.099  34.237 0.0000000000
61281  -29.470  -31.318  44.019 0.0000000000
60209  -28.671  -32.820  43.534 0.0000000000
63564  -36.043  -29.312  34.916 0.0000000000
62497  -36.064  -28.998  35.713 0.0000000000
65480  -36.645  -26.663  40.757 0.0000000000
65514  -36.100  -26.993  39.717 0.0000000000
64480  -37.188  -27.463  40.211 0.0000000000
61330  -40.150  -28.533  39.248 0.0000000000
61328  -38.804  -28.842  39.353 0.0000000000
60290  -39.329  -29.339  38.224 0.0000000000
61421  -38.536  -29.224  36.979 0.0000000000
61397  -40.311  -29.177  37.829 0.0000000000
64542  -40.528  -28.205  37.612 0.0000000000
63529  -41.660  -28.582  38.293 0.0000000000
42498  -10.793  -48.883  54.057 0.0000000000
42483  -10.688  -48.985  55.032 0.0000000000
41565  -10.000  -49.413  55.501 0.0000000000
40649  -9.609  -50.069  54.040 0.0000000000
40661  -8.868  -51.928  52.689 0.0000000000
39727  -9.810  -50.898  52.339 0.0000000000
36687  -7.014  -55.645  55.502 0.0000000000
36672  -7.263  -55.042  56.935 0.0000000000
35647  -6.765  -56.669  56.149 0.0000000000
33545  -6.229  -58.694  57.635 0.0000000000
34594  -6.357  -57.287  58.276 0.0000000000
33527  -5.801  -57.653  58.400 0.0000000000
34573  -5.510  -56.443  59.401 0.0000000000
33525  -4.851  -57.894  58.516 0.0000000000
50299  -29.886  -38.933  54.670 0.0000000000
67544  -43.813  -24.387  38.204 0.0000000000
68559  -42.832  -24.112  37.331 0.0000000000
69612  -44.505  -23.473  37.758 0.0000000000
63429  -32.820  -28.668  46.744 0.0000000000
48241  -16.892  -42.067  47.354 0.0000000000
48239  -15.477  -42.293  48.558 0.0000000000
39661  -8.282  -51.213  60.554 0.0000000000
38655  -7.506  -53.112  59.550 0.0000000000
50521  -33.618  -40.740  44.676 0.0000000000
51588  -34.006  -39.656  45.174 0.0000000000
53906  -34.010  -38.621  46.620 0.0000000000
60163  -31.605  -32.161  52.170 0.0000000000
50440  -21.098  -38.863  47.847 0.0000000000
51566  -21.047  -39.026  45.988 0.0000000000
51550  -22.202  -38.205  47.703 0.0000000000
53891  -23.526  -37.289  47.319 0.0000000000
55045  -25.190  -37.081  47.051 0.0000000000
49261  -30.418  -40.791  49.298 0.0000000000
50425  -29.582  -40.228  48.381 0.0000000000
50444  -30.089  -40.422  47.742 0.0000000000
49333  -30.604  -40.378  46.264 0.0000000000
49384  -31.681  -41.000  44.599 0.0000000000
49133  -23.005  -39.581  53.431 0.0000000000
49180  -21.826  -39.588  52.054 0.0000000000
49208  -21.831  -39.641  51.385 0.0000000000
49259  -21.818  -38.877  49.939 0.0000000000
70633  -40.027  -21.999  33.300 0.0000000000
77431  -42.579  -15.732  30.865 0.0000000000
75448  -48.396  -16.877  37.370 0.0000000000
77402  -46.478  -15.465  35.436 0.0000000000
63464  -29.882  -28.994  42.056 0.0000000000
64537  -33.898  -28.648  36.587 0.0000000000
64539  -34.986  -28.108  37.265 0.0000000000
64447  -39.807  -27.377  41.572 0.0000000000
63466  -38.630  -27.799  40.447 0.0000000000
63468  -40.232  -28.058  41.250 0.0000000000
47278  -12.857  -43.773  51.230 0.0000000000
47240  -12.269  -43.632  52.931 0.0000000000
46289  -11.444  -44.766  54.286 0.0000000000
45338  -10.995  -46.601  53.445 0.0000000000
43476  -11.310  -48.123  53.166 0.0000000000
41621  -11.165  -49.660  52.450 0.0000000000
40676  -10.511  -50.627  51.721 0.0000000000
40686  -10.603  -50.700  50.965 0.0000000000
48251  -32.723  -42.219  48.786 0.0000000000
49312  -33.600  -40.740  48.446 0.0000000000
50408  -34.512  -40.802  49.433 0.0000000000
52694  -34.548  -38.832  50.086 0.0000000000
50365  -26.253  -38.626  52.668 0.0000000000
51509  -25.544  -38.060  51.342 0.0000000000
51488  -27.119  -38.684  52.239 0.0000000000
51490  -28.477  -39.422  51.699 0.0000000000
50384  -28.816  -40.302  51.493 0.0000000000
50318  -30.169  -38.973  53.496 0.0000000000
49187  -30.185  -40.111  51.770 0.0000000000
49240  -30.179  -40.518  50.263 0.0000000000
49242  -31.299  -41.599  49.932 0.0000000000
49264  -32.032  -42.739  49.413 0.0000000000
50314  -26.214  -39.239  53.970 0.0000000000
65551  -38.356  -27.156  36.995 0.0000000000
66543  -37.473  -26.153  35.537 0.0000000000
67539  -38.295  -25.418  36.686 0.0000000000
69620  -38.087  -23.911  36.024 0.0000000000
70600  -39.277  -22.498  35.041 0.0000000000
69624  -42.293  -23.001  36.807 0.0000000000
70602  -40.681  -21.848  35.760 0.0000000000
71584  -40.410  -21.515  34.851 0.0000000000
72535  -40.785  -20.782  33.775 0.0000000000
74474  -41.405  -19.801  33.777 0.0000000000
74487  -41.738  -18.528  33.810 0.0000000000
75470  -42.073  -17.716  33.536 0.0000000000
75458  -43.032  -17.877  34.346 0.0000000000
74478  -44.711  -18.424  34.879 0.0000000000
74470  -46.497  -17.890  35.905 0.0000000000
73462  -46.750  -20.074  36.251 0.0000000000
75447  -47.992  -17.230  37.104 0.0000000000
59146  -30.346  -34.020  46.945 0.0000000000
59175  -29.299  -33.570  45.527 0.0000000000
60192  -29.831  -32.495  46.530 0.0000000000
61276  -29.946  -31.281  45.109 0.0000000000
62385  -30.099  -30.368  43.823 0.0000000000
63440  -32.151  -28.815  45.763 0.0000000000
64428  -31.482  -28.937  44.730 0.0000000000
63443  -30.809  -29.428  43.942 0.0000000000
64445  -31.222  -28.374  43.170 0.0000000000
65462  -31.471  -27.122  42.328 0.0000000000
66466  -32.361  -26.053  40.800 0.0000000000
66500  -33.261  -26.549  39.803 0.0000000000
66467  -33.441  -25.868  40.923 0.0000000000
66469  -35.876  -25.729  40.944 0.0000000000
66471  -37.707  -26.232  41.580 0.0000000000
66454  -37.908  -25.909  42.562 0.0000000000
66473  -39.283  -26.486  42.082 0.0000000000
49173  -14.414  -41.303  51.978 0.0000000000
48230  -15.086  -42.516  49.263 0.0000000000
47320  -14.373  -43.370  49.477 0.0000000000
47279  -13.701  -43.427  50.889 0.0000000000
46352  -12.969  -44.501  50.541 0.0000000000
56144  -31.741  -37.220  45.422 0.0000000000
58088  -30.571  -36.004  46.616 0.0000000000
52721  -34.512  -39.005  48.044 0.0000000000
55032  -34.475  -37.747  47.814 0.0000000000
56119  -34.248  -37.227  47.975 0.0000000000
57036  -33.473  -36.588  48.493 0.0000000000
57047  -33.136  -36.961  47.682 0.0000000000
57046  -32.348  -36.579  47.640 0.0000000000
58072  -31.386  -35.862  47.583 0.0000000000
59147  -30.728  -34.820  47.567 0.0000000000
60185  -30.096  -32.526  47.473 0.0000000000
61256  -30.894  -31.539  48.664 0.0000000000
62352  -32.192  -30.212  48.964 0.0000000000
61249  -31.766  -30.903  50.511 0.0000000000
62344  -32.404  -30.164  49.933 0.0000000000
53871  -25.800  -37.853  49.777 0.0000000000
53893  -26.449  -37.475  48.084 0.0000000000
53919  -26.512  -37.318  46.085 0.0000000000
51553  -28.574  -38.887  47.545 0.0000000000
52751  -28.211  -38.593  45.778 0.0000000000
50361  -18.826  -39.001  51.890 0.0000000000
49233  -18.111  -39.479  49.882 0.0000000000
49206  -20.073  -39.577  51.008 0.0000000000
49256  -18.851  -39.659  49.180 0.0000000000
49278  -17.598  -40.773  48.320 0.0000000000
49299  -17.516  -42.048  46.529 0.0000000000
76448  -43.138  -16.195  33.463 0.0000000000
78413  -42.856  -15.188  32.688 0.0000000000
78418  -42.966  -14.584  31.811 0.0000000000
77409  -45.640  -14.553  35.000 0.0000000000
78406  -44.757  -14.149  33.742 0.0000000000
78419  -43.698  -13.983  31.349 0.0000000000
79462  -44.357  -13.491  30.898 0.0000000000
80473  -45.615  -12.692  30.542 0.0000000000
80478  -46.059  -12.656  29.521 0.0000000000
80475  -47.208  -11.687  30.883 0.0000000000
81502  -48.235  -11.372  31.542 0.0000000000
39702  -8.639  -52.482  55.000 0.0000000000
38677  -8.294  -52.831  56.230 0.0000000000
37708  -7.789  -53.840  54.981 0.0000000000
58120  -28.617  -34.445  44.097 0.0000000000
64550  -36.800  -28.397  34.999 0.0000000000
65526  -34.427  -27.259  38.823 0.0000000000
64508  -35.375  -27.506  38.470 0.0000000000
63526  -35.910  -28.261  37.898 0.0000000000
62422  -38.141  -28.492  39.643 0.0000000000
61344  -37.245  -28.968  38.704 0.0000000000
61392  -36.696  -29.175  37.569 0.0000000000
61419  -37.171  -29.340  36.741 0.0000000000
62499  -38.014  -29.181  36.346 0.0000000000
64552  -38.321  -28.013  36.664 0.0000000000
64540  -38.859  -27.744  37.167 0.0000000000
65540  -40.852  -26.888  37.886 0.0000000000
66512  -42.083  -26.417  38.606 0.0000000000
41537  -9.609  -49.703  57.599 0.0000000000
41550  -9.847  -49.471  56.483 0.0000000000
40613  -9.268  -50.609  55.943 0.0000000000
40647  -8.750  -51.851  53.773 0.0000000000
39725  -8.475  -52.680  53.015 0.0000000000
38670  -7.881  -53.153  57.486 0.0000000000
37683  -7.240  -54.336  58.259 0.0000000000
37674  -6.784  -54.606  58.926 0.0000000000
35640  -6.860  -56.695  57.130 0.0000000000
36657  -6.604  -55.581  58.810 0.0000000000
36648  -6.322  -54.599  59.836 0.0000000000
36651  -5.850  -55.311  59.976 0.0000000000
35615  -5.212  -55.220  59.907 0.0000000000
32411  -4.623  -59.226  57.992 0.0000000000
33524  -4.492  -57.898  58.395 0.0000000000
40594  -8.742  -50.860  57.557 0.0000000000
49362  -31.911  -40.770  47.135 0.0000000000
50482  -32.710  -40.491  46.870 0.0000000000
49338  -32.342  -40.582  48.088 0.0000000000
50393  -23.967  -39.070  51.083 0.0000000000
50404  -23.798  -38.439  50.376 0.0000000000
50394  -24.398  -38.282  51.118 0.0000000000
48268  -32.215  -42.609  47.869 0.0000000000
48267  -31.863  -42.506  47.740 0.0000000000
49336  -31.508  -41.444  47.551 0.0000000000
49361  -31.793  -40.653  46.420 0.0000000000
50364  -25.162  -38.544  52.757 0.0000000000
49183  -24.414  -39.066  52.689 0.0000000000
49211  -24.326  -39.060  52.066 0.0000000000
49239  -23.431  -39.109  51.234 0.0000000000
75494  -41.665  -17.813  31.880 0.0000000000
57072  -29.976  -36.221  45.978 0.0000000000
58103  -29.220  -34.788  45.542 0.0000000000
64493  -30.937  -27.825  39.102 0.0000000000
65510  -31.743  -27.387  38.595 0.0000000000
65511  -32.594  -26.866  39.091 0.0000000000
43525  -12.028  -47.940  49.976 0.0000000000
44467  -12.184  -47.288  50.812 0.0000000000
43507  -11.743  -48.221  50.854 0.0000000000
49162  -33.809  -40.326  51.750 0.0000000000
50346  -34.077  -40.287  51.751 0.0000000000
51478  -34.131  -39.719  52.478 0.0000000000
50298  -28.858  -38.515  54.862 0.0000000000
49141  -32.975  -40.001  52.499 0.0000000000
49142  -33.327  -40.044  52.289 0.0000000000
49191  -33.238  -40.460  51.130 0.0000000000
50283  -28.582  -38.494  55.826 0.0000000000
67529  -42.134  -25.266  38.162 0.0000000000
68542  -40.955  -24.902  38.005 0.0000000000
68544  -42.282  -24.545  37.693 0.0000000000
71571  -43.702  -21.642  35.591 0.0000000000
71588  -44.121  -21.142  35.368 0.0000000000
72526  -44.708  -20.303  35.205 0.0000000000
62360  -31.790  -30.275  47.866 0.0000000000
62367  -31.193  -30.428  47.047 0.0000000000
62368  -31.880  -29.706  46.964 0.0000000000
65451  -33.416  -26.500  43.465 0.0000000000
66419  -34.340  -26.142  43.917 0.0000000000
66435  -35.041  -25.279  43.105 0.0000000000
49232  -17.037  -39.776  49.848 0.0000000000
49253  -16.374  -40.921  49.503 0.0000000000
81512  -49.266  -10.526  30.544 0.0000000000
82501  -50.004  -10.371  30.488 0.0000000000
38645  -7.583  -52.402  60.800 0.0000000000
37663  -6.918  -53.227  60.771 0.0000000000
37668  -6.532  -53.695  60.230 0.0000000000
56132  -33.076  -37.625  46.741 0.0000000000
56102  -35.481  -36.904  50.072 0.0000000000
56090  -35.026  -36.632  50.658 0.0000000000
60171  -30.567  -33.046  50.058 0.0000000000
60167  -31.193  -32.187  50.835 0.0000000000
49352  -19.522  -40.470  45.759 0.0000000000
50477  -19.991  -39.752  46.019 0.0000000000
51512  -28.631  -39.690  50.198 0.0000000000
51522  -28.033  -39.187  49.880 0.0000000000
51523  -28.683  -39.607  49.404 0.0000000000
49302  -19.733  -39.764  47.591 0.0000000000
78430  -43.570  -14.814  29.990 0.0000000000
75461  -45.465  -16.678  35.333 0.0000000000
76439  -45.932  -16.111  35.272 0.0000000000
79430  -47.693  -13.193  35.202 0.0000000000
79435  -47.020  -13.016  34.594 0.0000000000
80457  -47.195  -12.463  33.616 0.0000000000
79446  -47.464  -12.478  33.800 0.0000000000
79456  -47.941  -12.268  33.393 0.0000000000
79437  -48.375  -12.505  34.619 0.0000000000
62384  -29.359  -30.771  43.363 0.0000000000
61280  -28.846  -31.821  43.309 0.0000000000
62383  -28.914  -31.040  42.784 0.0000000000
62484  -35.141  -28.797  35.949 0.0000000000
62496  -34.734  -29.611  35.168 0.0000000000
65481  -37.455  -27.004  40.850 0.0000000000
65499  -36.967  -27.152  40.550 0.0000000000
64463  -37.767  -27.566  40.425 0.0000000000
61331  -40.882  -28.442  39.379 0.0000000000
60254  -39.959  -28.591  38.729 0.0000000000
61371  -40.032  -29.147  38.132 0.0000000000
61372  -40.966  -29.645  38.231 0.0000000000
62488  -41.174  -29.497  37.435 0.0000000000
62455  -41.530  -28.775  38.561 0.0000000000
41586  -10.374  -49.220  54.196 0.0000000000
41585  -9.928  -49.511  54.543 0.0000000000
41605  -10.023  -49.597  53.583 0.0000000000
40663  -10.188  -50.323  52.719 0.0000000000
32414  -5.905  -59.107  57.743 0.0000000000
33537  -5.897  -58.272  58.085 0.0000000000
33536  -5.448  -58.667  58.210 0.0000000000
33526  -5.359  -58.023  58.389 0.0000000000
32403  -5.196  -58.874  58.239 0.0000000000
63418  -33.728  -28.176  47.326 0.0000000000
47361  -16.359  -43.167  46.725 0.0000000000
39663  -7.836  -51.680  59.150 0.0000000000
39664  -8.140  -51.368  59.695 0.0000000000
38657  -7.915  -51.845  59.932 0.0000000000
38651  -7.845  -51.979  60.351 0.0000000000
50499  -32.788  -40.934  45.050 0.0000000000
51587  -33.563  -39.683  45.968 0.0000000000
51586  -33.699  -39.300  46.138 0.0000000000
53905  -33.716  -38.981  45.987 0.0000000000
52736  -33.874  -39.068  46.313 0.0000000000
50421  -21.485  -38.648  48.675 0.0000000000
50462  -21.361  -38.687  47.404 0.0000000000
50441  -21.891  -38.357  48.168 0.0000000000
52717  -23.600  -37.499  48.910 0.0000000000
52716  -23.324  -37.567  48.009 0.0000000000
53892  -23.865  -37.232  48.162 0.0000000000
55028  -23.902  -37.139  46.696 0.0000000000
55030  -25.038  -37.175  47.902 0.0000000000
49283  -30.400  -41.319  48.666 0.0000000000
50426  -30.246  -40.743  48.334 0.0000000000
49334  -31.142  -40.729  46.936 0.0000000000
49307  -30.595  -41.030  47.648 0.0000000000
49385  -32.106  -40.944  45.129 0.0000000000
49153  -24.163  -39.965  53.104 0.0000000000
49120  -24.263  -40.029  54.041 0.0000000000
49134  -23.748  -40.079  53.638 0.0000000000
50312  -23.427  -39.653  53.893 0.0000000000
49152  -23.279  -39.787  53.024 0.0000000000
49181  -22.631  -39.639  52.277 0.0000000000
50402  -22.395  -38.756  50.057 0.0000000000
49282  -21.533  -38.693  49.212 0.0000000000
49281  -20.819  -39.144  48.614 0.0000000000
71606  -40.260  -21.396  32.921 0.0000000000
63463  -29.464  -29.643  41.961 0.0000000000
64461  -29.681  -28.923  41.465 0.0000000000
65537  -33.058  -27.845  37.459 0.0000000000
64522  -33.534  -28.297  37.058 0.0000000000
64538  -34.476  -28.315  36.932 0.0000000000
64523  -34.690  -27.808  37.604 0.0000000000
64448  -40.236  -27.608  41.768 0.0000000000
62408  -41.700  -28.577  40.692 0.0000000000
47258  -12.698  -43.506  51.913 0.0000000000
46331  -12.330  -44.674  51.942 0.0000000000
46330  -11.915  -45.583  52.390 0.0000000000
46307  -11.493  -44.892  53.006 0.0000000000
45339  -10.877  -45.578  53.783 0.0000000000
43490  -11.451  -48.150  52.636 0.0000000000
42542  -11.323  -48.800  52.443 0.0000000000
42520  -11.066  -48.831  53.165 0.0000000000
40687  -10.875  -50.365  51.799 0.0000000000
41638  -11.038  -50.005  51.637 0.0000000000
48234  -33.307  -42.035  49.580 0.0000000000
49266  -34.166  -41.271  49.140 0.0000000000
49245  -34.255  -41.117  49.905 0.0000000000
52673  -34.696  -39.074  51.205 0.0000000000
51505  -34.523  -39.378  50.672 0.0000000000
53863  -34.793  -38.328  51.081 0.0000000000
51489  -28.020  -38.488  51.993 0.0000000000
50367  -28.759  -39.495  52.328 0.0000000000
49185  -29.104  -40.153  52.568 0.0000000000
50300  -30.994  -39.394  54.198 0.0000000000
49158  -31.154  -39.329  51.911 0.0000000000
49188  -30.976  -40.159  51.461 0.0000000000
49214  -30.583  -40.395  50.822 0.0000000000
49241  -31.049  -40.611  49.651 0.0000000000
49215  -31.364  -40.550  50.402 0.0000000000
48208  -33.236  -41.781  50.515 0.0000000000
49243  -31.882  -42.354  50.183 0.0000000000
48223  -33.069  -42.229  50.068 0.0000000000
48232  -32.462  -42.688  49.024 0.0000000000
50315  -26.875  -38.914  54.326 0.0000000000
50337  -26.263  -38.989  53.546 0.0000000000
66534  -38.261  -26.230  36.852 0.0000000000
66520  -38.655  -25.753  37.188 0.0000000000
69621  -39.140  -23.679  36.335 0.0000000000
69637  -38.842  -23.110  35.373 0.0000000000
69638  -39.435  -22.987  36.077 0.0000000000
69625  -43.288  -23.212  37.148 0.0000000000
70621  -42.315  -21.755  35.653 0.0000000000
70603  -41.800  -21.943  36.095 0.0000000000
71569  -41.215  -21.624  35.600 0.0000000000
71568  -40.923  -21.503  35.360 0.0000000000
71598  -40.779  -21.108  34.383 0.0000000000
73474  -42.585  -19.927  34.438 0.0000000000
73473  -41.799  -20.163  34.147 0.0000000000
74475  -41.900  -19.246  34.225 0.0000000000
74486  -41.317  -19.184  33.383 0.0000000000
75457  -42.284  -18.413  34.216 0.0000000000
74468  -45.315  -19.157  35.256 0.0000000000
75452  -45.385  -18.176  35.287 0.0000000000
74464  -47.826  -18.458  36.913 0.0000000000
61271  -30.190  -31.319  45.823 0.0000000000
62378  -30.847  -30.335  44.890 0.0000000000
61282  -30.031  -31.016  44.499 0.0000000000
63436  -32.841  -28.424  46.173 0.0000000000
63435  -32.464  -28.862  46.353 0.0000000000
63441  -32.710  -28.349  45.796 0.0000000000
64429  -31.939  -28.450  44.878 0.0000000000
64434  -31.385  -28.722  44.253 0.0000000000
65476  -31.939  -26.228  41.761 0.0000000000
66450  -33.550  -25.651  41.977 0.0000000000
66452  -36.020  -25.126  42.065 0.0000000000
66470  -36.800  -26.040  41.354 0.0000000000
66438  -38.171  -25.722  43.588 0.0000000000
66439  -39.132  -25.867  43.700 0.0000000000
66455  -38.841  -26.069  42.727 0.0000000000
66456  -39.782  -26.451  42.813 0.0000000000
49202  -15.752  -40.097  50.835 0.0000000000
49174  -15.268  -40.552  51.535 0.0000000000
50358  -15.352  -40.318  52.218 0.0000000000
49201  -14.847  -41.418  51.110 0.0000000000
47340  -15.467  -43.128  47.889 0.0000000000
47339  -14.791  -43.560  48.600 0.0000000000
47301  -14.106  -43.277  50.206 0.0000000000
46374  -13.466  -43.894  49.727 0.0000000000
46353  -13.488  -43.720  50.315 0.0000000000
46373  -13.374  -45.033  49.589 0.0000000000
38642  -5.788  -53.349  60.491 0.0000000000
52794  -34.129  -39.684  43.473 0.0000000000
57075  -32.425  -37.344  46.358 0.0000000000
57074  -31.862  -37.081  46.251 0.0000000000
57073  -31.076  -36.720  46.115 0.0000000000
57060  -31.304  -36.333  46.796 0.0000000000
51541  -34.542  -39.993  48.657 0.0000000000
51556  -34.314  -39.784  48.310 0.0000000000
52722  -34.434  -39.158  48.683 0.0000000000
56120  -34.570  -37.363  48.535 0.0000000000
55033  -34.553  -37.849  48.271 0.0000000000
58031  -32.961  -35.997  49.646 0.0000000000
57026  -33.620  -36.267  49.511 0.0000000000
58057  -32.826  -36.484  48.217 0.0000000000
58056  -31.989  -36.086  48.511 0.0000000000
59116  -31.037  -34.428  48.777 0.0000000000
59131  -31.250  -35.285  48.339 0.0000000000
59148  -30.966  -35.200  47.901 0.0000000000
59129  -30.487  -33.748  47.812 0.0000000000
61261  -31.212  -30.925  48.288 0.0000000000
61257  -31.544  -30.913  48.780 0.0000000000
61240  -31.916  -31.043  51.588 0.0000000000
62335  -32.659  -30.156  51.018 0.0000000000
63379  -32.842  -29.404  49.310 0.0000000000
52732  -21.495  -38.778  45.938 0.0000000000
51565  -20.681  -39.308  45.261 0.0000000000
52747  -21.832  -38.453  45.508 0.0000000000
51510  -26.386  -38.417  51.219 0.0000000000
52679  -26.222  -38.175  50.822 0.0000000000
52680  -26.920  -38.608  50.834 0.0000000000
52707  -27.142  -37.774  48.725 0.0000000000
52718  -27.430  -37.799  47.560 0.0000000000
53904  -26.677  -37.380  47.079 0.0000000000
50443  -29.536  -39.885  47.406 0.0000000000
51554  -29.072  -39.477  47.992 0.0000000000
51570  -29.145  -39.074  46.969 0.0000000000
49177  -19.005  -39.416  51.479 0.0000000000
49204  -18.051  -39.251  50.579 0.0000000000
49205  -19.074  -39.634  50.849 0.0000000000
49207  -20.976  -39.415  51.164 0.0000000000
49279  -18.707  -40.237  48.255 0.0000000000
49255  -18.133  -39.759  49.257 0.0000000000
126643  -18.151  -40.629  48.128 0.0000000000
48242  -17.520  -41.395  47.441 0.0000000000
49300  -17.755  -41.524  46.750 0.0000000000
75471  -42.874  -17.124  33.716 0.0000000000
76447  -42.431  -16.878  33.153 0.0000000000
76449  -43.700  -15.706  33.912 0.0000000000
77407  -43.474  -15.307  33.468 0.0000000000
78414  -43.188  -14.839  32.796 0.0000000000
78405  -43.829  -14.636  33.394 0.0000000000
77397  -46.912  -15.012  35.729 0.0000000000
77401  -46.120  -14.807  35.202 0.0000000000
79444  -45.640  -13.376  33.474 0.0000000000
78407  -45.616  -14.022  34.467 0.0000000000
79443  -45.156  -13.429  33.159 0.0000000000
79452  -44.729  -13.385  32.631 0.0000000000
79459  -45.114  -12.940  31.540 0.0000000000
80468  -45.966  -12.634  31.296 0.0000000000
80474  -46.368  -12.222  30.644 0.0000000000
80479  -46.960  -11.831  29.772 0.0000000000
80466  -48.231  -11.919  33.055 0.0000000000
81503  -48.508  -11.338  32.071 0.0000000000
81498  -48.873  -11.340  32.839 0.0000000000
38690  -8.216  -53.303  54.546 0.0000000000
37714  -7.920  -53.914  54.236 0.0000000000
58102  -28.717  -34.508  44.857 0.0000000000
59174  -28.936  -33.454  44.875 0.0000000000
63552  -36.183  -29.108  35.322 0.0000000000
63554  -37.325  -28.689  35.845 0.0000000000
65496  -34.443  -26.139  40.107 0.0000000000
65512  -33.695  -26.934  39.345 0.0000000000
65513  -35.150  -26.818  39.399 0.0000000000
64495  -36.395  -27.324  39.216 0.0000000000
64494  -36.091  -27.419  38.825 0.0000000000
63495  -36.460  -27.741  38.996 0.0000000000
63509  -36.183  -27.980  38.454 0.0000000000
62405  -39.017  -28.104  40.296 0.0000000000
63481  -38.444  -28.199  40.103 0.0000000000
62423  -38.736  -28.423  39.970 0.0000000000
60269  -38.633  -29.266  38.894 0.0000000000
61327  -38.019  -28.967  39.189 0.0000000000
61367  -37.289  -29.274  38.123 0.0000000000
61366  -36.861  -29.044  38.154 0.0000000000
61393  -37.272  -29.397  37.448 0.0000000000
61394  -37.890  -29.555  37.389 0.0000000000
61422  -38.967  -29.144  37.004 0.0000000000
62500  -38.617  -28.988  36.795 0.0000000000
63555  -38.162  -28.646  36.340 0.0000000000
64553  -38.858  -28.109  37.161 0.0000000000
64543  -41.165  -27.969  37.859 0.0000000000
65554  -40.875  -27.595  37.765 0.0000000000
65541  -41.378  -27.159  38.289 0.0000000000
66523  -41.566  -26.222  38.324 0.0000000000
65542  -42.037  -26.756  38.850 0.0000000000
40633  -9.609  -49.970  55.140 0.0000000000
40614  -9.665  -49.906  55.980 0.0000000000
40595  -9.484  -50.121  56.739 0.0000000000
40631  -9.060  -51.419  55.036 0.0000000000
40674  -9.026  -51.999  52.175 0.0000000000
39736  -8.872  -52.522  52.207 0.0000000000
37703  -7.711  -54.109  55.719 0.0000000000
38678  -7.941  -53.536  56.488 0.0000000000
37698  -7.641  -54.201  56.352 0.0000000000
37692  -7.541  -54.180  57.230 0.0000000000
37691  -7.140  -54.995  57.712 0.0000000000
37682  -6.916  -55.160  58.343 0.0000000000
33553  -6.793  -58.728  56.131 0.0000000000
34609  -6.725  -57.646  56.678 0.0000000000
34602  -6.689  -57.512  57.557 0.0000000000
34585  -6.294  -56.751  58.673 0.0000000000
35627  -6.515  -56.406  58.624 0.0000000000
35620  -6.378  -55.987  59.081 0.0000000000
36653  -6.410  -55.202  59.411 0.0000000000
36652  -6.090  -55.358  59.799 0.0000000000
35618  -5.851  -55.938  59.711 0.0000000000
34572  -4.756  -56.625  59.475 0.0000000000
35617  -5.338  -55.710  59.742 0.0000000000
35614  -4.982  -55.507  59.731 0.0000000000
32401  -4.770  -58.476  58.300 0.0000000000
39668  -7.731  -51.856  58.583 0.0000000000
51572  -33.791  -39.528  47.088 0.0000000000
50442  -22.522  -38.266  48.905 0.0000000000
50423  -23.184  -38.374  49.539 0.0000000000
51537  -23.887  -38.018  49.794 0.0000000000
52706  -24.663  -37.700  49.969 0.0000000000
49285  -31.350  -42.729  48.126 0.0000000000
49136  -25.054  -39.199  54.125 0.0000000000
49154  -24.647  -39.103  53.608 0.0000000000
49209  -22.714  -39.477  51.624 0.0000000000
50392  -23.272  -38.892  51.029 0.0000000000
73493  -40.628  -20.224  32.556 0.0000000000
64477  -29.822  -28.457  40.644 0.0000000000
64492  -30.117  -28.538  39.516 0.0000000000
45399  -12.293  -46.633  51.512 0.0000000000
45398  -12.046  -47.001  52.083 0.0000000000
45359  -11.513  -46.795  52.726 0.0000000000
43491  -11.656  -48.240  51.951 0.0000000000
41652  -11.116  -49.925  51.051 0.0000000000
42580  -11.340  -49.847  50.431 0.0000000000
49218  -33.537  -41.129  50.667 0.0000000000
49219  -34.133  -40.924  50.634 0.0000000000
50386  -34.108  -40.444  51.047 0.0000000000
52659  -34.609  -39.470  51.573 0.0000000000
52672  -34.829  -38.994  51.792 0.0000000000
49125  -31.433  -39.303  53.297 0.0000000000
49159  -31.987  -39.721  51.869 0.0000000000
49190  -32.526  -40.305  51.019 0.0000000000
49217  -32.927  -41.144  50.639 0.0000000000
50297  -27.827  -38.676  55.057 0.0000000000
66522  -40.797  -25.996  38.029 0.0000000000
67540  -39.314  -25.335  37.398 0.0000000000
67541  -40.252  -25.387  37.582 0.0000000000
68557  -40.855  -24.144  37.483 0.0000000000
70606  -44.430  -22.307  36.668 0.0000000000
69640  -43.074  -22.542  36.577 0.0000000000
70605  -43.795  -22.263  36.108 0.0000000000
71570  -43.164  -21.540  35.431 0.0000000000
71586  -42.584  -21.365  35.221 0.0000000000
72524  -43.104  -20.607  34.729 0.0000000000
73475  -43.549  -19.754  34.518 0.0000000000
74477  -43.837  -18.714  34.530 0.0000000000
73467  -45.906  -19.918  35.941 0.0000000000
61260  -30.788  -31.193  47.786 0.0000000000
65417  -33.475  -27.535  45.632 0.0000000000
64430  -32.874  -27.961  45.459 0.0000000000
64446  -31.973  -27.428  43.212 0.0000000000
65464  -33.340  -26.057  42.792 0.0000000000
66436  -36.220  -25.027  43.330 0.0000000000
50332  -17.313  -39.168  52.296 0.0000000000
50380  -16.682  -39.659  51.046 0.0000000000
49252  -15.453  -41.565  49.703 0.0000000000
46390  -13.602  -45.335  48.768 0.0000000000
81511  -48.703  -10.680  30.072 0.0000000000
81515  -48.413  -10.759  28.939 0.0000000000
82511  -49.163  -10.482  29.174 0.0000000000
37667  -6.104  -53.939  60.253 0.0000000000
53943  -34.648  -39.365  44.897 0.0000000000
56162  -32.565  -37.762  44.901 0.0000000000
56146  -32.737  -37.749  45.567 0.0000000000
55022  -34.616  -37.783  49.450 0.0000000000
53885  -34.461  -38.319  49.022 0.0000000000
55010  -35.045  -37.357  49.692 0.0000000000
56110  -35.000  -37.091  49.296 0.0000000000
58017  -33.189  -35.087  51.298 0.0000000000
58043  -32.260  -35.777  49.477 0.0000000000
60178  -30.664  -33.782  48.421 0.0000000000
60175  -30.656  -33.427  49.096 0.0000000000
61248  -31.307  -31.545  50.091 0.0000000000
52748  -22.566  -37.851  46.020 0.0000000000
52669  -27.962  -38.586  51.010 0.0000000000
52692  -27.530  -38.466  50.195 0.0000000000
50478  -29.431  -39.438  45.845 0.0000000000
50363  -20.668  -38.958  52.237 0.0000000000
49258  -20.829  -39.376  49.610 0.0000000000
49301  -19.044  -40.420  47.599 0.0000000000
50459  -18.517  -41.001  46.792 0.0000000000
50475  -18.587  -41.259  46.126 0.0000000000
49351  -18.841  -41.642  45.250 0.0000000000
77399  -44.729  -15.155  34.719 0.0000000000
78400  -46.440  -13.660  34.946 0.0000000000
79454  -46.224  -12.821  32.782 0.0000000000
80464  -46.900  -12.258  32.886 0.0000000000
80470  -47.674  -11.839  31.975 0.0000000000
80458  -48.725  -11.866  33.691 0.0000000000
38698  -8.188  -54.108  52.728 0.0000000000
37713  -7.945  -54.540  53.550 0.0000000000
61275  -29.412  -31.707  44.750 0.0000000000
60210  -29.001  -32.380  44.223 0.0000000000
65479  -36.152  -26.566  40.519 0.0000000000
66502  -35.546  -26.595  39.864 0.0000000000
65515  -36.362  -27.139  40.068 0.0000000000
64496  -36.775  -27.442  39.822 0.0000000000
63496  -37.101  -27.956  39.430 0.0000000000
61312  -39.985  -28.562  39.911 0.0000000000
61311  -39.248  -28.551  39.903 0.0000000000
61329  -39.442  -28.664  39.354 0.0000000000
60270  -38.893  -29.384  38.592 0.0000000000
60289  -39.052  -29.505  38.186 0.0000000000
61395  -38.530  -29.408  37.468 0.0000000000
61370  -39.131  -29.481  37.943 0.0000000000
61396  -39.263  -29.168  37.627 0.0000000000
62486  -39.588  -28.901  37.619 0.0000000000
63541  -39.757  -28.509  37.569 0.0000000000
63542  -40.377  -28.734  37.615 0.0000000000
63543  -41.250  -28.761  37.546 0.0000000000
43462  -11.088  -48.324  53.870 0.0000000000
43449  -10.710  -48.224  54.839 0.0000000000
42469  -10.501  -48.564  55.495 0.0000000000
42482  -10.392  -49.153  55.389 0.0000000000
40648  -9.351  -50.866  53.861 0.0000000000
40662  -9.445  -51.240  52.856 0.0000000000
39737  -9.300  -52.050  51.710 0.0000000000
36688  -7.592  -54.753  55.436 0.0000000000
36681  -7.606  -54.537  55.977 0.0000000000
36680  -7.384  -55.028  56.154 0.0000000000
36679  -6.990  -55.765  56.586 0.0000000000
36671  -6.952  -55.791  57.523 0.0000000000
33538  -6.412  -58.076  57.781 0.0000000000
34593  -6.017  -57.522  58.384 0.0000000000
34584  -5.877  -56.914  58.812 0.0000000000
34574  -5.877  -56.364  59.440 0.0000000000
34583  -5.096  -57.134  58.917 0.0000000000
34582  -4.471  -57.270  59.091 0.0000000000
50301  -32.106  -39.446  54.265 0.0000000000
67543  -43.325  -24.743  37.858 0.0000000000
67542  -42.710  -24.872  37.745 0.0000000000
68560  -43.816  -23.875  37.820 0.0000000000
69626  -44.092  -23.115  37.298 0.0000000000
71562  -45.501  -21.780  36.626 0.0000000000
71573  -45.641  -21.444  36.419 0.0000000000
72513  -46.027  -20.821  36.215 0.0000000000
63417  -33.115  -28.813  47.619 0.0000000000
62369  -32.450  -29.135  46.874 0.0000000000
63430  -33.331  -28.224  46.814 0.0000000000
64408  -34.281  -27.704  46.974 0.0000000000
65418  -34.443  -27.118  46.071 0.0000000000
65441  -35.856  -26.083  44.985 0.0000000000
48240  -16.173  -41.946  47.956 0.0000000000
49277  -16.475  -41.384  48.840 0.0000000000
47341  -16.046  -42.843  47.384 0.0000000000
38650  -7.430  -53.012  60.065 0.0000000000
51601  -34.157  -40.047  44.932 0.0000000000
52775  -34.972  -39.779  45.095 0.0000000000
52755  -34.432  -39.475  45.197 0.0000000000
49303  -20.304  -39.317  47.392 0.0000000000
49328  -20.082  -39.583  46.675 0.0000000000
50461  -20.715  -39.098  46.739 0.0000000000
51567  -21.741  -38.504  46.802 0.0000000000
51582  -22.348  -38.125  46.741 0.0000000000
51551  -22.880  -38.047  48.411 0.0000000000
51568  -22.389  -38.110  47.377 0.0000000000
53903  -23.326  -37.393  46.379 0.0000000000
55043  -24.026  -37.268  45.937 0.0000000000
55062  -25.477  -37.065  46.164 0.0000000000
50396  -29.717  -40.520  49.841 0.0000000000
50407  -29.874  -40.727  48.989 0.0000000000
50464  -29.932  -40.337  46.834 0.0000000000
50479  -29.903  -39.788  45.591 0.0000000000
49132  -22.402  -39.325  53.198 0.0000000000
49151  -22.535  -39.630  52.801 0.0000000000
49237  -21.828  -39.382  50.673 0.0000000000
70632  -39.374  -22.423  33.655 0.0000000000
77432  -43.024  -15.463  30.240 0.0000000000
76427  -47.427  -16.245  36.397 0.0000000000
76434  -46.654  -16.258  35.629 0.0000000000
77391  -47.705  -15.244  36.459 0.0000000000
79438  -48.721  -12.602  35.187 0.0000000000
63448  -29.605  -29.715  42.524 0.0000000000
62390  -29.365  -30.201  42.639 0.0000000000
62404  -29.156  -30.266  42.004 0.0000000000
63540  -35.353  -28.416  37.013 0.0000000000
65483  -39.170  -26.706  41.462 0.0000000000
64464  -38.280  -27.417  40.660 0.0000000000
64465  -39.362  -27.311  41.089 0.0000000000
63467  -39.500  -27.796  40.724 0.0000000000
62406  -39.709  -28.218  40.516 0.0000000000
61296  -40.412  -28.335  40.556 0.0000000000
61313  -40.905  -28.307  40.116 0.0000000000
61332  -41.222  -28.600  40.066 0.0000000000
61349  -41.518  -28.379  39.138 0.0000000000
47239  -11.877  -44.321  53.086 0.0000000000
45316  -10.858  -46.321  54.556 0.0000000000
44450  -11.300  -47.320  53.151 0.0000000000
44449  -11.253  -47.738  53.428 0.0000000000
40664  -10.896  -50.012  52.575 0.0000000000
40677  -10.956  -50.220  52.214 0.0000000000
49310  -32.489  -41.511  48.653 0.0000000000
49311  -33.186  -40.704  48.493 0.0000000000
49287  -33.285  -41.630  48.987 0.0000000000
50427  -34.517  -40.519  48.737 0.0000000000
50409  -34.701  -40.308  49.248 0.0000000000
49220  -34.329  -40.731  50.241 0.0000000000
52693  -34.515  -39.205  49.826 0.0000000000
52710  -34.495  -38.715  49.838 0.0000000000
55011  -34.802  -37.732  50.053 0.0000000000
53846  -34.970  -38.508  52.602 0.0000000000
50383  -25.900  -38.356  52.184 0.0000000000
51501  -26.710  -38.678  51.705 0.0000000000
50366  -27.655  -38.572  52.621 0.0000000000
51502  -28.147  -38.676  51.379 0.0000000000
51503  -28.451  -39.726  51.053 0.0000000000
50395  -29.038  -40.194  50.486 0.0000000000
50340  -29.551  -39.280  52.721 0.0000000000
50319  -30.961  -38.881  53.088 0.0000000000
50341  -30.494  -38.909  52.543 0.0000000000
49186  -29.545  -40.123  52.346 0.0000000000
49213  -29.682  -40.397  51.422 0.0000000000
50385  -29.475  -40.457  50.713 0.0000000000
49262  -30.459  -41.772  49.393 0.0000000000
49263  -31.268  -42.565  49.230 0.0000000000
48231  -31.991  -43.012  48.610 0.0000000000
48250  -32.431  -42.781  48.234 0.0000000000
49137  -26.019  -39.440  54.317 0.0000000000
49155  -25.581  -39.124  53.808 0.0000000000
65562  -37.875  -27.455  36.117 0.0000000000
65561  -37.456  -27.123  35.250 0.0000000000
66544  -37.760  -26.713  36.193 0.0000000000
66533  -37.767  -25.904  36.263 0.0000000000
68541  -38.959  -24.899  37.290 0.0000000000
68555  -38.643  -24.591  36.712 0.0000000000
68568  -37.586  -24.621  35.483 0.0000000000
69623  -41.340  -23.165  36.970 0.0000000000
69639  -42.491  -22.351  36.369 0.0000000000
70591  -41.632  -22.640  36.605 0.0000000000
70590  -41.022  -22.462  36.446 0.0000000000
70601  -39.763  -22.366  35.693 0.0000000000
70618  -39.647  -22.044  34.662 0.0000000000
71596  -39.796  -21.934  34.079 0.0000000000
71597  -40.200  -21.530  33.808 0.0000000000
72534  -40.463  -20.808  33.247 0.0000000000
72522  -41.398  -20.810  34.225 0.0000000000
73472  -41.244  -20.344  33.813 0.0000000000
73484  -40.835  -20.105  33.286 0.0000000000
73494  -40.894  -19.573  32.695 0.0000000000
74500  -41.191  -18.868  32.520 0.0000000000
75469  -41.526  -18.416  33.186 0.0000000000
75485  -41.537  -18.038  32.536 0.0000000000
75459  -44.036  -17.581  34.633 0.0000000000
75453  -45.863  -17.325  35.524 0.0000000000
75454  -46.447  -17.115  35.814 0.0000000000
73468  -46.324  -20.452  36.238 0.0000000000
73461  -46.335  -19.857  36.107 0.0000000000
74462  -46.387  -19.506  36.064 0.0000000000
74463  -46.895  -18.860  36.328 0.0000000000
75446  -47.091  -17.433  36.331 0.0000000000
59164  -29.583  -33.700  46.184 0.0000000000
60201  -29.478  -32.436  45.491 0.0000000000
62380  -31.795  -29.369  46.017 0.0000000000
63439  -31.540  -29.279  45.081 0.0000000000
63438  -31.256  -29.371  44.566 0.0000000000
63449  -30.053  -29.418  42.839 0.0000000000
65475  -31.211  -26.643  40.990 0.0000000000
66483  -31.973  -26.348  39.746 0.0000000000
66484  -32.520  -26.366  39.855 0.0000000000
66485  -33.204  -26.208  40.279 0.0000000000
65477  -33.810  -26.185  40.393 0.0000000000
66468  -34.594  -25.790  40.808 0.0000000000
66421  -36.462  -25.629  44.338 0.0000000000
66437  -37.218  -25.493  43.447 0.0000000000
66423  -38.408  -25.776  44.642 0.0000000000
66472  -38.585  -26.307  41.834 0.0000000000
65465  -39.791  -27.013  41.846 0.0000000000
65466  -40.614  -26.961  42.400 0.0000000000
49276  -15.672  -41.663  49.135 0.0000000000
48221  -14.822  -42.497  49.988 0.0000000000
48206  -14.484  -42.469  50.676 0.0000000000
48196  -14.017  -42.412  51.411 0.0000000000
47259  -13.374  -43.195  51.583 0.0000000000
45435  -13.023  -45.944  49.156 0.0000000000
45419  -12.758  -45.914  50.034 0.0000000000
56161  -32.258  -37.599  44.640 0.0000000000
56160  -31.636  -37.288  44.596 0.0000000000
50445  -33.431  -40.346  48.154 0.0000000000
51573  -33.808  -39.884  47.859 0.0000000000
51555  -34.226  -39.371  47.615 0.0000000000
53896  -34.505  -38.366  48.430 0.0000000000
53895  -34.516  -38.355  47.778 0.0000000000
53894  -34.365  -38.608  47.215 0.0000000000
53907  -34.366  -38.193  47.310 0.0000000000
55048  -34.196  -37.835  47.184 0.0000000000
56133  -33.790  -37.578  47.210 0.0000000000
57027  -34.397  -36.513  49.616 0.0000000000
57037  -34.088  -36.776  48.763 0.0000000000
57048  -33.802  -36.934  48.071 0.0000000000
56118  -33.639  -37.269  47.563 0.0000000000
58071  -30.670  -35.288  47.027 0.0000000000
58070  -30.361  -34.780  46.900 0.0000000000
60177  -30.407  -32.629  48.384 0.0000000000
61253  -31.787  -30.909  49.586 0.0000000000
63398  -32.608  -29.492  48.374 0.0000000000
52690  -25.518  -37.834  50.366 0.0000000000
53870  -25.362  -37.599  49.773 0.0000000000
52691  -26.617  -38.017  49.931 0.0000000000
53884  -25.876  -37.643  49.112 0.0000000000
55031  -25.607  -37.235  48.407 0.0000000000
55046  -25.846  -37.134  47.566 0.0000000000
55063  -25.963  -37.095  46.780 0.0000000000
51540  -29.006  -39.758  48.783 0.0000000000
52735  -28.062  -38.480  46.956 0.0000000000
51569  -28.598  -38.812  46.447 0.0000000000
52734  -27.535  -37.786  46.403 0.0000000000
52750  -27.236  -37.824  45.123 0.0000000000
50333  -18.504  -38.799  52.385 0.0000000000
49176  -17.963  -39.115  51.147 0.0000000000
49150  -21.823  -39.190  52.597 0.0000000000
49179  -21.049  -39.280  51.797 0.0000000000
49235  -19.977  -39.710  50.231 0.0000000000
49234  -19.053  -39.651  50.093 0.0000000000
48259  -17.349  -41.858  47.037 0.0000000000
50458  -18.204  -41.477  46.266 0.0000000000
75486  -41.923  -17.286  32.509 0.0000000000
76461  -42.292  -16.292  32.407 0.0000000000
76462  -42.697  -15.829  32.895 0.0000000000
77418  -42.631  -15.517  32.531 0.0000000000
77424  -42.502  -15.472  31.734 0.0000000000
77425  -42.772  -15.125  31.046 0.0000000000
76440  -46.297  -15.690  35.329 0.0000000000
77400  -45.440  -15.120  35.102 0.0000000000
78398  -45.180  -14.569  34.694 0.0000000000
77410  -45.790  -14.273  34.941 0.0000000000
78415  -43.877  -14.071  32.544 0.0000000000
78424  -43.874  -14.131  30.357 0.0000000000
79465  -44.534  -13.758  30.076 0.0000000000
79463  -45.013  -13.186  30.391 0.0000000000
79466  -45.268  -13.607  29.486 0.0000000000
81506  -48.024  -11.230  30.962 0.0000000000
81507  -48.627  -10.890  31.127 0.0000000000
82481  -50.082  -10.546  31.967 0.0000000000
40612  -8.651  -51.456  56.174 0.0000000000
40592  -8.408  -51.882  56.713 0.0000000000
38683  -8.383  -52.791  55.805 0.0000000000
38684  -8.204  -53.233  55.540 0.0000000000
37702  -7.698  -54.306  55.223 0.0000000000
37707  -7.761  -54.465  54.649 0.0000000000
57087  -28.916  -35.272  44.620 0.0000000000
66499  -33.005  -26.696  39.539 0.0000000000
65525  -33.550  -27.257  38.525 0.0000000000
65539  -34.359  -27.424  38.204 0.0000000000
64509  -35.538  -27.892  38.007 0.0000000000
62469  -36.315  -28.665  37.652 0.0000000000
63465  -38.077  -27.796  40.458 0.0000000000
63480  -37.770  -27.947  40.018 0.0000000000
62421  -37.593  -28.311  39.550 0.0000000000
61309  -38.235  -28.705  39.470 0.0000000000
62441  -37.767  -28.636  39.371 0.0000000000
62452  -37.031  -28.590  38.762 0.0000000000
62451  -36.689  -28.576  38.380 0.0000000000
61418  -36.636  -29.269  36.872 0.0000000000
62498  -37.153  -29.039  36.188 0.0000000000
61420  -37.916  -29.540  36.752 0.0000000000
65552  -39.395  -27.238  37.354 0.0000000000
64541  -39.694  -27.837  37.423 0.0000000000
65553  -40.255  -27.467  37.553 0.0000000000
66536  -40.164  -26.568  37.516 0.0000000000
66524  -42.237  -26.184  38.453 0.0000000000
62456  -41.852  -27.923  39.099 0.0000000000
39691  -8.729  -51.907  55.536 0.0000000000
39714  -8.444  -52.785  53.983 0.0000000000
39738  -9.924  -51.179  51.723 0.0000000000
39746  -9.763  -52.095  51.155 0.0000000000
38669  -8.152  -52.780  56.918 0.0000000000
38662  -7.749  -52.682  58.367 0.0000000000
37684  -7.605  -53.518  58.215 0.0000000000
37676  -7.698  -53.073  58.798 0.0000000000
37675  -7.345  -53.549  59.068 0.0000000000
37671  -7.284  -53.380  59.601 0.0000000000
37670  -6.781  -53.886  59.654 0.0000000000
35634  -6.734  -56.635  57.945 0.0000000000
36665  -6.770  -55.875  58.237 0.0000000000
36647  -6.080  -54.656  60.040 0.0000000000
36646  -5.813  -54.716  60.140 0.0000000000
36650  -5.659  -55.157  59.995 0.0000000000
36645  -5.428  -54.845  60.103 0.0000000000
37665  -5.273  -54.103  60.350 0.0000000000
31361  -5.200  -60.370  57.796 0.0000000000
32412  -4.978  -59.496  58.052 0.0000000000
32402  -4.950  -58.730  58.344 0.0000000000
35626  -6.259  -56.427  58.952 0.0000000000
36644  -5.077  -54.838  59.967 0.0000000000
36673  -7.514  -54.595  56.502 0.0000000000
38644  -7.155  -53.120  60.614 0.0000000000
38652  -8.026  -51.601  60.169 0.0000000000
39678  -8.343  -52.188  56.687 0.0000000000
39679  -8.040  -52.048  57.584 0.0000000000
39690  -8.506  -52.284  55.929 0.0000000000
39701  -8.448  -52.723  55.556 0.0000000000
39726  -9.563  -51.339  52.150 0.0000000000
40611  -8.471  -51.873  56.472 0.0000000000
40675  -9.253  -51.663  52.297 0.0000000000
41566  -10.310  -49.252  54.942 0.0000000000
41637  -10.935  -50.169  51.122 0.0000000000
42519  -11.230  -48.447  53.168 0.0000000000
42541  -11.272  -48.477  52.907 0.0000000000
43461  -11.230  -47.969  53.603 0.0000000000
43477  -11.210  -48.341  53.405 0.0000000000
43508  -12.077  -47.637  50.361 0.0000000000
44436  -11.196  -47.736  53.679 0.0000000000
44457  -11.385  -47.758  52.955 0.0000000000
45379  -11.847  -46.922  52.383 0.0000000000
45380  -12.013  -46.413  52.320 0.0000000000
46308  -11.972  -44.418  52.721 0.0000000000
48207  -32.625  -42.089  50.586 0.0000000000
48209  -33.517  -41.585  50.403 0.0000000000
48222  -32.515  -42.466  49.807 0.0000000000
48233  -32.919  -42.386  49.407 0.0000000000
48252  -33.109  -42.130  49.163 0.0000000000
48269  -32.149  -42.294  48.293 0.0000000000
48284  -31.588  -42.087  47.628 0.0000000000
48285  -31.807  -42.273  47.883 0.0000000000
48286  -31.997  -42.348  48.037 0.0000000000
49138  -26.513  -39.213  54.847 0.0000000000
49149  -21.054  -39.024  52.234 0.0000000000
49156  -29.943  -39.771  52.279 0.0000000000
49157  -30.385  -39.516  52.087 0.0000000000
49161  -33.434  -40.215  51.882 0.0000000000
49175  -17.471  -39.332  51.099 0.0000000000
49212  -29.068  -40.458  52.220 0.0000000000
49244  -33.828  -41.445  50.278 0.0000000000
49246  -34.377  -40.804  50.017 0.0000000000
49260  -22.494  -38.825  50.388 0.0000000000
49265  -33.746  -41.607  49.676 0.0000000000
49286  -32.836  -41.833  48.822 0.0000000000
49288  -33.832  -41.014  48.552 0.0000000000
49309  -31.583  -42.373  47.708 0.0000000000
49325  -17.931  -42.060  45.942 0.0000000000
49353  -19.785  -39.902  46.330 0.0000000000
49363  -32.044  -40.723  47.604 0.0000000000
50321  -33.322  -39.946  52.666 0.0000000000
50322  -33.574  -40.071  52.276 0.0000000000
50342  -31.042  -38.850  52.463 0.0000000000
50345  -33.859  -40.157  52.126 0.0000000000
50369  -34.170  -40.230  51.358 0.0000000000
50379  -16.487  -39.649  51.222 0.0000000000
50381  -24.230  -39.064  51.750 0.0000000000
50387  -34.348  -40.329  50.550 0.0000000000
50397  -34.431  -40.804  49.782 0.0000000000
50398  -34.479  -40.407  49.879 0.0000000000
50405  -24.201  -38.249  50.628 0.0000000000
50420  -18.733  -40.517  47.792 0.0000000000
50424  -23.639  -38.333  49.903 0.0000000000
50428  -34.750  -40.273  48.948 0.0000000000
50439  -18.444  -40.817  47.426 0.0000000000
50446  -33.802  -40.438  48.295 0.0000000000
50466  -33.561  -40.171  48.032 0.0000000000
51479  -34.198  -40.026  52.071 0.0000000000
51491  -34.405  -39.706  52.177 0.0000000000
51492  -34.378  -39.896  51.770 0.0000000000
51493  -34.387  -39.825  51.247 0.0000000000
51494  -34.528  -39.612  51.036 0.0000000000
51500  -25.745  -38.255  51.907 0.0000000000
51504  -34.396  -39.826  50.776 0.0000000000
51513  -34.491  -39.649  50.201 0.0000000000
51514  -34.539  -39.238  50.339 0.0000000000
51520  -24.104  -38.211  50.355 0.0000000000
51524  -34.594  -39.748  49.581 0.0000000000
51536  -23.303  -38.069  49.250 0.0000000000
51538  -24.341  -37.904  50.134 0.0000000000
51542  -34.717  -39.850  48.949 0.0000000000
51557  -34.505  -39.714  48.656 0.0000000000
51602  -34.324  -39.695  45.144 0.0000000000
52658  -34.607  -39.365  52.050 0.0000000000
52660  -34.542  -39.501  51.246 0.0000000000
52670  -34.791  -39.007  52.173 0.0000000000
52671  -34.907  -38.938  52.022 0.0000000000
52681  -27.755  -38.662  50.665 0.0000000000
52682  -34.531  -39.015  50.032 0.0000000000
52683  -34.616  -38.885  50.519 0.0000000000
52705  -24.229  -37.440  49.466 0.0000000000
52720  -34.427  -38.883  47.506 0.0000000000
52731  -21.168  -38.916  45.364 0.0000000000
52733  -22.865  -37.747  47.185 0.0000000000
52737  -34.263  -39.101  46.901 0.0000000000
52753  -33.678  -39.254  45.892 0.0000000000
52754  -33.784  -39.394  45.441 0.0000000000
53838  -34.994  -38.301  53.077 0.0000000000
53847  -35.162  -38.310  52.482 0.0000000000
53855  -34.691  -38.974  52.389 0.0000000000
53856  -34.868  -38.791  52.328 0.0000000000
53857  -35.063  -38.661  52.120 0.0000000000
53872  -34.603  -38.324  50.297 0.0000000000
53883  -24.961  -37.254  49.365 0.0000000000
53886  -34.509  -38.248  49.637 0.0000000000
53920  -33.689  -39.160  45.634 0.0000000000
53922  -34.777  -39.410  45.127 0.0000000000
54985  -35.186  -38.413  52.471 0.0000000000
54986  -35.333  -38.261  52.315 0.0000000000
54993  -35.054  -38.591  52.354 0.0000000000
54994  -35.206  -38.437  52.226 0.0000000000
55018  -24.457  -37.139  48.238 0.0000000000
55019  -24.944  -37.106  48.666 0.0000000000
55020  -25.372  -37.238  48.942 0.0000000000
55029  -24.325  -37.109  47.414 0.0000000000
55044  -24.586  -37.073  46.471 0.0000000000
55061  -24.760  -37.045  45.587 0.0000000000
57025  -33.225  -35.921  49.966 0.0000000000
60170  -30.948  -32.058  49.996 0.0000000000
60251  -38.577  -29.132  39.033 0.0000000000
60252  -39.084  -29.015  38.991 0.0000000000
60253  -39.609  -28.749  38.848 0.0000000000
60271  -39.380  -29.094  38.541 0.0000000000
60272  -39.801  -28.792  38.403 0.0000000000
60291  -39.599  -29.064  38.206 0.0000000000
61295  -39.808  -28.427  40.233 0.0000000000
61310  -38.529  -28.662  39.581 0.0000000000
61314  -41.294  -28.328  40.034 0.0000000000
61326  -37.499  -28.945  38.950 0.0000000000
61343  -36.987  -28.931  38.395 0.0000000000
61345  -37.969  -29.282  38.667 0.0000000000
61346  -38.423  -29.417  38.488 0.0000000000
61347  -40.331  -28.700  38.689 0.0000000000
61369  -38.537  -29.648  38.096 0.0000000000
61398  -40.927  -29.805  37.660 0.0000000000
62361  -32.350  -29.494  47.394 0.0000000000
62375  -32.049  -29.272  46.361 0.0000000000
62440  -37.351  -28.628  39.110 0.0000000000
62442  -41.893  -28.183  39.667 0.0000000000
62453  -38.018  -29.535  38.231 0.0000000000
62454  -38.371  -29.497  38.198 0.0000000000
62470  -38.177  -29.523  37.911 0.0000000000
62471  -38.447  -29.531  37.864 0.0000000000
62472  -41.388  -29.351  37.878 0.0000000000
62487  -40.650  -29.253  37.534 0.0000000000
62501  -38.983  -28.907  37.214 0.0000000000
63479  -37.598  -28.003  39.851 0.0000000000
63494  -36.418  -27.675  38.793 0.0000000000
63497  -37.192  -27.738  39.882 0.0000000000
63508  -36.171  -27.689  38.664 0.0000000000
63510  -41.676  -28.566  38.573 0.0000000000
63511  -41.712  -28.097  38.785 0.0000000000
63527  -39.953  -28.452  37.712 0.0000000000
63528  -40.204  -28.547  37.643 0.0000000000
64422  -33.256  -27.799  45.712 0.0000000000
64431  -32.991  -28.184  45.841 0.0000000000
64460  -29.450  -29.372  41.369 0.0000000000
64466  -39.827  -27.720  41.210 0.0000000000
64479  -36.867  -27.410  40.112 0.0000000000
64497  -36.901  -27.427  40.045 0.0000000000
64524  -35.316  -28.078  37.576 0.0000000000
64525  -40.101  -28.324  37.603 0.0000000000
64526  -40.413  -28.436  37.569 0.0000000000
65478  -34.070  -26.063  40.603 0.0000000000
65494  -32.151  -26.522  39.556 0.0000000000
65495  -33.926  -26.478  39.898 0.0000000000
65497  -36.019  -26.835  40.170 0.0000000000
65498  -36.625  -27.136  40.289 0.0000000000
65523  -31.821  -27.665  38.015 0.0000000000
65527  -41.837  -26.568  38.597 0.0000000000
65528  -42.074  -26.561  38.700 0.0000000000
66465  -31.841  -26.254  40.171 0.0000000000
66487  -35.568  -26.280  40.366 0.0000000000
66501  -35.272  -26.527  39.720 0.0000000000
66511  -41.929  -26.331  38.483 0.0000000000
66521  -38.973  -25.695  37.439 0.0000000000
67525  -38.597  -25.425  37.089 0.0000000000
67526  -38.851  -25.374  37.296 0.0000000000
67528  -41.326  -25.362  38.201 0.0000000000
67538  -37.817  -25.390  36.272 0.0000000000
68540  -38.644  -25.127  37.064 0.0000000000
68543  -41.623  -24.617  37.906 0.0000000000
70589  -40.406  -22.362  36.213 0.0000000000
70592  -45.106  -21.947  36.732 0.0000000000
70619  -40.093  -21.862  35.260 0.0000000000
70620  -42.038  -21.625  35.507 0.0000000000
71561  -45.247  -21.633  36.503 0.0000000000
71583  -39.986  -21.741  34.318 0.0000000000
72511  -44.564  -20.813  35.431 0.0000000000
73483  -40.527  -20.433  32.967 0.0000000000
77419  -42.972  -15.453  33.001 0.0000000000
78399  -45.419  -14.564  34.904 0.0000000000
78417  -42.738  -15.052  32.342 0.0000000000
79429  -47.318  -13.118  34.906 0.0000000000
79447  -48.073  -12.341  33.798 0.0000000000
79455  -47.698  -12.296  33.427 0.0000000000
79458  -44.285  -13.454  31.813 0.0000000000
80456  -47.065  -12.410  33.408 0.0000000000
80477  -45.435  -12.965  29.949 0.0000000000
126644  -18.110  -40.865  47.755 0.0000000000
