#!ascii label  , from subject 3604 vox2ras=TkReg
1010
48044  34.019  -43.366  39.923 0.0000000000
70733  45.275  -22.338  27.786 0.0000000000
61540  36.012  -31.217  33.124 0.0000000000
44781  12.986  -45.779  50.737 0.0000000000
54892  27.613  -37.991  43.600 0.0000000000
65455  37.518  -27.279  32.443 0.0000000000
50181  19.351  -41.584  45.975 0.0000000000
44848  16.912  -46.605  47.204 0.0000000000
50235  22.086  -41.009  42.643 0.0000000000
70742  49.683  -22.330  27.154 0.0000000000
52638  34.280  -39.468  40.376 0.0000000000
54972  34.822  -37.680  36.473 0.0000000000
49147  38.314  -42.517  39.259 0.0000000000
75553  47.591  -17.302  28.351 0.0000000000
75581  50.667  -17.495  25.471 0.0000000000
70710  42.019  -22.061  31.064 0.0000000000
66654  46.017  -26.591  29.402 0.0000000000
66641  41.379  -26.337  29.883 0.0000000000
62562  41.366  -31.227  31.755 0.0000000000
45941  31.200  -45.645  42.419 0.0000000000
40242  12.281  -51.357  53.110 0.0000000000
40197  8.697  -50.611  56.283 0.0000000000
40141  7.762  -48.991  61.041 0.0000000000
50264  30.502  -41.960  41.282 0.0000000000
49097  26.865  -43.275  41.529 0.0000000000
61460  31.926  -31.817  36.741 0.0000000000
59219  37.239  -33.948  36.757 0.0000000000
79462  54.054  -13.356  24.763 0.0000000000
70744  47.733  -22.589  27.066 0.0000000000
68790  48.203  -25.059  27.862 0.0000000000
50280  34.643  -41.596  39.643 0.0000000000
51449  36.070  -40.783  37.828 0.0000000000
48042  35.927  -43.197  39.382 0.0000000000
72611  45.149  -19.847  29.901 0.0000000000
74509  46.682  -18.289  29.936 0.0000000000
72618  46.075  -20.009  27.731 0.0000000000
73575  48.455  -19.217  26.722 0.0000000000
37115  7.200  -53.228  60.242 0.0000000000
68759  41.680  -24.264  30.257 0.0000000000
68751  40.309  -24.506  32.165 0.0000000000
63557  36.450  -29.317  32.526 0.0000000000
63571  38.522  -29.132  30.980 0.0000000000
61559  38.143  -31.266  31.880 0.0000000000
60434  39.307  -33.850  34.137 0.0000000000
44831  14.769  -46.494  48.630 0.0000000000
43798  16.623  -48.730  49.074 0.0000000000
42689  14.783  -49.232  49.928 0.0000000000
40256  14.160  -51.094  51.977 0.0000000000
42671  12.313  -48.870  51.193 0.0000000000
41411  9.427  -49.142  55.354 0.0000000000
40169  8.200  -49.820  58.859 0.0000000000
51392  29.827  -40.345  42.022 0.0000000000
49136  28.789  -42.353  40.430 0.0000000000
51411  26.533  -39.848  41.126 0.0000000000
47951  21.647  -44.189  43.872 0.0000000000
47949  23.710  -43.921  44.124 0.0000000000
53801  38.647  -38.288  37.367 0.0000000000
57093  36.172  -35.690  36.252 0.0000000000
66599  39.760  -25.759  33.869 0.0000000000
64454  36.716  -27.330  35.129 0.0000000000
63532  34.880  -28.770  34.358 0.0000000000
46910  19.351  -44.687  44.715 0.0000000000
44867  18.679  -46.558  46.386 0.0000000000
46864  17.655  -43.951  46.862 0.0000000000
46838  16.361  -43.808  48.054 0.0000000000
46790  15.032  -43.589  49.827 0.0000000000
52588  24.532  -38.379  42.063 0.0000000000
52560  22.759  -38.211  44.372 0.0000000000
50195  20.553  -41.176  44.418 0.0000000000
56033  33.180  -37.537  41.458 0.0000000000
56043  31.482  -36.637  39.219 0.0000000000
53813  33.919  -38.854  37.768 0.0000000000
51459  37.335  -39.909  37.458 0.0000000000
77621  50.852  -15.233  27.124 0.0000000000
75570  49.177  -17.160  26.613 0.0000000000
72638  50.563  -20.083  26.395 0.0000000000
70722  43.590  -21.760  28.803 0.0000000000
68793  45.205  -24.614  28.083 0.0000000000
68795  43.709  -24.576  28.724 0.0000000000
66639  43.728  -26.926  29.669 0.0000000000
65484  43.393  -28.556  30.256 0.0000000000
65505  39.007  -27.200  30.706 0.0000000000
63580  41.015  -29.237  30.485 0.0000000000
46993  33.037  -44.583  40.329 0.0000000000
46991  35.094  -44.690  40.327 0.0000000000
71666  44.049  -20.756  30.926 0.0000000000
44773  11.818  -46.222  52.568 0.0000000000
42637  10.605  -48.589  53.338 0.0000000000
39132  9.955  -51.407  54.233 0.0000000000
38087  11.119  -53.209  56.001 0.0000000000
38070  8.733  -52.991  57.596 0.0000000000
38062  7.703  -52.387  58.804 0.0000000000
39058  6.569  -51.324  60.794 0.0000000000
39030  5.815  -50.388  63.144 0.0000000000
48022  32.145  -42.836  40.162 0.0000000000
46995  31.048  -44.251  40.527 0.0000000000
46951  29.129  -44.715  42.263 0.0000000000
50233  24.327  -41.579  41.949 0.0000000000
62530  33.726  -31.081  34.560 0.0000000000
58138  32.272  -34.763  36.549 0.0000000000
59261  34.367  -33.459  35.030 0.0000000000
60413  36.689  -33.233  34.800 0.0000000000
46988  38.140  -44.269  40.600 0.0000000000
78594  55.272  -14.545  22.673 0.0000000000
77634  51.964  -15.602  24.760 0.0000000000
76662  53.724  -16.476  23.914 0.0000000000
70745  46.802  -22.825  27.222 0.0000000000
69793  47.611  -23.582  27.222 0.0000000000
69794  46.656  -23.804  27.489 0.0000000000
49151  34.150  -42.371  39.837 0.0000000000
49150  35.351  -42.310  39.108 0.0000000000
48043  34.931  -43.278  39.528 0.0000000000
71690  45.373  -21.388  27.833 0.0000000000
72619  45.287  -20.279  28.468 0.0000000000
72631  46.035  -20.982  27.516 0.0000000000
72630  46.934  -20.416  27.110 0.0000000000
37108  6.772  -53.286  60.739 0.0000000000
68750  40.769  -23.895  31.892 0.0000000000
67726  40.275  -24.862  33.239 0.0000000000
62566  36.276  -30.481  32.705 0.0000000000
62565  37.381  -30.316  31.859 0.0000000000
61538  37.547  -32.018  32.664 0.0000000000
61537  38.627  -32.363  32.482 0.0000000000
60453  36.980  -32.420  33.350 0.0000000000
45824  14.105  -45.801  49.532 0.0000000000
44811  14.329  -46.866  49.111 0.0000000000
43779  13.187  -47.789  50.233 0.0000000000
42670  13.217  -49.086  50.419 0.0000000000
43780  12.508  -47.417  50.707 0.0000000000
52584  28.533  -39.015  42.181 0.0000000000
51409  28.172  -39.664  40.820 0.0000000000
52585  27.617  -38.675  42.033 0.0000000000
46909  21.304  -45.397  45.207 0.0000000000
59184  32.182  -33.435  40.981 0.0000000000
54955  39.126  -37.104  37.597 0.0000000000
64455  35.560  -27.924  34.706 0.0000000000
63508  34.535  -28.094  35.300 0.0000000000
47927  19.238  -43.382  45.053 0.0000000000
46888  18.882  -44.091  45.453 0.0000000000
47904  18.693  -43.138  45.956 0.0000000000
47873  16.861  -42.779  48.614 0.0000000000
47860  16.467  -42.352  49.641 0.0000000000
46814  15.228  -44.125  49.040 0.0000000000
52559  23.885  -37.580  44.691 0.0000000000
51342  20.249  -39.682  46.477 0.0000000000
51358  20.569  -39.776  45.359 0.0000000000
49031  19.792  -41.746  44.822 0.0000000000
49053  19.616  -42.570  44.417 0.0000000000
54947  32.817  -38.173  39.634 0.0000000000
52648  34.334  -39.660  39.152 0.0000000000
50290  36.602  -41.403  38.117 0.0000000000
51460  36.454  -40.102  37.454 0.0000000000
50289  37.588  -41.386  38.172 0.0000000000
51447  38.206  -40.349  37.741 0.0000000000
50277  39.470  -41.677  39.246 0.0000000000
74519  47.000  -17.730  29.028 0.0000000000
76632  49.396  -16.172  27.581 0.0000000000
75561  48.369  -17.065  27.525 0.0000000000
71699  48.939  -21.394  26.885 0.0000000000
72628  49.284  -20.295  26.771 0.0000000000
71698  49.961  -21.423  27.059 0.0000000000
70723  42.766  -22.167  29.259 0.0000000000
70735  43.481  -22.968  28.503 0.0000000000
69770  42.933  -23.376  29.162 0.0000000000
67750  41.127  -25.246  30.386 0.0000000000
66658  42.761  -25.758  29.392 0.0000000000
66640  42.611  -26.578  29.560 0.0000000000
65501  43.124  -27.834  30.045 0.0000000000
65465  38.660  -26.249  32.623 0.0000000000
66610  39.285  -25.755  32.306 0.0000000000
65486  38.118  -27.501  31.328 0.0000000000
62580  39.790  -30.616  31.251 0.0000000000
63570  39.496  -29.613  30.920 0.0000000000
62579  40.959  -30.572  31.202 0.0000000000
63567  42.689  -29.974  30.952 0.0000000000
45958  31.892  -45.311  41.603 0.0000000000
45956  33.887  -45.434  41.489 0.0000000000
71652  42.957  -21.647  32.280 0.0000000000
71667  43.411  -21.264  31.277 0.0000000000
71681  43.282  -21.273  30.023 0.0000000000
44847  17.901  -46.861  47.039 0.0000000000
44828  17.410  -47.432  47.885 0.0000000000
40257  12.812  -50.613  52.091 0.0000000000
40240  14.882  -51.345  53.156 0.0000000000
40226  13.106  -52.084  53.671 0.0000000000
40227  12.396  -51.798  53.658 0.0000000000
43733  11.746  -46.020  54.065 0.0000000000
42636  10.835  -47.515  53.242 0.0000000000
42621  10.648  -47.122  54.593 0.0000000000
40196  9.013  -49.847  55.841 0.0000000000
41424  9.671  -49.548  54.341 0.0000000000
39114  9.416  -51.348  55.037 0.0000000000
38108  10.156  -52.210  54.598 0.0000000000
38097  9.203  -51.918  56.023 0.0000000000
37144  9.701  -53.139  56.716 0.0000000000
39092  8.805  -52.044  56.845 0.0000000000
40160  8.091  -49.506  59.636 0.0000000000
39075  7.978  -51.436  58.671 0.0000000000
39065  7.599  -50.172  59.912 0.0000000000
39057  6.983  -50.861  60.484 0.0000000000
40142  7.240  -49.682  61.241 0.0000000000
49116  31.479  -41.936  41.994 0.0000000000
50262  32.263  -41.757  40.919 0.0000000000
49133  31.509  -42.144  40.755 0.0000000000
48023  31.350  -43.292  40.293 0.0000000000
49134  30.655  -42.488  40.730 0.0000000000
48027  27.557  -42.809  40.775 0.0000000000
48004  28.942  -43.957  41.241 0.0000000000
47990  28.038  -44.316  41.758 0.0000000000
52589  23.547  -39.053  42.357 0.0000000000
51413  24.295  -39.527  41.662 0.0000000000
50234  23.148  -41.454  42.160 0.0000000000
47948  24.534  -43.770  44.099 0.0000000000
67784  45.915  -25.341  28.446 0.0000000000
67783  46.873  -25.451  28.390 0.0000000000
66653  46.940  -26.627  29.433 0.0000000000
62464  32.139  -30.207  37.100 0.0000000000
63510  33.065  -29.967  34.941 0.0000000000
62508  32.655  -31.292  35.288 0.0000000000
54974  32.632  -37.405  36.878 0.0000000000
57085  31.656  -35.522  37.929 0.0000000000
56066  33.208  -36.596  36.255 0.0000000000
58118  36.709  -34.677  36.442 0.0000000000
57094  35.664  -35.227  35.889 0.0000000000
58134  36.212  -34.405  35.850 0.0000000000
59260  35.350  -33.574  35.137 0.0000000000
60367  37.277  -33.573  36.305 0.0000000000
60389  37.796  -33.634  36.027 0.0000000000
46968  36.725  -44.670  40.982 0.0000000000
79468  54.242  -13.918  23.946 0.0000000000
76636  50.640  -16.072  25.803 0.0000000000
78581  51.311  -15.209  26.127 0.0000000000
76652  51.632  -16.590  24.839 0.0000000000
75592  53.567  -17.539  24.160 0.0000000000
75591  54.256  -17.850  23.976 0.0000000000
50166  19.721  -40.662  46.807 0.0000000000
49007  18.544  -41.759  47.246 0.0000000000
70743  48.721  -22.429  26.980 0.0000000000
68800  50.807  -23.604  27.426 0.0000000000
69791  49.498  -23.214  27.321 0.0000000000
51438  34.741  -40.159  40.256 0.0000000000
51451  34.712  -40.114  39.258 0.0000000000
50279  35.160  -41.228  39.244 0.0000000000
49162  36.073  -42.046  38.393 0.0000000000
49148  37.330  -42.587  39.061 0.0000000000
73543  46.646  -18.988  31.013 0.0000000000
73554  45.820  -19.389  30.452 0.0000000000
74520  46.472  -18.432  28.777 0.0000000000
74530  47.101  -18.002  27.744 0.0000000000
74529  47.947  -18.260  26.993 0.0000000000
73576  47.448  -19.213  27.012 0.0000000000
71700  47.872  -21.484  26.979 0.0000000000
36220  7.862  -54.117  59.383 0.0000000000
70700  41.739  -22.428  32.379 0.0000000000
69757  41.572  -22.983  30.439 0.0000000000
69758  41.215  -23.426  31.231 0.0000000000
68760  40.874  -24.342  30.930 0.0000000000
66642  40.251  -26.052  30.679 0.0000000000
64505  37.066  -28.282  32.202 0.0000000000
64519  37.734  -28.032  31.508 0.0000000000
62582  37.851  -29.610  31.420 0.0000000000
62581  38.553  -30.395  31.377 0.0000000000
61558  39.437  -31.566  31.795 0.0000000000
61536  39.832  -32.457  32.775 0.0000000000
60450  40.081  -33.207  33.604 0.0000000000
45918  30.429  -45.958  43.213 0.0000000000
44829  16.221  -46.942  47.818 0.0000000000
43814  16.841  -48.219  48.531 0.0000000000
43815  15.719  -47.590  48.547 0.0000000000
42710  15.635  -48.939  49.549 0.0000000000
41496  15.336  -49.759  50.329 0.0000000000
41476  13.045  -49.794  51.171 0.0000000000
41455  11.944  -49.540  51.932 0.0000000000
42609  10.355  -47.706  55.206 0.0000000000
41389  9.267  -47.931  57.157 0.0000000000
40185  8.680  -49.587  56.751 0.0000000000
40187  8.404  -50.916  57.301 0.0000000000
40168  8.563  -49.251  58.511 0.0000000000
40159  8.553  -48.902  59.358 0.0000000000
41356  8.742  -48.285  60.867 0.0000000000
50249  30.106  -41.518  41.433 0.0000000000
50266  29.418  -41.698  40.362 0.0000000000
51424  29.293  -40.817  40.541 0.0000000000
50268  27.600  -41.073  40.147 0.0000000000
50231  26.194  -41.653  41.002 0.0000000000
49075  21.289  -42.250  43.149 0.0000000000
49073  23.186  -42.771  42.824 0.0000000000
47950  22.750  -44.194  43.776 0.0000000000
66625  46.110  -27.691  30.310 0.0000000000
60350  31.831  -32.630  37.770 0.0000000000
54963  36.480  -37.618  36.605 0.0000000000
56064  35.264  -36.718  36.282 0.0000000000
54962  37.441  -37.377  36.890 0.0000000000
56058  37.680  -36.400  37.169 0.0000000000
79458  53.285  -13.667  25.588 0.0000000000
38038  5.472  -51.898  61.539 0.0000000000
64491  39.429  -26.765  34.514 0.0000000000
64492  38.301  -26.674  34.085 0.0000000000
64493  37.216  -27.335  33.305 0.0000000000
64494  36.306  -28.545  33.087 0.0000000000
63546  35.610  -29.384  33.317 0.0000000000
62547  35.561  -30.472  33.237 0.0000000000
45883  20.053  -45.649  45.326 0.0000000000
45868  20.634  -46.249  46.539 0.0000000000
45884  19.042  -45.463  45.248 0.0000000000
45871  17.616  -45.553  46.204 0.0000000000
45855  17.081  -45.473  46.772 0.0000000000
46836  17.565  -42.953  47.171 0.0000000000
46865  16.856  -44.283  47.360 0.0000000000
45836  16.408  -44.950  47.741 0.0000000000
45821  15.751  -44.467  48.426 0.0000000000
45823  14.627  -45.301  49.190 0.0000000000
45806  14.199  -44.866  49.890 0.0000000000
52570  26.540  -38.181  42.883 0.0000000000
52557  25.921  -37.483  44.214 0.0000000000
53740  23.494  -38.170  43.408 0.0000000000
51379  22.163  -39.799  42.963 0.0000000000
52544  22.237  -38.218  45.389 0.0000000000
51369  21.543  -39.939  44.147 0.0000000000
50212  21.360  -41.021  43.432 0.0000000000
49076  20.244  -42.348  43.678 0.0000000000
46926  20.252  -44.516  44.433 0.0000000000
57054  32.421  -35.867  41.715 0.0000000000
58084  31.735  -34.938  40.463 0.0000000000
56035  31.895  -36.731  40.171 0.0000000000
54957  32.592  -37.966  38.617 0.0000000000
53819  34.105  -38.350  36.788 0.0000000000
52656  34.789  -39.737  37.969 0.0000000000
52655  35.797  -39.532  37.266 0.0000000000
53811  36.176  -38.651  36.896 0.0000000000
52653  37.584  -39.248  37.221 0.0000000000
52645  38.998  -39.353  37.886 0.0000000000
77622  50.223  -15.530  27.575 0.0000000000
76637  49.991  -16.263  26.283 0.0000000000
75569  49.902  -17.348  25.836 0.0000000000
74539  48.720  -18.047  26.648 0.0000000000
74538  49.530  -18.225  26.189 0.0000000000
70734  44.409  -22.611  28.117 0.0000000000
69781  45.474  -23.554  27.795 0.0000000000
69782  44.361  -23.787  28.140 0.0000000000
68794  44.236  -24.787  28.504 0.0000000000
67767  44.722  -25.881  28.893 0.0000000000
68777  42.509  -24.770  29.517 0.0000000000
67768  43.892  -25.425  28.921 0.0000000000
66655  45.127  -26.558  29.293 0.0000000000
65499  44.916  -27.564  30.002 0.0000000000
65482  45.221  -28.147  30.529 0.0000000000
66609  39.724  -25.402  33.144 0.0000000000
66627  39.649  -25.892  31.476 0.0000000000
65503  40.668  -27.262  30.022 0.0000000000
63583  38.738  -28.353  30.685 0.0000000000
64531  40.033  -28.062  30.305 0.0000000000
64530  41.075  -28.401  30.116 0.0000000000
64516  42.417  -29.218  30.475 0.0000000000
47011  33.535  -44.059  39.885 0.0000000000
47010  34.523  -44.091  39.785 0.0000000000
46992  34.000  -44.620  40.287 0.0000000000
45955  35.027  -45.398  41.267 0.0000000000
72612  44.663  -20.284  30.470 0.0000000000
71680  43.991  -20.827  29.600 0.0000000000
45793  13.372  -45.023  51.282 0.0000000000
45781  12.583  -45.359  52.456 0.0000000000
44782  12.421  -46.136  51.245 0.0000000000
43763  12.051  -47.589  51.374 0.0000000000
42653  11.589  -48.229  52.086 0.0000000000
40259  11.038  -50.195  52.560 0.0000000000
41423  10.125  -49.017  53.790 0.0000000000
41439  10.137  -50.049  53.527 0.0000000000
39146  11.608  -51.608  53.582 0.0000000000
39131  11.005  -52.234  54.077 0.0000000000
38094  11.677  -53.129  55.351 0.0000000000
37130  8.877  -53.668  58.077 0.0000000000
39084  8.305  -51.371  57.977 0.0000000000
38071  8.287  -52.449  57.993 0.0000000000
37123  7.922  -53.568  58.890 0.0000000000
38054  7.164  -52.425  59.764 0.0000000000
38048  6.538  -52.144  60.362 0.0000000000
38036  6.168  -52.389  60.768 0.0000000000
40131  6.667  -49.682  62.312 0.0000000000
39037  6.436  -50.407  62.313 0.0000000000
38026  5.783  -51.429  61.966 0.0000000000
49131  33.168  -42.349  40.424 0.0000000000
48045  33.005  -43.234  39.947 0.0000000000
47012  32.593  -44.071  39.903 0.0000000000
46994  32.091  -44.541  40.340 0.0000000000
46970  30.857  -44.644  41.048 0.0000000000
48025  29.181  -43.375  40.773 0.0000000000
46997  29.351  -43.942  41.102 0.0000000000
45960  29.989  -44.813  41.949 0.0000000000
52587  25.811  -38.665  41.887 0.0000000000
50232  25.599  -41.160  41.359 0.0000000000
49099  25.113  -42.417  41.997 0.0000000000
49072  24.115  -43.096  43.013 0.0000000000
47970  24.996  -43.583  43.265 0.0000000000
47969  25.821  -43.929  43.249 0.0000000000
68791  47.289  -24.914  27.969 0.0000000000
63509  33.746  -28.944  35.066 0.0000000000
63533  34.241  -29.831  34.105 0.0000000000
61542  34.878  -31.189  33.948 0.0000000000
58099  31.603  -34.535  39.623 0.0000000000
59207  31.712  -33.683  38.044 0.0000000000
60368  31.940  -32.896  36.656 0.0000000000
57107  33.758  -35.736  35.796 0.0000000000
59238  32.927  -33.987  35.638 0.0000000000
59263  32.645  -33.144  35.549 0.0000000000
60416  33.758  -32.676  34.916 0.0000000000
60439  34.701  -32.020  34.359 0.0000000000
60437  36.218  -32.742  33.907 0.0000000000
60436  37.269  -33.021  34.146 0.0000000000
47009  35.539  -44.038  39.584 0.0000000000
48019  37.114  -43.718  39.827 0.0000000000
48018  38.194  -43.507  40.018 0.0000000000
48003  38.829  -43.940  40.674 0.0000000000
49128  39.665  -42.518  39.752 0.0000000000
78593  55.869  -14.058  22.486 0.0000000000
78579  52.581  -13.993  26.091 0.0000000000
78584  52.712  -14.598  24.943 0.0000000000
76651  52.344  -16.562  24.529 0.0000000000
77633  52.703  -15.658  24.439 0.0000000000
78589  53.547  -14.564  24.154 0.0000000000
77637  54.620  -15.544  23.016 0.0000000000
77641  55.271  -15.673  22.447 0.0000000000
71702  46.040  -22.066  27.444 0.0000000000
70746  46.053  -23.036  27.563 0.0000000000
37099  6.410  -53.001  60.762 0.0000000000
61561  36.493  -31.164  32.751 0.0000000000
61560  37.064  -31.188  32.409 0.0000000000
61539  36.709  -31.700  32.898 0.0000000000
44793  13.527  -46.578  49.946 0.0000000000
44794  12.733  -46.715  50.533 0.0000000000
53735  28.307  -38.575  43.226 0.0000000000
53752  27.961  -38.472  42.635 0.0000000000
53753  27.383  -38.403  42.740 0.0000000000
45882  21.185  -45.681  45.798 0.0000000000
46908  22.040  -45.286  45.592 0.0000000000
58083  32.088  -34.644  41.292 0.0000000000
49032  19.190  -42.110  45.402 0.0000000000
49019  18.858  -41.798  46.370 0.0000000000
50167  19.477  -41.322  46.360 0.0000000000
50180  20.089  -41.174  45.825 0.0000000000
53794  33.742  -39.010  40.094 0.0000000000
49160  37.786  -41.996  38.758 0.0000000000
50288  38.677  -41.495  38.611 0.0000000000
50278  38.875  -42.014  39.148 0.0000000000
75546  47.607  -17.220  29.389 0.0000000000
75552  48.028  -16.612  28.813 0.0000000000
76633  48.929  -16.305  27.990 0.0000000000
71697  51.040  -21.507  27.164 0.0000000000
36225  9.394  -54.451  58.551 0.0000000000
70709  42.617  -21.685  30.481 0.0000000000
69756  42.239  -22.610  29.904 0.0000000000
65502  41.831  -27.512  29.800 0.0000000000
65454  38.012  -26.627  33.027 0.0000000000
65466  38.019  -26.873  32.056 0.0000000000
62563  40.450  -31.187  31.618 0.0000000000
45940  32.223  -45.870  42.345 0.0000000000
71668  42.764  -21.627  31.640 0.0000000000
40241  13.650  -51.542  52.994 0.0000000000
43734  11.115  -46.443  54.213 0.0000000000
40212  9.036  -50.717  55.513 0.0000000000
38096  9.648  -52.216  55.388 0.0000000000
38089  9.292  -52.416  56.439 0.0000000000
39103  8.777  -51.549  56.522 0.0000000000
40150  7.962  -49.196  60.434 0.0000000000
39056  7.505  -49.966  60.395 0.0000000000
40151  7.490  -49.717  60.723 0.0000000000
50248  30.534  -41.796  42.101 0.0000000000
49117  30.973  -42.077  41.647 0.0000000000
48006  27.490  -43.310  41.104 0.0000000000
47991  27.342  -43.968  41.778 0.0000000000
46953  27.645  -44.538  42.243 0.0000000000
47967  26.992  -44.427  42.615 0.0000000000
51397  22.859  -40.110  42.331 0.0000000000
67766  45.555  -25.963  28.919 0.0000000000
67765  46.457  -26.015  28.922 0.0000000000
61459  31.785  -31.094  37.372 0.0000000000
62465  31.941  -30.967  36.799 0.0000000000
62485  32.185  -30.853  36.064 0.0000000000
61478  32.374  -31.823  35.716 0.0000000000
54973  33.737  -37.487  36.604 0.0000000000
54975  32.053  -36.868  37.002 0.0000000000
59236  36.699  -33.864  36.015 0.0000000000
79461  54.872  -12.798  24.425 0.0000000000
76642  50.401  -16.717  25.672 0.0000000000
76641  51.011  -16.536  25.334 0.0000000000
75580  51.375  -17.513  25.119 0.0000000000
50154  19.345  -40.129  47.456 0.0000000000
50138  19.136  -39.656  48.142 0.0000000000
51327  19.756  -39.456  47.230 0.0000000000
69792  48.570  -23.394  27.221 0.0000000000
68803  48.432  -24.304  27.470 0.0000000000
49163  35.554  -41.778  38.661 0.0000000000
49149  36.427  -42.590  38.947 0.0000000000
49161  36.981  -41.993  38.597 0.0000000000
48041  36.803  -43.183  39.375 0.0000000000
73565  45.548  -19.466  29.372 0.0000000000
73564  45.922  -19.212  28.442 0.0000000000
74531  46.356  -18.617  28.020 0.0000000000
73577  46.554  -19.214  27.560 0.0000000000
71701  46.876  -21.736  27.130 0.0000000000
36211  7.796  -54.482  60.115 0.0000000000
69748  41.798  -22.436  32.805 0.0000000000
70711  41.598  -22.533  31.672 0.0000000000
69749  41.340  -22.976  32.545 0.0000000000
68761  40.441  -24.561  31.419 0.0000000000
67751  40.479  -25.046  30.899 0.0000000000
67740  40.024  -25.250  31.451 0.0000000000
64506  36.550  -28.699  32.563 0.0000000000
63556  37.230  -29.277  31.800 0.0000000000
62564  38.020  -30.679  31.679 0.0000000000
61574  38.806  -31.077  31.574 0.0000000000
61573  39.142  -30.939  31.454 0.0000000000
60451  39.007  -33.275  33.256 0.0000000000
70699  42.330  -21.985  32.541 0.0000000000
44830  15.351  -46.613  48.302 0.0000000000
43816  14.963  -47.169  48.635 0.0000000000
43778  13.970  -47.933  49.509 0.0000000000
43800  15.075  -47.994  49.225 0.0000000000
41497  15.006  -49.895  50.434 0.0000000000
42669  14.034  -49.370  50.218 0.0000000000
43762  12.612  -48.155  50.727 0.0000000000
41454  12.640  -49.952  51.636 0.0000000000
41477  12.456  -49.560  51.432 0.0000000000
41400  9.106  -48.821  56.396 0.0000000000
41390  8.890  -48.736  57.400 0.0000000000
40176  8.602  -49.477  57.659 0.0000000000
41382  8.823  -48.755  58.173 0.0000000000
40149  8.531  -48.758  60.077 0.0000000000
51393  29.586  -39.664  42.522 0.0000000000
50230  30.086  -40.314  42.491 0.0000000000
50229  30.201  -41.158  42.555 0.0000000000
51407  29.731  -40.827  41.399 0.0000000000
51423  29.770  -41.313  40.787 0.0000000000
51408  29.166  -39.851  41.278 0.0000000000
51410  27.306  -39.795  40.985 0.0000000000
51426  27.610  -40.337  40.564 0.0000000000
50250  26.647  -40.840  40.668 0.0000000000
49138  27.084  -41.530  40.358 0.0000000000
47973  21.954  -43.374  43.303 0.0000000000
60349  31.783  -31.894  38.274 0.0000000000
60331  31.838  -33.065  38.476 0.0000000000
53802  37.963  -37.990  36.960 0.0000000000
56052  38.383  -36.258  37.749 0.0000000000
38039  5.315  -52.096  61.635 0.0000000000
64477  36.459  -27.698  34.042 0.0000000000
64478  35.760  -28.510  33.795 0.0000000000
63547  35.012  -30.083  33.601 0.0000000000
46889  18.173  -44.272  45.904 0.0000000000
45854  17.583  -44.943  46.152 0.0000000000
47871  18.007  -42.325  47.433 0.0000000000
46837  17.109  -43.361  47.657 0.0000000000
45837  15.671  -45.646  48.041 0.0000000000
45805  14.768  -44.462  49.491 0.0000000000
45791  14.486  -44.070  50.371 0.0000000000
53721  24.032  -37.631  43.966 0.0000000000
53741  23.050  -38.250  43.824 0.0000000000
52574  22.776  -38.818  43.436 0.0000000000
51368  22.149  -39.328  43.834 0.0000000000
51370  20.935  -40.095  44.524 0.0000000000
50194  21.051  -40.541  44.087 0.0000000000
50213  20.827  -41.694  43.630 0.0000000000
47953  19.855  -43.634  44.302 0.0000000000
45897  20.290  -45.149  44.691 0.0000000000
56034  32.271  -37.058  41.203 0.0000000000
53804  33.312  -38.481  38.689 0.0000000000
53814  33.132  -38.151  37.880 0.0000000000
51450  35.184  -40.497  38.604 0.0000000000
52647  34.758  -40.051  38.706 0.0000000000
53812  35.005  -38.836  36.929 0.0000000000
52654  36.782  -39.340  37.143 0.0000000000
51446  39.284  -40.401  38.452 0.0000000000
74500  47.252  -18.422  30.742 0.0000000000
77617  50.759  -14.971  27.828 0.0000000000
77618  50.396  -15.157  28.516 0.0000000000
76638  49.447  -16.392  26.885 0.0000000000
76631  49.802  -15.886  26.976 0.0000000000
72639  49.911  -19.867  26.606 0.0000000000
73590  49.326  -19.145  26.534 0.0000000000
73589  50.078  -19.197  26.238 0.0000000000
69783  43.626  -24.036  28.638 0.0000000000
67785  45.005  -25.397  28.474 0.0000000000
67786  44.459  -25.400  28.672 0.0000000000
68758  42.400  -23.763  29.747 0.0000000000
66657  43.400  -26.077  29.297 0.0000000000
67769  43.079  -25.322  29.230 0.0000000000
66656  44.259  -26.350  29.262 0.0000000000
66638  44.642  -27.055  29.702 0.0000000000
65483  44.019  -28.442  30.365 0.0000000000
66608  40.167  -25.266  33.831 0.0000000000
65485  38.821  -26.652  31.510 0.0000000000
66643  39.487  -26.615  30.920 0.0000000000
65504  39.734  -27.178  30.399 0.0000000000
64518  38.148  -28.271  30.986 0.0000000000
63581  40.253  -28.957  30.581 0.0000000000
64529  42.178  -28.474  30.091 0.0000000000
64517  41.661  -29.012  30.407 0.0000000000
72602  44.910  -20.421  31.620 0.0000000000
71691  44.527  -21.309  28.406 0.0000000000
44866  19.805  -46.832  46.660 0.0000000000
40255  15.155  -51.073  52.351 0.0000000000
45792  13.915  -44.538  50.788 0.0000000000
45768  12.137  -45.630  53.202 0.0000000000
45767  12.402  -45.248  53.068 0.0000000000
45782  12.178  -45.711  52.774 0.0000000000
45794  12.769  -45.452  51.681 0.0000000000
45795  12.245  -45.860  52.063 0.0000000000
44783  11.958  -46.575  51.734 0.0000000000
43755  11.489  -47.045  52.333 0.0000000000
42654  11.167  -48.850  52.661 0.0000000000
41456  11.275  -49.712  52.437 0.0000000000
41438  10.683  -49.591  52.979 0.0000000000
41410  9.929  -48.538  54.800 0.0000000000
40228  9.749  -50.465  54.038 0.0000000000
40244  10.258  -50.859  53.613 0.0000000000
40243  10.961  -50.803  53.003 0.0000000000
39147  10.723  -51.469  53.581 0.0000000000
38095  10.734  -52.865  55.040 0.0000000000
37145  9.287  -52.800  56.925 0.0000000000
37136  9.834  -53.722  57.259 0.0000000000
37137  9.211  -53.166  57.280 0.0000000000
37129  10.047  -54.323  57.916 0.0000000000
40177  8.367  -50.351  57.963 0.0000000000
40178  8.359  -51.068  57.638 0.0000000000
37131  8.090  -53.082  58.344 0.0000000000
38047  6.763  -51.785  60.080 0.0000000000
39048  6.513  -51.020  61.521 0.0000000000
40130  6.971  -49.057  61.809 0.0000000000
41341  6.629  -49.033  62.686 0.0000000000
40122  6.283  -49.687  63.039 0.0000000000
39029  6.046  -50.217  63.195 0.0000000000
39038  6.047  -50.787  62.466 0.0000000000
39039  5.505  -50.817  62.781 0.0000000000
50261  34.153  -41.408  40.195 0.0000000000
49132  32.365  -42.235  40.536 0.0000000000
49115  32.704  -41.879  40.887 0.0000000000
48021  32.687  -42.657  40.211 0.0000000000
48046  32.094  -43.536  39.957 0.0000000000
47014  31.453  -43.833  40.176 0.0000000000
45972  31.099  -44.724  40.972 0.0000000000
49135  29.756  -42.546  40.475 0.0000000000
46973  28.612  -44.201  41.633 0.0000000000
46972  29.359  -44.397  41.627 0.0000000000
45961  29.492  -44.724  42.114 0.0000000000
45943  29.432  -45.095  42.526 0.0000000000
52571  25.786  -37.781  42.961 0.0000000000
51395  24.803  -39.822  41.590 0.0000000000
47971  23.380  -43.363  43.453 0.0000000000
49051  23.661  -43.348  43.448 0.0000000000
47947  25.385  -44.129  44.148 0.0000000000
69780  46.115  -23.872  27.674 0.0000000000
68792  46.305  -24.534  27.888 0.0000000000
63484  33.749  -28.203  36.315 0.0000000000
63485  32.765  -29.401  36.063 0.0000000000
62507  33.116  -30.856  34.865 0.0000000000
63534  33.629  -30.475  34.510 0.0000000000
62548  34.780  -30.666  33.863 0.0000000000
61521  34.390  -31.330  34.273 0.0000000000
57066  31.552  -35.703  39.909 0.0000000000
57076  31.371  -35.579  38.911 0.0000000000
57095  31.982  -35.527  37.066 0.0000000000
58120  31.812  -34.617  37.524 0.0000000000
59220  31.872  -33.706  37.055 0.0000000000
57105  35.648  -36.214  36.164 0.0000000000
57106  35.073  -35.769  35.788 0.0000000000
58157  34.274  -34.145  35.285 0.0000000000
58136  34.204  -34.859  35.570 0.0000000000
58158  33.705  -34.320  35.449 0.0000000000
59262  33.273  -33.652  35.276 0.0000000000
60417  32.832  -32.507  35.250 0.0000000000
60414  35.761  -33.069  34.649 0.0000000000
60415  34.767  -32.713  34.737 0.0000000000
60438  35.325  -32.368  34.202 0.0000000000
60411  38.336  -33.853  35.227 0.0000000000
46989  37.376  -44.250  40.402 0.0000000000
48040  37.550  -43.087  39.545 0.0000000000
48017  39.236  -43.296  40.185 0.0000000000
79467  55.174  -13.278  23.541 0.0000000000
79476  55.662  -13.773  22.781 0.0000000000
78599  55.574  -15.110  22.198 0.0000000000
78573  51.332  -14.627  27.485 0.0000000000
77630  51.662  -15.351  25.292 0.0000000000
78580  51.812  -14.794  25.821 0.0000000000
78585  52.000  -15.038  25.164 0.0000000000
76650  53.091  -16.564  24.306 0.0000000000
77639  53.302  -15.637  24.098 0.0000000000
77638  53.890  -15.528  23.583 0.0000000000
68804  47.514  -24.397  27.526 0.0000000000
72620  44.618  -20.420  29.317 0.0000000000
36212  7.177  -53.896  60.467 0.0000000000
69736  41.248  -23.078  33.403 0.0000000000
68738  40.809  -23.927  33.304 0.0000000000
68739  40.333  -24.607  32.744 0.0000000000
63558  36.012  -29.807  32.839 0.0000000000
60452  37.894  -32.923  33.269 0.0000000000
45839  14.476  -46.019  48.923 0.0000000000
42690  13.777  -48.731  49.928 0.0000000000
41372  9.540  -47.546  59.336 0.0000000000
52601  27.892  -38.942  41.214 0.0000000000
52602  27.053  -39.076  41.423 0.0000000000
46925  21.175  -45.014  44.518 0.0000000000
46924  22.341  -44.730  44.602 0.0000000000
59194  31.901  -33.388  39.960 0.0000000000
53800  39.479  -38.256  38.078 0.0000000000
54956  38.175  -37.224  37.334 0.0000000000
47905  18.049  -43.469  46.380 0.0000000000
47872  17.575  -42.516  47.952 0.0000000000
48989  17.742  -42.044  48.789 0.0000000000
52543  23.521  -37.560  45.561 0.0000000000
52546  20.745  -39.011  46.162 0.0000000000
49052  19.877  -41.873  44.202 0.0000000000
54939  32.869  -37.960  40.736 0.0000000000
54946  33.282  -38.492  40.252 0.0000000000
53795  33.418  -38.646  39.492 0.0000000000
53803  33.812  -39.038  38.899 0.0000000000
51448  37.068  -40.694  37.703 0.0000000000
50287  39.378  -41.019  38.966 0.0000000000
74508  47.320  -17.784  30.109 0.0000000000
75543  47.873  -17.361  30.235 0.0000000000
77623  49.864  -15.660  28.200 0.0000000000
75560  49.111  -16.699  27.146 0.0000000000
75571  48.724  -17.419  26.896 0.0000000000
72629  48.130  -20.339  26.832 0.0000000000
72627  50.285  -20.672  26.786 0.0000000000
72626  51.031  -20.792  26.668 0.0000000000
67749  42.065  -25.450  29.667 0.0000000000
65453  39.062  -26.324  33.688 0.0000000000
66600  39.243  -25.842  33.160 0.0000000000
65506  38.584  -27.260  30.994 0.0000000000
63569  40.520  -29.792  30.888 0.0000000000
63568  41.606  -29.770  30.823 0.0000000000
62578  41.976  -30.598  31.302 0.0000000000
45970  32.490  -45.036  40.869 0.0000000000
45969  33.443  -45.060  40.851 0.0000000000
45957  32.875  -45.496  41.534 0.0000000000
70698  43.320  -21.642  32.727 0.0000000000
71651  43.454  -21.416  32.165 0.0000000000
44846  19.183  -47.313  47.248 0.0000000000
44827  18.687  -47.663  48.256 0.0000000000
39130  12.257  -52.113  54.170 0.0000000000
43744  11.772  -45.975  53.593 0.0000000000
43745  11.356  -46.333  53.289 0.0000000000
40211  9.302  -50.349  54.830 0.0000000000
38109  9.790  -51.803  54.801 0.0000000000
38088  10.152  -52.942  55.999 0.0000000000
38078  8.834  -52.451  57.246 0.0000000000
39083  8.151  -50.686  58.545 0.0000000000
39074  7.875  -50.460  59.171 0.0000000000
39066  7.480  -51.275  59.447 0.0000000000
39047  6.935  -50.409  61.287 0.0000000000
40133  5.629  -50.299  63.293 0.0000000000
48024  30.319  -43.346  40.535 0.0000000000
49137  27.662  -42.135  40.450 0.0000000000
48026  28.133  -42.998  40.711 0.0000000000
48005  28.200  -43.884  41.114 0.0000000000
46952  28.429  -44.694  42.211 0.0000000000
52604  24.364  -39.109  41.798 0.0000000000
51396  23.749  -40.127  41.724 0.0000000000
47925  24.435  -44.278  44.950 0.0000000000
49050  23.991  -43.514  43.705 0.0000000000
67764  47.402  -26.135  28.879 0.0000000000
62484  32.331  -30.122  36.220 0.0000000000
63486  32.525  -30.156  35.683 0.0000000000
63511  32.648  -30.618  35.322 0.0000000000
61498  33.343  -31.717  34.913 0.0000000000
54966  31.894  -37.140  37.525 0.0000000000
56053  31.533  -36.469  38.206 0.0000000000
56067  32.280  -36.325  36.616 0.0000000000
57108  32.757  -35.625  36.145 0.0000000000
58119  36.044  -34.911  35.974 0.0000000000
58135  35.320  -34.546  35.525 0.0000000000
58156  34.831  -33.926  35.228 0.0000000000
59259  36.301  -33.509  35.283 0.0000000000
60390  37.054  -33.411  35.664 0.0000000000
46969  35.864  -44.868  40.848 0.0000000000
46967  37.641  -44.694  41.037 0.0000000000
78588  54.359  -14.526  23.406 0.0000000000
77626  50.818  -15.538  26.348 0.0000000000
77631  51.204  -15.584  25.675 0.0000000000
77635  51.428  -15.890  25.119 0.0000000000
75605  54.143  -17.151  23.834 0.0000000000
76661  54.317  -16.459  23.421 0.0000000000
75604  54.733  -17.474  23.462 0.0000000000
49018  19.349  -41.278  46.698 0.0000000000
49006  19.171  -41.139  47.110 0.0000000000
48987  18.759  -40.783  47.674 0.0000000000
52530  20.708  -38.802  46.739 0.0000000000
69790  50.310  -23.074  27.459 0.0000000000
68802  49.414  -24.150  27.467 0.0000000000
51439  34.593  -39.856  39.734 0.0000000000
50291  35.719  -41.344  38.331 0.0000000000
73553  46.068  -18.883  29.680 0.0000000000
75562  47.658  -17.419  27.834 0.0000000000
36219  8.609  -54.462  59.075 0.0000000000
65467  37.684  -27.602  31.816 0.0000000000
63572  37.701  -28.786  31.398 0.0000000000
61535  41.125  -32.585  33.258 0.0000000000
60449  40.786  -33.128  34.001 0.0000000000
45917  31.446  -46.366  43.234 0.0000000000
43799  16.035  -48.435  49.059 0.0000000000
42709  16.433  -49.097  49.553 0.0000000000
41453  14.969  -50.897  51.677 0.0000000000
41475  14.400  -50.204  50.869 0.0000000000
40276  13.465  -50.420  51.496 0.0000000000
40277  13.005  -50.167  51.617 0.0000000000
40258  11.702  -50.420  52.442 0.0000000000
41399  9.737  -47.963  55.986 0.0000000000
40198  8.491  -50.925  56.815 0.0000000000
40186  8.441  -50.290  57.113 0.0000000000
41373  8.915  -48.361  58.962 0.0000000000
41357  8.193  -48.635  60.957 0.0000000000
50265  30.086  -41.903  40.719 0.0000000000
50267  28.553  -41.401  40.207 0.0000000000
51425  28.429  -40.452  40.451 0.0000000000
49119  26.653  -41.988  40.630 0.0000000000
49098  26.134  -42.572  41.499 0.0000000000
49102  21.779  -41.858  42.626 0.0000000000
49101  22.432  -42.012  42.353 0.0000000000
49074  22.217  -42.656  42.819 0.0000000000
47972  22.883  -43.342  43.416 0.0000000000
46923  23.269  -44.475  44.660 0.0000000000
46922  23.748  -44.335  44.804 0.0000000000
66636  46.481  -27.164  29.913 0.0000000000
61448  31.768  -31.672  37.738 0.0000000000
54964  35.654  -38.066  36.606 0.0000000000
54971  35.671  -37.375  36.411 0.0000000000
56063  36.066  -36.723  36.237 0.0000000000
56059  36.929  -36.569  36.528 0.0000000000
57092  37.193  -35.540  36.804 0.0000000000
57084  37.888  -35.417  37.507 0.0000000000
79463  53.383  -13.953  25.005 0.0000000000
74548  51.076  -18.435  25.384 0.0000000000
37101  5.715  -52.900  61.159 0.0000000000
65452  39.991  -26.256  34.522 0.0000000000
64495  35.892  -28.822  33.397 0.0000000000
63545  36.087  -29.078  32.935 0.0000000000
62567  35.812  -30.035  32.953 0.0000000000
62546  35.957  -30.717  33.035 0.0000000000
45869  19.371  -46.112  45.916 0.0000000000
46911  18.580  -44.833  45.222 0.0000000000
45870  18.202  -45.583  45.705 0.0000000000
44868  17.761  -46.139  46.281 0.0000000000
47886  18.046  -42.685  46.673 0.0000000000
46863  17.706  -43.203  46.807 0.0000000000
45856  16.320  -45.922  47.345 0.0000000000
45838  14.950  -45.804  48.546 0.0000000000
45822  15.277  -45.005  48.890 0.0000000000
45807  13.607  -45.350  50.290 0.0000000000
53737  27.276  -37.936  43.407 0.0000000000
52556  26.713  -37.619  43.794 0.0000000000
52572  24.978  -37.338  43.374 0.0000000000
52558  24.905  -37.441  44.488 0.0000000000
53720  24.533  -37.519  43.813 0.0000000000
53738  24.342  -37.611  43.178 0.0000000000
52573  23.270  -38.790  42.995 0.0000000000
52590  22.910  -39.319  42.804 0.0000000000
51357  21.308  -39.196  44.871 0.0000000000
51356  21.885  -38.897  44.442 0.0000000000
51380  21.739  -40.108  43.506 0.0000000000
50236  21.634  -41.386  42.875 0.0000000000
49103  21.466  -41.641  42.983 0.0000000000
47974  20.948  -43.293  43.484 0.0000000000
47975  20.213  -43.272  43.764 0.0000000000
47952  20.691  -43.958  44.102 0.0000000000
45896  20.791  -45.418  45.061 0.0000000000
57065  32.065  -35.787  40.762 0.0000000000
54940  32.373  -37.526  40.244 0.0000000000
54948  32.117  -37.466  39.406 0.0000000000
54958  31.876  -37.343  38.440 0.0000000000
54965  32.467  -37.712  37.756 0.0000000000
53820  33.386  -38.072  37.171 0.0000000000
52657  34.200  -39.379  38.401 0.0000000000
51461  35.608  -40.216  37.692 0.0000000000
53810  37.228  -38.440  36.891 0.0000000000
53809  37.966  -38.682  37.108 0.0000000000
52646  38.231  -39.291  37.438 0.0000000000
77627  50.326  -15.632  26.832 0.0000000000
74537  50.321  -18.377  25.768 0.0000000000
68776  43.248  -24.524  29.072 0.0000000000
66637  45.513  -27.290  29.831 0.0000000000
65500  44.276  -27.640  30.089 0.0000000000
67727  39.821  -25.098  32.337 0.0000000000
67728  39.553  -25.503  31.953 0.0000000000
66626  39.989  -25.746  31.208 0.0000000000
64533  38.579  -27.745  30.748 0.0000000000
64532  39.169  -27.879  30.358 0.0000000000
63582  39.365  -28.668  30.630 0.0000000000
64528  42.920  -28.682  30.234 0.0000000000
64515  43.441  -29.271  30.495 0.0000000000
45968  34.300  -45.081  40.796 0.0000000000
72601  45.656  -19.952  31.229 0.0000000000
44795  12.186  -46.847  50.999 0.0000000000
42622  10.408  -48.066  54.169 0.0000000000
39113  11.689  -52.686  54.696 0.0000000000
39112  12.596  -53.046  55.025 0.0000000000
37143  10.481  -53.518  56.596 0.0000000000
36226  8.917  -54.131  58.617 0.0000000000
39104  8.506  -51.258  56.973 0.0000000000
39093  8.522  -51.601  57.267 0.0000000000
38079  8.470  -51.986  57.622 0.0000000000
37122  8.611  -54.007  58.648 0.0000000000
37114  7.549  -53.592  59.696 0.0000000000
38055  7.016  -52.634  60.116 0.0000000000
40129  7.488  -48.779  61.466 0.0000000000
40143  6.953  -50.009  61.719 0.0000000000
40121  6.503  -49.422  62.814 0.0000000000
40132  6.453  -50.049  62.698 0.0000000000
39049  6.117  -51.191  61.860 0.0000000000
38037  5.903  -51.741  61.341 0.0000000000
56023  33.024  -36.813  41.963 0.0000000000
49152  33.643  -42.890  40.098 0.0000000000
48047  31.686  -43.692  40.080 0.0000000000
47013  31.811  -44.045  40.022 0.0000000000
45971  31.572  -44.895  40.895 0.0000000000
45959  30.902  -45.015  41.552 0.0000000000
46996  29.945  -43.966  40.957 0.0000000000
46971  30.350  -44.530  41.247 0.0000000000
45942  30.258  -45.354  42.492 0.0000000000
53754  26.972  -38.331  42.845 0.0000000000
52603  26.389  -39.174  41.541 0.0000000000
51394  25.795  -39.792  41.214 0.0000000000
50251  26.082  -40.410  41.005 0.0000000000
50210  23.710  -42.392  42.295 0.0000000000
50209  24.097  -42.508  42.295 0.0000000000
49100  24.424  -42.614  42.283 0.0000000000
47993  25.501  -43.314  42.424 0.0000000000
47992  26.419  -43.723  42.305 0.0000000000
47968  26.399  -44.330  43.102 0.0000000000
69795  46.075  -23.571  27.620 0.0000000000
68805  46.932  -24.450  27.667 0.0000000000
67782  47.842  -25.639  28.337 0.0000000000
66635  47.372  -27.100  30.073 0.0000000000
63483  34.458  -27.802  35.910 0.0000000000
61541  35.296  -31.187  33.606 0.0000000000
58098  31.718  -34.139  40.541 0.0000000000
59195  31.699  -33.577  38.956 0.0000000000
58110  31.618  -34.574  38.502 0.0000000000
56065  34.311  -36.658  36.229 0.0000000000
58137  33.117  -34.605  35.710 0.0000000000
59239  32.493  -33.681  36.018 0.0000000000
60391  32.314  -32.648  35.956 0.0000000000
61499  32.775  -31.829  35.268 0.0000000000
61497  34.144  -31.972  34.678 0.0000000000
61520  35.026  -31.662  33.992 0.0000000000
61519  35.642  -31.911  33.621 0.0000000000
60454  36.275  -32.047  33.307 0.0000000000
60435  38.270  -33.650  34.277 0.0000000000
60412  37.541  -33.459  35.057 0.0000000000
59274  38.827  -34.042  34.659 0.0000000000
48020  36.364  -43.761  39.590 0.0000000000
46990  36.331  -44.398  40.126 0.0000000000
46966  38.483  -44.586  41.143 0.0000000000
49129  38.921  -42.884  39.681 0.0000000000
49146  39.065  -42.346  39.399 0.0000000000
78575  52.612  -13.759  26.680 0.0000000000
78583  53.425  -14.127  24.714 0.0000000000
75593  52.749  -17.505  24.435 0.0000000000
78590  52.957  -15.063  24.279 0.0000000000
37090  5.403  -52.075  61.514 0.0000000000
38028  5.278  -51.704  61.866 0.0000000000
39115  9.096  -51.413  55.768 0.0000000000
39145  12.145  -51.681  53.669 0.0000000000
41334  6.742  -48.634  62.966 0.0000000000
41474  15.543  -50.117  50.849 0.0000000000
44763  11.892  -45.922  53.207 0.0000000000
45944  28.816  -45.044  42.542 0.0000000000
46749  12.683  -44.903  52.961 0.0000000000
46762  12.724  -45.036  52.729 0.0000000000
47887  17.820  -43.319  46.635 0.0000000000
47994  24.760  -43.124  42.522 0.0000000000
49077  19.811  -42.964  43.878 0.0000000000
49118  27.031  -42.714  40.965 0.0000000000
50211  21.723  -40.460  43.081 0.0000000000
50263  31.950  -41.893  40.774 0.0000000000
51412  24.539  -39.244  41.728 0.0000000000
51458  37.846  -39.703  37.470 0.0000000000
52586  26.814  -38.590  42.170 0.0000000000
52600  28.463  -39.321  41.350 0.0000000000
52605  24.051  -39.221  41.817 0.0000000000
53722  23.391  -37.903  44.052 0.0000000000
53736  27.739  -38.256  43.211 0.0000000000
53739  24.139  -37.680  43.286 0.0000000000
53755  24.025  -37.796  43.138 0.0000000000
53756  23.916  -38.177  42.673 0.0000000000
53757  23.559  -38.469  42.894 0.0000000000
53821  32.912  -37.852  37.402 0.0000000000
54881  28.157  -38.422  43.792 0.0000000000
54882  27.848  -38.077  43.903 0.0000000000
54883  27.561  -37.840  43.798 0.0000000000
54891  27.948  -38.236  43.556 0.0000000000
54893  27.402  -37.861  43.579 0.0000000000
54894  24.172  -37.662  43.016 0.0000000000
54895  23.829  -37.962  43.145 0.0000000000
54896  23.675  -38.210  43.067 0.0000000000
54907  23.955  -37.922  42.937 0.0000000000
54908  23.826  -38.116  42.911 0.0000000000
54909  23.704  -38.324  42.887 0.0000000000
56060  31.836  -36.336  37.358 0.0000000000
57109  32.300  -35.571  36.566 0.0000000000
59237  36.033  -33.982  35.496 0.0000000000
59257  38.963  -34.162  34.917 0.0000000000
59258  38.723  -34.059  34.984 0.0000000000
59275  38.510  -33.899  34.799 0.0000000000
61522  33.895  -31.510  34.629 0.0000000000
62529  34.120  -30.669  34.236 0.0000000000
64437  34.425  -27.640  36.266 0.0000000000
65487  37.820  -27.714  31.519 0.0000000000
67741  39.709  -25.403  31.778 0.0000000000
67770  42.621  -25.327  29.437 0.0000000000
68775  43.751  -24.848  28.778 0.0000000000
70697  43.869  -21.500  32.607 0.0000000000
