#!ascii label  , from subject 3604 vox2ras=TkReg
513
76166  22.422  -17.500  -18.844 0.0000000000
82773  28.319  -10.326  -22.391 0.0000000000
92414  25.899  -0.507  -21.000 0.0000000000
88674  20.041  -4.586  -21.449 0.0000000000
71245  23.994  -21.774  -17.685 0.0000000000
75089  26.542  -18.728  -19.552 0.0000000000
79979  25.306  -13.874  -20.757 0.0000000000
83675  22.296  -9.742  -22.422 0.0000000000
87669  27.192  -5.269  -21.306 0.0000000000
91597  27.213  -1.562  -26.709 0.0000000000
97031  25.755  4.309  -20.628 0.0000000000
74082  23.286  -19.633  -17.858 0.0000000000
72228  24.886  -20.748  -18.738 0.0000000000
75111  24.951  -18.249  -19.511 0.0000000000
81803  21.275  -11.409  -20.770 0.0000000000
83654  20.229  -9.421  -19.824 0.0000000000
90653  22.421  -2.593  -20.794 0.0000000000
87661  23.480  -5.037  -21.547 0.0000000000
89714  26.548  -3.205  -21.007 0.0000000000
89746  27.202  -3.497  -24.652 0.0000000000
91568  26.254  -1.372  -23.907 0.0000000000
98893  22.086  6.467  -17.738 0.0000000000
128482  21.609  4.159  -18.774 0.0000000000
98896  25.097  6.793  -19.568 0.0000000000
80911  26.580  -12.426  -21.254 0.0000000000
79089  28.250  -15.087  -21.647 0.0000000000
80908  29.595  -12.503  -21.649 0.0000000000
128457  22.275  0.027  -20.200 0.0000000000
84649  30.444  -7.969  -24.062 0.0000000000
78149  21.454  -15.345  -18.797 0.0000000000
78146  23.842  -16.074  -20.023 0.0000000000
79982  22.304  -13.557  -20.626 0.0000000000
80914  23.466  -12.063  -21.548 0.0000000000
83672  25.204  -9.548  -21.585 0.0000000000
86705  20.859  -6.434  -22.349 0.0000000000
85674  24.053  -7.155  -22.376 0.0000000000
85685  27.854  -7.678  -22.623 0.0000000000
87701  28.694  -5.773  -25.209 0.0000000000
94177  22.890  2.030  -19.191 0.0000000000
95130  25.885  1.798  -20.087 0.0000000000
99730  25.045  7.165  -22.856 0.0000000000
128655  24.343  3.543  -24.403 0.0000000000
93327  24.810  1.294  -24.375 0.0000000000
93345  24.514  0.691  -27.280 0.0000000000
76200  26.515  -16.854  -20.409 0.0000000000
77145  21.512  -16.876  -18.054 0.0000000000
75072  22.186  -18.341  -17.479 0.0000000000
75092  22.664  -18.373  -18.143 0.0000000000
74106  23.612  -19.237  -18.355 0.0000000000
76165  23.234  -17.875  -18.814 0.0000000000
91540  24.901  -1.697  -20.109 0.0000000000
89701  23.954  -3.429  -20.551 0.0000000000
90649  26.106  -2.344  -20.869 0.0000000000
90671  27.215  -2.144  -22.749 0.0000000000
92432  26.463  -0.541  -22.443 0.0000000000
99697  23.025  7.633  -18.315 0.0000000000
98891  23.856  6.789  -18.763 0.0000000000
100509  24.672  8.395  -19.414 0.0000000000
82748  27.796  -10.630  -21.955 0.0000000000
80909  28.764  -12.778  -21.863 0.0000000000
81838  28.867  -11.288  -22.296 0.0000000000
90656  19.836  -2.037  -20.547 0.0000000000
91546  19.295  -0.836  -19.990 0.0000000000
72193  22.858  -21.288  -16.798 0.0000000000
71229  22.733  -22.162  -16.754 0.0000000000
71227  24.012  -22.953  -17.635 0.0000000000
71244  24.503  -22.245  -17.892 0.0000000000
73168  25.511  -20.284  -19.082 0.0000000000
72226  26.031  -21.046  -18.411 0.0000000000
79095  21.839  -14.372  -20.040 0.0000000000
79983  21.426  -13.378  -20.055 0.0000000000
82734  21.389  -10.723  -21.262 0.0000000000
80916  22.158  -11.681  -21.391 0.0000000000
82753  22.680  -10.455  -22.341 0.0000000000
82751  24.584  -10.406  -21.753 0.0000000000
82774  23.274  -9.768  -22.587 0.0000000000
85662  20.234  -7.010  -21.313 0.0000000000
87674  20.757  -5.451  -21.923 0.0000000000
87671  24.956  -5.717  -21.491 0.0000000000
86691  23.664  -6.503  -22.342 0.0000000000
86689  25.384  -6.602  -21.528 0.0000000000
85672  25.668  -7.602  -21.492 0.0000000000
86687  27.529  -6.522  -21.761 0.0000000000
86700  28.408  -6.781  -23.313 0.0000000000
87680  27.934  -5.541  -22.750 0.0000000000
89761  26.624  -2.865  -26.071 0.0000000000
88722  28.175  -3.933  -25.608 0.0000000000
97012  24.452  4.176  -19.065 0.0000000000
96089  22.759  3.337  -18.846 0.0000000000
96098  23.957  3.047  -18.537 0.0000000000
94189  23.891  1.435  -18.761 0.0000000000
95143  25.866  2.741  -20.249 0.0000000000
93328  23.618  1.792  -24.840 0.0000000000
92449  23.099  1.687  -25.138 0.0000000000
92459  23.455  0.292  -26.538 0.0000000000
79092  24.634  -14.653  -20.573 0.0000000000
77179  25.730  -16.328  -20.209 0.0000000000
78165  26.210  -15.494  -20.504 0.0000000000
78162  28.886  -15.300  -20.798 0.0000000000
78144  28.339  -15.810  -20.529 0.0000000000
74075  22.577  -19.788  -16.829 0.0000000000
73149  23.665  -20.188  -18.002 0.0000000000
72209  24.646  -21.340  -18.231 0.0000000000
73170  24.130  -19.699  -18.637 0.0000000000
74105  24.701  -19.159  -19.215 0.0000000000
74123  25.615  -18.920  -19.799 0.0000000000
81791  20.331  -11.227  -19.150 0.0000000000
82723  20.433  -10.382  -19.972 0.0000000000
83661  20.775  -9.403  -21.512 0.0000000000
89717  20.407  -3.538  -21.996 0.0000000000
89727  21.134  -3.872  -23.230 0.0000000000
89702  23.017  -3.374  -21.162 0.0000000000
88658  24.660  -4.221  -20.596 0.0000000000
87657  26.714  -4.585  -21.155 0.0000000000
88693  27.862  -4.437  -23.736 0.0000000000
89725  27.381  -3.105  -22.422 0.0000000000
90687  26.342  -2.298  -24.589 0.0000000000
91588  25.843  -1.900  -26.140 0.0000000000
98014  20.416  5.211  -18.289 0.0000000000
97014  22.293  4.722  -18.493 0.0000000000
98019  24.461  5.623  -19.046 0.0000000000
98031  25.526  5.540  -19.708 0.0000000000
80894  25.940  -13.102  -20.875 0.0000000000
79090  26.767  -14.728  -20.840 0.0000000000
80892  27.441  -13.586  -21.290 0.0000000000
79995  29.270  -13.712  -21.726 0.0000000000
89718  19.828  -3.775  -21.397 0.0000000000
89705  20.346  -3.074  -21.006 0.0000000000
91543  21.897  -1.884  -20.347 0.0000000000
92416  24.037  -0.751  -20.066 0.0000000000
72208  25.407  -21.661  -18.330 0.0000000000
84632  29.429  -8.414  -23.437 0.0000000000
82771  29.935  -10.600  -23.091 0.0000000000
78130  21.610  -16.373  -18.491 0.0000000000
76186  22.731  -17.039  -19.353 0.0000000000
78147  22.927  -15.638  -19.814 0.0000000000
78168  23.330  -14.999  -20.240 0.0000000000
79980  24.275  -13.805  -20.894 0.0000000000
80898  21.841  -12.352  -21.015 0.0000000000
80897  22.848  -12.825  -21.277 0.0000000000
80895  24.883  -13.037  -21.122 0.0000000000
80912  25.488  -12.260  -21.332 0.0000000000
81820  26.100  -11.450  -21.585 0.0000000000
83670  27.390  -9.623  -22.365 0.0000000000
85661  20.427  -7.799  -20.916 0.0000000000
84639  21.345  -8.231  -22.449 0.0000000000
87691  21.708  -5.353  -23.074 0.0000000000
85689  22.504  -7.358  -22.708 0.0000000000
84637  22.789  -8.291  -22.912 0.0000000000
84620  24.780  -8.552  -21.703 0.0000000000
84618  26.803  -8.729  -22.219 0.0000000000
83692  27.875  -9.108  -22.747 0.0000000000
85684  28.730  -7.592  -23.481 0.0000000000
85710  29.595  -6.775  -24.837 0.0000000000
88707  28.031  -4.293  -24.991 0.0000000000
94190  23.207  1.163  -19.438 0.0000000000
93282  24.277  0.622  -19.574 0.0000000000
93293  26.245  0.323  -20.960 0.0000000000
99720  25.536  7.461  -21.404 0.0000000000
98047  25.565  5.395  -22.202 0.0000000000
98050  24.945  5.200  -23.293 0.0000000000
97034  25.897  3.672  -22.493 0.0000000000
96111  25.722  2.674  -22.276 0.0000000000
95165  26.258  1.458  -22.507 0.0000000000
93313  26.436  0.283  -22.744 0.0000000000
92447  25.234  -0.201  -24.272 0.0000000000
91576  24.723  -1.199  -25.182 0.0000000000
92468  25.734  -0.398  -27.069 0.0000000000
77162  23.916  -16.776  -19.754 0.0000000000
76183  25.588  -17.278  -19.969 0.0000000000
76182  26.431  -17.581  -20.252 0.0000000000
78164  27.269  -15.397  -21.074 0.0000000000
77160  27.442  -16.602  -20.318 0.0000000000
76167  21.893  -17.551  -18.161 0.0000000000
75093  22.228  -17.942  -18.190 0.0000000000
91539  25.593  -1.524  -20.730 0.0000000000
91538  26.235  -1.462  -21.276 0.0000000000
91553  26.784  -1.465  -22.024 0.0000000000
92426  26.252  -0.566  -21.624 0.0000000000
99696  23.835  7.765  -18.667 0.0000000000
82772  29.007  -10.518  -22.625 0.0000000000
72192  23.410  -21.617  -17.223 0.0000000000
71228  23.494  -22.483  -17.282 0.0000000000
70265  24.671  -22.862  -17.736 0.0000000000
74103  26.309  -19.426  -19.185 0.0000000000
73167  26.314  -20.274  -18.616 0.0000000000
74102  27.101  -19.316  -18.481 0.0000000000
79967  21.169  -13.602  -19.032 0.0000000000
82754  21.847  -10.413  -21.869 0.0000000000
82752  23.567  -10.285  -22.280 0.0000000000
83674  22.742  -9.916  -22.602 0.0000000000
87675  20.341  -5.479  -21.391 0.0000000000
88673  20.535  -4.808  -21.869 0.0000000000
87670  26.003  -5.709  -21.038 0.0000000000
86688  26.502  -6.600  -21.347 0.0000000000
87679  28.222  -6.205  -23.101 0.0000000000
90709  26.865  -2.206  -26.459 0.0000000000
90708  27.495  -2.419  -26.560 0.0000000000
97021  25.195  4.387  -19.478 0.0000000000
96088  23.949  3.722  -18.794 0.0000000000
96097  24.889  3.366  -18.927 0.0000000000
96107  25.691  3.397  -19.868 0.0000000000
92450  23.015  2.177  -25.014 0.0000000000
92460  23.155  2.069  -25.963 0.0000000000
79091  25.729  -14.716  -20.517 0.0000000000
78161  29.654  -15.203  -20.291 0.0000000000
78143  28.928  -15.785  -20.106 0.0000000000
74083  22.821  -19.276  -17.523 0.0000000000
73150  23.185  -19.819  -17.559 0.0000000000
73136  22.921  -20.299  -17.043 0.0000000000
75090  24.131  -18.458  -18.879 0.0000000000
74104  25.471  -19.576  -19.447 0.0000000000
74124  25.271  -18.677  -19.657 0.0000000000
82724  20.072  -10.267  -19.216 0.0000000000
83653  20.467  -9.486  -20.681 0.0000000000
89704  21.044  -3.069  -21.496 0.0000000000
89703  22.004  -3.233  -21.862 0.0000000000
89699  25.831  -3.073  -20.633 0.0000000000
89700  25.028  -3.301  -20.584 0.0000000000
88657  25.958  -3.986  -20.368 0.0000000000
88670  26.496  -4.003  -20.990 0.0000000000
88669  26.889  -3.973  -21.489 0.0000000000
90680  26.757  -1.933  -23.458 0.0000000000
90679  27.141  -2.637  -23.508 0.0000000000
90698  26.051  -2.233  -25.706 0.0000000000
90699  25.401  -1.942  -25.337 0.0000000000
98013  21.230  5.991  -18.221 0.0000000000
98022  21.379  5.059  -18.689 0.0000000000
98021  22.049  5.751  -18.035 0.0000000000
98897  24.552  6.917  -19.112 0.0000000000
98020  23.216  5.648  -18.353 0.0000000000
98018  25.193  6.095  -19.097 0.0000000000
98032  24.998  5.089  -19.296 0.0000000000
80893  26.941  -13.320  -20.996 0.0000000000
80910  27.725  -12.909  -21.489 0.0000000000
79976  29.326  -14.244  -21.317 0.0000000000
88663  18.892  -4.616  -19.754 0.0000000000
89706  19.508  -3.172  -20.528 0.0000000000
91544  21.293  -1.355  -20.689 0.0000000000
128463  22.044  -0.935  -20.243 0.0000000000
92417  23.108  -0.713  -19.748 0.0000000000
72207  26.345  -21.442  -17.981 0.0000000000
78131  21.327  -15.836  -18.114 0.0000000000
78148  21.888  -15.852  -19.044 0.0000000000
79094  22.821  -14.516  -20.182 0.0000000000
79093  23.697  -14.514  -20.559 0.0000000000
79981  23.283  -13.712  -20.837 0.0000000000
80899  21.053  -12.298  -20.190 0.0000000000
80915  22.608  -11.919  -21.552 0.0000000000
80896  23.857  -12.929  -21.170 0.0000000000
80913  24.438  -12.138  -21.379 0.0000000000
81821  25.016  -11.312  -21.492 0.0000000000
82750  25.631  -10.483  -21.704 0.0000000000
82749  26.721  -10.550  -21.820 0.0000000000
83671  26.236  -9.602  -21.956 0.0000000000
85676  20.369  -6.753  -21.842 0.0000000000
85675  20.323  -7.373  -21.966 0.0000000000
84622  20.717  -8.419  -22.111 0.0000000000
85691  20.904  -7.412  -22.494 0.0000000000
88672  22.353  -4.080  -22.907 0.0000000000
88696  21.389  -4.876  -23.093 0.0000000000
88671  22.685  -4.794  -22.910 0.0000000000
86702  22.930  -6.450  -22.770 0.0000000000
85688  23.454  -7.407  -22.852 0.0000000000
85687  24.077  -7.758  -22.589 0.0000000000
84636  23.677  -8.488  -22.769 0.0000000000
84635  24.281  -8.241  -22.337 0.0000000000
85671  26.871  -7.644  -21.943 0.0000000000
84619  25.937  -8.645  -21.502 0.0000000000
85686  27.238  -8.189  -22.371 0.0000000000
84634  27.547  -8.656  -22.574 0.0000000000
84633  28.279  -8.518  -22.979 0.0000000000
86712  28.932  -6.648  -24.369 0.0000000000
86719  29.165  -6.389  -25.623 0.0000000000
86730  29.746  -6.295  -26.345 0.0000000000
87710  28.837  -5.778  -26.265 0.0000000000
128467  22.143  2.486  -19.549 0.0000000000
128462  21.941  1.226  -19.717 0.0000000000
94187  25.748  1.516  -19.727 0.0000000000
94188  25.168  1.155  -19.138 0.0000000000
94202  25.713  1.044  -19.730 0.0000000000
93294  25.380  0.416  -20.059 0.0000000000
94201  26.158  1.202  -20.278 0.0000000000
98911  25.597  6.329  -21.751 0.0000000000
98910  25.650  6.050  -21.427 0.0000000000
98920  25.174  6.030  -22.705 0.0000000000
128674  23.808  4.013  -24.655 0.0000000000
98059  23.991  4.922  -24.553 0.0000000000
97051  24.507  4.182  -24.332 0.0000000000
97040  25.641  4.323  -23.216 0.0000000000
128663  25.159  3.646  -23.836 0.0000000000
128680  25.199  2.931  -23.611 0.0000000000
94241  25.589  2.014  -23.252 0.0000000000
93321  25.857  0.900  -23.900 0.0000000000
94231  26.436  0.794  -22.883 0.0000000000
92439  25.917  0.173  -23.808 0.0000000000
91577  24.101  -0.672  -26.030 0.0000000000
91590  24.188  -0.680  -26.784 0.0000000000
91599  24.972  -0.900  -26.975 0.0000000000
92469  24.808  -0.124  -27.303 0.0000000000
77163  23.144  -16.594  -19.632 0.0000000000
79107  27.492  -14.668  -21.381 0.0000000000
78178  27.892  -15.201  -21.579 0.0000000000
77159  28.032  -16.359  -19.938 0.0000000000
77176  27.814  -16.102  -20.535 0.0000000000
76181  27.232  -17.411  -19.972 0.0000000000
75071  22.513  -18.692  -17.601 0.0000000000
74107  23.081  -18.839  -18.111 0.0000000000
75091  23.377  -18.487  -18.500 0.0000000000
76164  23.737  -18.088  -18.827 0.0000000000
90652  23.411  -2.580  -20.527 0.0000000000
90651  24.436  -2.587  -20.355 0.0000000000
90650  25.341  -2.547  -20.553 0.0000000000
90665  26.701  -2.271  -21.412 0.0000000000
90664  27.246  -2.257  -21.980 0.0000000000
91552  27.153  -1.855  -22.301 0.0000000000
91560  26.988  -1.686  -22.592 0.0000000000
99698  22.267  7.180  -17.832 0.0000000000
98892  22.733  6.594  -18.192 0.0000000000
99701  24.481  7.544  -19.115 0.0000000000
99700  24.957  7.701  -19.666 0.0000000000
81819  27.243  -11.558  -21.417 0.0000000000
81818  28.355  -11.675  -21.729 0.0000000000
81817  29.164  -11.875  -21.997 0.0000000000
91545  20.388  -0.879  -20.542 0.0000000000
92418  21.332  -0.019  -20.822 0.0000000000
72194  22.424  -20.998  -16.462 0.0000000000
72187  21.823  -21.281  -16.017 0.0000000000
70251  24.323  -23.536  -17.430 0.0000000000
70264  25.117  -23.034  -17.576 0.0000000000
72227  25.461  -20.943  -18.644 0.0000000000
79077  21.227  -14.649  -18.615 0.0000000000
79076  21.614  -14.951  -19.316 0.0000000000
79096  21.445  -14.203  -19.428 0.0000000000
81825  21.820  -11.284  -21.309 0.0000000000
81824  22.361  -11.175  -21.753 0.0000000000
81823  23.099  -11.267  -22.028 0.0000000000
81822  24.003  -11.251  -21.760 0.0000000000
83673  24.326  -9.531  -22.060 0.0000000000
86693  20.510  -6.254  -21.613 0.0000000000
86692  20.666  -6.308  -22.047 0.0000000000
87660  24.249  -5.143  -20.979 0.0000000000
87673  23.184  -5.465  -22.379 0.0000000000
87672  23.931  -5.825  -21.681 0.0000000000
86690  24.424  -6.569  -21.869 0.0000000000
85673  24.627  -7.496  -21.928 0.0000000000
85670  27.610  -7.162  -22.131 0.0000000000
86701  27.997  -6.674  -22.532 0.0000000000
87688  28.423  -5.767  -23.929 0.0000000000
89760  27.305  -3.636  -25.882 0.0000000000
89772  27.661  -3.104  -26.432 0.0000000000
97013  23.687  4.565  -18.764 0.0000000000
95121  23.563  2.391  -18.551 0.0000000000
95132  24.629  2.246  -18.531 0.0000000000
95131  25.639  2.297  -19.541 0.0000000000
95142  26.003  2.116  -20.818 0.0000000000
128652  23.859  3.603  -24.578 0.0000000000
128651  24.686  2.872  -24.188 0.0000000000
128647  23.080  2.014  -24.962 0.0000000000
92448  23.768  0.474  -25.216 0.0000000000
78167  23.873  -15.296  -20.337 0.0000000000
78145  24.371  -16.301  -19.976 0.0000000000
78166  24.913  -15.683  -20.231 0.0000000000
77178  26.556  -16.170  -20.501 0.0000000000
79088  28.812  -14.741  -21.542 0.0000000000
78163  28.095  -15.599  -21.193 0.0000000000
73137  22.290  -20.349  -16.373 0.0000000000
73135  23.364  -20.888  -17.323 0.0000000000
72210  23.973  -21.066  -17.709 0.0000000000
73148  24.362  -20.706  -18.319 0.0000000000
73169  24.586  -20.139  -18.939 0.0000000000
74122  26.110  -19.109  -19.769 0.0000000000
81804  20.704  -11.347  -20.081 0.0000000000
82735  20.805  -10.446  -20.889 0.0000000000
82755  21.190  -10.085  -21.587 0.0000000000
83676  21.456  -9.259  -22.166 0.0000000000
89729  20.018  -4.112  -22.222 0.0000000000
89728  20.286  -3.877  -22.967 0.0000000000
89716  21.050  -3.291  -22.589 0.0000000000
88661  22.290  -3.701  -22.482 0.0000000000
88660  22.727  -4.290  -21.951 0.0000000000
88659  23.448  -4.383  -20.795 0.0000000000
87659  25.367  -4.950  -20.857 0.0000000000
87658  26.311  -4.800  -20.935 0.0000000000
88680  27.504  -4.308  -22.499 0.0000000000
89736  27.397  -3.510  -23.499 0.0000000000
90686  27.100  -2.966  -24.111 0.0000000000
89747  26.679  -2.954  -25.433 0.0000000000
90710  26.407  -2.192  -26.171 0.0000000000
97022  24.542  4.777  -19.210 0.0000000000
79978  26.378  -13.945  -20.636 0.0000000000
79977  27.238  -14.059  -21.005 0.0000000000
79106  28.137  -14.632  -21.737 0.0000000000
79996  28.413  -13.758  -21.808 0.0000000000
79105  28.685  -14.263  -21.864 0.0000000000
90654  21.518  -2.464  -20.904 0.0000000000
90655  20.712  -2.094  -21.010 0.0000000000
91542  22.750  -1.791  -20.112 0.0000000000
92415  24.917  -0.227  -20.860 0.0000000000
71243  25.464  -22.353  -17.849 0.0000000000
83690  29.616  -9.612  -23.002 0.0000000000
77144  21.812  -16.858  -18.752 0.0000000000
77164  22.415  -16.626  -19.308 0.0000000000
79075  22.190  -15.080  -19.697 0.0000000000
79984  20.951  -12.892  -19.494 0.0000000000
83669  27.957  -10.048  -22.415 0.0000000000
84600  20.069  -8.467  -19.732 0.0000000000
84599  20.375  -8.623  -20.446 0.0000000000
84610  20.480  -8.525  -21.303 0.0000000000
83696  21.715  -8.652  -22.445 0.0000000000
88683  20.924  -4.648  -22.871 0.0000000000
87684  20.937  -5.447  -22.277 0.0000000000
87681  22.465  -5.647  -22.925 0.0000000000
86703  22.119  -6.507  -22.643 0.0000000000
86704  21.375  -6.500  -22.604 0.0000000000
85690  21.673  -7.359  -22.548 0.0000000000
84638  22.032  -8.140  -22.558 0.0000000000
83695  22.210  -8.915  -22.533 0.0000000000
83693  23.624  -9.385  -22.496 0.0000000000
84621  24.153  -8.847  -22.346 0.0000000000
83691  28.478  -9.515  -22.713 0.0000000000
84650  29.923  -7.800  -23.894 0.0000000000
85698  29.628  -7.347  -24.050 0.0000000000
85709  30.400  -6.986  -24.676 0.0000000000
87689  28.140  -5.168  -23.641 0.0000000000
88692  28.201  -4.950  -24.238 0.0000000000
88735  28.865  -5.294  -26.377 0.0000000000
128488  21.058  3.008  -19.586 0.0000000000
128458  23.090  0.378  -19.743 0.0000000000
92402  23.850  -0.060  -19.952 0.0000000000
93295  24.548  0.004  -20.005 0.0000000000
100508  25.110  8.209  -19.977 0.0000000000
99709  25.386  7.548  -20.292 0.0000000000
98907  25.668  6.487  -20.673 0.0000000000
98043  25.737  5.504  -21.113 0.0000000000
98929  24.537  6.027  -23.451 0.0000000000
97035  25.921  4.499  -21.881 0.0000000000
97030  25.989  3.661  -21.619 0.0000000000
96106  25.961  3.154  -20.881 0.0000000000
128667  25.399  2.699  -23.267 0.0000000000
96112  25.825  2.048  -22.526 0.0000000000
95152  26.159  1.782  -22.046 0.0000000000
94214  26.518  1.180  -21.319 0.0000000000
93305  26.442  0.294  -21.880 0.0000000000
92446  25.866  -0.843  -24.149 0.0000000000
91575  25.551  -1.372  -24.472 0.0000000000
90688  25.396  -1.816  -24.890 0.0000000000
91589  24.854  -1.811  -26.250 0.0000000000
91598  26.082  -1.456  -26.601 0.0000000000
92467  26.735  -0.668  -27.005 0.0000000000
93344  25.370  0.523  -27.149 0.0000000000
93343  26.358  0.316  -26.892 0.0000000000
76185  23.226  -17.264  -19.345 0.0000000000
76184  24.201  -17.581  -19.344 0.0000000000
77161  24.815  -16.631  -19.817 0.0000000000
75110  25.716  -18.231  -19.967 0.0000000000
75109  26.416  -18.396  -20.010 0.0000000000
77177  27.250  -16.264  -20.703 0.0000000000
76199  27.026  -17.024  -20.522 0.0000000000
75108  26.957  -18.209  -19.651 0.0000000000
75088  27.125  -18.513  -19.031 0.0000000000
81837  29.525  -11.287  -22.522 0.0000000000
81816  29.873  -11.775  -22.048 0.0000000000
76201  26.119  -16.678  -20.306 0.0000000000
78179  27.694  -15.017  -21.573 0.0000000000
79997  27.770  -13.974  -21.513 0.0000000000
82747  28.463  -10.887  -22.193 0.0000000000
82775  23.033  -10.042  -22.713 0.0000000000
83694  22.964  -9.351  -22.738 0.0000000000
84662  30.927  -7.382  -24.354 0.0000000000
85697  30.129  -7.499  -24.114 0.0000000000
86731  29.148  -6.216  -26.284 0.0000000000
87682  21.806  -5.825  -22.876 0.0000000000
87683  21.294  -5.495  -22.694 0.0000000000
87690  22.058  -5.436  -23.112 0.0000000000
87692  21.506  -5.167  -23.057 0.0000000000
87709  29.199  -6.057  -26.544 0.0000000000
88656  26.524  -4.279  -20.918 0.0000000000
88681  22.261  -5.074  -23.208 0.0000000000
88682  22.143  -4.571  -23.223 0.0000000000
88684  20.561  -4.606  -22.347 0.0000000000
88685  20.317  -4.432  -22.041 0.0000000000
88694  21.978  -5.194  -23.221 0.0000000000
88695  21.801  -4.954  -23.256 0.0000000000
89713  27.059  -2.954  -21.576 0.0000000000
89715  21.838  -3.487  -22.944 0.0000000000
89726  21.784  -4.115  -23.251 0.0000000000
89737  21.692  -4.580  -23.279 0.0000000000
89738  21.350  -4.427  -23.244 0.0000000000
89773  27.095  -2.866  -26.383 0.0000000000
89774  26.745  -2.583  -26.314 0.0000000000
90672  26.943  -1.754  -22.957 0.0000000000
91541  23.827  -1.738  -20.046 0.0000000000
91561  26.632  -1.316  -22.986 0.0000000000
91600  24.427  -0.459  -27.146 0.0000000000
92438  26.220  -0.412  -23.521 0.0000000000
92461  23.007  2.173  -25.264 0.0000000000
92470  24.038  0.111  -27.253 0.0000000000
93281  24.980  0.622  -19.479 0.0000000000
93320  26.257  0.506  -23.350 0.0000000000
93342  27.139  -0.068  -26.801 0.0000000000
94223  26.479  1.066  -22.366 0.0000000000
94224  26.358  1.259  -22.618 0.0000000000
94232  26.246  1.258  -22.984 0.0000000000
95153  26.009  1.729  -22.649 0.0000000000
98012  21.661  6.249  -17.912 0.0000000000
98042  25.688  5.852  -21.279 0.0000000000
98046  25.655  5.827  -21.532 0.0000000000
98890  24.696  6.465  -19.050 0.0000000000
98906  25.714  6.077  -21.186 0.0000000000
128648  22.885  2.393  -25.439 0.0000000000
128662  25.582  2.468  -22.925 0.0000000000
128673  25.419  3.239  -23.284 0.0000000000
