#!ascii label  , from subject 3604 vox2ras=TkReg
594
67297  22.547  -26.458  -14.372 0.1428571492
67272  22.553  -26.970  -13.722 0.1428571492
68320  22.510  -25.952  -15.028 0.1428571492
67296  23.717  -26.730  -14.260 0.1428571492
68319  23.225  -26.226  -14.940 0.2857142985
67317  23.961  -26.123  -15.167 0.1428571492
69272  23.409  -25.001  -16.452 0.5714285970
68336  23.509  -25.694  -15.682 0.1428571492
69270  25.545  -24.936  -16.062 0.2857142985
69271  24.495  -24.988  -16.256 0.2857142985
69287  25.474  -24.302  -16.659 0.1428571492
71242  26.427  -22.129  -17.513 0.2857142985
71225  26.446  -22.789  -17.128 0.1428571492
71226  25.741  -22.741  -17.405 0.2857142985
73166  27.275  -20.098  -18.232 0.2857142985
72206  27.276  -21.391  -17.574 0.2857142985
74102  27.101  -19.316  -18.481 0.2857142985
76162  28.045  -17.798  -18.838 0.2857142985
78143  28.928  -15.785  -20.106 0.8571428657
77158  28.921  -16.357  -19.374 0.4285714328
75087  28.002  -18.525  -18.411 0.2857142985
79975  29.795  -13.888  -20.934 0.7142857313
79086  30.249  -14.422  -20.347 0.7142857313
78161  29.654  -15.203  -20.291 0.7142857313
79993  31.230  -13.027  -21.351 0.8571428657
79994  30.143  -13.027  -21.142 0.5714285970
79087  29.423  -14.602  -20.856 0.7142857313
78162  28.886  -15.300  -20.798 0.7142857313
81835  31.574  -11.246  -22.503 0.4285714328
80907  30.679  -12.108  -21.782 0.7142857313
83707  32.636  -9.138  -23.602 0.2857142985
83708  31.778  -9.244  -23.428 0.5714285970
82769  31.948  -10.399  -22.857 0.7142857313
81836  30.484  -11.360  -22.555 0.8571428657
84659  33.005  -8.360  -24.692 0.1428571492
83717  32.994  -8.734  -24.015 0.1428571492
84647  32.083  -8.657  -23.826 0.4285714328
83688  31.084  -9.606  -23.463 0.5714285970
82770  30.975  -10.444  -23.043 0.8571428657
87707  31.778  -5.905  -25.740 0.1428571492
85706  33.054  -7.840  -25.229 0.1428571492
84665  32.255  -7.656  -25.217 0.1428571492
84660  32.161  -8.096  -24.519 0.4285714328
83689  30.419  -9.770  -23.284 0.8571428657
88704  31.267  -4.740  -25.190 0.1428571492
87700  31.545  -5.441  -25.372 0.1428571492
87708  31.278  -5.517  -26.027 0.1428571492
85717  31.802  -7.190  -25.689 0.1428571492
85718  31.029  -6.675  -25.491 0.4285714328
84661  31.312  -7.831  -24.435 0.5714285970
84649  30.444  -7.969  -24.062 0.7142857313
83690  29.616  -9.612  -23.002 0.8571428657
88718  30.801  -4.921  -26.036 0.1428571492
88719  30.132  -4.577  -25.879 0.1428571492
87715  30.730  -5.425  -26.584 0.1428571492
86729  30.676  -6.321  -26.223 0.5714285970
84631  30.293  -8.981  -23.546 0.8571428657
89745  30.436  -3.723  -25.175 0.1428571492
89757  29.722  -3.852  -25.690 0.2857142985
88733  29.741  -5.023  -26.513 0.1428571492
88734  29.068  -5.061  -26.568 0.8571428657
85719  30.326  -6.611  -25.698 0.8571428657
85708  31.249  -7.238  -24.902 0.7142857313
85710  29.595  -6.775  -24.837 0.8571428657
90697  28.199  -2.620  -26.447 0.1428571492
91586  28.344  -1.729  -25.800 0.1428571492
89758  29.079  -3.811  -25.862 0.4285714328
88721  28.646  -4.749  -25.861 0.8571428657
88735  28.865  -5.294  -26.377 0.8571428657
86719  29.165  -6.389  -25.623 0.8571428657
86712  28.932  -6.648  -24.369 0.8571428657
89759  28.283  -3.529  -26.026 0.4285714328
88706  28.405  -5.115  -24.874 0.8571428657
87701  28.694  -5.773  -25.209 0.8571428657
87688  28.423  -5.767  -23.929 0.8571428657
91597  27.213  -1.562  -26.709 0.2857142985
89772  27.661  -3.104  -26.432 0.5714285970
89760  27.305  -3.636  -25.882 0.8571428657
88722  28.175  -3.933  -25.608 0.8571428657
88707  28.031  -4.293  -24.991 0.8571428657
88692  28.201  -4.950  -24.238 0.8571428657
90709  26.865  -2.206  -26.459 0.7142857313
90708  27.495  -2.419  -26.560 0.5714285970
89761  26.624  -2.865  -26.071 0.8571428657
89746  27.202  -3.497  -24.652 0.8571428657
89736  27.397  -3.510  -23.499 0.8571428657
88693  27.862  -4.437  -23.736 0.8571428657
90710  26.407  -2.192  -26.171 0.8571428657
90698  26.051  -2.233  -25.706 0.8571428657
90679  27.141  -2.637  -23.508 0.7142857313
90686  27.100  -2.966  -24.111 0.7142857313
91588  25.843  -1.900  -26.140 0.8571428657
90699  25.401  -1.942  -25.337 0.8571428657
90687  26.342  -2.298  -24.589 0.8571428657
91568  26.254  -1.372  -23.907 0.8571428657
91575  25.551  -1.372  -24.472 0.8571428657
90680  26.757  -1.933  -23.458 0.7142857313
91577  24.101  -0.672  -26.030 0.7142857313
91576  24.723  -1.199  -25.182 0.8571428657
92447  25.234  -0.201  -24.272 0.8571428657
93327  24.810  1.294  -24.375 0.7142857313
128657  23.273  3.096  -26.875 0.1428571492
92448  23.768  0.474  -25.216 0.8571428657
93328  23.618  1.792  -24.840 0.7142857313
128689  21.960  4.046  -25.973 0.1428571492
92450  23.015  2.177  -25.014 0.5714285970
128649  22.977  2.789  -25.017 0.5714285970
128674  23.808  4.013  -24.655 0.5714285970
128656  22.122  3.801  -25.757 0.1428571492
99780  23.503  6.072  -26.017 0.1428571492
98059  23.991  4.922  -24.553 0.5714285970
99750  22.578  7.049  -25.825 0.1428571492
99770  22.669  7.636  -26.427 0.1428571492
98930  23.895  5.998  -24.578 0.1428571492
100587  22.356  8.544  -27.028 0.1428571492
99749  22.892  7.582  -25.001 0.1428571492
101409  22.181  9.566  -26.752 0.1428571492
99760  22.766  8.269  -25.480 0.1428571492
66105  22.607  -27.681  -13.357 0.1428571492
68335  24.647  -25.569  -15.628 0.2857142985
70249  26.427  -23.537  -16.781 0.1428571492
75088  27.125  -18.513  -19.031 0.2857142985
76180  28.047  -17.098  -19.319 0.5714285970
80906  31.835  -12.256  -21.792 0.2857142985
81816  29.873  -11.775  -22.048 0.8571428657
84630  30.719  -9.312  -23.599 0.7142857313
88705  30.739  -4.407  -25.461 0.1428571492
86738  29.900  -5.861  -26.784 0.8571428657
86730  29.746  -6.295  -26.345 0.8571428657
85698  29.628  -7.347  -24.050 0.8571428657
92459  23.455  0.292  -26.538 0.8571428657
92449  23.099  1.687  -25.138 0.7142857313
128660  22.208  3.364  -25.959 0.2857142985
128676  22.556  4.166  -25.550 0.1428571492
101430  23.143  9.160  -28.102 0.1428571492
66106  21.763  -27.575  -13.397 0.1428571492
70250  25.430  -23.513  -17.206 0.1428571492
71241  27.378  -22.088  -17.226 0.2857142985
73146  27.286  -20.763  -17.935 0.2857142985
72207  26.345  -21.442  -17.981 0.2857142985
77159  28.032  -16.359  -19.938 0.7142857313
86717  32.501  -6.361  -24.820 0.1428571492
89744  30.977  -4.058  -24.900 0.1428571492
90684  30.015  -2.986  -25.492 0.1428571492
90696  29.077  -2.753  -25.845 0.2857142985
84650  29.923  -7.800  -23.894 0.8571428657
84632  29.429  -8.414  -23.437 1.0000000000
91587  27.752  -1.365  -26.335 0.1428571492
92458  27.436  -0.734  -26.564 0.1428571492
92467  26.735  -0.668  -27.005 0.2857142985
89725  27.381  -3.105  -22.422 0.8571428657
91598  26.082  -1.456  -26.601 0.5714285970
91590  24.188  -0.680  -26.784 0.5714285970
92460  23.155  2.069  -25.963 0.4285714328
92471  23.692  1.505  -27.186 0.2857142985
93336  23.292  2.661  -26.830 0.2857142985
128692  22.816  3.515  -26.467 0.1428571492
128683  21.937  3.740  -26.023 0.1428571492
98940  22.755  6.672  -25.493 0.1428571492
99740  23.130  6.972  -24.534 0.1428571492
99781  22.748  7.605  -27.290 0.1428571492
100578  22.580  8.886  -25.749 0.1428571492
101400  23.239  9.601  -24.870 0.1428571492
102289  22.381  10.583  -26.454 0.1428571492
92468  25.734  -0.398  -27.069 0.4285714328
92469  24.808  -0.124  -27.303 0.4285714328
93345  24.514  0.691  -27.280 0.4285714328
67273  21.716  -26.795  -13.846 0.1428571492
68337  22.504  -25.374  -15.670 0.4285714328
68321  21.726  -25.672  -14.964 0.2857142985
67316  24.791  -26.179  -15.068 0.1428571492
79976  29.326  -14.244  -21.317 0.7142857313
80924  31.360  -11.793  -22.095 0.8571428657
82782  32.273  -9.793  -23.149 0.5714285970
84648  31.209  -8.759  -23.924 0.5714285970
86728  31.465  -6.308  -26.043 0.2857142985
86726  32.790  -6.904  -25.300 0.1428571492
85707  31.780  -7.624  -25.004 0.1428571492
88720  29.374  -4.533  -26.113 0.5714285970
85709  30.400  -6.986  -24.676 0.8571428657
87710  28.837  -5.778  -26.265 0.8571428657
89747  26.679  -2.954  -25.433 0.8571428657
91589  24.854  -1.811  -26.250 0.8571428657
90688  25.396  -1.816  -24.890 0.8571428657
128677  23.257  4.272  -25.198 0.5714285970
128652  23.859  3.603  -24.578 0.5714285970
99789  23.372  7.466  -27.914 0.1428571492
100594  22.670  8.609  -27.667 0.1428571492
128684  23.071  6.557  -25.024 0.1428571492
100579  22.353  8.693  -26.328 0.1428571492
71224  27.407  -22.841  -16.894 0.1428571492
91599  24.972  -0.900  -26.975 0.5714285970
69289  23.404  -24.174  -16.908 0.4285714328
73147  26.627  -20.719  -18.220 0.5714285970
99739  24.054  7.430  -24.077 0.1428571492
72227  25.461  -20.943  -18.644 0.5714285970
72228  24.886  -20.748  -18.738 0.5714285970
72210  23.973  -21.066  -17.709 0.2857142985
73168  25.511  -20.284  -19.082 0.5714285970
73169  24.586  -20.139  -18.939 0.5714285970
71245  23.994  -21.774  -17.685 0.4285714328
73149  23.665  -20.188  -18.002 0.2857142985
73170  24.130  -19.699  -18.637 0.4285714328
74122  26.110  -19.109  -19.769 0.5714285970
74104  25.471  -19.576  -19.447 0.5714285970
74105  24.701  -19.159  -19.215 0.4285714328
75108  26.957  -18.209  -19.651 0.5714285970
76182  26.431  -17.581  -20.252 0.5714285970
74123  25.615  -18.920  -19.799 0.4285714328
76181  27.232  -17.411  -19.972 0.7142857313
77160  27.442  -16.602  -20.318 0.4285714328
74124  25.271  -18.677  -19.657 0.4285714328
77176  27.814  -16.102  -20.535 0.7142857313
78165  26.210  -15.494  -20.504 0.4285714328
79107  27.492  -14.668  -21.381 0.7142857313
79090  26.767  -14.728  -20.840 0.5714285970
79977  27.238  -14.059  -21.005 0.7142857313
79978  26.378  -13.945  -20.636 0.2857142985
78144  28.339  -15.810  -20.529 0.5714285970
78163  28.095  -15.599  -21.193 0.5714285970
78178  27.892  -15.201  -21.579 0.7142857313
79996  28.413  -13.758  -21.808 0.7142857313
80910  27.725  -12.909  -21.489 0.7142857313
80911  26.580  -12.426  -21.254 0.7142857313
81820  26.100  -11.450  -21.585 0.4285714328
79105  28.685  -14.263  -21.864 0.5714285970
79995  29.270  -13.712  -21.726 0.5714285970
80909  28.764  -12.778  -21.863 0.5714285970
81818  28.355  -11.675  -21.729 0.7142857313
82748  27.796  -10.630  -21.955 0.7142857313
83669  27.957  -10.048  -22.415 0.7142857313
82749  26.721  -10.550  -21.820 0.7142857313
83671  26.236  -9.602  -21.956 0.5714285970
81838  28.867  -11.288  -22.296 0.5714285970
81817  29.164  -11.875  -21.997 0.5714285970
82772  29.007  -10.518  -22.625 0.7142857313
83691  28.478  -9.515  -22.713 0.8571428657
83692  27.875  -9.108  -22.747 0.7142857313
84634  27.547  -8.656  -22.574 0.7142857313
84618  26.803  -8.729  -22.219 0.5714285970
85686  27.238  -8.189  -22.371 0.7142857313
81837  29.525  -11.287  -22.522 0.5714285970
82773  28.319  -10.326  -22.391 0.7142857313
84633  28.279  -8.518  -22.979 0.8571428657
85685  27.854  -7.678  -22.623 0.7142857313
85671  26.871  -7.644  -21.943 0.5714285970
86688  26.502  -6.600  -21.347 0.2857142985
85684  28.730  -7.592  -23.481 0.7142857313
87669  27.192  -5.269  -21.306 0.7142857313
85670  27.610  -7.162  -22.131 0.8571428657
87689  28.140  -5.168  -23.641 0.8571428657
86701  27.997  -6.674  -22.532 0.8571428657
86687  27.529  -6.522  -21.761 0.5714285970
87680  27.934  -5.541  -22.750 0.8571428657
86700  28.408  -6.781  -23.313 0.8571428657
88680  27.504  -4.308  -22.499 0.8571428657
88669  26.889  -3.973  -21.489 0.7142857313
92432  26.463  -0.541  -22.443 0.7142857313
92446  25.866  -0.843  -24.149 0.5714285970
92426  26.252  -0.566  -21.624 0.7142857313
92439  25.917  0.173  -23.808 0.7142857313
93321  25.857  0.900  -23.900 0.8571428657
95165  26.258  1.458  -22.507 0.7142857313
93305  26.442  0.294  -21.880 0.7142857313
95142  26.003  2.116  -20.818 0.7142857313
96106  25.961  3.154  -20.881 0.7142857313
94241  25.589  2.014  -23.252 0.7142857313
96111  25.722  2.674  -22.276 0.7142857313
95143  25.866  2.741  -20.249 0.5714285970
97034  25.897  3.672  -22.493 0.4285714328
97030  25.989  3.661  -21.619 0.5714285970
96107  25.691  3.397  -19.868 0.5714285970
128667  25.399  2.699  -23.267 0.5714285970
97031  25.755  4.309  -20.628 0.5714285970
96097  24.889  3.366  -18.927 0.4285714328
96088  23.949  3.722  -18.794 0.5714285970
96098  23.957  3.047  -18.537 0.4285714328
98032  24.998  5.089  -19.296 0.5714285970
97021  25.195  4.387  -19.478 0.5714285970
97035  25.921  4.499  -21.881 0.5714285970
97013  23.687  4.565  -18.764 0.4285714328
128467  22.143  2.486  -19.549 0.4285714328
97022  24.542  4.777  -19.210 0.5714285970
97012  24.452  4.176  -19.065 0.5714285970
98020  23.216  5.648  -18.353 0.4285714328
78142  29.813  -15.892  -19.767 0.2857142985
97014  22.293  4.722  -18.493 0.2857142985
72209  24.646  -21.340  -18.231 0.5714285970
71244  24.503  -22.245  -17.892 0.5714285970
73167  26.314  -20.274  -18.616 0.4285714328
75089  26.542  -18.728  -19.552 0.5714285970
75110  25.716  -18.231  -19.967 0.4285714328
74106  23.612  -19.237  -18.355 0.2857142985
75090  24.131  -18.458  -18.879 0.2857142985
77178  26.556  -16.170  -20.501 0.5714285970
78160  30.638  -15.238  -19.868 0.2857142985
79091  25.729  -14.716  -20.517 0.2857142985
80893  26.941  -13.320  -20.996 0.7142857313
90671  27.215  -2.144  -22.749 0.7142857313
91560  26.988  -1.686  -22.592 0.7142857313
91552  27.153  -1.855  -22.301 0.7142857313
95152  26.159  1.782  -22.046 0.7142857313
95131  25.639  2.297  -19.541 0.5714285970
128680  25.199  2.931  -23.611 0.5714285970
128651  24.686  2.872  -24.188 0.5714285970
128663  25.159  3.646  -23.836 0.5714285970
98031  25.526  5.540  -19.708 0.2857142985
76183  25.588  -17.278  -19.969 0.4285714328
80908  29.595  -12.503  -21.649 0.7142857313
79088  28.812  -14.741  -21.542 0.5714285970
82771  29.935  -10.600  -23.091 0.7142857313
87679  28.222  -6.205  -23.101 0.7142857313
72208  25.407  -21.661  -18.330 0.4285714328
73148  24.362  -20.706  -18.319 0.5714285970
74103  26.309  -19.426  -19.185 0.5714285970
71227  24.012  -22.953  -17.635 0.5714285970
75109  26.416  -18.396  -20.010 0.5714285970
75111  24.951  -18.249  -19.511 0.4285714328
76199  27.026  -17.024  -20.522 0.5714285970
76200  26.515  -16.854  -20.409 0.4285714328
77177  27.250  -16.264  -20.703 0.5714285970
78164  27.269  -15.397  -21.074 0.7142857313
79089  28.250  -15.087  -21.647 0.7142857313
79106  28.137  -14.632  -21.737 0.7142857313
80892  27.441  -13.586  -21.290 0.7142857313
81819  27.243  -11.558  -21.417 0.7142857313
83670  27.390  -9.623  -22.365 0.7142857313
85672  25.668  -7.602  -21.492 0.2857142985
93313  26.436  0.283  -22.744 0.7142857313
94231  26.436  0.794  -22.883 0.7142857313
96112  25.825  2.048  -22.526 0.8571428657
76164  23.737  -18.088  -18.827 0.1428571492
68338  21.689  -25.049  -15.420 0.4285714328
73165  28.273  -20.146  -18.009 0.1428571492
74101  28.122  -19.326  -18.170 0.1428571492
76179  29.002  -17.197  -18.931 0.1428571492
77157  29.921  -16.657  -19.309 0.1428571492
76161  28.973  -17.977  -18.604 0.1428571492
75086  29.021  -18.647  -18.375 0.1428571492
79085  31.460  -14.463  -20.386 0.2857142985
103067  22.545  11.948  -25.487 0.1428571492
88670  26.496  -4.003  -20.990 0.4285714328
128833  22.689  12.419  -24.401 0.1428571492
100569  23.465  8.781  -24.650 0.1428571492
90649  26.106  -2.344  -20.869 0.4285714328
91553  26.784  -1.465  -22.024 0.5714285970
92414  25.899  -0.507  -21.000 0.4285714328
101351  24.974  8.987  -21.197 0.2857142985
99720  25.536  7.461  -21.404 0.2857142985
98047  25.565  5.395  -22.202 0.2857142985
98911  25.597  6.329  -21.751 0.2857142985
92417  23.108  -0.713  -19.748 0.1428571492
94214  26.518  1.180  -21.319 0.5714285970
99709  25.386  7.548  -20.292 0.2857142985
97040  25.641  4.323  -23.216 0.4285714328
92402  23.850  -0.060  -19.952 0.4285714328
94202  25.713  1.044  -19.730 0.5714285970
98907  25.668  6.487  -20.673 0.2857142985
128458  23.090  0.378  -19.743 0.4285714328
94190  23.207  1.163  -19.438 0.2857142985
98897  24.552  6.917  -19.112 0.1428571492
98018  25.193  6.095  -19.097 0.1428571492
98896  25.097  6.793  -19.568 0.1428571492
128462  21.941  1.226  -19.717 0.1428571492
95121  23.563  2.391  -18.551 0.4285714328
98891  23.856  6.789  -18.763 0.1428571492
99701  24.481  7.544  -19.115 0.1428571492
100509  24.672  8.395  -19.414 0.1428571492
94177  22.890  2.030  -19.191 0.2857142985
98892  22.733  6.594  -18.192 0.2857142985
98013  21.230  5.991  -18.221 0.1428571492
99696  23.835  7.765  -18.667 0.1428571492
99698  22.267  7.180  -17.832 0.1428571492
99697  23.025  7.633  -18.315 0.1428571492
99690  22.431  7.907  -17.776 0.1428571492
69273  22.444  -24.584  -16.215 0.4285714328
70236  22.080  -23.934  -16.262 0.2857142985
73145  27.992  -20.856  -17.770 0.1428571492
76160  29.578  -18.211  -18.612 0.1428571492
90665  26.701  -2.271  -21.412 0.2857142985
128647  23.080  2.014  -24.962 0.4285714328
98929  24.537  6.027  -23.451 0.2857142985
100508  25.110  8.209  -19.977 0.2857142985
101334  24.464  8.876  -18.966 0.2857142985
70237  21.501  -23.509  -15.646 0.2857142985
69286  26.475  -24.253  -16.344 0.1428571492
72205  28.364  -21.259  -17.344 0.1428571492
79974  30.746  -13.656  -20.701 0.1428571492
89714  26.548  -3.205  -21.007 0.4285714328
94187  25.748  1.516  -19.727 0.5714285970
97051  24.507  4.182  -24.332 0.4285714328
100535  25.162  8.505  -22.026 0.2857142985
99730  25.045  7.165  -22.856 0.2857142985
100536  24.667  9.308  -22.281 0.2857142985
101379  23.930  10.007  -22.737 0.1428571492
100505  23.647  8.433  -18.249 0.2857142985
100520  24.863  8.774  -20.002 0.2857142985
101390  23.476  9.876  -24.073 0.1428571492
99748  23.611  8.123  -24.425 0.1428571492
100562  23.930  8.805  -23.861 0.1428571492
79992  32.389  -13.296  -21.519 0.2857142985
98058  24.398  5.268  -24.063 0.4285714328
101366  24.767  9.451  -21.547 0.2857142985
99731  24.599  7.786  -23.131 0.1428571492
128655  24.343  3.543  -24.403 0.4285714328
98050  24.945  5.200  -23.293 0.2857142985
99738  24.348  6.640  -23.705 0.2857142985
91538  26.235  -1.462  -21.276 0.4285714328
93293  26.245  0.323  -20.960 0.5714285970
95130  25.885  1.798  -20.087 0.5714285970
98019  24.461  5.623  -19.046 0.4285714328
98021  22.049  5.751  -18.035 0.2857142985
90664  27.246  -2.257  -21.980 0.5714285970
94201  26.158  1.202  -20.278 0.5714285970
94189  23.891  1.435  -18.761 0.5714285970
98043  25.737  5.504  -21.113 0.2857142985
74100  29.191  -19.327  -18.175 0.1428571492
91539  25.593  -1.524  -20.730 0.2857142985
100519  25.216  8.470  -20.754 0.2857142985
98910  25.650  6.050  -21.427 0.2857142985
98920  25.174  6.030  -22.705 0.2857142985
92416  24.037  -0.751  -20.066 0.2857142985
93295  24.548  0.004  -20.005 0.4285714328
99700  24.957  7.701  -19.666 0.1428571492
93282  24.277  0.622  -19.574 0.4285714328
93294  25.380  0.416  -20.059 0.5714285970
94188  25.168  1.155  -19.138 0.5714285970
69274  21.647  -24.348  -15.687 0.2857142985
78141  30.741  -16.124  -19.629 0.1428571492
89699  25.831  -3.073  -20.633 0.2857142985
100552  24.850  8.012  -22.744 0.2857142985
100553  24.464  8.547  -22.966 0.2857142985
102209  23.271  10.460  -18.837 0.1428571492
101352  24.644  9.467  -20.503 0.1428571492
103017  23.515  11.301  -19.543 0.1428571492
101325  22.716  9.395  -17.366 0.1428571492
101341  23.941  9.822  -19.353 0.1428571492
102221  23.973  10.409  -19.991 0.1428571492
101324  23.491  9.113  -17.772 0.1428571492
101335  24.006  9.345  -18.540 0.1428571492
102199  22.246  10.468  -17.925 0.1428571492
103005  22.960  11.608  -18.798 0.1428571492
102198  23.140  9.765  -18.077 0.1428571492
102998  21.516  11.283  -17.703 0.1428571492
102210  22.564  10.975  -18.466 0.1428571492
84619  25.937  -8.645  -21.502 0.2857142985
102187  22.039  9.834  -17.257 0.1428571492
103006  21.976  11.366  -18.262 0.1428571492
103789  23.183  12.330  -19.730 0.1428571492
76163  27.409  -17.779  -19.326 0.2857142985
101340  24.469  9.243  -19.476 0.1428571492
128831  24.433  10.517  -21.351 0.1428571492
103804  23.708  11.549  -20.583 0.1428571492
102997  21.652  10.944  -18.046 0.1428571492
102188  21.652  10.532  -17.190 0.1428571492
70265  24.671  -22.862  -17.736 0.4285714328
70264  25.117  -23.034  -17.576 0.2857142985
71243  25.464  -22.353  -17.849 0.2857142985
70251  24.323  -23.536  -17.430 0.2857142985
95132  24.629  2.246  -18.531 0.4285714328
72226  26.031  -21.046  -18.411 0.2857142985
92415  24.917  -0.227  -20.860 0.2857142985
70252  23.387  -23.382  -17.125 0.2857142985
69290  22.697  -23.891  -16.733 0.2857142985
71228  23.494  -22.483  -17.282 0.2857142985
77179  25.730  -16.328  -20.209 0.2857142985
80894  25.940  -13.102  -20.875 0.1428571492
80912  25.488  -12.260  -21.332 0.1428571492
82750  25.631  -10.483  -21.704 0.1428571492
85673  24.627  -7.496  -21.928 0.1428571492
86689  25.384  -6.602  -21.528 0.1428571492
87670  26.003  -5.709  -21.038 0.1428571492
87671  24.956  -5.717  -21.491 0.1428571492
87658  26.311  -4.800  -20.935 0.1428571492
87659  25.367  -4.950  -20.857 0.1428571492
90651  24.436  -2.587  -20.355 0.1428571492
91540  24.901  -1.697  -20.109 0.1428571492
91542  22.750  -1.791  -20.112 0.1428571492
96089  22.759  3.337  -18.846 0.1428571492
128482  21.609  4.159  -18.774 0.1428571492
87657  26.714  -4.585  -21.155 0.2857142985
88658  24.660  -4.221  -20.596 0.1428571492
68339  21.102  -24.765  -15.286 0.2857142985
83672  25.204  -9.548  -21.585 0.1428571492
85674  24.053  -7.155  -22.376 0.1428571492
86690  24.424  -6.569  -21.869 0.1428571492
87672  23.931  -5.825  -21.681 0.1428571492
88657  25.958  -3.986  -20.368 0.1428571492
90652  23.411  -2.580  -20.527 0.1428571492
128488  21.058  3.008  -19.586 0.1428571492
77161  24.815  -16.631  -19.817 0.2857142985
76184  24.201  -17.581  -19.344 0.1428571492
90650  25.341  -2.547  -20.553 0.1428571492
70253  22.451  -23.159  -16.722 0.2857142985
78166  24.913  -15.683  -20.231 0.1428571492
86691  23.664  -6.503  -22.342 0.1428571492
69258  20.771  -24.539  -14.805 0.1428571492
69275  21.169  -24.171  -15.326 0.1428571492
70229  21.067  -23.804  -14.606 0.1428571492
70238  21.218  -23.877  -15.356 0.1428571492
71229  22.733  -22.162  -16.754 0.1428571492
81815  31.784  -11.722  -22.117 0.1428571492
80905  32.984  -12.370  -21.863 0.1428571492
93344  25.370  0.523  -27.149 0.1428571492
68322  20.910  -25.466  -14.692 0.1428571492
70254  21.925  -22.588  -16.419 0.1428571492
73135  23.364  -20.888  -17.323 0.1428571492
93343  26.358  0.316  -26.892 0.1428571492
73136  22.921  -20.299  -17.043 0.1428571492
81814  32.392  -11.653  -22.166 0.1428571492
72192  23.410  -21.617  -17.223 0.1428571492
70230  21.019  -23.948  -15.171 0.1428571492
72193  22.858  -21.288  -16.798 0.1428571492
66132  23.918  -27.148  -13.919 0.1428571492
67271  23.141  -27.145  -13.615 0.1428571492
76201  26.119  -16.678  -20.306 0.4285714328
78179  27.694  -15.017  -21.573 0.7142857313
79997  27.770  -13.974  -21.513 0.7142857313
80925  31.004  -11.652  -22.277 0.8571428657
82747  28.463  -10.887  -22.193 0.7142857313
82783  31.570  -9.861  -23.114 0.5714285970
83718  32.618  -8.550  -24.128 0.1428571492
84662  30.927  -7.382  -24.354 0.8571428657
84664  32.658  -7.951  -25.166 0.1428571492
85697  30.129  -7.499  -24.114 0.8571428657
85715  33.059  -7.346  -25.199 0.1428571492
85716  32.607  -7.379  -25.421 0.1428571492
86718  29.819  -6.646  -25.481 0.8571428657
86727  32.229  -6.547  -25.606 0.1428571492
86731  29.148  -6.216  -26.284 0.8571428657
86736  31.004  -5.923  -26.512 0.2857142985
86737  30.398  -5.931  -26.718 0.5714285970
87699  31.960  -5.718  -24.986 0.1428571492
87709  29.199  -6.057  -26.544 0.8571428657
87716  30.101  -5.456  -26.742 0.8571428657
87717  29.414  -5.643  -26.716 0.8571428657
87718  28.981  -5.472  -26.579 0.8571428657
88656  26.524  -4.279  -20.918 0.2857142985
88703  31.607  -5.097  -24.849 0.1428571492
88732  30.328  -5.056  -26.440 0.1428571492
89700  25.028  -3.301  -20.584 0.2857142985
89713  27.059  -2.954  -21.576 0.7142857313
89773  27.095  -2.866  -26.383 0.5714285970
89774  26.745  -2.583  -26.314 0.7142857313
90672  26.943  -1.754  -22.957 0.7142857313
90695  29.473  -3.346  -25.755 0.2857142985
91541  23.827  -1.738  -20.046 0.1428571492
91561  26.632  -1.316  -22.986 0.7142857313
91596  27.875  -1.945  -26.561 0.1428571492
91600  24.427  -0.459  -27.146 0.5714285970
92438  26.220  -0.412  -23.521 0.5714285970
92461  23.007  2.173  -25.264 0.5714285970
92470  24.038  0.111  -27.253 0.4285714328
93281  24.980  0.622  -19.479 0.5714285970
93320  26.257  0.506  -23.350 0.7142857313
93342  27.139  -0.068  -26.801 0.1428571492
94223  26.479  1.066  -22.366 0.7142857313
94224  26.358  1.259  -22.618 0.7142857313
94232  26.246  1.258  -22.984 0.7142857313
95153  26.009  1.729  -22.649 0.7142857313
98012  21.661  6.249  -17.912 0.1428571492
98042  25.688  5.852  -21.279 0.2857142985
98046  25.655  5.827  -21.532 0.2857142985
98890  24.696  6.465  -19.050 0.1428571492
98906  25.714  6.077  -21.186 0.2857142985
98931  23.513  6.738  -24.646 0.1428571492
99761  22.602  7.975  -25.825 0.1428571492
100504  24.245  8.392  -18.763 0.2857142985
100570  22.961  8.812  -25.224 0.1428571492
100600  23.013  8.759  -28.126 0.1428571492
101408  22.098  9.720  -26.028 0.1428571492
101424  22.958  9.467  -27.938 0.1428571492
101429  23.501  9.253  -28.293 0.1428571492
102200  21.645  10.802  -17.768 0.1428571492
102220  24.222  9.724  -19.837 0.1428571492
102270  22.798  11.643  -24.786 0.1428571492
103007  21.661  11.508  -17.983 0.1428571492
128648  22.885  2.393  -25.439 0.5714285970
128650  22.754  2.746  -25.604 0.2857142985
128653  22.593  3.105  -25.559 0.2857142985
128654  23.951  3.319  -26.837 0.1428571492
128658  22.469  3.954  -25.545 0.1428571492
128661  22.503  3.454  -25.595 0.1428571492
128662  25.582  2.468  -22.925 0.7142857313
128664  22.712  4.093  -25.463 0.1428571492
128665  22.322  4.086  -25.607 0.1428571492
128671  22.734  3.599  -25.400 0.1428571492
128673  25.419  3.239  -23.284 0.5714285970
128675  21.628  3.997  -26.244 0.1428571492
128679  21.656  3.842  -26.226 0.1428571492
128686  22.334  4.274  -25.729 0.1428571492
128687  21.873  3.895  -25.968 0.1428571492
128688  21.773  4.100  -26.069 0.1428571492
128837  22.602  12.275  -24.985 0.1428571492
