#!ascii label  , from subject 3710 vox2ras=TkReg
1097
78976  -21.213  -12.246  3.021 0.5555555820
80059  -21.368  -11.561  2.612 0.6666666865
81203  -21.846  -10.371  1.358 0.7777777910
80092  -22.226  -11.359  0.955 0.7777777910
82388  -22.181  -9.128  0.081 0.8888888955
82391  -24.077  -9.729  -1.105 0.8888888955
78974  -20.042  -12.034  3.811 0.5555555820
80057  -20.374  -11.240  3.718 0.5555555820
81187  -20.886  -10.244  2.599 0.6666666865
82349  -21.044  -9.487  2.241 0.8888888955
81214  -22.262  -10.358  0.679 0.8888888955
82389  -22.766  -9.408  -0.288 0.8888888955
83607  -23.233  -8.449  -1.066 1.0000000000
82398  -24.532  -9.322  -1.730 0.8888888955
83617  -24.566  -8.404  -2.249 1.0000000000
82340  -20.255  -9.493  3.256 0.7777777910
83580  -21.033  -7.916  1.674 1.0000000000
84664  -21.251  -7.395  1.261 1.0000000000
83598  -21.856  -8.438  0.288 1.0000000000
85694  -22.247  -6.628  -0.826 1.0000000000
84680  -21.567  -7.491  0.501 1.0000000000
84705  -23.347  -7.438  -1.537 1.0000000000
85703  -22.971  -6.471  -1.712 1.0000000000
85704  -23.616  -6.822  -1.861 1.0000000000
84721  -24.722  -7.391  -2.515 1.0000000000
85718  -23.152  -5.952  -2.363 1.0000000000
85719  -23.730  -6.310  -2.671 1.0000000000
85721  -25.361  -6.332  -2.778 1.0000000000
86756  -25.344  -5.187  -2.979 1.0000000000
86757  -25.837  -5.416  -2.287 0.7777777910
85665  -20.467  -6.349  1.517 0.8888888955
85681  -21.035  -6.530  0.607 1.0000000000
86739  -22.135  -5.600  -1.320 1.0000000000
86725  -21.199  -5.559  -0.455 1.0000000000
86755  -23.343  -5.394  -2.621 1.0000000000
86766  -24.329  -5.281  -3.248 1.0000000000
87840  -24.847  -4.686  -3.296 1.0000000000
87824  -25.882  -4.341  -2.399 1.0000000000
87806  -26.219  -4.737  -1.888 0.8888888955
87825  -26.355  -4.231  -1.949 1.0000000000
87807  -26.933  -4.306  -1.453 0.7777777910
87793  -28.701  -4.185  -0.488 0.7777777910
86713  -19.987  -4.831  0.810 0.5555555820
90010  -20.978  -2.699  -1.053 0.7777777910
87792  -20.984  -4.500  -0.706 0.8888888955
88918  -22.689  -4.216  -2.331 1.0000000000
87821  -22.523  -4.717  -1.936 1.0000000000
88917  -22.219  -3.749  -2.135 0.8888888955
88940  -22.854  -3.797  -2.879 1.0000000000
88941  -23.756  -3.658  -3.414 1.0000000000
88919  -25.432  -3.483  -3.101 1.0000000000
88920  -25.926  -3.238  -2.847 0.8888888955
90038  -25.621  -2.678  -3.095 1.0000000000
88898  -27.128  -3.044  -1.524 0.8888888955
90012  -27.863  -2.322  -1.144 0.7777777910
90003  -29.412  -2.739  -0.680 0.6666666865
90004  -29.901  -2.456  -0.513 0.6666666865
89988  -19.539  -2.510  0.921 0.4444444478
90002  -20.544  -3.017  -0.384 0.7777777910
90009  -20.527  -2.405  -0.505 0.6666666865
91082  -22.136  -2.181  -2.829 0.7777777910
90021  -21.850  -2.802  -2.459 0.8888888955
90035  -23.206  -2.761  -3.377 0.8888888955
88942  -24.824  -3.546  -3.293 1.0000000000
90036  -24.179  -2.560  -3.442 1.0000000000
90037  -25.178  -2.294  -3.350 1.0000000000
90023  -25.767  -2.108  -2.835 1.0000000000
91084  -25.947  -1.298  -2.152 0.8888888955
91085  -26.744  -1.397  -1.697 0.7777777910
91073  -28.468  -1.459  -1.051 0.7777777910
90005  -30.870  -2.572  -0.157 0.5555555820
92108  -28.971  -0.644  -0.771 0.7777777910
92110  -30.223  -0.961  -0.141 0.6666666865
92105  -20.832  -0.716  -1.873 0.6666666865
91064  -20.302  -1.901  -0.320 0.6666666865
91081  -21.704  -1.833  -2.406 0.7777777910
92106  -21.358  -1.253  -2.213 0.7777777910
91093  -22.036  -1.507  -2.995 0.8888888955
91095  -23.565  -1.650  -3.510 0.8888888955
92126  -22.968  -0.755  -3.687 1.0000000000
92127  -23.883  -0.567  -3.624 1.0000000000
91097  -25.138  -1.214  -3.317 1.0000000000
90022  -25.460  -1.689  -3.158 0.8888888955
92120  -26.514  -0.452  -1.877 0.8888888955
92121  -27.240  -0.691  -1.621 0.8888888955
91072  -27.602  -1.403  -1.447 0.7777777910
93156  -26.565  0.554  -2.205 0.8888888955
93157  -27.199  0.193  -1.576 0.7777777910
93145  -28.799  0.386  -0.594 0.7777777910
92098  -30.213  -0.271  -0.272 0.7777777910
92099  -30.842  -0.573  -0.078 0.6666666865
92093  -20.271  -0.915  -0.597 0.6666666865
92118  -21.536  -0.740  -2.854 0.8888888955
93162  -23.316  0.366  -3.709 1.0000000000
93165  -25.458  0.443  -3.016 1.0000000000
92119  -25.851  -0.178  -2.555 0.8888888955
93144  -27.763  0.763  -0.866 0.7777777910
94171  -28.621  1.558  -0.501 0.7777777910
94160  -30.474  0.821  -0.355 0.6666666865
93146  -31.369  0.920  -0.485 0.5555555820
93147  -31.827  0.326  -0.703 0.5555555820
92117  -21.075  -0.125  -2.598 0.7777777910
93143  -20.227  0.464  -1.214 0.6666666865
93163  -24.181  0.449  -3.574 1.0000000000
94181  -25.729  1.679  -2.519 0.8888888955
93155  -25.965  0.905  -2.767 0.8888888955
95172  -26.596  2.074  -1.786 0.8888888955
94170  -27.663  1.748  -0.900 0.7777777910
95153  -29.227  2.632  -0.481 0.7777777910
94172  -29.729  1.724  -0.314 0.7777777910
94173  -30.820  1.461  -0.358 0.5555555820
96135  -27.633  3.589  -1.177 0.7777777910
95154  -30.369  2.634  -0.376 0.5555555820
95156  -32.328  2.055  -0.822 0.5555555820
96137  -29.807  3.650  -0.340 0.6666666865
94168  -19.519  1.749  -0.831 0.4444444478
93142  -19.644  1.068  -1.030 0.5555555820
94180  -21.349  1.490  -2.660 0.7777777910
94187  -22.817  1.397  -3.688 1.0000000000
94186  -22.041  1.422  -3.246 0.8888888955
95179  -23.227  2.447  -3.653 1.0000000000
95181  -24.639  2.012  -3.004 0.8888888955
95170  -25.162  2.399  -2.551 0.8888888955
95171  -26.031  2.398  -2.142 0.8888888955
95151  -27.045  2.495  -1.192 0.8888888955
96136  -28.691  3.626  -0.637 0.6666666865
96157  -31.645  3.744  -1.022 0.5555555820
97165  -21.300  3.977  -2.650 0.6666666865
95167  -20.408  2.538  -2.034 0.6666666865
96163  -22.792  3.434  -3.729 0.7777777910
96153  -24.104  3.275  -3.105 0.8888888955
96164  -23.576  3.488  -3.535 0.7777777910
96154  -24.709  3.436  -2.710 0.7777777910
97168  -24.993  4.451  -2.472 0.7777777910
96155  -25.764  3.476  -2.235 0.8888888955
97170  -26.487  4.207  -1.822 0.7777777910
96156  -26.271  3.965  -2.038 0.7777777910
98154  -26.706  5.941  -1.409 0.6666666865
98156  -28.696  5.627  -0.553 0.6666666865
97148  -28.129  4.637  -0.802 0.6666666865
99152  -28.204  6.684  -0.668 0.6666666865
98158  -30.946  5.927  -0.539 0.5555555820
96138  -30.889  3.678  -0.517 0.4444444478
98146  -30.113  6.500  -0.604 0.5555555820
99148  -20.888  6.303  -2.006 0.3333333433
98153  -20.632  5.268  -2.124 0.3333333433
98187  -21.802  5.206  -3.326 0.5555555820
97179  -21.736  4.262  -3.046 0.6666666865
99181  -22.337  5.911  -3.144 0.5555555820
98189  -23.130  4.904  -3.351 0.7777777910
97166  -23.428  4.741  -3.370 0.7777777910
99167  -24.704  6.353  -2.287 0.6666666865
98174  -24.302  5.356  -2.546 0.6666666865
98176  -25.989  5.725  -1.829 0.6666666865
100111  -27.684  7.238  -0.875 0.6666666865
99139  -28.886  7.214  -0.703 0.6666666865
100112  -30.775  7.830  -0.840 0.5555555820
99140  -29.650  7.193  -0.683 0.6666666865
99164  -21.727  6.352  -2.760 0.4444444478
100122  -22.440  7.372  -2.361 0.5555555820
99165  -22.773  6.362  -2.760 0.5555555820
99166  -23.729  6.308  -2.409 0.6666666865
99168  -25.524  6.424  -2.130 0.6666666865
99150  -26.703  6.922  -1.507 0.6666666865
100110  -27.180  7.752  -1.259 0.6666666865
101033  -28.679  8.739  -0.571 0.6666666865
101034  -29.591  8.747  -0.463 0.5555555820
100095  -30.040  7.903  -0.500 0.6666666865
100121  -21.858  7.521  -2.074 0.4444444478
101057  -23.949  7.826  -2.290 0.6666666865
100124  -24.211  7.199  -2.220 0.6666666865
101059  -24.952  8.053  -1.571 0.6666666865
100126  -25.750  7.030  -2.082 0.6666666865
100125  -25.112  7.279  -1.863 0.6666666865
100092  -27.584  8.284  -0.953 0.6666666865
82378  -21.908  -9.434  0.803 0.8888888955
83581  -21.417  -8.441  1.330 1.0000000000
83606  -22.381  -8.447  -0.441 1.0000000000
83615  -23.534  -7.975  -1.678 1.0000000000
90000  -19.778  -2.340  0.406 0.5555555820
91083  -25.507  -1.145  -2.831 0.8888888955
93128  -19.847  -0.173  -0.471 0.5555555820
93153  -20.844  0.521  -2.315 0.7777777910
94188  -23.674  1.414  -3.583 1.0000000000
94157  -18.917  1.740  -0.250 0.2222222239
97167  -24.030  4.336  -3.320 0.7777777910
97150  -30.368  4.708  -0.347 0.4444444478
100123  -23.368  7.409  -2.341 0.6666666865
91063  -19.776  -1.820  0.138 0.4444444478
92092  -19.556  -0.769  -0.006 0.4444444478
101051  -31.022  8.623  -1.261 0.5555555820
100113  -31.299  7.644  -1.400 0.5555555820
99149  -21.447  7.224  -1.805 0.2222222239
77905  -21.088  -13.134  3.403 0.5555555820
77926  -21.530  -13.141  2.845 0.5555555820
79014  -22.029  -12.034  1.649 0.5555555820
80116  -23.477  -10.789  -0.261 0.7777777910
81225  -23.871  -10.265  -0.518 0.8888888955
77904  -20.656  -13.224  3.887 0.5555555820
80104  -22.363  -10.900  0.345 0.6666666865
81215  -22.639  -10.342  0.152 0.8888888955
82418  -25.574  -8.689  -2.343 0.8888888955
78961  -20.031  -12.479  4.677 0.4444444478
81173  -20.304  -10.411  3.930 0.5555555820
83633  -25.257  -8.153  -2.443 1.0000000000
83556  -19.614  -9.229  3.723 0.2222222239
83558  -20.309  -9.000  2.933 0.6666666865
85722  -26.198  -6.396  -2.306 0.8888888955
85705  -26.855  -6.430  -1.624 0.6666666865
87808  -27.906  -4.574  -0.993 0.7777777910
85652  -20.237  -6.762  2.326 0.5555555820
85664  -20.061  -5.790  1.682 0.4444444478
88884  -30.422  -3.475  -0.404 0.5555555820
90015  -31.600  -2.729  -0.354 0.5555555820
88845  -19.527  -3.438  1.652 0.2222222239
91066  -31.441  -1.936  -0.244 0.5555555820
92111  -32.339  -0.748  -1.047 0.5555555820
92081  -18.543  -0.558  0.943 0.3333333433
92112  -32.658  -0.824  -1.995 0.5555555820
94184  -32.737  1.355  -2.225 0.4444444478
93126  -18.554  1.077  0.049 0.3333333433
95174  -32.382  2.561  -1.600 0.5555555820
96158  -32.063  3.673  -1.689 0.4444444478
97139  -20.278  4.675  -0.848 0.3333333433
97145  -20.329  4.451  -1.526 0.3333333433
97164  -20.802  4.313  -2.339 0.4444444478
98159  -31.467  5.418  -1.305 0.4444444478
99154  -31.441  6.470  -1.574 0.4444444478
101060  -31.566  8.428  -2.756 0.2222222239
100107  -22.942  8.038  -1.899 0.6666666865
101058  -24.480  7.985  -2.065 0.6666666865
100108  -25.395  7.853  -1.578 0.6666666865
101049  -26.436  8.641  -1.379 0.6666666865
101958  -27.476  9.622  -0.916 0.6666666865
101959  -28.253  9.609  -0.592 0.6666666865
101960  -29.133  9.599  -0.598 0.6666666865
101961  -30.004  9.610  -0.654 0.6666666865
101976  -30.729  9.576  -1.111 0.4444444478
101984  -31.419  9.369  -2.375 0.3333333433
101046  -23.749  8.573  -1.973 0.5555555820
80058  -20.879  -11.093  3.149 0.6666666865
78975  -20.581  -12.262  3.514 0.5555555820
78999  -21.658  -12.319  2.303 0.6666666865
80078  -21.276  -10.885  2.509 0.6666666865
80079  -21.629  -11.279  1.894 0.7777777910
81188  -21.370  -10.298  2.054 0.7777777910
82379  -22.374  -9.728  0.311 0.8888888955
83608  -23.513  -8.959  -1.356 1.0000000000
81224  -23.240  -10.245  -0.184 0.8888888955
78963  -20.498  -12.731  3.872 0.4444444478
78973  -19.853  -11.951  4.174 0.4444444478
80056  -20.146  -11.332  4.037 0.5555555820
81174  -20.412  -10.294  3.542 0.6666666865
82348  -20.584  -9.468  2.745 0.8888888955
81175  -20.594  -9.997  2.854 0.5555555820
82364  -21.462  -9.505  1.620 0.8888888955
83616  -23.884  -8.491  -1.774 1.0000000000
82417  -25.029  -8.879  -2.321 1.0000000000
84707  -24.239  -7.949  -2.208 1.0000000000
82339  -20.065  -9.550  3.710 0.5555555820
83568  -21.155  -8.974  1.893 1.0000000000
83567  -20.671  -8.459  2.307 0.8888888955
84663  -20.750  -7.406  1.705 0.8888888955
85666  -20.920  -6.891  1.309 1.0000000000
84694  -21.992  -7.554  -0.330 1.0000000000
85693  -21.605  -6.654  -0.226 1.0000000000
84695  -22.666  -7.514  -1.004 1.0000000000
84706  -23.948  -7.401  -2.054 1.0000000000
86726  -21.905  -6.041  -0.585 1.0000000000
84720  -24.276  -6.866  -2.479 1.0000000000
84722  -25.710  -7.329  -2.601 0.8888888955
85720  -24.546  -6.516  -2.918 1.0000000000
85732  -23.996  -5.747  -3.218 1.0000000000
86754  -22.801  -5.494  -2.130 1.0000000000
85733  -24.363  -5.919  -3.239 1.0000000000
85734  -24.925  -5.928  -3.211 1.0000000000
86740  -26.467  -5.472  -1.693 0.7777777910
86715  -20.726  -5.891  0.292 1.0000000000
86698  -20.135  -5.667  1.258 0.5555555820
85680  -20.575  -6.051  0.695 1.0000000000
86738  -21.613  -5.138  -1.213 1.0000000000
86724  -20.606  -5.017  -0.320 0.8888888955
87805  -21.994  -4.650  -1.510 1.0000000000
87838  -23.476  -4.577  -3.001 1.0000000000
87839  -24.168  -4.527  -3.309 1.0000000000
87823  -25.418  -4.088  -3.032 1.0000000000
88921  -26.501  -3.610  -2.117 0.8888888955
88899  -28.118  -3.448  -0.964 0.7777777910
88882  -28.710  -3.502  -0.624 0.6666666865
87766  -19.598  -4.264  1.555 0.5555555820
86697  -19.718  -5.217  1.352 0.5555555820
87780  -20.022  -4.311  1.061 0.6666666865
87781  -20.203  -4.376  0.482 0.6666666865
86714  -20.327  -5.370  0.498 0.7777777910
88881  -20.831  -3.656  -0.575 0.7777777910
90020  -21.421  -2.682  -1.890 0.8888888955
88896  -21.514  -3.636  -1.311 0.8888888955
88916  -21.641  -3.268  -2.048 0.8888888955
87804  -21.478  -4.611  -1.155 0.8888888955
88897  -21.860  -4.145  -1.461 1.0000000000
88939  -22.499  -3.504  -2.663 0.8888888955
88943  -25.425  -3.051  -3.147 1.0000000000
90024  -26.366  -2.420  -2.032 0.8888888955
90011  -27.092  -2.121  -1.496 0.8888888955
88900  -28.772  -3.165  -0.715 0.7777777910
91074  -29.234  -1.497  -0.667 0.6666666865
88885  -31.102  -3.181  -0.180 0.5555555820
91065  -30.679  -1.579  -0.100 0.6666666865
90001  -20.101  -2.689  0.201 0.5555555820
89974  -19.209  -2.854  1.851 0.3333333433
89989  -19.897  -3.067  0.730 0.4444444478
88864  -20.122  -3.590  0.636 0.6666666865
91070  -20.768  -1.712  -0.959 0.6666666865
91071  -21.299  -1.780  -1.671 0.7777777910
91094  -22.630  -1.835  -3.321 0.8888888955
91096  -24.458  -1.446  -3.490 1.0000000000
92107  -28.061  -0.391  -1.251 0.7777777910
92100  -31.610  -0.924  -0.310 0.5555555820
92125  -22.257  -0.938  -3.359 0.8888888955
92128  -24.674  -0.424  -3.477 1.0000000000
94158  -29.323  1.033  -0.319 0.7777777910
92097  -29.540  -0.069  -0.455 0.7777777910
93135  -30.901  0.387  -0.229 0.6666666865
91054  -19.279  -1.502  0.592 0.4444444478
93161  -22.284  0.180  -3.519 0.8888888955
93164  -24.925  0.484  -3.367 0.8888888955
94183  -27.110  1.351  -1.640 0.7777777910
94175  -32.454  1.345  -1.158 0.5555555820
93148  -32.526  0.262  -1.624 0.5555555820
93154  -21.470  0.470  -2.952 0.8888888955
94189  -24.474  1.364  -3.392 1.0000000000
94182  -26.399  1.512  -2.279 0.8888888955
95152  -28.141  2.609  -0.806 0.8888888955
96134  -26.567  3.515  -1.652 0.8888888955
95155  -31.620  2.629  -0.688 0.5555555820
94169  -20.003  1.666  -1.485 0.5555555820
94179  -20.546  1.521  -2.160 0.5555555820
95178  -22.449  2.447  -3.527 1.0000000000
95168  -21.074  2.468  -2.549 0.7777777910
95180  -23.971  2.379  -3.245 0.8888888955
95173  -31.909  3.145  -1.264 0.5555555820
96151  -20.329  3.498  -1.859 0.5555555820
96152  -20.908  3.369  -2.391 0.5555555820
97178  -21.331  4.514  -2.731 0.4444444478
96161  -21.512  3.343  -2.833 0.6666666865
97180  -22.347  4.327  -3.484 0.6666666865
96162  -22.112  3.403  -3.313 0.7777777910
95149  -19.898  2.655  -1.371 0.6666666865
97181  -23.195  4.343  -3.579 0.7777777910
97146  -26.370  5.234  -1.550 0.6666666865
97147  -26.978  4.687  -1.477 0.6666666865
99151  -27.347  6.704  -1.098 0.6666666865
98155  -27.638  5.703  -0.909 0.6666666865
98157  -29.781  5.654  -0.414 0.5555555820
97149  -29.250  4.647  -0.478 0.5555555820
97171  -31.808  4.582  -1.499 0.4444444478
99153  -30.955  6.938  -0.949 0.5555555820
98170  -21.143  5.036  -2.625 0.4444444478
98171  -21.447  5.451  -2.867 0.5555555820
98188  -22.595  5.198  -3.356 0.6666666865
98173  -23.330  5.375  -3.058 0.7777777910
100093  -28.132  7.822  -0.723 0.6666666865
100094  -29.177  7.927  -0.660 0.6666666865
100109  -26.045  7.593  -1.685 0.6666666865
101050  -27.192  8.782  -1.072 0.6666666865
89987  -19.159  -1.852  1.039 0.4444444478
92082  -19.105  -0.607  0.566 0.4444444478
100127  -31.644  7.485  -2.199 0.3333333433
102888  -31.282  9.951  -2.084 0.3333333433
80117  -23.935  -11.271  -0.352 0.6666666865
78962  -20.153  -12.564  4.374 0.4444444478
77887  -20.265  -13.326  4.396 0.5555555820
83634  -25.998  -8.138  -2.512 0.7777777910
81160  -20.264  -10.828  4.141 0.4444444478
86741  -27.296  -5.459  -1.134 0.6666666865
84652  -20.394  -7.375  2.253 0.7777777910
88863  -19.861  -3.508  1.147 0.3333333433
87755  -19.386  -4.138  2.138 0.1111111119
88831  -19.287  -3.471  2.193 0.1111111119
91053  -18.852  -1.339  1.038 0.4444444478
93115  -18.830  -0.028  0.582 0.3333333433
93127  -19.231  0.494  -0.196 0.3333333433
96132  -19.745  3.608  -1.309 0.3333333433
102873  -29.549  10.434  -0.712 0.6666666865
102874  -30.306  10.470  -0.973 0.4444444478
76813  -24.300  -14.485  1.771 0.4444444478
75649  -26.101  -15.677  1.238 0.2222222239
76790  -21.656  -14.187  3.397 0.4444444478
76791  -22.440  -14.571  3.019 0.4444444478
77927  -21.999  -13.186  2.373 0.4444444478
77940  -22.576  -13.273  1.977 0.4444444478
77942  -24.117  -13.728  1.490 0.4444444478
77956  -24.568  -13.412  0.734 0.4444444478
76829  -26.026  -14.232  0.480 0.2222222239
79015  -22.570  -12.493  1.221 0.4444444478
79016  -23.238  -12.737  0.882 0.4444444478
77955  -23.753  -13.164  0.949 0.4444444478
77972  -26.798  -13.430  -0.275 0.1111111119
76842  -27.438  -14.410  -0.447 0.1111111119
79027  -23.797  -12.288  0.271 0.4444444478
79029  -25.531  -12.880  -0.315 0.3333333433
80093  -22.601  -11.902  0.640 0.4444444478
79026  -22.932  -12.266  0.490 0.4444444478
79028  -24.848  -12.714  -0.008 0.3333333433
79043  -25.281  -12.163  -0.556 0.3333333433
79042  -24.513  -11.985  -0.333 0.4444444478
80106  -23.529  -11.672  -0.052 0.4444444478
80136  -26.740  -11.080  -1.469 0.2222222239
80137  -27.726  -11.616  -1.518 0.1111111119
81243  -28.516  -10.562  -1.779 0.1111111119
80119  -25.844  -11.395  -1.099 0.3333333433
80135  -26.185  -10.743  -1.313 0.3333333433
81239  -25.038  -9.854  -1.565 0.4444444478
82399  -25.450  -9.326  -1.897 0.5555555820
82400  -26.316  -9.356  -1.577 0.6666666865
82402  -28.311  -9.554  -1.536 0.4444444478
83618  -26.155  -8.726  -2.124 0.6666666865
84711  -29.877  -7.729  -1.443 0.3333333433
83635  -26.437  -8.175  -2.168 0.6666666865
84709  -27.941  -7.502  -1.168 0.5555555820
84723  -26.534  -7.439  -2.151 0.6666666865
85706  -27.700  -6.465  -1.114 0.5555555820
85707  -28.687  -6.632  -0.743 0.5555555820
84710  -28.973  -7.740  -0.759 0.4444444478
85708  -29.725  -6.697  -1.032 0.3333333433
86729  -30.429  -4.854  -0.609 0.4444444478
87795  -30.348  -4.349  -0.478 0.5555555820
86743  -29.433  -5.735  -0.606 0.4444444478
88902  -31.313  -3.713  -0.638 0.4444444478
101048  -25.512  8.564  -1.522 0.5555555820
101975  -26.787  9.593  -1.368 0.5555555820
102886  -27.137  10.483  -1.212 0.5555555820
102871  -27.808  10.478  -0.627 0.5555555820
103844  -28.277  11.422  -0.559 0.5555555820
75646  -23.308  -14.549  1.983 0.4444444478
75666  -25.711  -14.812  1.063 0.2222222239
77971  -26.044  -13.210  -0.173 0.2222222239
80120  -26.861  -11.865  -0.989 0.2222222239
80121  -27.398  -12.151  -1.022 0.1111111119
81241  -26.593  -10.207  -1.388 0.4444444478
81242  -27.512  -10.415  -1.564 0.3333333433
81240  -25.643  -10.269  -1.369 0.4444444478
83619  -26.976  -8.302  -1.649 0.6666666865
83620  -28.104  -8.556  -1.255 0.4444444478
86744  -30.532  -5.520  -0.925 0.3333333433
87810  -31.330  -4.682  -1.186 0.4444444478
91086  -32.746  -2.332  -1.311 0.4444444478
102884  -25.536  10.439  -1.506 0.5555555820
79000  -22.166  -12.662  1.912 0.4444444478
82403  -29.324  -9.603  -1.596 0.2222222239
102872  -28.710  10.477  -0.562 0.5555555820
74441  -22.823  -16.556  3.624 0.4444444478
75617  -23.197  -15.868  2.981 0.4444444478
75628  -23.995  -15.912  2.425 0.4444444478
75648  -24.876  -15.451  1.603 0.2222222239
74473  -25.651  -16.550  1.542 0.2222222239
74474  -26.678  -16.594  1.761 0.1111111119
76771  -21.243  -14.826  3.927 0.4444444478
75616  -22.450  -15.341  3.338 0.4444444478
75667  -26.618  -14.970  0.418 0.1111111119
75676  -26.871  -14.767  -0.209 0.1111111119
76854  -27.929  -13.753  -0.936 0.1111111119
79046  -27.741  -12.551  -1.087 0.1111111119
79062  -29.156  -12.296  -1.666 0.1111111119
81244  -29.477  -10.511  -1.674 0.1111111119
82404  -30.348  -9.384  -1.747 0.2222222239
83622  -30.058  -8.627  -1.720 0.2222222239
85709  -30.763  -6.694  -1.790 0.2222222239
86745  -31.367  -5.627  -1.641 0.2222222239
88922  -31.874  -3.834  -1.477 0.4444444478
90026  -32.402  -3.009  -1.884 0.3333333433
90039  -32.479  -3.031  -3.020 0.3333333433
91077  -32.757  -1.523  -1.367 0.4444444478
91087  -32.878  -1.970  -2.272 0.3333333433
98177  -31.921  5.467  -2.103 0.3333333433
103846  -29.871  11.103  -0.821 0.5555555820
101972  -24.319  9.532  -1.427 0.5555555820
102885  -26.361  10.465  -1.546 0.5555555820
103843  -27.402  11.356  -0.854 0.5555555820
102883  -24.759  10.421  -1.273 0.5555555820
76800  -21.876  -13.630  2.792 0.4444444478
80105  -22.999  -11.342  0.112 0.5555555820
81226  -24.641  -10.368  -1.056 0.6666666865
86742  -28.391  -5.439  -0.697 0.5555555820
86727  -29.217  -4.922  -0.412 0.4444444478
80118  -24.945  -11.298  -0.627 0.3333333433
76812  -23.649  -14.170  1.831 0.4444444478
75665  -24.986  -14.822  0.984 0.4444444478
75647  -23.796  -14.975  1.901 0.4444444478
76801  -22.378  -13.959  2.604 0.4444444478
75627  -22.937  -14.978  2.387 0.4444444478
76811  -23.049  -14.011  2.117 0.4444444478
77941  -23.288  -13.343  1.540 0.4444444478
76828  -25.206  -14.232  0.716 0.4444444478
77957  -25.485  -13.494  0.214 0.4444444478
76841  -26.655  -14.293  -0.022 0.1111111119
77958  -26.240  -13.706  0.119 0.2222222239
77973  -27.565  -13.318  -0.706 0.1111111119
76830  -27.686  -14.782  -0.158 0.1111111119
79044  -26.191  -12.554  -0.660 0.2222222239
79045  -27.174  -12.585  -0.601 0.2222222239
80138  -28.816  -11.532  -1.943 0.1111111119
81227  -25.263  -10.826  -1.012 0.3333333433
82401  -27.283  -9.401  -1.418 0.4444444478
83621  -29.158  -8.713  -1.239 0.3333333433
84712  -30.501  -7.719  -2.206 0.1111111119
84708  -27.196  -7.235  -1.549 0.5555555820
101974  -25.969  9.547  -1.560 0.5555555820
101973  -25.131  9.535  -1.418 0.5555555820
79061  -28.350  -12.431  -1.529 0.1111111119
103856  -25.107  11.291  -1.387 0.5555555820
74442  -23.657  -16.641  2.964 0.4444444478
75629  -24.591  -16.189  2.077 0.4444444478
74472  -24.925  -16.652  1.847 0.2222222239
75615  -21.663  -15.410  3.781 0.4444444478
75677  -27.037  -15.085  -0.269 0.1111111119
76855  -28.256  -13.433  -0.899 0.1111111119
67548  -22.877  -22.594  6.437 0.1111111119
71049  -20.887  -19.858  5.474 0.3333333433
68686  -22.202  -21.409  5.292 0.2222222239
67568  -22.587  -22.037  5.690 0.2222222239
67569  -23.428  -22.024  6.044 0.1111111119
73263  -20.002  -17.519  5.641 0.3333333433
72141  -20.218  -18.707  5.774 0.3333333433
71041  -20.334  -19.735  6.200 0.3333333433
71050  -21.520  -19.639  4.807 0.3333333433
71057  -22.080  -19.584  4.153 0.3333333433
69892  -22.446  -20.777  4.925 0.2222222239
69906  -22.687  -20.245  4.379 0.2222222239
68687  -23.095  -21.395  5.364 0.2222222239
68705  -23.662  -21.060  5.058 0.1111111119
69893  -23.097  -20.819  4.786 0.2222222239
75582  -19.597  -15.521  5.581 0.2222222239
74415  -19.650  -16.440  5.573 0.2222222239
73264  -20.567  -17.979  5.372 0.3333333433
72142  -21.062  -18.755  5.217 0.3333333433
69907  -23.635  -20.463  4.390 0.1111111119
75596  -19.607  -15.317  5.033 0.2222222239
74428  -19.970  -15.795  5.114 0.3333333433
75597  -20.153  -15.258  4.605 0.3333333433
74429  -20.570  -16.348  5.069 0.3333333433
75598  -21.036  -15.406  4.390 0.3333333433
74430  -21.780  -16.548  4.260 0.3333333433
73275  -20.504  -17.256  5.370 0.3333333433
73277  -22.353  -17.880  4.430 0.3333333433
72175  -22.797  -18.508  3.698 0.3333333433
72176  -23.330  -18.303  3.309 0.3333333433
71085  -23.134  -18.843  3.317 0.3333333433
71059  -24.125  -19.735  3.759 0.1111111119
71086  -23.700  -18.991  2.993 0.2222222239
76769  -19.705  -14.159  4.633 0.2222222239
73285  -22.944  -17.651  3.794 0.3333333433
71108  -24.017  -18.653  2.629 0.1111111119
76756  -19.385  -13.727  5.055 0.3333333433
76768  -19.559  -13.540  4.807 0.3333333433
76789  -21.021  -13.701  3.730 0.3333333433
74440  -22.136  -15.992  3.697 0.3333333433
73286  -23.510  -17.476  3.234 0.3333333433
74453  -24.463  -16.722  2.331 0.3333333433
87826  -31.969  -4.797  -1.831 0.2222222239
88923  -32.285  -3.929  -2.304 0.2222222239
93158  -32.759  0.073  -2.869 0.3333333433
92122  -32.714  -1.062  -2.869 0.2222222239
69891  -21.644  -20.615  5.136 0.3333333433
68706  -24.212  -20.902  5.066 0.1111111119
74416  -20.162  -16.865  5.481 0.3333333433
72153  -21.723  -18.724  4.555 0.3333333433
72154  -22.319  -18.837  4.008 0.3333333433
71058  -22.969  -19.503  3.645 0.3333333433
76770  -20.722  -14.250  4.179 0.3333333433
73304  -24.117  -17.387  2.629 0.3333333433
66494  -23.430  -23.276  6.913 0.1111111119
71040  -19.681  -19.640  6.653 0.3333333433
69880  -20.586  -20.682  5.917 0.3333333433
68684  -20.828  -21.400  5.673 0.3333333433
68685  -21.472  -21.587  5.424 0.3333333433
67567  -22.014  -21.981  5.429 0.3333333433
67570  -24.045  -22.182  6.163 0.1111111119
72140  -19.787  -18.055  5.918 0.3333333433
68688  -24.272  -21.576  5.841 0.1111111119
74402  -19.472  -16.103  5.796 0.2222222239
69894  -24.746  -20.875  5.495 0.1111111119
71087  -24.642  -18.974  3.235 0.1111111119
76757  -19.527  -14.584  5.272 0.2222222239
72177  -24.761  -18.559  3.020 0.1111111119
72199  -24.593  -18.309  2.593 0.1111111119
73305  -24.709  -17.448  2.075 0.1111111119
77876  -19.545  -13.128  5.431 0.1111111119
93166  -32.507  0.197  -4.131 0.2222222239
92131  -32.372  -0.302  -4.240 0.2222222239
80043  -20.148  -11.633  4.478 0.2222222239
83566  -20.279  -7.935  2.735 0.5555555820
77886  -19.850  -13.198  4.683 0.3333333433
77885  -19.571  -13.076  4.943 0.2222222239
91098  -32.650  -1.857  -3.435 0.2222222239
67549  -23.800  -22.636  6.455 0.1111111119
69890  -20.976  -20.860  5.371 0.3333333433
73262  -19.555  -17.395  5.937 0.2222222239
72122  -19.612  -18.550  6.379 0.2222222239
72123  -19.949  -19.146  6.258 0.3333333433
69905  -21.991  -20.241  4.557 0.3333333433
73276  -21.279  -17.628  5.017 0.3333333433
74431  -22.504  -17.148  4.080 0.3333333433
77877  -19.627  -13.931  5.513 0.2222222239
72198  -23.779  -18.221  2.740 0.3333333433
66493  -22.437  -23.632  6.830 0.1111111119
67547  -21.833  -22.568  5.927 0.2222222239
69879  -20.090  -20.588  6.517 0.3333333433
68666  -20.482  -21.646  6.332 0.3333333433
68667  -21.030  -22.039  5.780 0.3333333433
73243  -19.489  -18.148  6.380 0.2222222239
88944  -32.433  -4.045  -3.078 0.1111111119
87852  -32.706  -4.301  -4.142 0.1111111119
88971  -33.024  -3.866  -5.314 0.1111111119
88958  -32.660  -4.016  -4.627 0.1111111119
88970  -32.326  -3.269  -5.129 0.1111111119
88978  -32.605  -3.581  -6.143 0.1111111119
88977  -31.853  -3.057  -6.317 0.1111111119
91106  -32.264  -1.652  -4.389 0.1111111119
90065  -31.661  -2.324  -5.747 0.1111111119
95182  -32.504  2.456  -2.901 0.2222222239
92130  -32.479  -0.742  -3.802 0.1111111119
91117  -31.961  -1.618  -5.245 0.1111111119
97183  -32.573  4.432  -3.039 0.1111111119
97172  -32.234  4.475  -2.252 0.2222222239
98190  -31.972  5.666  -2.919 0.1111111119
96169  -32.363  3.557  -3.581 0.1111111119
97185  -31.905  4.216  -4.369 0.1111111119
101047  -24.679  8.714  -1.677 0.4444444478
99170  -31.726  6.435  -2.604 0.1111111119
101970  -23.093  9.640  -0.748 0.4444444478
100135  -31.694  7.377  -3.175 0.1111111119
103858  -26.684  11.335  -1.284 0.4444444478
103865  -30.813  11.575  -2.018 0.3333333433
102887  -30.940  10.508  -1.726 0.2222222239
101990  -31.515  9.417  -3.227 0.1111111119
101065  -31.568  8.384  -3.703 0.1111111119
101072  -31.361  8.305  -4.559 0.1111111119
103857  -25.902  11.322  -1.490 0.4444444478
104803  -25.482  11.978  -1.242 0.4444444478
105723  -25.998  12.819  -1.133 0.4444444478
104805  -26.980  12.030  -1.016 0.4444444478
104788  -26.905  12.738  -1.004 0.4444444478
104789  -27.702  12.426  -0.734 0.4444444478
105724  -29.143  13.293  -1.194 0.4444444478
105725  -30.036  13.453  -1.535 0.4444444478
104807  -29.652  12.443  -1.161 0.2222222239
105726  -30.524  13.382  -2.212 0.2222222239
104815  -30.872  12.440  -2.544 0.2222222239
104824  -31.182  11.971  -3.396 0.2222222239
103880  -31.261  11.120  -3.991 0.2222222239
109036  -27.666  17.560  -5.642 0.1111111119
106551  -28.961  15.076  -5.045 0.1111111119
103887  -30.598  11.188  -5.288 0.1111111119
103854  -23.766  11.222  -1.054 0.4444444478
104801  -23.842  11.977  -1.215 0.4444444478
103855  -24.340  11.277  -1.293 0.4444444478
104802  -24.674  12.273  -1.211 0.3333333433
105722  -25.528  12.783  -1.129 0.4444444478
105710  -26.250  13.371  -0.981 0.4444444478
106521  -27.877  14.557  -0.900 0.4444444478
105712  -28.274  13.438  -0.810 0.4444444478
106532  -29.448  14.372  -1.508 0.4444444478
107311  -27.085  15.628  -1.304 0.3333333433
107314  -29.538  15.348  -1.955 0.3333333433
107316  -30.088  15.487  -2.725 0.1111111119
106540  -30.609  14.392  -2.953 0.1111111119
105738  -29.932  14.191  -3.958 0.1111111119
104823  -30.954  12.602  -3.416 0.2222222239
105739  -30.412  13.565  -3.743 0.1111111119
106559  -29.295  14.104  -5.156 0.1111111119
103853  -23.372  11.366  -0.676 0.2222222239
105721  -24.843  13.072  -1.079 0.3333333433
105709  -25.283  13.635  -0.787 0.3333333433
106520  -26.923  14.640  -1.217 0.3333333433
107302  -28.227  15.050  -1.023 0.4444444478
108171  -28.480  16.416  -1.721 0.2222222239
108172  -29.046  15.892  -1.820 0.2222222239
107320  -29.880  15.727  -3.565 0.1111111119
109019  -28.419  17.475  -2.142 0.1111111119
108175  -28.752  16.908  -2.231 0.1111111119
109024  -29.227  17.407  -3.088 0.1111111119
107329  -29.470  15.677  -4.415 0.1111111119
109744  -29.065  17.879  -2.918 0.1111111119
109032  -29.164  17.516  -3.906 0.1111111119
108188  -29.036  16.703  -4.634 0.1111111119
104787  -24.434  12.963  -1.120 0.3333333433
105707  -23.600  13.523  -0.398 0.3333333433
106518  -24.903  14.569  -0.600 0.3333333433
106519  -25.844  14.549  -0.771 0.3333333433
108169  -26.655  16.511  -1.263 0.2222222239
109016  -27.930  17.159  -1.688 0.2222222239
109018  -27.866  17.825  -1.854 0.1111111119
110451  -28.341  18.886  -3.505 0.1111111119
109037  -28.497  17.655  -4.873 0.1111111119
110465  -27.560  19.270  -5.230 0.1111111119
106490  -22.714  14.117  1.019 0.1111111119
106505  -23.564  14.471  0.403 0.1111111119
107299  -24.578  15.544  -0.441 0.2222222239
107298  -24.094  15.556  0.010 0.2222222239
107300  -25.388  15.525  -0.634 0.3333333433
108165  -25.028  16.452  -0.516 0.2222222239
107301  -26.280  15.552  -1.003 0.3333333433
109011  -25.414  17.153  -0.695 0.2222222239
109014  -26.137  17.538  -1.068 0.1111111119
110444  -26.025  19.603  -1.648 0.1111111119
109731  -26.811  18.616  -1.768 0.1111111119
109735  -27.255  19.151  -2.287 0.1111111119
109736  -28.002  18.629  -2.444 0.1111111119
109742  -28.273  18.828  -3.193 0.1111111119
110450  -27.813  19.452  -3.504 0.1111111119
109758  -28.374  18.317  -4.808 0.1111111119
109035  -26.801  17.365  -6.118 0.1111111119
108193  -27.306  16.574  -6.010 0.1111111119
107286  -23.858  15.706  0.626 0.1111111119
107274  -24.123  16.040  1.178 0.1111111119
108158  -24.041  16.529  0.732 0.1111111119
109009  -24.266  17.489  0.017 0.1111111119
109013  -25.363  17.795  -0.795 0.2222222239
109725  -24.785  18.623  -0.508 0.1111111119
109726  -25.064  18.132  -0.740 0.1111111119
111115  -24.960  20.569  -1.432 0.1111111119
111120  -26.168  20.657  -2.116 0.1111111119
111121  -26.935  20.376  -2.564 0.1111111119
108144  -24.095  16.789  1.631 0.1111111119
108145  -24.652  16.474  2.211 0.1111111119
108991  -24.427  17.773  1.899 0.1111111119
109716  -24.566  18.649  0.339 0.1111111119
110437  -24.588  19.710  -0.237 0.1111111119
111114  -24.496  20.681  -0.848 0.1111111119
109693  -24.877  18.421  2.262 0.1111111119
109704  -24.882  18.754  1.322 0.1111111119
87853  -33.453  -4.526  -4.388 0.1111111119
88957  -32.363  -3.756  -3.967 0.1111111119
87867  -32.820  -4.189  -6.820 0.1111111119
93175  -32.157  -0.085  -4.416 0.1111111119
92139  -32.123  -0.604  -4.789 0.1111111119
93174  -31.924  0.181  -4.657 0.1111111119
99183  -32.189  5.607  -3.901 0.1111111119
102882  -24.065  10.420  -1.152 0.4444444478
103859  -29.696  11.678  -0.938 0.4444444478
104808  -30.452  12.488  -1.724 0.3333333433
103866  -31.172  11.488  -2.609 0.2222222239
102895  -31.383  10.456  -2.619 0.1111111119
102902  -31.380  10.380  -3.643 0.1111111119
104828  -30.464  12.661  -4.433 0.2222222239
106544  -29.977  14.970  -3.894 0.1111111119
106552  -29.570  14.582  -4.482 0.1111111119
105750  -28.943  13.365  -5.673 0.1111111119
108194  -28.280  16.689  -5.336 0.1111111119
108164  -24.337  16.515  -0.317 0.2222222239
109003  -24.437  17.488  0.919 0.1111111119
111119  -25.414  20.872  -1.809 0.1111111119
110426  -24.920  19.785  0.597 0.1111111119
109705  -25.174  18.926  1.877 0.1111111119
86812  -33.434  -5.606  -8.033 0.1111111119
87868  -33.578  -4.458  -6.594 0.1111111119
94191  -32.524  1.284  -3.469 0.2222222239
96165  -32.397  3.533  -2.500 0.2222222239
99182  -31.839  6.197  -3.661 0.1111111119
101971  -23.614  9.561  -1.234 0.4444444478
105711  -27.310  13.541  -0.844 0.4444444478
106522  -28.653  14.289  -1.110 0.4444444478
107275  -24.518  15.664  1.844 0.1111111119
107276  -24.767  15.851  2.436 0.1111111119
108979  -24.703  17.688  2.483 0.1111111119
87869  -34.232  -4.891  -6.147 0.1111111119
87827  -32.354  -4.803  -2.612 0.1111111119
87841  -32.754  -4.673  -3.486 0.1111111119
87860  -33.660  -4.340  -5.595 0.1111111119
85776  -33.366  -6.963  -8.157 0.1111111119
86813  -34.200  -6.089  -7.726 0.1111111119
86823  -31.988  -6.029  -8.425 0.1111111119
87866  -31.918  -4.071  -6.883 0.1111111119
87895  -30.994  -4.702  -8.396 0.1111111119
90078  -30.849  -2.464  -6.682 0.1111111119
93173  -31.675  0.509  -5.365 0.1111111119
92149  -31.484  -0.553  -5.817 0.1111111119
91116  -31.445  -1.589  -5.920 0.1111111119
94196  -31.841  1.157  -5.294 0.1111111119
95194  -31.768  2.460  -5.487 0.1111111119
97188  -31.537  4.410  -5.282 0.1111111119
101045  -22.957  8.855  -1.486 0.4444444478
98193  -31.792  5.208  -4.761 0.1111111119
99189  -31.746  6.311  -4.800 0.1111111119
102001  -31.068  8.871  -4.797 0.1111111119
100145  -31.391  7.420  -5.058 0.1111111119
102881  -23.602  10.469  -0.779 0.4444444478
102918  -29.957  10.139  -6.295 0.1111111119
104846  -29.580  12.040  -5.856 0.1111111119
103841  -22.880  11.629  -0.136 0.2222222239
104800  -23.539  11.765  -0.981 0.3333333433
104785  -23.244  12.369  -0.686 0.2222222239
105749  -27.936  13.882  -6.108 0.1111111119
105693  -22.609  13.319  0.499 0.1111111119
106517  -24.127  14.558  -0.372 0.2222222239
107333  -27.396  15.742  -6.165 0.1111111119
108206  -26.254  16.665  -6.572 0.1111111119
106483  -22.727  14.016  2.137 0.1111111119
106485  -24.221  15.201  2.271 0.1111111119
107264  -24.175  15.464  2.694 0.1111111119
109046  -26.061  17.993  -6.689 0.1111111119
107251  -24.219  15.515  3.317 0.1111111119
107252  -25.133  16.000  3.276 0.1111111119
111750  -25.291  21.517  -2.348 0.1111111119
111757  -26.475  21.615  -3.574 0.1111111119
111133  -26.914  21.025  -4.655 0.1111111119
111138  -26.781  20.915  -5.186 0.1111111119
108132  -25.001  16.899  2.625 0.1111111119
108980  -25.239  17.978  2.923 0.1111111119
111108  -24.560  20.790  -0.010 0.1111111119
112398  -24.229  22.743  -1.439 0.1111111119
110427  -25.266  19.759  0.951 0.1111111119
104790  -28.894  12.419  -0.728 0.4444444478
90051  -32.487  -2.654  -4.184 0.1111111119
98191  -32.330  5.276  -3.449 0.2222222239
90066  -32.093  -2.380  -5.019 0.1111111119
87880  -32.304  -4.679  -7.529 0.1111111119
95187  -32.295  2.374  -4.100 0.1111111119
95186  -32.165  2.748  -4.840 0.1111111119
100142  -31.439  7.309  -4.139 0.1111111119
101998  -31.262  9.410  -4.290 0.1111111119
101075  -31.043  8.354  -5.227 0.1111111119
106533  -30.320  14.474  -2.148 0.2222222239
105732  -30.732  13.409  -2.882 0.1111111119
103879  -30.899  11.414  -4.620 0.2222222239
109757  -27.957  18.409  -5.289 0.1111111119
107328  -28.845  15.972  -5.074 0.1111111119
107334  -28.185  15.649  -5.680 0.1111111119
106558  -28.474  14.491  -5.590 0.1111111119
102912  -29.812  10.805  -6.107 0.1111111119
102913  -30.375  10.446  -5.694 0.1111111119
104835  -29.749  12.681  -5.335 0.2222222239
107312  -27.840  15.470  -1.181 0.3333333433
104827  -30.054  12.951  -4.785 0.2222222239
108176  -29.263  16.444  -2.378 0.2222222239
108180  -29.590  16.458  -3.178 0.1111111119
109023  -29.144  17.779  -3.429 0.1111111119
104786  -23.944  12.837  -1.086 0.3333333433
105708  -24.410  13.601  -0.811 0.3333333433
109015  -27.188  17.458  -1.634 0.1111111119
109732  -27.501  18.163  -1.868 0.1111111119
110461  -28.423  18.996  -3.968 0.1111111119
110460  -27.807  19.570  -4.457 0.1111111119
109756  -26.847  18.633  -5.897 0.1111111119
111139  -27.310  20.092  -5.006 0.1111111119
106504  -23.006  13.890  0.531 0.1111111119
108166  -25.825  16.461  -0.804 0.3333333433
109730  -25.539  18.652  -1.063 0.1111111119
110446  -26.816  19.704  -2.135 0.1111111119
110447  -27.371  19.667  -2.711 0.1111111119
111134  -27.275  20.652  -4.320 0.1111111119
111125  -27.197  20.613  -3.323 0.1111111119
106491  -23.588  15.026  1.453 0.1111111119
108143  -24.193  16.530  1.137 0.1111111119
106492  -24.162  15.028  1.954 0.1111111119
108163  -24.013  16.489  0.198 0.1111111119
109008  -24.084  17.011  0.482 0.1111111119
109010  -24.818  17.455  -0.551 0.1111111119
110442  -24.779  19.733  -0.884 0.1111111119
109729  -25.049  19.169  -0.917 0.1111111119
111116  -25.560  20.283  -1.632 0.1111111119
111746  -25.019  21.149  -1.820 0.1111111119
111124  -26.640  20.984  -2.821 0.1111111119
108131  -24.377  17.169  2.308 0.1111111119
87854  -34.023  -4.894  -4.524 0.1111111119
87881  -33.170  -4.796  -7.492 0.1111111119
94197  -32.076  1.177  -4.623 0.1111111119
101997  -31.049  9.963  -4.741 0.1111111119
104834  -29.244  12.830  -5.698 0.1111111119
105761  -28.343  13.098  -6.332 0.1111111119
111096  -24.801  20.934  0.787 0.1111111119
86824  -32.742  -6.236  -8.314 0.1111111119
107265  -24.728  15.978  2.773 0.1111111119
95195  -32.208  2.069  -4.918 0.1111111119
96172  -31.831  3.455  -5.069 0.1111111119
102005  -30.268  9.439  -6.033 0.1111111119
104845  -29.028  12.432  -6.092 0.1111111119
105694  -23.165  13.640  0.190 0.1111111119
105680  -22.067  13.074  1.470 0.1111111119
106557  -27.681  14.933  -6.170 0.1111111119
111756  -25.734  22.252  -3.049 0.1111111119
111758  -27.022  21.152  -3.986 0.1111111119
111737  -24.190  21.711  -0.679 0.1111111119
111745  -24.518  21.603  -1.740 0.1111111119
85639  -19.675  -6.597  3.517 0.2222222239
85650  -19.343  -5.331  2.634 0.2222222239
82338  -20.045  -9.611  3.964 0.3333333433
84651  -20.114  -7.352  2.828 0.3333333433
85651  -19.834  -6.096  2.508 0.3333333433
100105  -21.793  8.217  -1.376 0.2222222239
101957  -23.029  10.046  -0.286 0.1111111119
102869  -23.244  10.695  -0.338 0.1111111119
97144  -19.808  4.271  -1.044 0.2222222239
95148  -19.261  2.837  -0.723 0.1111111119
83542  -19.706  -8.250  3.796 0.2222222239
96126  -19.213  3.624  -0.035 0.1111111119
98144  -20.838  5.469  -0.969 0.1111111119
98135  -20.741  6.235  -0.507 0.1111111119
100091  -21.514  8.334  -0.878 0.1111111119
101956  -22.797  9.799  -0.132 0.1111111119
102858  -23.068  10.704  -0.004 0.1111111119
103842  -22.921  11.386  0.179 0.1111111119
100106  -22.348  8.145  -1.676 0.2222222239
99137  -21.381  7.183  -1.167 0.1111111119
83557  -19.949  -8.569  3.323 0.3333333433
89973  -18.899  -2.120  1.470 0.2222222239
99138  -21.441  7.742  -1.316 0.1111111119
101044  -22.360  9.055  -1.171 0.3333333433
101969  -22.664  9.507  -0.563 0.1111111119
84640  -19.921  -7.454  3.449 0.2222222239
100090  -21.639  8.225  -0.379 0.1111111119
101030  -21.848  9.005  -0.343 0.1111111119
67531  -20.333  -22.595  6.729 0.1111111119
67546  -20.880  -22.683  6.185 0.1111111119
68648  -19.436  -21.606  7.404 0.1111111119
69860  -19.466  -20.589  7.033 0.1111111119
71039  -19.305  -19.132  6.952 0.1111111119
72121  -19.385  -18.536  6.792 0.1111111119
81148  -20.431  -10.719  4.595 0.1111111119
85638  -19.241  -5.499  3.233 0.1111111119
93114  -18.288  0.525  0.779 0.2222222239
93113  -17.872  0.954  1.216 0.2222222239
86684  -19.400  -4.975  2.114 0.1111111119
68647  -18.692  -21.747  7.932 0.1111111119
66491  -20.560  -23.469  6.621 0.1111111119
69843  -18.417  -21.191  8.194 0.1111111119
69859  -18.759  -20.611  7.692 0.1111111119
72109  -19.261  -19.142  7.100 0.1111111119
73242  -19.220  -17.450  6.676 0.1111111119
74413  -18.223  -17.090  5.965 0.1111111119
74401  -19.348  -16.597  6.225 0.1111111119
75573  -19.521  -15.775  6.073 0.1111111119
80031  -20.474  -11.373  5.123 0.1111111119
82315  -20.407  -9.870  4.736 0.1111111119
85628  -19.522  -6.183  3.842 0.1111111119
93102  -18.247  0.145  1.339 0.2222222239
94146  -17.994  1.661  1.229 0.2222222239
95138  -18.413  2.571  0.816 0.1111111119
66473  -20.179  -23.216  7.068 0.1111111119
94156  -18.435  1.692  0.413 0.2222222239
95139  -18.716  2.632  0.039 0.1111111119
92072  -18.278  -0.358  1.331 0.2222222239
76746  -19.657  -15.567  6.353 0.1111111119
80030  -20.259  -11.994  5.045 0.1111111119
74414  -18.853  -16.952  6.088 0.1111111119
68665  -19.850  -21.283  6.805 0.1111111119
82325  -20.189  -9.803  4.075 0.1111111119
82314  -20.271  -9.916  4.288 0.1111111119
84627  -19.779  -7.909  4.109 0.1111111119
68649  -20.018  -21.934  6.937 0.1111111119
67530  -19.886  -22.577  7.316 0.1111111119
71023  -19.188  -19.840  7.178 0.1111111119
81150  -20.748  -10.781  5.203 0.1111111119
93101  -18.025  0.611  1.586 0.1111111119
71022  -18.883  -19.350  7.417 0.1111111119
72108  -19.076  -18.541  7.426 0.1111111119
80018  -20.348  -12.095  5.580 0.1111111119
81138  -20.839  -11.117  5.460 0.1111111119
83528  -19.707  -9.270  4.561 0.1111111119
94129  -17.691  2.162  1.644 0.1111111119
95129  -18.067  2.653  1.505 0.1111111119
97138  -19.693  4.552  -0.425 0.1111111119
91043  -18.348  -1.291  1.679 0.1111111119
98143  -20.291  5.021  -0.444 0.1111111119
71109  -24.221  -18.785  2.796 0.1111111119
73241  -18.951  -17.518  7.058 0.1111111119
73260  -18.560  -17.158  6.282 0.1111111119
73261  -18.799  -17.114  6.268 0.1111111119
74400  -18.592  -16.928  6.313 0.1111111119
74452  -24.098  -16.667  2.632 0.3333333433
76827  -24.785  -14.296  1.350 0.4444444478
77862  -19.823  -13.064  6.096 0.1111111119
77875  -19.487  -13.091  5.169 0.1111111119
77884  -19.558  -12.932  5.013 0.2222222239
77986  -27.992  -12.941  -1.084 0.1111111119
78941  -19.692  -12.883  5.947 0.1111111119
81149  -20.596  -10.692  5.011 0.1111111119
82390  -23.536  -9.442  -0.798 0.8888888955
82397  -23.831  -9.257  -1.446 0.8888888955
85710  -31.417  -6.178  -2.065 0.2222222239
85765  -33.385  -7.263  -8.217 0.1111111119
85775  -32.948  -6.956  -8.407 0.1111111119
86728  -29.960  -4.960  -0.457 0.4444444478
86765  -23.809  -5.324  -3.082 1.0000000000
86767  -24.778  -5.415  -3.284 1.0000000000
86797  -33.873  -5.250  -7.123 0.1111111119
86811  -32.548  -5.445  -8.005 0.1111111119
86825  -33.457  -6.490  -8.191 0.1111111119
87791  -20.456  -4.441  -0.159 0.6666666865
87794  -29.661  -4.196  -0.364 0.6666666865
87809  -30.787  -4.524  -0.725 0.5555555820
87822  -22.997  -4.684  -2.452 1.0000000000
88880  -20.308  -3.638  0.000 0.6666666865
88883  -29.326  -3.275  -0.585 0.6666666865
88901  -30.755  -4.036  -0.467 0.4444444478
88969  -32.043  -2.720  -5.566 0.1111111119
88979  -33.244  -3.913  -6.128 0.1111111119
89964  -19.093  -3.087  2.295 0.1111111119
90013  -28.951  -2.481  -0.751 0.6666666865
90014  -29.481  -1.999  -0.572 0.6666666865
90025  -32.183  -2.984  -0.931 0.5555555820
90034  -22.443  -2.964  -2.885 0.8888888955
91075  -29.839  -1.563  -0.338 0.6666666865
91076  -32.278  -1.883  -0.597 0.5555555820
92071  -18.170  -0.181  1.641 0.2222222239
92109  -29.646  -0.835  -0.396 0.6666666865
92129  -25.279  -0.328  -3.147 0.8888888955
92138  -31.735  -0.116  -5.112 0.1111111119
92140  -32.211  -0.290  -4.420 0.1111111119
92150  -31.911  -1.088  -5.540 0.1111111119
93133  -29.547  0.551  -0.407 0.7777777910
93134  -30.115  0.409  -0.356 0.6666666865
93136  -31.315  -0.185  -0.306 0.6666666865
93167  -32.314  -0.071  -4.303 0.1111111119
94128  -17.633  1.630  2.019 0.2222222239
94145  -17.818  1.202  1.505 0.2222222239
94159  -30.008  1.004  -0.449 0.6666666865
94174  -31.837  1.467  -0.599 0.5555555820
94190  -25.175  1.307  -2.935 0.8888888955
94206  -31.974  1.631  -5.284 0.1111111119
95150  -26.417  2.681  -1.654 0.8888888955
95169  -24.478  2.690  -2.882 0.8888888955
95177  -21.782  2.452  -3.028 0.7777777910
96131  -19.467  3.792  -0.748 0.2222222239
96133  -26.117  3.011  -1.834 0.8888888955
96168  -32.194  3.292  -4.416 0.1111111119
97151  -31.248  4.680  -0.807 0.4444444478
97169  -25.963  4.631  -1.853 0.6666666865
97182  -23.653  4.091  -3.686 0.7777777910
97186  -32.287  4.521  -3.709 0.1111111119
98145  -29.230  6.480  -0.566 0.5555555820
98147  -30.615  6.619  -0.709 0.5555555820
98172  -22.726  5.721  -3.113 0.5555555820
98175  -25.261  5.492  -2.220 0.6666666865
98178  -32.383  5.119  -2.721 0.2222222239
98186  -21.481  4.903  -2.972 0.5555555820
98194  -32.148  5.096  -4.107 0.1111111119
99141  -30.368  7.157  -0.745 0.5555555820
99163  -21.138  5.704  -2.536 0.3333333433
99169  -26.179  6.614  -1.902 0.6666666865
99180  -22.070  5.721  -3.284 0.5555555820
99190  -32.048  5.714  -4.287 0.1111111119
101031  -22.250  9.258  -0.445 0.1111111119
101032  -27.864  8.802  -0.777 0.6666666865
101035  -30.413  8.720  -0.743 0.5555555820
101052  -31.400  8.503  -1.928 0.2222222239
101945  -23.016  10.297  0.079 0.1111111119
101977  -31.195  9.431  -1.710 0.3333333433
102000  -30.784  9.436  -5.194 0.1111111119
102004  -29.702  9.446  -6.575 0.1111111119
102870  -23.038  11.103  0.022 0.1111111119
102894  -31.044  11.002  -2.260 0.2222222239
102908  -30.868  10.500  -5.023 0.1111111119
102909  -31.169  10.475  -4.402 0.1111111119
103845  -29.236  11.367  -0.589 0.4444444478
103860  -30.314  11.489  -1.279 0.5555555820
103874  -31.001  11.851  -3.845 0.2222222239
103875  -31.323  11.345  -3.302 0.2222222239
103886  -30.029  11.523  -5.688 0.1111111119
103893  -29.387  11.451  -6.177 0.1111111119
104791  -29.397  11.990  -0.803 0.4444444478
104804  -26.217  12.296  -1.179 0.4444444478
104806  -29.210  12.707  -1.068 0.4444444478
104816  -31.307  12.030  -3.024 0.2222222239
104836  -30.438  11.938  -5.138 0.1111111119
105743  -29.915  13.489  -4.584 0.2222222239
105744  -30.277  13.244  -4.249 0.1111111119
105751  -29.534  13.439  -5.237 0.1111111119
106530  -27.333  15.168  -1.282 0.3333333433
106531  -27.492  14.959  -1.177 0.3333333433
106534  -30.602  13.934  -2.525 0.2222222239
106539  -30.452  14.874  -2.646 0.1111111119
106545  -30.295  14.458  -3.560 0.1111111119
107263  -23.800  15.128  2.961 0.1111111119
107303  -28.393  14.794  -1.035 0.4444444478
107313  -28.726  15.226  -1.382 0.4444444478
107317  -30.511  15.020  -2.880 0.1111111119
107321  -30.390  15.082  -3.303 0.1111111119
108159  -24.284  16.820  1.008 0.1111111119
108170  -27.531  16.449  -1.466 0.2222222239
108189  -29.489  16.543  -3.881 0.1111111119
108192  -26.794  16.854  -6.219 0.1111111119
108207  -26.919  16.093  -6.284 0.1111111119
109002  -24.188  16.961  0.730 0.1111111119
109020  -28.904  17.308  -2.569 0.1111111119
109033  -29.343  16.982  -3.502 0.1111111119
109737  -28.798  17.936  -2.634 0.1111111119
109738  -29.031  17.653  -2.787 0.1111111119
109743  -28.867  18.326  -3.310 0.1111111119
109753  -28.174  18.829  -4.687 0.1111111119
109754  -28.686  18.319  -4.292 0.1111111119
110418  -25.144  19.473  1.068 0.1111111119
110443  -25.261  19.658  -1.282 0.1111111119
111097  -25.272  20.225  0.875 0.1111111119
111751  -26.136  21.474  -2.707 0.1111111119
111767  -27.000  21.098  -4.258 0.1111111119
