#!ascii label  , from subject 3710 vox2ras=TkReg
266
87349  24.270  1.433  -2.037 0.0000000000
76580  25.306  -7.251  0.508 0.0000000000
92997  23.355  7.002  -1.584 0.0000000000
104679  22.770  17.510  -1.662 0.0000000000
74339  23.608  -8.947  1.927 0.0000000000
97265  25.895  10.556  0.030 0.0000000000
100515  26.129  13.357  -0.281 0.0000000000
85136  23.526  -0.233  -2.573 0.0000000000
81443  24.404  -3.050  -2.129 0.0000000000
83846  25.830  -1.414  -1.534 0.0000000000
90757  26.109  4.247  -0.164 0.0000000000
86227  27.181  0.650  -0.217 0.0000000000
90785  24.379  4.555  -2.179 0.0000000000
94060  26.025  7.198  0.432 0.0000000000
102645  23.473  15.414  -1.134 0.0000000000
103618  26.372  16.369  -0.550 0.0000000000
77805  27.019  -5.343  0.004 0.0000000000
98352  24.427  11.570  -0.851 0.0000000000
100539  24.567  13.482  -1.088 0.0000000000
86269  24.258  0.447  -3.006 0.0000000000
85123  24.945  -0.837  -2.283 0.0000000000
86248  24.795  0.619  -1.864 0.0000000000
76567  24.393  -7.869  1.132 0.0000000000
91896  23.826  6.059  -1.694 0.0000000000
91882  24.956  5.684  -0.412 0.0000000000
94062  24.737  7.637  -0.668 0.0000000000
98337  27.275  11.303  0.497 0.0000000000
96196  27.248  9.593  0.598 0.0000000000
103644  21.935  16.879  -0.932 0.0000000000
102647  21.832  15.143  -1.109 0.0000000000
103651  23.510  16.620  -2.010 0.0000000000
108189  26.572  20.903  -3.392 0.0000000000
106497  27.167  19.509  -2.234 0.0000000000
104675  26.492  17.865  -1.234 0.0000000000
104674  27.733  17.586  -1.626 0.0000000000
103639  27.872  16.760  -1.085 0.0000000000
80183  27.159  -3.723  -1.403 0.0000000000
80185  25.648  -4.311  -1.227 0.0000000000
74330  22.682  -9.170  2.720 0.0000000000
95154  24.573  8.652  -0.755 0.0000000000
97278  24.894  10.592  -0.375 0.0000000000
98350  25.979  11.569  -0.169 0.0000000000
100514  27.020  13.554  0.025 0.0000000000
81445  23.284  -2.277  -1.550 0.0000000000
82668  23.991  -1.854  -2.603 0.0000000000
82643  25.449  -2.282  -1.819 0.0000000000
82641  27.463  -2.511  -1.126 0.0000000000
89640  25.700  3.139  -0.631 0.0000000000
87317  25.988  1.546  -0.562 0.0000000000
88445  27.157  2.421  -0.059 0.0000000000
88489  23.887  2.362  -3.086 0.0000000000
89669  23.542  3.508  -3.041 0.0000000000
89656  24.479  3.415  -2.145 0.0000000000
90769  25.208  4.223  -0.631 0.0000000000
91881  25.777  5.315  -0.369 0.0000000000
92979  27.242  6.524  0.571 0.0000000000
95138  25.906  8.961  0.288 0.0000000000
95136  27.451  8.395  0.688 0.0000000000
101589  22.975  14.406  -1.597 0.0000000000
105623  24.836  18.700  -1.270 0.0000000000
103640  24.783  17.249  -1.205 0.0000000000
102624  24.775  15.677  -0.760 0.0000000000
101587  24.733  14.381  -0.940 0.0000000000
101585  25.708  14.626  -0.577 0.0000000000
101561  27.417  14.439  -0.505 0.0000000000
78968  23.912  -5.831  -0.202 0.0000000000
81432  23.794  -3.976  -1.616 0.0000000000
85092  26.788  0.056  -0.641 0.0000000000
83844  27.815  -1.451  -1.083 0.0000000000
99492  24.187  12.473  -1.399 0.0000000000
86258  24.356  0.585  -2.354 0.0000000000
73145  23.007  -10.410  3.772 0.0000000000
74316  22.726  -9.812  3.523 0.0000000000
76566  25.243  -7.800  1.066 0.0000000000
92996  24.299  6.802  -1.277 0.0000000000
94074  23.966  7.804  -1.010 0.0000000000
99460  28.017  12.118  0.449 0.0000000000
98336  27.848  11.516  0.495 0.0000000000
103652  22.862  16.612  -1.953 0.0000000000
104688  23.476  17.240  -2.031 0.0000000000
105639  27.719  18.670  -2.401 0.0000000000
104686  28.128  18.081  -2.307 0.0000000000
81428  27.469  -3.375  -1.142 0.0000000000
80169  27.445  -4.206  -0.919 0.0000000000
77779  22.685  -6.704  1.260 0.0000000000
96210  24.418  9.628  -0.950 0.0000000000
97279  24.110  10.583  -1.163 0.0000000000
99476  24.879  12.497  -0.745 0.0000000000
98351  25.229  11.636  -0.450 0.0000000000
99475  25.709  12.460  -0.349 0.0000000000
99474  26.653  12.371  0.170 0.0000000000
105626  21.979  18.464  -1.362 0.0000000000
82656  23.441  -1.907  -1.942 0.0000000000
83872  23.722  -1.133  -2.150 0.0000000000
83859  25.196  -1.440  -2.224 0.0000000000
82642  26.341  -2.369  -1.389 0.0000000000
83845  26.757  -1.526  -0.956 0.0000000000
75424  23.018  -8.774  2.221 0.0000000000
74329  23.533  -9.838  2.512 0.0000000000
88446  26.298  2.355  -0.377 0.0000000000
89623  26.631  3.318  -0.138 0.0000000000
87364  22.870  1.285  -3.306 0.0000000000
90786  23.737  4.626  -2.643 0.0000000000
89657  24.048  3.841  -2.597 0.0000000000
89668  24.008  3.090  -2.693 0.0000000000
90770  24.763  4.353  -1.439 0.0000000000
92981  25.575  6.399  -0.140 0.0000000000
92980  26.455  6.239  0.250 0.0000000000
94059  26.894  7.247  0.623 0.0000000000
96209  24.984  9.512  -0.349 0.0000000000
95153  25.282  8.559  -0.152 0.0000000000
96198  25.602  9.562  0.050 0.0000000000
95135  28.475  8.202  0.382 0.0000000000
102652  23.277  15.996  -1.725 0.0000000000
101590  21.714  14.432  -1.676 0.0000000000
107309  26.662  20.276  -2.291 0.0000000000
108169  26.123  21.230  -2.505 0.0000000000
105622  25.889  18.752  -1.311 0.0000000000
104656  26.077  17.160  -0.870 0.0000000000
103619  25.193  16.620  -0.864 0.0000000000
102623  25.724  15.372  -0.555 0.0000000000
102642  25.455  14.863  -0.642 0.0000000000
103638  28.392  16.554  -1.533 0.0000000000
102621  27.827  15.387  -0.688 0.0000000000
102641  28.553  15.448  -1.259 0.0000000000
101560  28.411  14.428  -0.710 0.0000000000
78969  23.357  -5.724  -0.056 0.0000000000
81433  23.223  -2.896  -1.153 0.0000000000
81431  24.860  -3.588  -1.574 0.0000000000
78965  26.451  -5.125  -0.489 0.0000000000
78976  25.145  -4.946  -1.104 0.0000000000
78966  25.673  -5.292  -0.604 0.0000000000
77807  25.547  -6.084  -0.239 0.0000000000
87316  26.689  1.507  -0.137 0.0000000000
86228  26.220  0.681  -0.552 0.0000000000
98361  23.860  11.488  -1.629 0.0000000000
100516  25.313  13.303  -0.563 0.0000000000
85135  23.986  -0.338  -2.536 0.0000000000
85124  24.521  -0.370  -2.305 0.0000000000
85110  25.229  -0.391  -1.883 0.0000000000
75437  23.978  -8.502  1.441 0.0000000000
74338  24.272  -9.330  1.807 0.0000000000
75436  25.079  -8.819  1.420 0.0000000000
75422  26.109  -9.078  2.104 0.0000000000
90756  26.979  4.262  0.321 0.0000000000
91910  23.236  5.814  -2.436 0.0000000000
91909  23.972  5.330  -2.109 0.0000000000
91895  24.510  5.542  -1.333 0.0000000000
92982  24.879  6.574  -0.632 0.0000000000
94061  25.409  7.420  -0.150 0.0000000000
98338  26.593  11.357  0.290 0.0000000000
96197  26.363  9.666  0.302 0.0000000000
97264  26.880  10.521  0.441 0.0000000000
97263  27.943  10.634  0.606 0.0000000000
102646  22.588  15.673  -1.561 0.0000000000
107321  26.892  20.339  -3.162 0.0000000000
106474  26.818  19.457  -1.841 0.0000000000
104655  26.955  17.101  -0.893 0.0000000000
103617  27.386  16.331  -0.715 0.0000000000
104654  27.505  16.969  -1.030 0.0000000000
104673  28.507  17.187  -1.888 0.0000000000
81430  25.798  -3.224  -1.511 0.0000000000
80184  26.609  -3.967  -1.488 0.0000000000
80170  26.579  -4.688  -1.065 0.0000000000
75425  22.312  -8.335  2.492 0.0000000000
75438  23.146  -8.324  1.585 0.0000000000
76568  23.481  -7.436  1.204 0.0000000000
76582  24.058  -7.263  0.952 0.0000000000
76581  24.558  -7.290  0.697 0.0000000000
94075  23.421  8.066  -1.402 0.0000000000
95162  23.954  8.761  -1.273 0.0000000000
97266  25.358  10.056  -0.186 0.0000000000
97277  25.484  11.101  -0.194 0.0000000000
99473  27.601  12.734  0.230 0.0000000000
104680  21.734  17.594  -1.153 0.0000000000
105625  22.887  18.627  -1.757 0.0000000000
81459  23.812  -2.206  -2.352 0.0000000000
81457  24.737  -2.813  -2.963 0.0000000000
83871  24.335  -1.272  -2.359 0.0000000000
82655  25.044  -2.229  -2.534 0.0000000000
81442  25.060  -2.890  -2.158 0.0000000000
81429  26.803  -3.209  -1.350 0.0000000000
82627  27.822  -3.083  -1.105 0.0000000000
88478  24.567  2.385  -1.730 0.0000000000
87337  24.927  1.469  -1.495 0.0000000000
88465  25.755  2.183  -0.795 0.0000000000
89622  27.636  3.415  0.167 0.0000000000
87315  27.697  1.503  -0.101 0.0000000000
86270  23.546  0.399  -3.147 0.0000000000
87363  23.731  1.374  -3.346 0.0000000000
88488  24.154  2.341  -2.435 0.0000000000
88490  23.197  2.407  -3.375 0.0000000000
89641  25.045  3.322  -1.376 0.0000000000
91894  25.046  5.029  -0.862 0.0000000000
91880  26.613  5.178  0.224 0.0000000000
92966  27.153  5.835  0.428 0.0000000000
95152  25.873  8.152  0.388 0.0000000000
95137  26.559  8.796  0.514 0.0000000000
95151  26.530  7.957  0.628 0.0000000000
100540  23.615  13.404  -1.639 0.0000000000
105624  23.847  18.689  -1.483 0.0000000000
106477  24.296  19.616  -1.433 0.0000000000
104678  23.535  17.829  -1.643 0.0000000000
104687  23.962  17.360  -1.878 0.0000000000
103641  24.271  16.878  -1.577 0.0000000000
103642  23.722  16.230  -1.308 0.0000000000
104676  25.376  17.723  -1.170 0.0000000000
103620  24.284  16.276  -0.931 0.0000000000
103621  23.889  16.108  -0.887 0.0000000000
102644  24.323  15.067  -0.877 0.0000000000
101588  23.974  14.366  -1.291 0.0000000000
101563  25.650  14.020  -0.526 0.0000000000
101562  26.377  14.384  -0.500 0.0000000000
102622  26.862  15.384  -0.611 0.0000000000
100513  27.968  13.551  -0.236 0.0000000000
77794  23.790  -6.492  0.620 0.0000000000
77793  24.680  -6.744  0.306 0.0000000000
81415  23.520  -4.317  -1.012 0.0000000000
80186  24.667  -4.395  -1.360 0.0000000000
80172  24.496  -4.883  -1.124 0.0000000000
80173  23.845  -4.812  -0.864 0.0000000000
78967  24.751  -5.512  -0.705 0.0000000000
77808  24.734  -6.325  -0.233 0.0000000000
86247  25.565  0.601  -1.209 0.0000000000
86246  26.094  0.275  -0.951 0.0000000000
85109  26.216  -0.378  -1.082 0.0000000000
85091  27.560  -0.029  -0.496 0.0000000000
85108  27.224  -0.709  -0.670 0.0000000000
74298  22.526  -9.935  4.138 0.0000000000
74315  23.175  -10.167  3.032 0.0000000000
77806  26.302  -5.674  0.043 0.0000000000
77809  24.281  -6.351  0.117 0.0000000000
78952  23.452  -5.989  0.096 0.0000000000
78975  25.620  -4.881  -0.987 0.0000000000
80171  25.980  -4.820  -0.822 0.0000000000
80187  24.169  -4.575  -1.333 0.0000000000
81444  23.751  -2.709  -1.945 0.0000000000
81458  24.160  -2.515  -2.585 0.0000000000
82667  24.521  -2.069  -2.730 0.0000000000
82669  23.771  -1.825  -2.284 0.0000000000
83860  24.751  -1.141  -2.343 0.0000000000
83861  23.059  -1.223  -1.828 0.0000000000
83870  24.778  -1.667  -2.478 0.0000000000
85093  26.345  0.170  -0.844 0.0000000000
85111  24.702  0.101  -2.131 0.0000000000
85125  23.064  -0.344  -2.245 0.0000000000
86229  25.679  1.051  -0.697 0.0000000000
87336  25.485  1.526  -0.985 0.0000000000
87362  24.156  1.416  -2.803 0.0000000000
88466  25.263  2.338  -1.231 0.0000000000
99461  27.400  11.987  0.448 0.0000000000
99462  26.975  11.767  0.408 0.0000000000
101564  25.101  13.935  -0.741 0.0000000000
101586  25.286  14.468  -0.685 0.0000000000
102625  24.039  15.740  -0.768 0.0000000000
102626  23.713  15.897  -0.960 0.0000000000
102643  25.063  14.971  -0.766 0.0000000000
102653  23.068  16.159  -2.084 0.0000000000
103616  28.076  16.133  -0.950 0.0000000000
103650  23.893  17.016  -2.126 0.0000000000
104689  23.154  17.005  -2.079 0.0000000000
105638  28.281  18.324  -2.778 0.0000000000
106498  26.790  19.776  -1.933 0.0000000000
107308  27.169  19.914  -2.839 0.0000000000
107310  26.151  20.644  -2.035 0.0000000000
108168  26.589  20.714  -2.816 0.0000000000
