#!ascii label  , from subject 3126 vox2ras=TkReg
2192
68145  44.338  -22.084  23.726 0.0000000000
47188  41.515  -37.590  35.785 0.0000000000
44577  26.164  -39.252  35.934 0.0000000000
47144  20.285  -37.827  38.812 0.0000000000
43088  32.851  -39.678  41.374 0.0000000000
45929  33.342  -39.152  34.574 0.0000000000
65686  51.466  -23.830  27.462 0.0000000000
78562  48.704  -12.399  19.441 0.0000000000
64344  47.629  -23.889  35.778 0.0000000000
57161  42.185  -30.545  29.197 0.0000000000
53525  34.249  -33.226  27.469 0.0000000000
48417  27.051  -36.515  41.241 0.0000000000
51037  23.798  -35.253  36.806 0.0000000000
50937  23.070  -34.448  41.112 0.0000000000
40356  29.303  -40.678  39.441 0.0000000000
67967  49.680  -21.489  34.896 0.0000000000
50931  39.859  -35.117  41.847 0.0000000000
54488  42.540  -31.039  38.416 0.0000000000
58334  44.511  -29.387  36.045 0.0000000000
53459  42.440  -32.965  32.713 0.0000000000
57175  38.163  -31.134  28.465 0.0000000000
52265  38.450  -35.102  31.291 0.0000000000
43224  30.759  -39.400  32.435 0.0000000000
47269  32.505  -38.319  30.449 0.0000000000
74201  43.670  -16.479  19.370 0.0000000000
75410  46.371  -15.428  15.532 0.0000000000
48542  28.045  -37.557  31.320 0.0000000000
48560  23.742  -37.031  30.224 0.0000000000
43135  38.521  -41.426  38.320 0.0000000000
45926  37.792  -39.139  35.061 0.0000000000
40409  34.680  -41.876  38.463 0.0000000000
44573  29.523  -39.600  36.271 0.0000000000
66863  49.894  -23.193  28.037 0.0000000000
49634  20.249  -36.410  45.006 0.0000000000
43110  20.162  -41.629  41.768 0.0000000000
74153  44.546  -16.875  24.165 0.0000000000
66865  45.020  -21.703  28.641 0.0000000000
63188  48.875  -24.811  31.970 0.0000000000
60853  50.767  -26.420  31.005 0.0000000000
63260  46.541  -25.714  28.160 0.0000000000
66708  45.007  -22.558  39.287 0.0000000000
62016  42.821  -25.990  31.637 0.0000000000
62099  41.626  -27.367  25.416 0.0000000000
60944  36.714  -27.537  24.453 0.0000000000
49880  34.796  -35.963  30.992 0.0000000000
49672  26.584  -35.612  42.427 0.0000000000
49728  25.208  -35.424  40.580 0.0000000000
50917  25.034  -34.178  41.843 0.0000000000
47071  28.381  -37.752  42.688 0.0000000000
50990  39.863  -35.555  38.187 0.0000000000
52185  41.929  -34.358  37.156 0.0000000000
53382  44.106  -33.203  35.782 0.0000000000
51049  42.412  -35.335  34.407 0.0000000000
53462  40.018  -33.872  32.366 0.0000000000
49834  40.124  -36.493  33.667 0.0000000000
43253  30.964  -40.423  30.146 0.0000000000
43239  32.476  -40.536  30.539 0.0000000000
70493  42.684  -19.995  21.641 0.0000000000
71718  43.840  -18.588  19.006 0.0000000000
69341  44.827  -20.459  21.176 0.0000000000
45950  26.473  -37.995  33.685 0.0000000000
48558  25.728  -37.588  30.539 0.0000000000
47251  24.500  -37.991  33.129 0.0000000000
49771  21.865  -35.798  37.291 0.0000000000
49817  21.674  -36.389  34.898 0.0000000000
47197  20.211  -38.262  35.503 0.0000000000
44559  19.670  -40.335  36.824 0.0000000000
47100  36.350  -37.496  40.266 0.0000000000
44497  35.526  -40.291  39.484 0.0000000000
40383  37.339  -42.693  38.488 0.0000000000
38965  33.794  -42.071  39.944 0.0000000000
43177  27.900  -39.622  37.813 0.0000000000
41842  29.248  -40.730  37.378 0.0000000000
44575  27.646  -39.811  35.666 0.0000000000
47216  28.433  -38.478  33.859 0.0000000000
65653  52.309  -23.538  29.570 0.0000000000
66860  52.778  -22.068  28.151 0.0000000000
65700  52.289  -23.122  26.207 0.0000000000
40311  19.801  -42.485  43.785 0.0000000000
65641  46.054  -23.148  30.655 0.0000000000
68004  47.665  -21.241  32.388 0.0000000000
64320  49.388  -23.642  36.069 0.0000000000
63151  49.429  -24.844  34.444 0.0000000000
60820  49.069  -26.457  33.015 0.0000000000
62055  48.716  -26.234  29.726 0.0000000000
61997  47.275  -26.049  32.216 0.0000000000
57098  44.197  -30.561  32.580 0.0000000000
60806  42.664  -27.432  34.164 0.0000000000
59664  42.931  -28.718  30.189 0.0000000000
60910  43.690  -27.486  27.564 0.0000000000
58473  41.774  -29.019  26.900 0.0000000000
60941  39.733  -27.313  25.011 0.0000000000
58475  39.734  -29.259  27.064 0.0000000000
58479  35.109  -29.908  26.455 0.0000000000
47193  35.400  -38.759  35.443 0.0000000000
48512  36.865  -37.549  33.320 0.0000000000
48500  34.045  -37.445  34.136 0.0000000000
48597  31.983  -37.314  28.749 0.0000000000
81777  51.347  -9.418  18.322 0.0000000000
80686  49.354  -10.895  18.001 0.0000000000
47142  26.875  -37.523  38.747 0.0000000000
47181  25.437  -37.625  35.986 0.0000000000
49769  25.027  -35.996  38.621 0.0000000000
50975  23.138  -35.181  39.697 0.0000000000
50956  21.076  -35.441  39.713 0.0000000000
43046  31.223  -39.108  42.873 0.0000000000
40325  31.496  -41.102  40.829 0.0000000000
43077  29.297  -39.629  42.206 0.0000000000
45840  28.844  -38.751  39.925 0.0000000000
70243  49.391  -19.617  33.084 0.0000000000
69053  48.104  -20.253  36.845 0.0000000000
56979  44.397  -30.060  37.032 0.0000000000
54631  44.604  -32.293  33.794 0.0000000000
54683  42.818  -31.618  30.930 0.0000000000
57173  39.938  -30.357  28.650 0.0000000000
54698  40.072  -31.728  30.304 0.0000000000
54700  38.187  -32.908  29.935 0.0000000000
52307  36.615  -34.320  29.024 0.0000000000
43215  31.411  -39.412  33.537 0.0000000000
47232  32.301  -38.273  33.156 0.0000000000
44611  32.075  -39.503  31.491 0.0000000000
76473  45.601  -14.523  19.477 0.0000000000
78579  46.787  -12.174  17.181 0.0000000000
74211  44.050  -16.109  17.328 0.0000000000
49839  23.613  -36.429  33.507 0.0000000000
48429  38.452  -36.713  39.140 0.0000000000
44538  39.819  -39.600  37.242 0.0000000000
45923  40.011  -38.955  34.884 0.0000000000
41852  38.895  -41.433  36.488 0.0000000000
44549  36.652  -40.794  36.662 0.0000000000
44552  33.926  -40.499  36.455 0.0000000000
40369  31.610  -41.666  39.031 0.0000000000
41839  31.435  -40.612  37.307 0.0000000000
44554  31.830  -39.863  36.271 0.0000000000
45932  30.436  -39.335  33.739 0.0000000000
45971  29.765  -39.038  31.512 0.0000000000
66913  46.595  -22.600  25.446 0.0000000000
68142  47.694  -21.240  23.606 0.0000000000
68076  50.669  -21.723  26.298 0.0000000000
50901  21.123  -34.907  43.203 0.0000000000
49693  19.870  -36.731  41.976 0.0000000000
45782  20.024  -39.341  43.847 0.0000000000
45842  19.742  -39.724  40.445 0.0000000000
76461  46.423  -14.567  20.886 0.0000000000
74170  43.834  -16.785  22.006 0.0000000000
70471  42.680  -19.197  23.451 0.0000000000
66916  43.710  -22.236  25.843 0.0000000000
65691  45.634  -23.226  27.737 0.0000000000
65657  48.551  -24.296  29.537 0.0000000000
65619  51.569  -24.703  31.402 0.0000000000
64379  49.141  -23.008  33.636 0.0000000000
63168  51.116  -25.002  32.751 0.0000000000
63235  51.167  -25.330  29.111 0.0000000000
63256  49.194  -25.338  27.420 0.0000000000
63266  47.284  -25.584  26.193 0.0000000000
67958  45.724  -21.804  36.125 0.0000000000
61933  43.772  -26.139  37.912 0.0000000000
64346  43.165  -24.049  36.098 0.0000000000
63157  45.043  -24.870  33.946 0.0000000000
62059  44.421  -26.313  29.646 0.0000000000
62096  44.258  -26.698  26.066 0.0000000000
59707  37.238  -29.184  26.536 0.0000000000
48525  38.355  -37.277  32.753 0.0000000000
49878  37.003  -36.105  30.656 0.0000000000
52288  34.780  -34.696  29.199 0.0000000000
49865  32.870  -36.609  31.071 0.0000000000
51105  32.714  -35.724  29.390 0.0000000000
49692  25.677  -35.078  42.007 0.0000000000
52071  25.760  -34.157  42.771 0.0000000000
48452  40.673  -36.615  36.659 0.0000000000
52165  40.884  -34.560  37.821 0.0000000000
47167  42.039  -36.362  36.513 0.0000000000
49799  43.176  -35.552  36.082 0.0000000000
48493  42.098  -36.558  35.284 0.0000000000
49832  41.310  -35.945  34.387 0.0000000000
48495  40.996  -37.101  34.852 0.0000000000
69315  43.378  -21.120  22.330 0.0000000000
69342  44.118  -20.596  21.281 0.0000000000
68183  45.266  -21.211  22.170 0.0000000000
44590  26.309  -38.601  34.833 0.0000000000
45963  25.582  -37.945  33.196 0.0000000000
45938  25.334  -38.179  34.707 0.0000000000
49772  21.093  -36.452  37.887 0.0000000000
48480  20.915  -37.097  36.279 0.0000000000
47173  19.775  -38.063  37.621 0.0000000000
45900  19.783  -38.930  36.250 0.0000000000
47160  19.833  -38.577  38.250 0.0000000000
44436  33.333  -39.255  43.274 0.0000000000
44465  33.595  -38.819  41.783 0.0000000000
45817  34.791  -38.842  40.501 0.0000000000
43105  33.993  -40.348  40.268 0.0000000000
41754  35.030  -41.602  40.002 0.0000000000
40338  33.358  -41.338  40.236 0.0000000000
44557  26.963  -39.255  36.400 0.0000000000
43210  27.390  -40.118  36.412 0.0000000000
44576  26.783  -39.341  35.630 0.0000000000
44589  27.067  -39.049  34.876 0.0000000000
64484  52.262  -24.203  28.283 0.0000000000
65669  52.773  -23.134  28.047 0.0000000000
65685  52.188  -23.529  27.467 0.0000000000
69155  47.733  -19.649  30.602 0.0000000000
69144  47.234  -20.348  30.893 0.0000000000
69133  48.373  -19.834  31.737 0.0000000000
64342  48.814  -24.189  36.502 0.0000000000
63136  49.352  -25.019  35.350 0.0000000000
61953  48.617  -25.627  34.820 0.0000000000
61996  48.366  -26.356  32.235 0.0000000000
63155  47.933  -25.540  33.706 0.0000000000
57145  43.726  -30.568  30.574 0.0000000000
58407  43.623  -29.851  31.075 0.0000000000
57169  43.172  -29.960  28.829 0.0000000000
58452  42.996  -29.360  28.054 0.0000000000
57177  42.147  -29.981  28.086 0.0000000000
58474  40.785  -29.140  26.917 0.0000000000
57179  41.134  -29.754  27.913 0.0000000000
45909  34.319  -39.316  35.345 0.0000000000
47211  34.894  -38.418  34.833 0.0000000000
47212  33.928  -38.208  34.540 0.0000000000
80667  50.310  -10.938  19.004 0.0000000000
79593  48.672  -11.687  18.978 0.0000000000
47127  27.605  -37.008  39.739 0.0000000000
47143  26.367  -37.062  38.127 0.0000000000
49748  26.265  -36.084  39.951 0.0000000000
49729  24.032  -35.246  40.920 0.0000000000
49750  24.246  -35.195  40.103 0.0000000000
50954  23.000  -35.086  40.537 0.0000000000
50976  22.109  -35.021  39.162 0.0000000000
50938  21.789  -34.430  40.833 0.0000000000
45779  30.062  -38.689  43.758 0.0000000000
43058  30.163  -39.360  42.550 0.0000000000
45780  29.385  -38.315  43.475 0.0000000000
48416  27.573  -37.144  41.621 0.0000000000
47106  28.525  -38.363  41.502 0.0000000000
47107  27.926  -37.673  40.982 0.0000000000
45860  28.176  -38.552  39.158 0.0000000000
55697  41.598  -31.505  39.352 0.0000000000
55649  42.129  -30.396  40.528 0.0000000000
56919  43.018  -29.724  39.631 0.0000000000
58277  44.169  -29.013  39.293 0.0000000000
55715  43.597  -30.648  37.710 0.0000000000
52252  44.080  -33.616  33.968 0.0000000000
54592  44.438  -32.774  34.813 0.0000000000
53457  44.003  -32.662  33.185 0.0000000000
54648  44.077  -31.979  32.601 0.0000000000
54650  42.378  -32.329  32.044 0.0000000000
54685  40.937  -31.633  31.005 0.0000000000
53472  41.166  -32.449  31.894 0.0000000000
52262  39.497  -34.609  32.469 0.0000000000
53483  39.006  -33.401  31.219 0.0000000000
53484  38.264  -33.930  30.652 0.0000000000
53494  37.535  -33.714  29.733 0.0000000000
52273  37.704  -34.704  30.465 0.0000000000
43217  31.050  -39.584  33.158 0.0000000000
44598  31.552  -39.092  32.645 0.0000000000
43229  31.261  -39.581  31.734 0.0000000000
75386  44.679  -15.493  19.605 0.0000000000
76476  44.738  -14.777  18.514 0.0000000000
75389  43.884  -15.921  18.593 0.0000000000
72955  45.286  -18.064  17.860 0.0000000000
47285  28.850  -38.351  30.247 0.0000000000
48574  28.322  -37.802  29.859 0.0000000000
49803  24.687  -35.880  36.514 0.0000000000
48487  24.766  -37.024  35.069 0.0000000000
49815  23.623  -36.070  35.229 0.0000000000
47238  20.298  -37.832  33.507 0.0000000000
48521  21.080  -36.756  33.238 0.0000000000
45835  37.636  -39.600  38.306 0.0000000000
47098  37.559  -36.877  39.517 0.0000000000
47137  38.033  -38.469  38.544 0.0000000000
47135  38.843  -38.573  37.758 0.0000000000
44516  39.042  -40.637  37.729 0.0000000000
43185  40.216  -41.328  36.652 0.0000000000
40380  39.649  -42.263  38.166 0.0000000000
40385  35.442  -42.258  38.436 0.0000000000
41816  36.529  -42.037  37.446 0.0000000000
43168  35.662  -41.162  37.413 0.0000000000
44551  34.919  -40.453  36.799 0.0000000000
43170  34.001  -41.168  37.663 0.0000000000
40342  30.668  -40.621  39.876 0.0000000000
38981  31.969  -42.249  39.918 0.0000000000
40370  30.755  -41.573  39.068 0.0000000000
41855  29.573  -40.196  36.884 0.0000000000
41822  30.697  -40.891  37.944 0.0000000000
43206  30.368  -39.890  36.882 0.0000000000
44555  30.744  -39.609  36.517 0.0000000000
45911  30.874  -39.469  34.755 0.0000000000
45912  30.070  -39.372  34.987 0.0000000000
47246  28.212  -38.188  32.631 0.0000000000
47233  29.420  -38.738  33.111 0.0000000000
47256  29.155  -38.480  31.509 0.0000000000
65703  48.589  -23.164  27.079 0.0000000000
66911  48.066  -22.342  25.676 0.0000000000
66878  50.390  -22.393  26.949 0.0000000000
68058  52.902  -21.406  27.729 0.0000000000
50885  20.536  -34.943  44.251 0.0000000000
50902  20.223  -35.462  42.784 0.0000000000
49655  20.010  -36.720  43.881 0.0000000000
43078  20.449  -41.615  43.366 0.0000000000
44457  20.170  -40.502  43.061 0.0000000000
45809  20.035  -39.706  42.090 0.0000000000
44503  20.179  -40.576  40.850 0.0000000000
44523  19.765  -40.633  40.096 0.0000000000
43127  20.488  -42.048  40.281 0.0000000000
76450  48.404  -13.695  21.496 0.0000000000
75352  45.499  -15.731  22.687 0.0000000000
72872  44.123  -16.749  22.948 0.0000000000
71669  42.787  -18.409  22.973 0.0000000000
71646  43.396  -18.186  23.605 0.0000000000
69212  44.686  -20.345  26.684 0.0000000000
69237  43.701  -20.426  25.783 0.0000000000
66885  44.045  -21.858  27.505 0.0000000000
65706  45.070  -22.993  27.263 0.0000000000
65677  44.726  -22.764  28.477 0.0000000000
64438  47.126  -23.789  31.484 0.0000000000
64473  47.653  -24.403  29.813 0.0000000000
64452  49.188  -24.496  30.559 0.0000000000
65637  50.283  -24.289  30.284 0.0000000000
64434  50.475  -24.952  31.326 0.0000000000
69095  49.602  -20.246  34.179 0.0000000000
67990  49.305  -21.158  33.810 0.0000000000
66801  49.652  -22.106  34.324 0.0000000000
61984  49.999  -25.854  32.873 0.0000000000
63169  49.914  -25.053  33.220 0.0000000000
61994  51.241  -25.860  31.760 0.0000000000
62009  51.535  -25.879  30.928 0.0000000000
62032  50.977  -25.841  30.233 0.0000000000
63245  50.171  -25.462  28.467 0.0000000000
62053  50.021  -25.800  29.364 0.0000000000
63249  47.181  -25.834  28.439 0.0000000000
63258  47.488  -25.644  27.645 0.0000000000
62086  46.400  -25.942  26.415 0.0000000000
62095  45.467  -26.158  25.824 0.0000000000
67926  44.774  -21.371  38.008 0.0000000000
59558  44.524  -28.396  37.708 0.0000000000
61932  44.128  -26.472  38.215 0.0000000000
60770  44.156  -27.472  37.031 0.0000000000
62001  42.572  -26.533  32.827 0.0000000000
61974  43.061  -25.856  34.575 0.0000000000
63174  42.923  -25.285  33.664 0.0000000000
65582  43.976  -23.766  34.329 0.0000000000
63190  44.026  -25.383  32.641 0.0000000000
61999  44.943  -25.731  32.427 0.0000000000
62038  44.128  -26.230  30.612 0.0000000000
60917  43.112  -28.151  26.630 0.0000000000
60916  43.495  -27.738  26.952 0.0000000000
62097  43.138  -27.114  25.733 0.0000000000
63287  43.095  -25.992  24.378 0.0000000000
63289  41.394  -26.129  24.352 0.0000000000
62125  40.216  -26.287  23.965 0.0000000000
60943  37.779  -27.495  24.628 0.0000000000
62127  38.359  -26.330  23.564 0.0000000000
57174  39.128  -30.834  28.542 0.0000000000
58464  38.133  -30.047  27.465 0.0000000000
58465  37.056  -30.138  27.326 0.0000000000
58493  35.627  -29.313  25.879 0.0000000000
45925  38.513  -38.991  34.790 0.0000000000
47226  38.748  -38.210  33.793 0.0000000000
47227  37.852  -38.284  33.836 0.0000000000
49849  35.607  -36.416  32.181 0.0000000000
49848  36.605  -36.490  31.999 0.0000000000
51069  35.602  -35.758  30.841 0.0000000000
51081  36.161  -35.640  30.308 0.0000000000
51082  35.045  -35.683  30.332 0.0000000000
47255  32.506  -38.117  31.526 0.0000000000
48531  32.937  -37.164  32.428 0.0000000000
48554  32.614  -37.337  30.834 0.0000000000
49923  32.244  -36.402  28.859 0.0000000000
52311  33.258  -34.536  28.146 0.0000000000
77581  45.724  -14.047  15.970 0.0000000000
78582  46.938  -12.306  16.157 0.0000000000
69285  47.708  -20.860  22.988 0.0000000000
48400  26.687  -36.323  42.010 0.0000000000
49727  25.988  -36.205  40.541 0.0000000000
49691  26.059  -35.565  41.748 0.0000000000
49708  25.147  -34.884  41.120 0.0000000000
50936  23.884  -34.626  41.397 0.0000000000
48384  27.610  -36.729  42.289 0.0000000000
50969  39.756  -35.264  39.869 0.0000000000
52129  41.159  -33.842  40.514 0.0000000000
53325  40.644  -34.125  39.329 0.0000000000
53344  40.930  -33.472  38.310 0.0000000000
53342  42.435  -32.941  37.186 0.0000000000
54509  43.433  -31.857  36.982 0.0000000000
50987  42.879  -33.768  36.561 0.0000000000
52224  43.571  -34.559  35.264 0.0000000000
52254  42.156  -34.102  33.449 0.0000000000
52260  41.315  -33.857  33.044 0.0000000000
52255  41.066  -34.712  33.563 0.0000000000
52256  40.417  -35.098  33.528 0.0000000000
51057  39.134  -36.044  33.114 0.0000000000
41880  30.927  -40.225  31.298 0.0000000000
41878  31.657  -40.378  30.978 0.0000000000
41893  31.724  -40.619  30.430 0.0000000000
72925  42.627  -17.950  20.126 0.0000000000
72937  43.328  -17.526  18.919 0.0000000000
70523  43.189  -19.283  19.759 0.0000000000
70507  45.063  -19.879  20.375 0.0000000000
47247  27.363  -37.840  32.851 0.0000000000
48557  26.742  -37.520  30.572 0.0000000000
47260  26.164  -37.786  32.347 0.0000000000
48545  25.008  -37.660  31.593 0.0000000000
47261  24.400  -37.936  32.006 0.0000000000
51020  22.778  -35.314  37.135 0.0000000000
49805  22.821  -35.737  35.771 0.0000000000
49806  21.765  -36.301  35.806 0.0000000000
47219  20.593  -37.607  35.293 0.0000000000
44579  19.566  -40.134  35.456 0.0000000000
45873  35.795  -38.751  38.988 0.0000000000
43120  37.101  -41.457  39.177 0.0000000000
41762  38.251  -42.067  39.510 0.0000000000
41765  36.165  -41.898  39.575 0.0000000000
38976  35.793  -42.476  39.350 0.0000000000
39011  34.397  -42.472  39.055 0.0000000000
41777  28.695  -40.715  39.054 0.0000000000
40392  29.234  -41.225  38.741 0.0000000000
41825  28.597  -40.619  37.860 0.0000000000
43209  28.434  -40.313  36.615 0.0000000000
44574  28.607  -39.735  35.808 0.0000000000
45913  29.213  -39.276  35.325 0.0000000000
44588  27.913  -39.287  35.032 0.0000000000
45949  27.516  -38.551  34.101 0.0000000000
66849  51.274  -23.090  29.076 0.0000000000
66862  50.875  -22.675  28.207 0.0000000000
66847  52.439  -22.720  28.669 0.0000000000
66875  53.252  -22.293  27.401 0.0000000000
41710  20.217  -42.199  44.377 0.0000000000
41745  20.409  -42.269  42.706 0.0000000000
41770  20.348  -42.493  40.819 0.0000000000
40328  20.036  -42.706  42.600 0.0000000000
69158  46.003  -20.838  28.977 0.0000000000
65642  45.403  -22.603  29.956 0.0000000000
68025  45.912  -21.559  30.552 0.0000000000
66830  46.677  -22.136  31.565 0.0000000000
65622  47.763  -23.515  32.433 0.0000000000
66771  49.743  -22.391  35.292 0.0000000000
65561  49.721  -23.030  35.039 0.0000000000
63135  49.466  -24.523  35.400 0.0000000000
61968  49.453  -25.757  34.333 0.0000000000
60836  49.890  -26.605  32.128 0.0000000000
60897  49.511  -26.389  30.094 0.0000000000
62010  49.039  -26.456  30.972 0.0000000000
62035  47.626  -26.433  30.487 0.0000000000
62057  46.786  -26.400  29.606 0.0000000000
57050  43.768  -30.104  33.875 0.0000000000
59584  43.688  -28.498  35.570 0.0000000000
58370  43.408  -29.676  33.339 0.0000000000
59628  43.129  -28.628  32.033 0.0000000000
60881  42.592  -27.404  31.118 0.0000000000
60899  43.091  -27.653  29.458 0.0000000000
59681  43.328  -28.550  29.062 0.0000000000
58471  42.945  -28.973  26.824 0.0000000000
59717  42.047  -28.543  26.415 0.0000000000
60940  40.589  -27.305  25.249 0.0000000000
59719  40.394  -28.387  25.992 0.0000000000
59720  39.491  -28.323  25.968 0.0000000000
59721  38.395  -28.407  25.801 0.0000000000
55941  36.769  -31.762  27.981 0.0000000000
57183  36.454  -30.817  27.518 0.0000000000
57184  35.761  -31.002  27.200 0.0000000000
57206  34.178  -30.574  26.298 0.0000000000
57222  33.073  -30.104  25.065 0.0000000000
47192  36.241  -38.985  35.406 0.0000000000
47228  36.938  -38.249  33.840 0.0000000000
47210  36.093  -38.351  34.736 0.0000000000
48514  34.711  -37.015  33.507 0.0000000000
49850  34.556  -36.577  32.162 0.0000000000
48572  32.437  -37.398  29.772 0.0000000000
47303  32.622  -38.156  28.323 0.0000000000
81763  51.606  -9.962  19.123 0.0000000000
81778  50.559  -9.881  18.219 0.0000000000
81806  49.763  -9.915  16.767 0.0000000000
45884  27.129  -38.369  37.023 0.0000000000
45898  25.720  -38.341  36.212 0.0000000000
47158  26.211  -37.402  37.363 0.0000000000
48456  25.719  -36.537  37.893 0.0000000000
49788  24.845  -35.703  37.632 0.0000000000
49749  25.490  -35.794  39.637 0.0000000000
49770  24.333  -35.192  39.183 0.0000000000
51019  23.781  -35.082  37.721 0.0000000000
50998  22.139  -35.400  38.117 0.0000000000
50977  21.291  -35.709  38.889 0.0000000000
49730  20.525  -36.225  39.376 0.0000000000
43073  31.865  -39.689  41.989 0.0000000000
41741  32.084  -40.630  41.391 0.0000000000
43074  31.228  -39.837  42.062 0.0000000000
43089  30.449  -40.051  41.055 0.0000000000
43109  29.757  -39.545  40.425 0.0000000000
45792  28.953  -38.387  42.749 0.0000000000
44479  29.414  -39.162  41.015 0.0000000000
43125  29.141  -39.759  39.548 0.0000000000
44521  28.390  -39.353  39.195 0.0000000000
44533  27.626  -39.181  38.188 0.0000000000
64499  49.972  -24.193  26.459 0.0000000000
65714  50.616  -23.662  25.878 0.0000000000
64517  49.694  -23.821  24.699 0.0000000000
70275  49.001  -19.373  31.532 0.0000000000
69080  49.548  -20.567  35.199 0.0000000000
67943  49.285  -20.900  36.167 0.0000000000
66728  48.893  -22.130  36.426 0.0000000000
66752  48.243  -22.289  37.147 0.0000000000
59544  44.514  -28.476  38.471 0.0000000000
56997  44.540  -29.994  36.458 0.0000000000
54565  44.206  -32.071  35.881 0.0000000000
55762  44.684  -31.419  35.418 0.0000000000
57048  44.770  -30.880  34.759 0.0000000000
55845  44.558  -31.402  33.170 0.0000000000
55884  44.084  -31.313  31.631 0.0000000000
55912  42.430  -30.782  29.839 0.0000000000
55926  41.192  -30.598  28.951 0.0000000000
55913  41.432  -31.039  29.736 0.0000000000
55914  40.367  -31.267  29.662 0.0000000000
55915  39.407  -31.550  29.703 0.0000000000
53473  40.264  -33.173  31.776 0.0000000000
54699  39.073  -32.212  30.270 0.0000000000
55930  37.484  -31.857  29.048 0.0000000000
54707  36.865  -32.825  28.827 0.0000000000
53508  36.386  -33.627  28.614 0.0000000000
53509  35.659  -33.574  28.283 0.0000000000
44585  31.961  -39.442  33.986 0.0000000000
45930  32.648  -38.820  33.912 0.0000000000
45944  32.059  -38.631  33.240 0.0000000000
45959  32.147  -38.717  32.217 0.0000000000
45970  32.510  -39.039  31.120 0.0000000000
44620  32.615  -39.813  30.647 0.0000000000
77561  47.288  -13.544  19.339 0.0000000000
78571  47.697  -12.411  18.391 0.0000000000
77565  45.944  -13.544  18.544 0.0000000000
77572  45.053  -13.839  17.207 0.0000000000
75402  45.522  -15.430  16.064 0.0000000000
72957  44.018  -17.184  18.117 0.0000000000
72993  45.196  -16.789  16.548 0.0000000000
47195  24.776  -37.953  34.896 0.0000000000
48518  24.368  -37.271  33.519 0.0000000000
48546  23.842  -37.182  31.587 0.0000000000
49827  22.604  -36.302  34.199 0.0000000000
48519  22.413  -36.005  32.820 0.0000000000
49721  38.854  -35.769  40.069 0.0000000000
49743  39.058  -36.038  39.159 0.0000000000
48454  39.695  -37.314  37.631 0.0000000000
45891  40.823  -39.033  36.466 0.0000000000
47190  40.926  -38.484  35.057 0.0000000000
45892  40.559  -39.463  36.171 0.0000000000
44563  39.686  -40.218  35.917 0.0000000000
44565  37.956  -40.303  36.046 0.0000000000
41814  38.173  -42.108  37.326 0.0000000000
43205  37.434  -41.027  36.560 0.0000000000
44566  37.115  -40.233  36.324 0.0000000000
45894  35.973  -39.922  36.433 0.0000000000
44568  34.593  -40.104  36.013 0.0000000000
44569  33.543  -40.102  35.534 0.0000000000
40339  32.538  -41.547  40.483 0.0000000000
38992  33.330  -42.055  39.332 0.0000000000
40388  32.656  -41.597  38.611 0.0000000000
41799  30.471  -41.283  38.402 0.0000000000
41797  32.083  -41.211  38.143 0.0000000000
43171  32.984  -41.372  37.680 0.0000000000
43190  33.347  -40.869  37.057 0.0000000000
44553  32.876  -40.419  36.265 0.0000000000
44570  32.497  -39.910  35.330 0.0000000000
44571  31.629  -39.655  35.016 0.0000000000
44586  31.210  -39.516  33.932 0.0000000000
44599  30.476  -39.410  32.544 0.0000000000
45933  29.617  -38.900  34.216 0.0000000000
44600  30.228  -39.290  32.645 0.0000000000
44612  30.430  -39.631  31.634 0.0000000000
44621  30.448  -40.190  30.731 0.0000000000
66927  45.863  -22.486  24.734 0.0000000000
68144  45.657  -22.090  23.560 0.0000000000
68101  47.619  -22.296  25.100 0.0000000000
68060  51.079  -22.078  27.315 0.0000000000
68075  51.599  -21.220  26.066 0.0000000000
65713  51.412  -23.218  25.405 0.0000000000
53272  24.058  -33.363  43.080 0.0000000000
52092  23.569  -33.530  42.530 0.0000000000
50899  22.652  -33.417  42.486 0.0000000000
52094  21.572  -34.050  43.289 0.0000000000
50920  21.768  -33.850  41.676 0.0000000000
50921  20.850  -34.834  41.865 0.0000000000
50940  19.752  -36.010  41.420 0.0000000000
49731  19.764  -36.876  39.848 0.0000000000
48371  20.168  -37.542  44.450 0.0000000000
48386  19.658  -37.658  42.719 0.0000000000
47089  19.756  -38.835  41.509 0.0000000000
47128  19.744  -38.762  39.981 0.0000000000
45877  20.006  -39.513  38.628 0.0000000000
77559  49.037  -13.061  20.084 0.0000000000
76471  47.480  -13.674  19.887 0.0000000000
76462  45.671  -14.838  20.417 0.0000000000
75376  44.769  -15.621  20.588 0.0000000000
76452  46.582  -14.707  22.035 0.0000000000
75366  44.887  -15.675  21.327 0.0000000000
74183  44.278  -16.312  21.220 0.0000000000
72895  42.737  -17.812  21.775 0.0000000000
70472  42.373  -19.676  22.884 0.0000000000
68147  42.741  -21.329  23.885 0.0000000000
70416  43.357  -19.416  24.662 0.0000000000
68126  42.690  -21.143  24.691 0.0000000000
66929  43.884  -22.297  25.158 0.0000000000
66914  45.544  -22.631  25.657 0.0000000000
66881  46.809  -23.141  27.080 0.0000000000
65689  47.689  -23.445  27.517 0.0000000000
65659  45.942  -23.583  29.593 0.0000000000
65674  47.607  -24.115  28.621 0.0000000000
65672  49.786  -23.468  28.646 0.0000000000
65655  50.633  -23.451  29.327 0.0000000000
65635  51.707  -24.214  30.462 0.0000000000
64470  52.033  -24.656  29.346 0.0000000000
69106  48.616  -20.339  32.924 0.0000000000
66812  48.819  -22.356  33.017 0.0000000000
64420  48.236  -23.782  32.853 0.0000000000
64377  49.047  -23.823  34.368 0.0000000000
64399  49.131  -24.713  33.507 0.0000000000
64418  49.784  -24.980  32.393 0.0000000000
63184  52.268  -24.942  32.167 0.0000000000
63221  51.754  -25.308  30.303 0.0000000000
64485  51.601  -24.804  28.712 0.0000000000
63255  50.155  -24.926  27.367 0.0000000000
64500  49.231  -24.595  26.229 0.0000000000
63247  48.350  -25.673  28.285 0.0000000000
63265  48.175  -25.252  26.399 0.0000000000
67944  47.002  -21.092  36.647 0.0000000000
65541  47.012  -22.915  36.552 0.0000000000
65521  44.387  -23.392  38.870 0.0000000000
61957  43.534  -26.323  36.229 0.0000000000
63111  43.156  -24.785  37.358 0.0000000000
65543  43.578  -23.097  37.574 0.0000000000
66755  43.905  -22.149  36.746 0.0000000000
66787  45.262  -22.907  35.688 0.0000000000
63140  46.547  -24.738  34.653 0.0000000000
61987  46.159  -25.529  33.048 0.0000000000
62013  46.305  -26.101  31.388 0.0000000000
62070  46.038  -25.961  28.621 0.0000000000
62072  43.869  -26.423  29.034 0.0000000000
60909  44.501  -26.444  27.702 0.0000000000
62087  45.241  -26.348  26.724 0.0000000000
62107  44.799  -26.187  25.309 0.0000000000
62126  39.274  -26.369  23.712 0.0000000000
63319  38.390  -25.514  22.535 0.0000000000
58454  40.088  -29.857  28.297 0.0000000000
59706  37.977  -28.969  26.486 0.0000000000
59722  37.072  -28.601  26.075 0.0000000000
58478  36.372  -29.675  26.662 0.0000000000
59723  36.183  -28.669  25.522 0.0000000000
48497  39.906  -37.723  33.932 0.0000000000
48524  38.985  -37.154  33.012 0.0000000000
49858  38.486  -36.131  32.168 0.0000000000
48511  37.701  -37.675  33.327 0.0000000000
49847  37.425  -36.696  32.014 0.0000000000
51067  37.868  -35.634  31.010 0.0000000000
51101  36.500  -35.201  29.771 0.0000000000
52308  35.800  -34.432  28.748 0.0000000000
52326  34.588  -34.110  27.945 0.0000000000
48516  32.916  -37.298  33.012 0.0000000000
48530  33.629  -36.953  32.561 0.0000000000
49864  33.483  -36.504  31.422 0.0000000000
49883  32.762  -36.487  30.302 0.0000000000
49882  33.371  -36.113  30.671 0.0000000000
51083  33.951  -35.476  30.211 0.0000000000
51104  33.543  -35.011  29.281 0.0000000000
52310  33.979  -34.532  28.451 0.0000000000
79612  47.791  -11.699  17.817 0.0000000000
79625  48.045  -11.181  16.536 0.0000000000
80711  49.335  -10.550  15.592 0.0000000000
69312  46.822  -20.936  22.558 0.0000000000
47169  41.060  -37.327  36.449 0.0000000000
48467  41.150  -36.527  36.559 0.0000000000
47187  41.942  -36.917  36.078 0.0000000000
47201  42.315  -36.561  35.859 0.0000000000
47203  41.525  -37.256  35.417 0.0000000000
48494  41.565  -36.757  35.028 0.0000000000
47204  41.168  -37.861  34.908 0.0000000000
68165  43.424  -21.525  23.072 0.0000000000
69314  43.960  -21.151  22.010 0.0000000000
68164  44.538  -21.421  22.648 0.0000000000
45915  26.136  -38.730  35.287 0.0000000000
44605  25.566  -38.047  34.450 0.0000000000
45916  25.706  -38.592  35.366 0.0000000000
48444  20.347  -37.187  38.574 0.0000000000
48457  20.154  -37.183  37.978 0.0000000000
47159  20.047  -37.861  38.444 0.0000000000
43071  32.885  -39.244  41.873 0.0000000000
44452  33.245  -38.911  42.687 0.0000000000
44477  33.974  -39.534  40.638 0.0000000000
43087  33.341  -39.811  40.783 0.0000000000
41755  34.029  -41.086  40.035 0.0000000000
41739  33.229  -40.573  40.432 0.0000000000
43211  26.916  -39.644  36.272 0.0000000000
64491  51.920  -24.063  27.810 0.0000000000
65701  51.485  -23.539  26.563 0.0000000000
70292  48.398  -19.336  30.830 0.0000000000
64343  48.348  -24.165  36.154 0.0000000000
61942  48.563  -25.312  35.429 0.0000000000
63122  48.106  -24.902  35.656 0.0000000000
61954  47.938  -25.634  34.679 0.0000000000
63138  47.729  -25.332  35.316 0.0000000000
55911  42.911  -30.541  29.834 0.0000000000
57159  43.334  -30.207  29.658 0.0000000000
57160  42.803  -30.379  29.290 0.0000000000
57178  41.623  -29.904  27.981 0.0000000000
45910  33.525  -39.631  35.086 0.0000000000
45928  34.090  -38.801  34.876 0.0000000000
78561  49.702  -12.362  19.869 0.0000000000
79592  49.331  -11.618  19.308 0.0000000000
47108  27.445  -36.797  40.548 0.0000000000
48442  26.493  -36.560  39.487 0.0000000000
48430  26.875  -36.407  40.232 0.0000000000
45752  29.863  -38.389  45.046 0.0000000000
44441  29.862  -38.755  42.992 0.0000000000
55696  42.053  -31.079  38.949 0.0000000000
55675  41.518  -31.318  40.020 0.0000000000
55674  42.296  -30.500  39.888 0.0000000000
56920  42.618  -29.991  39.902 0.0000000000
55673  42.728  -30.155  39.568 0.0000000000
56940  43.279  -30.031  38.998 0.0000000000
55716  43.054  -30.935  37.979 0.0000000000
53443  43.029  -33.444  33.364 0.0000000000
53442  43.762  -33.284  33.561 0.0000000000
53458  43.449  -32.749  32.971 0.0000000000
53471  41.961  -32.594  31.979 0.0000000000
53460  41.618  -33.106  32.507 0.0000000000
52264  38.822  -34.815  31.912 0.0000000000
53475  38.626  -34.329  31.310 0.0000000000
52272  38.164  -34.872  30.835 0.0000000000
43223  31.091  -39.472  32.638 0.0000000000
43230  31.049  -39.685  31.648 0.0000000000
74200  44.056  -15.909  19.585 0.0000000000
75388  44.384  -15.431  18.795 0.0000000000
48555  28.402  -37.803  30.702 0.0000000000
49814  24.469  -36.290  35.526 0.0000000000
49804  23.784  -35.691  36.012 0.0000000000
48537  20.629  -37.088  32.386 0.0000000000
45856  38.026  -39.038  38.331 0.0000000000
45855  38.443  -39.452  38.060 0.0000000000
44517  38.641  -40.580  37.925 0.0000000000
41788  39.946  -41.821  38.235 0.0000000000
41773  39.172  -41.783  38.512 0.0000000000
41817  35.709  -41.755  37.700 0.0000000000
41818  34.901  -41.589  38.118 0.0000000000
43169  34.905  -41.094  37.711 0.0000000000
41795  34.181  -41.329  37.909 0.0000000000
40343  30.129  -40.439  39.792 0.0000000000
40354  30.692  -41.251  39.485 0.0000000000
40371  29.882  -41.325  39.164 0.0000000000
43207  29.830  -40.010  36.874 0.0000000000
43193  30.424  -40.218  37.181 0.0000000000
44572  30.066  -39.696  36.665 0.0000000000
44556  30.106  -39.391  36.340 0.0000000000
45896  30.481  -39.304  35.804 0.0000000000
45897  29.852  -39.183  35.869 0.0000000000
47257  28.579  -37.945  31.774 0.0000000000
47271  28.810  -38.187  31.043 0.0000000000
47270  29.288  -38.760  30.814 0.0000000000
66880  49.067  -23.145  27.567 0.0000000000
66879  49.745  -22.798  27.268 0.0000000000
50868  20.880  -35.219  44.890 0.0000000000
49654  20.230  -36.071  44.401 0.0000000000
49674  20.085  -35.848  43.559 0.0000000000
44467  20.203  -41.067  42.908 0.0000000000
44456  20.426  -40.644  43.577 0.0000000000
44481  19.796  -41.239  42.314 0.0000000000
44482  19.834  -40.715  41.684 0.0000000000
43111  20.276  -41.373  41.130 0.0000000000
41760  20.122  -42.042  41.253 0.0000000000
77522  49.315  -13.627  22.554 0.0000000000
76437  48.570  -13.886  22.583 0.0000000000
74152  44.852  -16.474  23.327 0.0000000000
72873  43.959  -17.433  23.647 0.0000000000
68061  44.457  -21.050  27.274 0.0000000000
68062  44.176  -21.522  27.436 0.0000000000
66867  44.232  -21.761  27.813 0.0000000000
66884  44.265  -22.450  27.662 0.0000000000
66866  44.553  -22.029  28.365 0.0000000000
64437  47.838  -24.097  31.806 0.0000000000
64453  48.280  -24.419  30.543 0.0000000000
64436  48.936  -24.647  31.410 0.0000000000
64435  49.839  -24.824  30.833 0.0000000000
63205  49.542  -25.039  31.426 0.0000000000
67977  49.557  -21.328  34.579 0.0000000000
67978  49.530  -21.493  34.232 0.0000000000
66800  49.950  -22.123  34.769 0.0000000000
60835  50.640  -26.396  31.770 0.0000000000
61995  50.587  -26.069  32.269 0.0000000000
60834  51.210  -26.259  31.229 0.0000000000
60895  50.374  -25.987  29.868 0.0000000000
60896  50.045  -26.264  29.929 0.0000000000
63259  46.886  -25.663  27.834 0.0000000000
62078  46.524  -25.909  27.160 0.0000000000
67903  45.060  -21.595  38.821 0.0000000000
59568  44.539  -28.305  36.899 0.0000000000
60769  44.473  -27.763  37.162 0.0000000000
59583  44.310  -28.485  36.285 0.0000000000
62017  42.616  -26.566  32.081 0.0000000000
63192  42.569  -25.814  33.160 0.0000000000
63191  43.066  -25.387  32.866 0.0000000000
63173  43.679  -24.948  33.349 0.0000000000
63208  43.251  -25.544  32.148 0.0000000000
62015  43.853  -25.804  31.615 0.0000000000
62039  43.113  -26.573  30.880 0.0000000000
60926  42.568  -27.933  26.269 0.0000000000
60925  43.359  -27.409  26.453 0.0000000000
62098  42.181  -27.307  25.520 0.0000000000
62109  42.612  -26.650  24.984 0.0000000000
62110  41.424  -26.762  24.973 0.0000000000
62124  40.933  -26.317  24.289 0.0000000000
60957  37.279  -27.136  24.046 0.0000000000
57181  38.611  -30.472  28.071 0.0000000000
57182  37.518  -30.808  27.881 0.0000000000
47208  38.149  -38.683  34.406 0.0000000000
49862  35.212  -36.094  31.387 0.0000000000
51070  35.178  -35.830  30.896 0.0000000000
76491  46.072  -14.410  15.497 0.0000000000
76497  46.532  -14.740  15.012 0.0000000000
50898  25.473  -34.475  42.222 0.0000000000
50918  24.683  -34.314  41.700 0.0000000000
49671  27.265  -36.024  42.624 0.0000000000
48385  26.879  -36.287  42.266 0.0000000000
52145  39.494  -35.065  38.941 0.0000000000
52144  40.035  -34.647  39.253 0.0000000000
52167  39.670  -34.988  38.599 0.0000000000
52186  41.489  -34.531  37.409 0.0000000000
53365  41.398  -33.847  37.706 0.0000000000
53343  41.666  -32.957  37.716 0.0000000000
53364  41.946  -33.781  37.360 0.0000000000
52184  42.595  -33.862  36.793 0.0000000000
49813  42.756  -35.696  35.260 0.0000000000
51045  43.087  -35.225  35.381 0.0000000000
51046  42.790  -35.335  34.973 0.0000000000
52242  43.144  -34.758  34.699 0.0000000000
51053  42.403  -34.784  33.936 0.0000000000
51054  41.567  -35.262  34.067 0.0000000000
49833  40.721  -36.041  34.216 0.0000000000
51055  40.588  -35.539  33.827 0.0000000000
51056  39.746  -35.600  33.377 0.0000000000
41894  31.159  -40.410  30.735 0.0000000000
41913  31.531  -40.708  30.068 0.0000000000
71686  42.281  -18.943  21.113 0.0000000000
70524  42.626  -19.023  19.933 0.0000000000
70509  42.669  -19.410  20.520 0.0000000000
70508  43.636  -20.126  20.713 0.0000000000
69340  45.927  -20.429  20.934 0.0000000000
47248  26.482  -37.721  32.957 0.0000000000
47259  26.800  -37.758  32.209 0.0000000000
45962  26.034  -37.756  33.114 0.0000000000
45964  25.087  -38.251  33.394 0.0000000000
47250  24.922  -38.091  32.562 0.0000000000
47262  24.195  -37.903  32.377 0.0000000000
49790  22.249  -35.798  36.537 0.0000000000
49791  21.331  -36.367  36.819 0.0000000000
47196  20.476  -37.658  35.828 0.0000000000
47220  20.343  -37.972  34.705 0.0000000000
45940  20.172  -39.037  34.305 0.0000000000
45919  20.175  -39.172  35.092 0.0000000000
45887  19.763  -39.081  37.584 0.0000000000
47082  35.147  -37.574  41.724 0.0000000000
45839  34.739  -39.455  40.209 0.0000000000
45838  35.212  -39.256  40.004 0.0000000000
45837  35.901  -39.626  39.049 0.0000000000
44496  36.429  -40.489  38.910 0.0000000000
43121  35.953  -41.191  39.398 0.0000000000
38964  34.812  -42.442  40.125 0.0000000000
38963  35.335  -42.529  39.908 0.0000000000
38977  35.086  -42.838  39.801 0.0000000000
40368  34.831  -42.525  39.038 0.0000000000
38991  34.112  -42.324  39.317 0.0000000000
43158  28.518  -40.412  38.602 0.0000000000
43175  28.568  -40.538  38.241 0.0000000000
43176  28.400  -40.085  37.832 0.0000000000
43194  28.401  -40.418  37.027 0.0000000000
43208  29.193  -40.063  36.548 0.0000000000
45914  28.527  -39.307  35.196 0.0000000000
44602  27.128  -38.591  34.231 0.0000000000
47236  27.106  -38.118  33.433 0.0000000000
66848  51.802  -22.731  29.089 0.0000000000
65652  52.735  -22.973  28.656 0.0000000000
65684  52.692  -22.809  26.919 0.0000000000
65699  52.672  -22.761  26.398 0.0000000000
66894  53.042  -22.379  26.339 0.0000000000
66895  52.642  -22.737  26.104 0.0000000000
41728  20.295  -42.224  43.448 0.0000000000
40327  20.738  -42.615  42.201 0.0000000000
68035  45.824  -21.371  29.685 0.0000000000
68034  46.371  -21.093  30.203 0.0000000000
68013  47.215  -21.089  32.006 0.0000000000
68014  46.873  -21.486  31.652 0.0000000000
66829  47.203  -21.925  32.180 0.0000000000
65623  47.156  -23.064  31.828 0.0000000000
65607  47.726  -22.396  32.463 0.0000000000
66750  49.447  -22.588  35.656 0.0000000000
65551  49.551  -23.218  35.423 0.0000000000
64340  49.517  -23.911  35.825 0.0000000000
63153  49.033  -25.627  34.665 0.0000000000
61952  49.396  -25.227  34.753 0.0000000000
60802  49.366  -26.351  33.694 0.0000000000
60819  49.596  -26.370  32.826 0.0000000000
60837  49.299  -26.689  32.380 0.0000000000
60855  49.329  -26.663  31.645 0.0000000000
60838  48.962  -26.639  32.531 0.0000000000
61985  48.144  -25.860  33.103 0.0000000000
62012  47.447  -26.310  31.371 0.0000000000
57074  43.904  -30.399  33.406 0.0000000000
58352  43.590  -29.566  34.344 0.0000000000
57099  43.689  -30.156  32.845 0.0000000000
58428  43.520  -29.632  29.855 0.0000000000
59644  43.227  -28.788  31.320 0.0000000000
59645  42.654  -28.132  31.565 0.0000000000
58459  43.004  -29.124  27.180 0.0000000000
58472  42.543  -29.048  26.948 0.0000000000
59701  42.702  -28.638  26.631 0.0000000000
58490  41.576  -28.771  26.490 0.0000000000
59718  41.237  -28.605  26.037 0.0000000000
59704  40.038  -28.735  26.508 0.0000000000
59705  39.045  -28.862  26.456 0.0000000000
55942  35.860  -31.617  27.472 0.0000000000
55969  33.828  -31.285  26.294 0.0000000000
57207  33.511  -30.461  25.714 0.0000000000
57208  32.801  -30.655  25.377 0.0000000000
48499  34.833  -37.594  34.284 0.0000000000
49837  34.917  -36.664  32.769 0.0000000000
48529  34.266  -36.819  32.919 0.0000000000
80685  49.978  -10.453  18.350 0.0000000000
80696  49.756  -10.157  17.682 0.0000000000
81792  49.731  -10.070  17.353 0.0000000000
80697  49.191  -10.560  17.326 0.0000000000
45875  27.265  -38.272  37.812 0.0000000000
45885  26.419  -38.212  36.754 0.0000000000
47157  26.772  -37.579  37.867 0.0000000000
48443  25.941  -36.631  38.775 0.0000000000
49789  24.325  -35.296  38.380 0.0000000000
50997  23.314  -34.961  38.710 0.0000000000
44425  30.760  -38.909  43.221 0.0000000000
45764  31.041  -38.945  43.832 0.0000000000
43045  31.599  -39.298  42.905 0.0000000000
44438  32.140  -39.434  42.832 0.0000000000
43056  31.608  -39.432  42.545 0.0000000000
43076  29.727  -39.984  42.159 0.0000000000
43075  30.512  -40.108  41.934 0.0000000000
43090  30.015  -39.847  41.363 0.0000000000
43091  29.503  -39.697  41.631 0.0000000000
47070  28.876  -38.042  43.165 0.0000000000
45793  28.626  -38.245  42.487 0.0000000000
45821  28.686  -38.581  40.641 0.0000000000
45820  28.919  -38.825  41.392 0.0000000000
44480  29.134  -38.901  40.539 0.0000000000
44500  29.408  -39.163  40.129 0.0000000000
44501  29.036  -39.126  39.766 0.0000000000
43126  28.847  -39.754  39.431 0.0000000000
44502  28.756  -39.137  39.577 0.0000000000
45861  27.606  -38.444  38.621 0.0000000000
44522  27.992  -39.045  38.758 0.0000000000
44541  27.566  -38.991  37.114 0.0000000000
64508  49.813  -23.888  25.303 0.0000000000
69069  49.422  -20.535  35.800 0.0000000000
67923  48.584  -21.209  36.525 0.0000000000
65520  48.552  -22.714  36.910 0.0000000000
66730  47.990  -21.672  36.924 0.0000000000
56960  44.253  -29.665  37.821 0.0000000000
58291  44.500  -29.096  38.530 0.0000000000
58305  44.549  -29.182  37.774 0.0000000000
58320  44.512  -29.211  37.047 0.0000000000
53340  43.524  -32.615  36.446 0.0000000000
54538  44.040  -31.928  36.782 0.0000000000
54630  44.675  -32.569  34.093 0.0000000000
54593  44.647  -32.091  35.097 0.0000000000
54612  44.639  -32.009  34.390 0.0000000000
55792  44.866  -31.261  35.160 0.0000000000
55819  44.552  -31.469  34.145 0.0000000000
55820  44.479  -31.082  33.784 0.0000000000
55844  44.553  -31.848  33.589 0.0000000000
54667  42.577  -31.884  31.626 0.0000000000
54666  43.400  -31.617  31.563 0.0000000000
54682  43.373  -31.475  30.871 0.0000000000
55899  42.259  -31.340  30.407 0.0000000000
55900  41.687  -31.497  30.547 0.0000000000
54697  40.758  -31.486  30.103 0.0000000000
53461  40.781  -33.443  32.480 0.0000000000
54687  38.730  -33.021  30.596 0.0000000000
55916  38.428  -31.987  29.661 0.0000000000
55917  37.896  -32.405  29.510 0.0000000000
54701  37.527  -32.915  29.319 0.0000000000
52306  37.052  -34.210  29.462 0.0000000000
53507  37.069  -33.654  29.063 0.0000000000
43252  33.049  -40.294  30.314 0.0000000000
44630  32.973  -39.886  30.242 0.0000000000
45976  32.757  -39.329  30.071 0.0000000000
77562  46.509  -13.735  19.191 0.0000000000
77564  46.948  -13.161  18.567 0.0000000000
75393  44.061  -15.313  17.906 0.0000000000
76481  45.053  -13.892  17.636 0.0000000000
76482  44.638  -14.386  17.480 0.0000000000
77577  44.934  -14.119  16.831 0.0000000000
75403  44.502  -15.227  16.731 0.0000000000
74207  43.742  -16.560  18.380 0.0000000000
71736  44.058  -17.850  18.434 0.0000000000
72975  45.431  -17.530  17.180 0.0000000000
48575  27.432  -37.551  29.683 0.0000000000
48576  26.453  -37.463  29.583 0.0000000000
45918  24.902  -38.072  35.098 0.0000000000
47194  24.954  -37.701  35.286 0.0000000000
49838  24.336  -36.673  34.008 0.0000000000
48517  24.579  -37.139  33.935 0.0000000000
48534  23.807  -37.096  32.749 0.0000000000
49852  23.263  -36.245  32.869 0.0000000000
49816  22.659  -36.106  35.022 0.0000000000
49828  21.541  -36.446  34.100 0.0000000000
48548  21.325  -36.694  31.312 0.0000000000
48520  21.917  -36.145  32.917 0.0000000000
48536  21.649  -36.456  32.316 0.0000000000
48394  36.656  -36.685  41.827 0.0000000000
48412  36.738  -36.762  40.854 0.0000000000
47121  38.035  -37.219  39.192 0.0000000000
48410  37.952  -36.032  39.913 0.0000000000
45872  39.408  -39.303  37.470 0.0000000000
48440  39.192  -37.728  37.742 0.0000000000
47170  39.882  -38.520  37.122 0.0000000000
45871  40.264  -38.142  36.777 0.0000000000
45882  40.280  -38.910  36.940 0.0000000000
44548  40.284  -40.061  36.639 0.0000000000
41834  39.630  -41.759  36.780 0.0000000000
43202  39.827  -41.010  36.314 0.0000000000
43203  39.189  -40.921  36.236 0.0000000000
44564  38.867  -40.302  35.848 0.0000000000
43204  38.421  -40.892  36.394 0.0000000000
40364  37.799  -42.475  39.023 0.0000000000
40382  38.199  -42.558  38.380 0.0000000000
41791  37.758  -42.562  37.791 0.0000000000
43187  36.269  -41.219  37.107 0.0000000000
41837  36.980  -41.612  36.951 0.0000000000
43186  36.818  -41.197  36.792 0.0000000000
45893  36.461  -40.199  36.505 0.0000000000
45907  36.597  -39.580  35.926 0.0000000000
44567  35.358  -40.129  36.403 0.0000000000
40324  32.011  -41.236  41.065 0.0000000000
40323  32.523  -40.947  40.773 0.0000000000
40340  31.947  -41.649  40.555 0.0000000000
40353  31.481  -41.729  39.492 0.0000000000
38993  32.357  -41.936  39.384 0.0000000000
39013  33.012  -41.830  39.024 0.0000000000
39014  32.289  -41.691  38.960 0.0000000000
40412  29.479  -41.240  38.163 0.0000000000
40391  29.975  -41.331  38.552 0.0000000000
41823  29.873  -41.121  37.920 0.0000000000
41821  31.542  -40.855  37.717 0.0000000000
41798  31.115  -41.118  38.243 0.0000000000
43155  32.225  -41.185  37.935 0.0000000000
43172  32.217  -41.144  37.704 0.0000000000
43191  32.121  -40.861  37.037 0.0000000000
45931  30.874  -39.523  33.933 0.0000000000
44587  30.819  -39.568  33.303 0.0000000000
45934  28.466  -38.744  34.550 0.0000000000
47215  29.091  -38.505  33.823 0.0000000000
45961  29.876  -38.898  32.404 0.0000000000
44613  30.238  -39.321  31.861 0.0000000000
43241  30.492  -39.960  31.387 0.0000000000
44622  30.047  -39.748  30.953 0.0000000000
66926  46.405  -22.460  24.874 0.0000000000
68102  47.099  -22.426  25.203 0.0000000000
68078  49.072  -22.233  26.047 0.0000000000
68100  48.615  -22.069  25.313 0.0000000000
68077  49.637  -22.041  25.862 0.0000000000
66861  51.978  -22.572  27.941 0.0000000000
68046  51.527  -22.265  27.602 0.0000000000
66877  52.420  -22.082  27.701 0.0000000000
69187  52.714  -20.878  27.221 0.0000000000
65722  50.254  -23.549  24.630 0.0000000000
65721  50.932  -23.118  24.354 0.0000000000
54415  24.218  -32.801  43.144 0.0000000000
53273  22.967  -33.049  43.048 0.0000000000
50900  21.881  -33.592  42.512 0.0000000000
50922  19.884  -35.684  41.967 0.0000000000
49711  19.682  -36.613  40.911 0.0000000000
45781  20.246  -39.614  44.499 0.0000000000
45768  20.317  -39.671  45.123 0.0000000000
47048  20.246  -38.703  44.964 0.0000000000
47060  20.046  -38.589  44.179 0.0000000000
48372  19.831  -37.611  43.666 0.0000000000
47061  20.012  -38.628  43.335 0.0000000000
45823  19.850  -39.760  41.239 0.0000000000
47109  19.752  -39.001  40.780 0.0000000000
45862  19.861  -39.613  39.558 0.0000000000
44534  19.773  -40.597  39.191 0.0000000000
41778  20.811  -42.543  40.024 0.0000000000
77548  50.335  -12.959  20.976 0.0000000000
77550  48.497  -13.449  20.425 0.0000000000
76460  47.699  -13.832  20.616 0.0000000000
75375  45.443  -15.148  21.035 0.0000000000
76438  47.255  -14.608  22.776 0.0000000000
76439  46.495  -14.825  22.531 0.0000000000
74169  44.688  -16.388  22.251 0.0000000000
75365  45.363  -15.618  21.872 0.0000000000
74182  44.836  -16.032  21.678 0.0000000000
74184  43.429  -17.056  21.354 0.0000000000
74171  43.336  -17.213  21.961 0.0000000000
69288  42.638  -20.378  23.859 0.0000000000
71626  43.670  -18.449  24.451 0.0000000000
70415  43.873  -19.086  25.135 0.0000000000
68103  43.294  -21.382  25.599 0.0000000000
69238  43.101  -20.685  25.280 0.0000000000
68125  43.050  -22.015  24.800 0.0000000000
66915  44.545  -22.526  25.852 0.0000000000
66883  45.605  -22.998  27.227 0.0000000000
65690  46.692  -23.456  27.794 0.0000000000
65660  45.182  -22.870  29.354 0.0000000000
64455  46.387  -23.758  30.226 0.0000000000
64472  48.203  -24.462  29.963 0.0000000000
65673  48.778  -23.540  28.397 0.0000000000
65656  49.601  -23.845  29.375 0.0000000000
65636  51.168  -24.081  30.450 0.0000000000
64450  51.929  -24.627  30.407 0.0000000000
70258  49.132  -19.646  32.479 0.0000000000
69118  48.675  -19.848  32.162 0.0000000000
70244  49.008  -19.901  33.029 0.0000000000
65591  49.305  -22.527  33.644 0.0000000000
66821  48.821  -21.856  33.075 0.0000000000
65592  49.029  -22.747  33.330 0.0000000000
65606  48.110  -22.932  32.913 0.0000000000
64401  48.684  -23.367  33.411 0.0000000000
64358  49.524  -24.007  35.043 0.0000000000
64359  49.459  -23.734  34.752 0.0000000000
64376  49.225  -24.614  34.194 0.0000000000
64398  50.496  -25.034  33.118 0.0000000000
64397  51.330  -24.929  32.649 0.0000000000
64417  50.901  -24.966  32.099 0.0000000000
64416  51.798  -24.816  32.461 0.0000000000
62031  51.287  -25.653  30.246 0.0000000000
63234  51.611  -25.324  29.598 0.0000000000
64471  51.601  -25.055  29.208 0.0000000000
63244  51.002  -25.063  28.208 0.0000000000
63254  50.861  -24.736  27.763 0.0000000000
63264  49.223  -24.963  26.720 0.0000000000
64510  48.606  -24.722  25.704 0.0000000000
62054  49.342  -26.053  29.569 0.0000000000
62067  48.534  -25.957  28.991 0.0000000000
62085  47.177  -25.738  26.572 0.0000000000
62076  47.675  -25.646  26.813 0.0000000000
63274  47.353  -25.408  25.544 0.0000000000
69073  45.759  -20.733  37.468 0.0000000000
67945  46.669  -21.359  36.603 0.0000000000
66754  47.055  -22.236  36.480 0.0000000000
66772  46.463  -22.392  36.176 0.0000000000
63101  44.321  -25.490  39.084 0.0000000000
63109  43.880  -25.426  38.550 0.0000000000
64306  44.213  -24.455  39.145 0.0000000000
64325  43.702  -24.403  38.618 0.0000000000
60805  42.834  -28.087  34.533 0.0000000000
60786  43.703  -27.474  36.203 0.0000000000
60787  42.832  -27.542  35.192 0.0000000000
63142  43.244  -25.171  35.737 0.0000000000
64327  42.935  -23.959  37.076 0.0000000000
65544  43.424  -23.161  36.527 0.0000000000
66756  43.822  -22.689  36.030 0.0000000000
64382  44.303  -24.220  34.084 0.0000000000
65565  44.596  -23.367  34.984 0.0000000000
65580  45.048  -23.718  34.785 0.0000000000
64360  46.250  -24.068  35.022 0.0000000000
63156  45.846  -24.790  34.305 0.0000000000
61956  46.362  -25.031  34.278 0.0000000000
61972  46.020  -25.246  33.853 0.0000000000
62014  45.091  -26.245  31.544 0.0000000000
62037  45.322  -26.424  30.568 0.0000000000
62058  45.615  -26.313  29.586 0.0000000000
62060  43.400  -26.677  29.691 0.0000000000
60905  43.594  -27.037  28.497 0.0000000000
60924  43.839  -26.984  26.659 0.0000000000
60915  44.163  -26.740  27.039 0.0000000000
62088  44.337  -26.660  26.628 0.0000000000
60914  44.956  -26.436  27.216 0.0000000000
63301  42.415  -25.434  23.883 0.0000000000
62112  39.500  -26.823  24.387 0.0000000000
62139  37.962  -25.945  23.189 0.0000000000
55927  40.608  -30.713  29.114 0.0000000000
57172  40.887  -30.167  28.392 0.0000000000
58455  39.694  -30.022  28.318 0.0000000000
58477  37.562  -29.551  26.919 0.0000000000
58476  38.627  -29.383  27.048 0.0000000000
57192  36.030  -30.419  27.166 0.0000000000
58466  36.447  -30.226  27.207 0.0000000000
59737  34.818  -28.574  24.643 0.0000000000
59724  35.358  -28.823  25.296 0.0000000000
47205  40.686  -38.242  34.782 0.0000000000
47206  39.817  -38.305  34.408 0.0000000000
48510  38.528  -37.640  33.397 0.0000000000
48509  39.479  -37.443  33.480 0.0000000000
49845  38.830  -36.535  32.673 0.0000000000
49846  38.164  -36.781  32.192 0.0000000000
49860  37.260  -36.230  31.260 0.0000000000
49859  37.975  -36.208  31.681 0.0000000000
51068  37.385  -35.977  30.716 0.0000000000
51080  37.149  -35.463  30.346 0.0000000000
51102  35.646  -35.163  29.439 0.0000000000
51121  35.393  -34.684  29.084 0.0000000000
52325  35.212  -34.040  28.301 0.0000000000
52309  34.915  -34.432  28.792 0.0000000000
47231  32.707  -38.001  33.551 0.0000000000
48540  32.760  -37.144  31.752 0.0000000000
48539  33.316  -36.887  32.029 0.0000000000
49851  33.875  -36.711  31.907 0.0000000000
48573  32.098  -37.015  29.277 0.0000000000
51085  32.708  -36.002  29.914 0.0000000000
51084  33.069  -35.650  30.076 0.0000000000
52328  32.847  -34.427  27.610 0.0000000000
52327  33.717  -34.168  27.595 0.0000000000
81776  52.502  -8.799  18.603 0.0000000000
78572  46.934  -12.434  18.006 0.0000000000
78578  47.280  -11.994  17.729 0.0000000000
79626  47.553  -11.879  16.108 0.0000000000
79633  47.809  -11.847  15.609 0.0000000000
80705  48.605  -10.726  16.383 0.0000000000
68143  46.735  -21.450  23.387 0.0000000000
69286  47.236  -21.108  23.139 0.0000000000
49653  26.302  -35.439  42.894 0.0000000000
49673  26.108  -35.163  42.559 0.0000000000
52090  25.245  -34.097  42.141 0.0000000000
49762  40.084  -36.327  37.693 0.0000000000
50989  40.498  -35.403  37.725 0.0000000000
49761  40.487  -35.920  36.999 0.0000000000
49782  41.064  -35.699  37.042 0.0000000000
49780  42.097  -35.558  36.758 0.0000000000
49779  42.782  -35.336  36.357 0.0000000000
48476  42.659  -36.050  36.243 0.0000000000
49820  42.566  -36.089  35.318 0.0000000000
49821  42.359  -36.073  34.903 0.0000000000
51050  41.774  -35.711  34.354 0.0000000000
49822  41.648  -36.225  34.624 0.0000000000
49823  40.849  -36.532  34.515 0.0000000000
49824  40.451  -36.748  34.069 0.0000000000
70492  43.226  -20.259  21.313 0.0000000000
69333  43.514  -20.643  21.609 0.0000000000
69332  44.567  -21.055  21.721 0.0000000000
69331  45.738  -20.796  21.990 0.0000000000
44603  26.425  -38.341  34.273 0.0000000000
45951  25.762  -37.763  33.811 0.0000000000
45952  25.249  -37.871  34.103 0.0000000000
45965  24.882  -38.032  33.647 0.0000000000
48469  20.317  -36.968  37.148 0.0000000000
47182  19.998  -37.821  36.566 0.0000000000
47183  19.920  -38.084  35.935 0.0000000000
45899  19.773  -38.486  37.096 0.0000000000
45886  19.738  -38.546  37.449 0.0000000000
44464  33.918  -38.355  42.518 0.0000000000
47083  34.552  -38.356  41.314 0.0000000000
45805  34.025  -38.775  41.210 0.0000000000
44498  34.612  -39.923  40.008 0.0000000000
43122  34.985  -40.958  39.635 0.0000000000
43103  35.471  -41.573  39.728 0.0000000000
41766  34.994  -41.003  39.753 0.0000000000
40337  34.481  -41.816  40.046 0.0000000000
43196  27.342  -39.945  37.118 0.0000000000
64469  52.559  -23.734  28.733 0.0000000000
65670  52.541  -23.708  28.054 0.0000000000
40296  19.273  -42.582  44.280 0.0000000000
69156  47.263  -19.999  30.081 0.0000000000
69145  46.796  -20.643  30.330 0.0000000000
69134  47.599  -20.409  31.716 0.0000000000
63107  49.326  -24.111  36.540 0.0000000000
63120  49.340  -24.387  36.077 0.0000000000
63121  48.885  -24.739  35.899 0.0000000000
63137  48.973  -25.336  35.216 0.0000000000
60803  48.946  -26.396  33.827 0.0000000000
60821  48.781  -26.370  33.096 0.0000000000
60804  48.678  -26.125  33.812 0.0000000000
63171  47.730  -25.637  33.401 0.0000000000
57122  44.123  -30.572  31.089 0.0000000000
58390  44.227  -30.124  31.752 0.0000000000
58445  43.502  -29.420  28.887 0.0000000000
58453  42.475  -29.728  28.036 0.0000000000
58460  42.263  -29.508  27.534 0.0000000000
58491  41.231  -28.888  26.534 0.0000000000
58461  41.369  -29.502  27.475 0.0000000000
58462  40.500  -29.572  27.738 0.0000000000
80666  51.059  -10.594  19.188 0.0000000000
79609  49.850  -11.163  18.936 0.0000000000
79610  49.251  -11.268  18.508 0.0000000000
50955  21.929  -34.894  40.069 0.0000000000
45765  30.505  -38.730  44.066 0.0000000000
44426  30.644  -38.760  43.677 0.0000000000
43057  30.893  -39.283  42.577 0.0000000000
44440  30.525  -38.750  43.198 0.0000000000
43060  29.301  -39.263  42.370 0.0000000000
47072  27.828  -37.286  42.184 0.0000000000
47087  28.333  -38.059  42.052 0.0000000000
47088  27.803  -37.553  41.992 0.0000000000
45822  28.551  -38.310  40.218 0.0000000000
45841  28.575  -38.685  39.641 0.0000000000
47126  28.318  -37.880  39.757 0.0000000000
47141  27.759  -37.862  39.158 0.0000000000
54469  41.231  -32.394  40.037 0.0000000000
55650  41.804  -31.032  40.709 0.0000000000
56899  43.662  -29.181  40.429 0.0000000000
58266  44.080  -29.018  40.018 0.0000000000
56918  43.632  -29.230  39.972 0.0000000000
56961  43.914  -29.828  38.087 0.0000000000
55714  43.981  -30.062  37.708 0.0000000000
52223  44.112  -33.707  35.009 0.0000000000
53403  44.252  -33.006  35.277 0.0000000000
52240  44.253  -33.464  34.410 0.0000000000
53440  44.785  -32.894  33.927 0.0000000000
53456  44.552  -32.702  33.594 0.0000000000
54632  44.582  -31.982  33.181 0.0000000000
54649  43.002  -32.143  32.334 0.0000000000
54684  41.992  -31.822  31.128 0.0000000000
54668  42.128  -32.201  31.633 0.0000000000
53481  41.527  -31.947  31.489 0.0000000000
53474  39.396  -33.886  31.803 0.0000000000
53493  38.006  -33.614  30.156 0.0000000000
53485  37.745  -34.114  30.206 0.0000000000
52285  37.219  -34.545  30.015 0.0000000000
43216  31.219  -39.500  33.405 0.0000000000
43222  31.300  -39.447  33.052 0.0000000000
76474  44.910  -15.136  19.064 0.0000000000
71717  44.911  -18.960  18.875 0.0000000000
71735  44.709  -18.323  18.355 0.0000000000
48479  25.150  -36.825  35.777 0.0000000000
49825  24.311  -36.533  34.744 0.0000000000
49826  23.562  -36.285  34.421 0.0000000000
48504  20.584  -36.881  34.090 0.0000000000
49829  21.104  -36.504  33.668 0.0000000000
47123  36.503  -38.126  39.117 0.0000000000
47099  36.930  -37.127  39.719 0.0000000000
47122  37.554  -38.143  38.670 0.0000000000
47136  38.294  -38.127  38.504 0.0000000000
48441  38.893  -37.271  38.336 0.0000000000
45854  39.027  -39.862  37.830 0.0000000000
44530  39.923  -40.676  37.437 0.0000000000
43183  40.445  -41.056  37.236 0.0000000000
41811  40.294  -41.521  37.594 0.0000000000
41812  40.084  -42.217  37.658 0.0000000000
41813  39.093  -42.048  37.514 0.0000000000
40384  36.393  -42.617  38.633 0.0000000000
41792  36.905  -42.395  37.931 0.0000000000
41793  36.172  -42.240  38.001 0.0000000000
41838  36.370  -41.678  37.286 0.0000000000
44539  35.850  -40.929  37.163 0.0000000000
44550  35.872  -40.587  36.775 0.0000000000
44540  35.402  -40.771  37.256 0.0000000000
43188  34.913  -40.686  37.318 0.0000000000
43189  34.323  -40.727  37.228 0.0000000000
40326  31.124  -40.739  40.455 0.0000000000
40341  31.421  -41.480  40.102 0.0000000000
41841  29.969  -40.468  37.347 0.0000000000
41840  30.910  -40.497  37.483 0.0000000000
43192  31.126  -40.219  37.013 0.0000000000
45895  31.167  -39.494  35.757 0.0000000000
47234  28.679  -38.513  33.207 0.0000000000
47245  29.149  -38.510  32.332 0.0000000000
47284  29.416  -38.891  29.964 0.0000000000
66899  47.368  -22.966  26.472 0.0000000000
66912  47.550  -22.511  25.740 0.0000000000
66898  48.570  -22.650  26.454 0.0000000000
66897  49.586  -22.429  26.456 0.0000000000
66896  50.096  -22.196  26.345 0.0000000000
68043  53.393  -21.806  28.038 0.0000000000
66876  52.602  -21.753  27.732 0.0000000000
68057  53.482  -21.439  27.549 0.0000000000
49675  19.543  -36.450  43.016 0.0000000000
43061  20.720  -41.108  44.326 0.0000000000
45794  20.124  -40.024  43.930 0.0000000000
45795  20.128  -39.762  43.115 0.0000000000
43128  20.198  -41.392  40.485 0.0000000000
76459  48.442  -13.590  20.870 0.0000000000
76451  47.547  -14.388  21.716 0.0000000000
72893  43.973  -16.716  22.500 0.0000000000
72894  43.503  -17.362  22.648 0.0000000000
71668  43.529  -17.948  23.155 0.0000000000
71647  42.983  -18.728  23.848 0.0000000000
69236  44.221  -20.100  26.223 0.0000000000
69213  44.127  -20.590  26.433 0.0000000000
68080  43.899  -21.233  26.714 0.0000000000
66903  43.732  -22.058  26.747 0.0000000000
66902  44.441  -22.597  26.856 0.0000000000
65692  44.832  -23.009  27.772 0.0000000000
65676  45.390  -23.287  28.625 0.0000000000
65640  46.767  -23.588  31.241 0.0000000000
64454  46.960  -24.131  30.789 0.0000000000
65639  48.890  -24.376  30.172 0.0000000000
65638  49.401  -24.270  30.043 0.0000000000
64451  49.694  -24.467  30.394 0.0000000000
65621  50.466  -24.644  30.919 0.0000000000
65620  51.070  -24.647  31.327 0.0000000000
69104  49.454  -20.204  33.737 0.0000000000
69105  49.068  -20.348  33.408 0.0000000000
66810  49.468  -21.834  33.968 0.0000000000
65578  49.410  -22.711  33.937 0.0000000000
61967  49.792  -25.504  33.894 0.0000000000
61983  50.555  -25.439  32.376 0.0000000000
63185  51.441  -25.020  32.111 0.0000000000
60875  51.087  -25.967  30.446 0.0000000000
62052  50.803  -25.670  29.790 0.0000000000
63236  50.583  -25.546  29.215 0.0000000000
62065  49.635  -25.657  28.796 0.0000000000
62068  47.865  -26.125  28.993 0.0000000000
63248  47.726  -25.748  28.358 0.0000000000
62077  47.263  -25.857  27.013 0.0000000000
63267  46.850  -25.757  26.256 0.0000000000
63275  46.511  -25.714  25.763 0.0000000000
63276  45.924  -25.942  25.634 0.0000000000
69057  45.318  -20.732  37.913 0.0000000000
67946  45.559  -21.157  36.969 0.0000000000
60743  44.375  -27.610  38.526 0.0000000000
61921  44.071  -26.850  39.006 0.0000000000
60756  44.404  -27.493  37.639 0.0000000000
60757  44.249  -27.051  37.564 0.0000000000
61944  44.008  -26.764  37.577 0.0000000000
60822  42.632  -27.293  33.299 0.0000000000
61959  42.579  -26.753  35.045 0.0000000000
63159  43.163  -25.111  34.551 0.0000000000
64362  43.137  -24.067  35.088 0.0000000000
65555  43.536  -23.332  35.651 0.0000000000
64383  43.640  -24.223  34.343 0.0000000000
64402  43.801  -24.500  33.819 0.0000000000
63172  44.653  -25.059  33.261 0.0000000000
61988  45.366  -25.251  33.100 0.0000000000
62000  44.155  -25.605  32.193 0.0000000000
62108  43.746  -26.481  25.089 0.0000000000
63288  41.996  -25.943  24.502 0.0000000000
63302  41.246  -25.564  23.602 0.0000000000
63303  39.916  -25.678  23.356 0.0000000000
60942  38.853  -27.412  24.751 0.0000000000
62113  38.598  -26.862  24.192 0.0000000000
62114  37.870  -26.825  24.035 0.0000000000
57180  39.353  -30.278  28.298 0.0000000000
58480  34.522  -30.120  26.363 0.0000000000
58494  34.341  -29.524  25.594 0.0000000000
45924  39.224  -39.054  34.789 0.0000000000
47207  38.980  -38.607  34.298 0.0000000000
48528  36.093  -36.672  32.730 0.0000000000
48527  36.782  -36.882  32.756 0.0000000000
49861  36.297  -36.007  31.162 0.0000000000
49879  36.689  -35.881  30.550 0.0000000000
51103  34.666  -35.087  29.537 0.0000000000
47243  32.421  -37.909  32.624 0.0000000000
49924  32.112  -36.683  28.982 0.0000000000
51124  32.602  -35.108  28.440 0.0000000000
77575  46.189  -12.918  16.844 0.0000000000
68120  48.559  -21.497  24.207 0.0000000000
68141  48.407  -20.997  23.446 0.0000000000
49707  25.843  -36.051  41.314 0.0000000000
49709  23.969  -34.973  41.256 0.0000000000
48383  28.299  -37.127  42.813 0.0000000000
49670  27.865  -36.531  42.738 0.0000000000
48399  27.436  -36.904  41.912 0.0000000000
50948  39.535  -35.128  40.678 0.0000000000
52130  40.328  -34.632  40.223 0.0000000000
52143  40.778  -34.247  39.741 0.0000000000
53324  40.963  -33.462  39.473 0.0000000000
52166  40.305  -34.632  38.356 0.0000000000
53345  40.591  -34.061  38.925 0.0000000000
54489  41.242  -32.632  39.600 0.0000000000
55719  41.320  -32.287  39.253 0.0000000000
55717  41.816  -31.567  38.607 0.0000000000
54511  42.203  -31.760  38.029 0.0000000000
54510  42.869  -31.604  37.424 0.0000000000
53341  42.974  -32.564  36.677 0.0000000000
52182  44.214  -34.034  35.988 0.0000000000
49778  43.453  -34.975  36.280 0.0000000000
51027  43.931  -34.702  36.095 0.0000000000
52201  44.090  -34.015  35.629 0.0000000000
52241  43.787  -34.092  34.526 0.0000000000
52253  43.224  -34.285  33.890 0.0000000000
52259  41.876  -33.427  33.006 0.0000000000
52261  40.328  -34.550  32.981 0.0000000000
51060  39.624  -35.082  32.899 0.0000000000
51061  39.053  -35.559  32.562 0.0000000000
43231  30.515  -39.768  31.514 0.0000000000
41879  31.155  -40.281  31.198 0.0000000000
41892  32.556  -41.395  30.217 0.0000000000
72924  43.195  -17.390  19.855 0.0000000000
72938  42.955  -17.827  19.604 0.0000000000
71719  42.885  -18.416  19.605 0.0000000000
70522  44.315  -19.446  19.615 0.0000000000
70521  45.565  -19.390  19.366 0.0000000000
47258  27.677  -37.796  32.051 0.0000000000
48556  27.684  -37.552  30.584 0.0000000000
48543  27.163  -37.609  31.405 0.0000000000
48544  26.108  -37.811  31.622 0.0000000000
47249  25.747  -37.878  32.666 0.0000000000
48533  25.498  -37.808  32.164 0.0000000000
48559  24.660  -37.515  30.433 0.0000000000
51038  23.070  -35.416  36.416 0.0000000000
48488  21.121  -37.098  35.501 0.0000000000
48503  20.965  -37.078  34.832 0.0000000000
44580  19.731  -39.615  34.834 0.0000000000
47102  35.101  -38.433  40.734 0.0000000000
47101  35.744  -37.865  40.689 0.0000000000
47124  35.979  -38.143  39.825 0.0000000000
45836  36.717  -39.332  38.360 0.0000000000
44495  37.341  -40.460  38.439 0.0000000000
44519  37.637  -41.260  38.702 0.0000000000
43136  38.028  -41.678  38.921 0.0000000000
43137  37.708  -41.635  39.196 0.0000000000
41764  37.393  -42.077  39.591 0.0000000000
40365  36.942  -42.908  39.166 0.0000000000
40351  36.658  -42.403  39.399 0.0000000000
38987  36.635  -43.030  39.064 0.0000000000
39010  35.775  -42.612  38.878 0.0000000000
40367  35.170  -42.484  38.858 0.0000000000
40386  34.457  -42.258  38.768 0.0000000000
41776  28.974  -40.419  39.375 0.0000000000
40372  29.125  -41.015  39.245 0.0000000000
40373  28.786  -40.942  38.963 0.0000000000
41800  28.999  -41.219  38.363 0.0000000000
41824  28.988  -41.196  37.897 0.0000000000
43195  28.147  -40.313  37.191 0.0000000000
41843  28.664  -40.537  37.313 0.0000000000
41857  28.905  -40.540  36.999 0.0000000000
41856  29.230  -40.419  36.902 0.0000000000
44601  27.460  -38.842  34.646 0.0000000000
45948  27.814  -38.823  34.656 0.0000000000
45935  28.063  -38.512  34.035 0.0000000000
47235  27.880  -38.366  33.457 0.0000000000
65671  50.343  -23.251  28.543 0.0000000000
66846  52.775  -22.543  28.336 0.0000000000
66859  53.148  -22.225  28.175 0.0000000000
41709  20.409  -41.570  44.821 0.0000000000
41727  20.524  -41.822  44.080 0.0000000000
43092  20.400  -41.825  42.493 0.0000000000
41759  20.560  -42.341  41.782 0.0000000000
40344  20.496  -42.870  41.460 0.0000000000
68047  45.477  -21.340  28.806 0.0000000000
66850  45.298  -22.111  29.228 0.0000000000
66838  45.531  -22.159  30.313 0.0000000000
66837  45.952  -22.168  31.134 0.0000000000
68024  46.528  -21.236  31.028 0.0000000000
65624  46.453  -22.686  31.303 0.0000000000
66786  50.022  -22.246  35.019 0.0000000000
61951  49.513  -25.057  34.689 0.0000000000
60801  49.830  -26.148  33.414 0.0000000000
60818  50.105  -26.307  32.529 0.0000000000
60854  50.091  -26.531  31.344 0.0000000000
60877  50.139  -26.433  30.559 0.0000000000
60878  49.471  -26.466  30.721 0.0000000000
62033  49.104  -26.446  30.607 0.0000000000
62034  48.659  -26.438  30.409 0.0000000000
60856  48.898  -26.876  32.086 0.0000000000
62011  48.503  -26.537  31.350 0.0000000000
62056  47.807  -26.324  29.688 0.0000000000
62069  47.095  -26.210  28.923 0.0000000000
63250  46.754  -25.890  28.502 0.0000000000
58335  44.172  -29.444  35.536 0.0000000000
58336  43.697  -29.263  35.103 0.0000000000
59585  43.304  -28.592  34.766 0.0000000000
59598  42.806  -28.599  33.866 0.0000000000
58391  43.779  -29.472  32.219 0.0000000000
59611  42.897  -28.838  32.786 0.0000000000
59612  42.423  -28.060  33.074 0.0000000000
60839  42.624  -27.317  32.566 0.0000000000
60857  42.663  -27.381  31.846 0.0000000000
62040  42.737  -26.751  31.487 0.0000000000
60880  42.759  -27.493  30.281 0.0000000000
59689  43.392  -28.421  28.199 0.0000000000
59695  43.386  -28.552  27.402 0.0000000000
59700  43.206  -28.651  26.859 0.0000000000
59716  42.458  -28.415  26.461 0.0000000000
60927  41.696  -27.964  25.720 0.0000000000
60939  41.230  -27.469  25.392 0.0000000000
60928  40.859  -28.000  25.556 0.0000000000
60929  40.011  -27.791  25.597 0.0000000000
59703  40.743  -28.791  26.368 0.0000000000
60930  39.118  -27.798  25.427 0.0000000000
60931  38.351  -27.822  25.205 0.0000000000
59734  37.702  -28.145  25.312 0.0000000000
55940  37.456  -31.353  28.363 0.0000000000
57193  35.452  -30.679  26.775 0.0000000000
55954  34.954  -31.307  26.631 0.0000000000
57194  34.796  -30.716  26.503 0.0000000000
45927  37.113  -39.381  35.241 0.0000000000
47209  37.067  -38.950  34.582 0.0000000000
47229  36.279  -37.852  33.968 0.0000000000
48498  35.613  -37.847  34.343 0.0000000000
48513  35.859  -37.193  33.558 0.0000000000
49836  35.450  -36.746  32.972 0.0000000000
47283  32.598  -38.501  29.305 0.0000000000
48622  32.234  -37.432  27.626 0.0000000000
80684  50.763  -10.119  18.493 0.0000000000
81791  50.284  -9.756  17.602 0.0000000000
81819  49.621  -9.944  15.970 0.0000000000
75416  46.910  -15.143  14.843 0.0000000000
44558  26.210  -38.897  36.315 0.0000000000
44578  25.720  -38.766  35.909 0.0000000000
47172  25.830  -37.718  36.625 0.0000000000
48468  25.434  -36.836  36.831 0.0000000000
51036  24.391  -35.334  37.285 0.0000000000
51018  24.385  -35.363  37.648 0.0000000000
50999  21.285  -35.948  38.363 0.0000000000
49751  20.741  -36.398  38.670 0.0000000000
49752  20.287  -37.057  39.156 0.0000000000
44437  32.859  -39.445  43.002 0.0000000000
44454  32.322  -39.462  42.464 0.0000000000
43072  32.477  -39.624  41.782 0.0000000000
41740  32.653  -40.206  41.140 0.0000000000
41724  32.168  -40.036  41.608 0.0000000000
41725  31.615  -40.169  41.653 0.0000000000
41726  31.120  -40.255  41.604 0.0000000000
41743  30.969  -40.497  41.144 0.0000000000
41756  30.654  -40.301  40.551 0.0000000000
41757  30.230  -40.170  40.179 0.0000000000
41769  29.529  -40.190  39.637 0.0000000000
44455  29.125  -39.111  42.364 0.0000000000
45808  28.644  -38.327  42.253 0.0000000000
45807  28.875  -38.683  42.183 0.0000000000
44466  29.058  -39.396  41.870 0.0000000000
43138  28.865  -40.074  39.382 0.0000000000
43139  28.535  -40.066  39.232 0.0000000000
43159  28.343  -39.840  38.459 0.0000000000
44532  28.142  -39.483  38.632 0.0000000000
43160  28.050  -39.533  38.250 0.0000000000
44542  26.990  -38.693  36.541 0.0000000000
65702  50.825  -23.823  26.946 0.0000000000
70242  49.914  -19.151  33.438 0.0000000000
69087  49.569  -20.496  34.673 0.0000000000
70227  49.671  -19.636  34.940 0.0000000000
67956  49.652  -21.541  35.247 0.0000000000
67942  49.492  -21.672  35.734 0.0000000000
66726  49.394  -22.395  35.795 0.0000000000
69070  49.124  -20.413  36.208 0.0000000000
67922  49.170  -21.555  36.239 0.0000000000
65518  48.888  -22.701  36.163 0.0000000000
65538  48.804  -23.322  36.589 0.0000000000
64323  48.450  -23.566  36.548 0.0000000000
64324  47.994  -23.442  36.197 0.0000000000
60733  44.367  -27.877  39.143 0.0000000000
58333  44.502  -29.283  36.488 0.0000000000
55740  44.497  -31.061  36.915 0.0000000000
54566  44.538  -31.647  35.528 0.0000000000
56980  44.498  -30.670  36.629 0.0000000000
55760  44.531  -30.496  36.211 0.0000000000
57023  44.639  -29.902  36.067 0.0000000000
57024  44.464  -30.308  35.409 0.0000000000
57049  44.283  -30.487  34.332 0.0000000000
57073  44.382  -30.810  33.448 0.0000000000
55866  44.263  -31.225  32.316 0.0000000000
57121  44.274  -30.750  31.639 0.0000000000
55897  43.876  -31.304  30.869 0.0000000000
55898  43.106  -30.969  30.420 0.0000000000
57171  41.735  -30.372  28.657 0.0000000000
55928  39.728  -31.034  29.102 0.0000000000
55929  38.754  -31.429  29.035 0.0000000000
54669  40.453  -32.497  31.416 0.0000000000
53482  39.742  -33.172  31.403 0.0000000000
54686  39.792  -32.567  30.944 0.0000000000
55931  36.818  -32.295  28.487 0.0000000000
54708  36.080  -32.687  28.234 0.0000000000
54709  35.455  -33.053  27.975 0.0000000000
44584  32.974  -39.722  34.897 0.0000000000
45960  32.125  -38.466  32.798 0.0000000000
78563  48.141  -12.773  19.002 0.0000000000
77563  47.698  -13.153  18.922 0.0000000000
77570  46.279  -12.815  17.867 0.0000000000
76475  45.156  -14.010  18.260 0.0000000000
77571  45.524  -13.445  17.587 0.0000000000
77576  45.538  -13.708  16.620 0.0000000000
76488  45.274  -14.533  16.328 0.0000000000
72956  44.671  -17.630  17.903 0.0000000000
72976  44.499  -16.948  17.325 0.0000000000
72994  44.563  -16.419  16.792 0.0000000000
74220  44.983  -16.019  16.390 0.0000000000
48599  28.273  -37.556  28.819 0.0000000000
45917  25.271  -38.220  35.418 0.0000000000
45939  24.949  -38.077  34.778 0.0000000000
47237  24.726  -37.832  33.765 0.0000000000
47217  24.743  -37.620  34.826 0.0000000000
48502  24.685  -37.505  33.974 0.0000000000
49841  21.564  -36.421  33.458 0.0000000000
49840  22.523  -36.085  33.254 0.0000000000
49853  22.897  -36.019  32.775 0.0000000000
48535  22.790  -36.344  32.473 0.0000000000
49866  23.057  -36.718  30.810 0.0000000000
48411  37.383  -36.425  40.452 0.0000000000
50932  39.080  -35.371  41.425 0.0000000000
49720  39.372  -35.609  39.914 0.0000000000
49742  39.384  -35.605  39.628 0.0000000000
49763  39.426  -36.479  38.220 0.0000000000
48455  39.354  -37.246  38.047 0.0000000000
48453  40.027  -36.913  36.976 0.0000000000
45881  40.559  -38.058  36.670 0.0000000000
48477  41.340  -37.979  35.996 0.0000000000
47189  41.241  -38.333  35.490 0.0000000000
45902  41.008  -38.949  35.922 0.0000000000
45903  40.553  -39.244  35.477 0.0000000000
43201  40.218  -40.750  36.547 0.0000000000
45904  39.486  -39.566  35.379 0.0000000000
45905  38.469  -39.565  35.382 0.0000000000
45906  37.487  -39.713  35.651 0.0000000000
40362  39.203  -42.044  38.596 0.0000000000
41789  38.954  -42.129  37.898 0.0000000000
41835  38.613  -41.760  36.886 0.0000000000
41815  37.328  -42.137  37.323 0.0000000000
41836  37.785  -41.746  36.937 0.0000000000
41853  38.119  -41.419  36.644 0.0000000000
45908  35.481  -39.461  35.984 0.0000000000
40322  32.872  -40.718  40.528 0.0000000000
38966  33.152  -41.894  40.104 0.0000000000
38968  31.907  -42.002  40.258 0.0000000000
38980  32.821  -42.123  39.794 0.0000000000
38979  33.700  -42.057  39.667 0.0000000000
39012  33.818  -42.226  38.904 0.0000000000
40387  33.503  -41.903  38.773 0.0000000000
40410  33.845  -41.772  38.554 0.0000000000
40390  30.954  -41.453  38.653 0.0000000000
43174  30.457  -41.069  38.047 0.0000000000
40389  31.786  -41.456  38.616 0.0000000000
41796  32.747  -41.464  38.177 0.0000000000
41820  33.292  -41.538  38.241 0.0000000000
47214  29.578  -38.764  33.603 0.0000000000
45947  30.016  -39.030  33.096 0.0000000000
45946  30.228  -39.396  33.024 0.0000000000
43232  30.403  -40.110  31.672 0.0000000000
43240  30.709  -40.203  31.169 0.0000000000
44631  30.495  -40.304  30.207 0.0000000000
66944  45.243  -22.406  24.146 0.0000000000
68123  46.015  -22.367  24.206 0.0000000000
68122  46.640  -22.172  24.543 0.0000000000
68121  47.617  -21.705  24.393 0.0000000000
68059  51.984  -21.651  27.272 0.0000000000
65712  52.048  -22.991  25.598 0.0000000000
66925  51.626  -22.761  24.803 0.0000000000
53271  25.325  -33.285  42.637 0.0000000000
52091  24.957  -33.707  42.260 0.0000000000
52109  24.533  -33.968  42.050 0.0000000000
52110  23.986  -33.999  42.099 0.0000000000
50919  23.181  -33.829  41.844 0.0000000000
52093  21.998  -33.289  43.209 0.0000000000
50939  20.582  -35.373  40.819 0.0000000000
49710  20.332  -36.082  40.145 0.0000000000
48431  19.912  -37.807  39.560 0.0000000000
47073  19.902  -38.747  42.432 0.0000000000
48401  19.688  -37.773  41.721 0.0000000000
48418  19.616  -37.960  40.611 0.0000000000
48445  20.349  -37.721  39.028 0.0000000000
47145  20.116  -38.477  39.039 0.0000000000
44543  19.726  -40.637  38.118 0.0000000000
43141  20.649  -42.062  40.004 0.0000000000
78551  50.196  -12.532  20.430 0.0000000000
77560  48.121  -13.345  19.655 0.0000000000
76472  46.833  -13.982  19.912 0.0000000000
75385  45.286  -15.194  20.196 0.0000000000
74192  44.118  -16.061  20.140 0.0000000000
75364  45.980  -15.092  22.344 0.0000000000
75374  45.859  -14.871  21.728 0.0000000000
74193  43.555  -16.778  20.440 0.0000000000
72909  42.919  -17.503  20.733 0.0000000000
72910  42.296  -18.157  20.903 0.0000000000
72896  42.354  -18.450  21.435 0.0000000000
71670  42.412  -18.896  21.965 0.0000000000
69316  42.658  -20.853  22.845 0.0000000000
68166  42.897  -21.445  23.374 0.0000000000
71627  43.140  -18.987  24.300 0.0000000000
70441  42.799  -19.469  24.060 0.0000000000
69259  43.266  -20.130  25.021 0.0000000000
69287  43.009  -20.010  24.435 0.0000000000
68146  43.242  -21.900  23.832 0.0000000000
68124  43.783  -22.201  24.449 0.0000000000
66928  44.722  -22.361  24.822 0.0000000000
66901  45.328  -22.864  26.712 0.0000000000
66900  46.276  -22.929  26.410 0.0000000000
65688  48.457  -23.325  27.520 0.0000000000
65675  46.358  -23.921  28.724 0.0000000000
64474  46.705  -24.080  29.750 0.0000000000
64487  47.136  -24.337  29.206 0.0000000000
66864  49.367  -23.324  28.176 0.0000000000
65654  51.538  -23.519  29.652 0.0000000000
64492  51.441  -24.467  27.902 0.0000000000
69119  48.080  -20.513  32.393 0.0000000000
67991  48.765  -21.181  33.392 0.0000000000
68002  48.544  -21.507  32.987 0.0000000000
66823  47.882  -21.819  32.462 0.0000000000
64419  48.789  -24.601  32.499 0.0000000000
65576  49.848  -22.624  34.887 0.0000000000
65577  49.603  -22.835  34.485 0.0000000000
64400  48.543  -24.023  33.630 0.0000000000
63187  49.319  -25.134  31.970 0.0000000000
63186  50.055  -25.217  31.731 0.0000000000
65604  51.757  -24.477  31.986 0.0000000000
65618  52.238  -24.445  31.814 0.0000000000
63203  51.644  -25.217  31.335 0.0000000000
63202  52.174  -25.113  31.703 0.0000000000
64493  50.703  -24.352  27.386 0.0000000000
63263  49.649  -24.668  26.707 0.0000000000
62066  49.169  -25.803  28.911 0.0000000000
63246  49.118  -25.591  28.234 0.0000000000
63257  48.164  -25.566  27.416 0.0000000000
67925  47.436  -21.040  36.567 0.0000000000
66753  47.559  -22.020  36.991 0.0000000000
65540  47.574  -23.143  37.009 0.0000000000
65552  47.503  -23.120  36.183 0.0000000000
65500  44.706  -23.533  39.512 0.0000000000
60785  44.273  -27.905  36.604 0.0000000000
60771  43.641  -26.995  36.698 0.0000000000
61945  43.529  -26.369  37.167 0.0000000000
61958  43.110  -26.285  35.289 0.0000000000
63141  43.280  -25.687  36.551 0.0000000000
63110  43.417  -25.318  37.886 0.0000000000
64326  43.390  -24.197  37.868 0.0000000000
65542  43.754  -23.564  38.367 0.0000000000
66731  44.605  -22.323  38.560 0.0000000000
66732  44.259  -22.212  37.757 0.0000000000
67927  44.575  -21.574  37.193 0.0000000000
67947  44.864  -21.683  36.383 0.0000000000
66775  44.022  -22.875  35.440 0.0000000000
66774  44.620  -22.399  35.902 0.0000000000
66773  45.663  -22.627  36.013 0.0000000000
65554  45.843  -23.180  35.758 0.0000000000
64345  46.885  -24.006  35.438 0.0000000000
63123  47.373  -24.777  35.497 0.0000000000
61955  46.933  -25.186  34.398 0.0000000000
61971  47.278  -25.461  33.763 0.0000000000
61986  47.116  -25.795  32.972 0.0000000000
61998  46.152  -25.831  32.244 0.0000000000
62036  46.516  -26.339  30.501 0.0000000000
60904  44.157  -26.510  28.200 0.0000000000
62071  44.620  -26.260  28.618 0.0000000000
62080  45.199  -26.082  28.067 0.0000000000
62079  45.654  -25.937  27.575 0.0000000000
62111  40.383  -26.766  24.673 0.0000000000
63304  38.968  -25.840  23.162 0.0000000000
58463  39.344  -29.798  27.830 0.0000000000
59735  36.907  -28.203  25.039 0.0000000000
58492  36.325  -29.086  25.999 0.0000000000
48496  40.457  -37.420  34.302 0.0000000000
48508  40.199  -37.224  33.746 0.0000000000
47225  39.405  -38.105  33.928 0.0000000000
49835  39.410  -36.566  33.207 0.0000000000
51066  38.422  -35.571  31.773 0.0000000000
48526  37.580  -37.252  32.617 0.0000000000
51079  37.728  -35.200  30.658 0.0000000000
51100  36.870  -34.973  29.978 0.0000000000
52286  36.740  -34.686  29.606 0.0000000000
52287  36.262  -34.797  29.296 0.0000000000
47213  33.198  -38.453  34.149 0.0000000000
47230  33.425  -37.826  34.077 0.0000000000
48515  33.628  -37.275  33.448 0.0000000000
49863  34.346  -36.316  31.454 0.0000000000
49901  32.456  -36.539  29.545 0.0000000000
49881  34.171  -36.029  30.842 0.0000000000
52289  34.363  -34.585  29.149 0.0000000000
51123  33.304  -34.740  28.595 0.0000000000
53526  33.539  -33.580  27.225 0.0000000000
53540  33.601  -33.045  27.068 0.0000000000
79611  48.436  -11.681  18.248 0.0000000000
79620  48.981  -11.215  17.854 0.0000000000
79622  47.464  -11.593  17.065 0.0000000000
79621  48.342  -11.246  17.408 0.0000000000
80698  48.481  -10.846  16.944 0.0000000000
80704  49.179  -10.344  16.330 0.0000000000
76496  47.073  -14.497  14.694 0.0000000000
68163  45.789  -21.324  22.586 0.0000000000
68182  45.605  -21.079  22.234 0.0000000000
38967  32.381  -42.046  40.250 0.0000000000
38975  36.460  -42.822  39.137 0.0000000000
38978  34.482  -42.371  39.722 0.0000000000
38988  36.089  -42.734  39.111 0.0000000000
38989  35.358  -42.616  39.212 0.0000000000
38990  34.737  -42.592  39.374 0.0000000000
39009  36.186  -42.785  38.925 0.0000000000
40336  35.354  -42.112  40.078 0.0000000000
40349  38.164  -42.267  39.438 0.0000000000
40350  37.600  -42.442  39.548 0.0000000000
40352  35.805  -42.208  39.585 0.0000000000
40355  29.839  -40.781  39.537 0.0000000000
40363  38.530  -42.270  38.891 0.0000000000
40366  36.429  -42.865  39.082 0.0000000000
40381  38.924  -42.205  38.268 0.0000000000
40393  28.936  -41.077  38.893 0.0000000000
40406  39.657  -42.390  37.865 0.0000000000
40407  39.298  -42.237  37.972 0.0000000000
40408  35.222  -41.911  38.212 0.0000000000
40411  33.186  -41.642  38.505 0.0000000000
40413  29.287  -41.254  38.327 0.0000000000
41723  32.420  -39.931  41.519 0.0000000000
41742  31.525  -40.669  41.309 0.0000000000
41744  20.595  -42.328  42.277 0.0000000000
41753  35.533  -41.852  39.896 0.0000000000
41758  29.892  -39.948  40.096 0.0000000000
41763  38.146  -42.123  39.770 0.0000000000
41767  34.418  -40.869  39.888 0.0000000000
41768  29.881  -40.298  39.807 0.0000000000
41771  20.171  -41.935  40.762 0.0000000000
41774  38.536  -42.010  39.170 0.0000000000
41775  38.199  -41.945  39.529 0.0000000000
41779  20.547  -42.317  39.700 0.0000000000
41787  40.130  -41.498  37.875 0.0000000000
41790  38.533  -42.346  37.820 0.0000000000
41794  34.501  -41.375  37.963 0.0000000000
41801  28.699  -40.993  38.530 0.0000000000
41819  34.042  -41.460  38.163 0.0000000000
41826  28.396  -40.280  37.676 0.0000000000
41832  40.456  -41.363  37.239 0.0000000000
41833  40.366  -41.668  37.117 0.0000000000
41844  28.465  -40.437  37.508 0.0000000000
41851  39.390  -41.353  36.412 0.0000000000
41854  37.569  -41.463  36.749 0.0000000000
43059  29.585  -39.330  42.463 0.0000000000
43062  20.623  -40.910  44.690 0.0000000000
43079  20.390  -42.067  43.137 0.0000000000
43093  20.419  -41.962  42.915 0.0000000000
43104  35.097  -41.394  39.792 0.0000000000
43106  34.207  -40.341  40.159 0.0000000000
43107  30.370  -40.033  40.620 0.0000000000
43108  30.150  -39.818  40.625 0.0000000000
43119  37.892  -41.805  39.608 0.0000000000
43123  34.432  -40.500  39.951 0.0000000000
43124  34.275  -40.541  40.073 0.0000000000
43134  39.115  -41.324  37.780 0.0000000000
43140  28.299  -39.760  38.930 0.0000000000
43150  40.035  -41.037  37.541 0.0000000000
43151  39.755  -41.328  37.736 0.0000000000
43152  34.382  -41.239  37.790 0.0000000000
43153  34.198  -41.185  37.696 0.0000000000
43154  32.451  -41.285  37.917 0.0000000000
43156  30.578  -41.172  38.235 0.0000000000
43157  30.336  -41.206  38.208 0.0000000000
43167  40.302  -40.887  37.344 0.0000000000
43173  30.724  -41.028  38.112 0.0000000000
43184  40.453  -40.974  36.899 0.0000000000
44439  30.959  -38.803  42.943 0.0000000000
44442  29.360  -38.798  42.687 0.0000000000
44453  32.855  -39.325  42.557 0.0000000000
44468  19.957  -40.507  42.544 0.0000000000
44478  34.213  -40.083  40.213 0.0000000000
44494  37.732  -40.169  38.316 0.0000000000
44499  34.401  -40.156  40.065 0.0000000000
44518  38.013  -40.438  38.299 0.0000000000
44520  28.709  -39.545  39.422 0.0000000000
44531  39.559  -40.507  37.520 0.0000000000
44537  40.069  -40.315  37.251 0.0000000000
44547  40.416  -40.210  36.988 0.0000000000
44562  40.145  -40.118  36.222 0.0000000000
44591  25.839  -38.291  34.634 0.0000000000
44592  25.600  -38.218  34.632 0.0000000000
44604  25.871  -37.993  34.347 0.0000000000
45777  32.499  -39.366  43.484 0.0000000000
45778  30.426  -38.738  43.775 0.0000000000
45804  34.321  -38.210  42.093 0.0000000000
45806  33.968  -39.039  41.112 0.0000000000
45818  34.366  -39.112  40.598 0.0000000000
45819  34.136  -39.061  40.944 0.0000000000
45857  35.940  -38.835  38.663 0.0000000000
45858  35.579  -38.990  39.211 0.0000000000
45859  35.525  -38.860  39.810 0.0000000000
45870  40.366  -37.932  36.704 0.0000000000
45874  35.693  -38.795  39.243 0.0000000000
45876  26.791  -37.955  37.357 0.0000000000
45883  39.782  -38.876  37.230 0.0000000000
45890  40.853  -38.243  36.567 0.0000000000
45936  25.920  -38.517  34.943 0.0000000000
45937  25.732  -38.424  34.881 0.0000000000
45945  32.126  -38.459  33.072 0.0000000000
45953  24.962  -37.884  34.212 0.0000000000
47084  34.205  -38.645  41.113 0.0000000000
47085  34.045  -38.876  41.151 0.0000000000
47086  28.690  -38.353  41.987 0.0000000000
47103  34.500  -38.658  40.845 0.0000000000
47104  34.191  -38.824  40.961 0.0000000000
47105  28.744  -38.578  41.792 0.0000000000
47125  35.557  -38.565  40.110 0.0000000000
47138  36.009  -38.514  39.228 0.0000000000
47139  35.741  -38.593  39.667 0.0000000000
47140  35.605  -38.691  39.946 0.0000000000
47152  40.371  -37.576  36.711 0.0000000000
47153  39.928  -37.960  36.998 0.0000000000
47154  39.552  -38.355  37.391 0.0000000000
47155  35.813  -38.652  39.302 0.0000000000
47156  35.687  -38.751  39.493 0.0000000000
47168  41.734  -36.691  36.324 0.0000000000
47171  39.697  -38.589  37.258 0.0000000000
47174  19.747  -38.561  37.850 0.0000000000
47177  42.171  -36.463  36.319 0.0000000000
47178  41.673  -37.133  36.148 0.0000000000
47179  41.368  -37.846  36.191 0.0000000000
47180  41.283  -38.436  36.013 0.0000000000
47186  42.306  -36.543  36.103 0.0000000000
47191  36.735  -39.255  35.262 0.0000000000
47202  41.929  -36.825  35.677 0.0000000000
47218  24.802  -37.791  34.409 0.0000000000
47244  32.226  -38.281  32.928 0.0000000000
48451  40.986  -35.901  36.856 0.0000000000
48465  42.319  -36.037  36.550 0.0000000000
48466  41.737  -36.103  36.749 0.0000000000
48478  41.348  -38.263  35.845 0.0000000000
48484  42.748  -36.161  35.928 0.0000000000
48485  41.412  -38.036  35.763 0.0000000000
48486  41.321  -38.208  35.625 0.0000000000
48492  42.482  -36.328  35.614 0.0000000000
48501  24.662  -37.184  34.405 0.0000000000
48532  25.857  -37.823  32.216 0.0000000000
48541  28.492  -37.816  31.215 0.0000000000
48598  31.964  -36.881  29.004 0.0000000000
49759  41.521  -35.844  36.864 0.0000000000
49760  40.931  -35.881  36.877 0.0000000000
49781  41.504  -35.591  36.990 0.0000000000
49798  43.596  -35.159  36.112 0.0000000000
49812  42.916  -35.733  35.657 0.0000000000
49842  21.261  -36.551  33.383 0.0000000000
49902  32.183  -36.745  29.173 0.0000000000
50897  25.207  -34.276  42.007 0.0000000000
50949  38.926  -35.339  40.766 0.0000000000
50970  39.433  -35.345  39.282 0.0000000000
50988  42.972  -34.127  36.540 0.0000000000
50991  39.391  -35.554  38.703 0.0000000000
51007  43.705  -34.449  36.273 0.0000000000
51008  43.188  -34.366  36.400 0.0000000000
51009  42.520  -34.645  36.618 0.0000000000
51010  41.850  -34.962  36.939 0.0000000000
51011  41.192  -35.308  37.344 0.0000000000
51028  43.501  -35.118  35.795 0.0000000000
51029  42.210  -34.569  36.842 0.0000000000
51030  41.993  -34.585  37.005 0.0000000000
51122  35.109  -34.799  29.235 0.0000000000
52108  25.053  -34.002  42.005 0.0000000000
52162  43.787  -33.248  36.215 0.0000000000
52163  43.303  -33.437  36.464 0.0000000000
52164  42.825  -33.180  36.710 0.0000000000
52183  43.633  -33.947  36.321 0.0000000000
52202  43.821  -34.625  35.729 0.0000000000
52203  42.335  -34.226  36.875 0.0000000000
52204  42.106  -34.328  37.021 0.0000000000
52222  44.334  -33.266  34.615 0.0000000000
52225  43.032  -34.958  35.039 0.0000000000
52239  44.561  -33.110  34.296 0.0000000000
52250  44.839  -33.049  34.047 0.0000000000
52251  44.587  -33.186  34.027 0.0000000000
53309  41.490  -32.603  40.392 0.0000000000
53362  43.896  -32.842  36.131 0.0000000000
53363  42.295  -33.813  37.070 0.0000000000
53383  42.124  -33.978  36.893 0.0000000000
53384  42.110  -34.050  37.149 0.0000000000
53402  44.297  -33.160  35.008 0.0000000000
53421  44.497  -32.968  34.515 0.0000000000
53439  44.692  -32.886  34.215 0.0000000000
53441  44.437  -33.096  33.715 0.0000000000
53480  41.825  -32.231  31.611 0.0000000000
54468  41.183  -32.148  40.368 0.0000000000
54487  42.751  -31.109  38.079 0.0000000000
54512  41.565  -32.351  38.398 0.0000000000
54513  41.239  -32.655  38.974 0.0000000000
54594  44.684  -31.676  35.296 0.0000000000
54611  44.599  -32.606  34.458 0.0000000000
54647  44.418  -32.327  33.237 0.0000000000
54670  40.098  -32.870  31.347 0.0000000000
54688  38.283  -33.364  30.331 0.0000000000
55676  41.250  -31.819  39.876 0.0000000000
55694  43.390  -30.218  38.603 0.0000000000
55695  42.945  -30.556  38.804 0.0000000000
55698  41.299  -32.048  39.513 0.0000000000
55718  41.494  -31.866  38.967 0.0000000000
55739  44.182  -30.286  37.412 0.0000000000
55761  44.393  -31.025  35.969 0.0000000000
55791  44.553  -30.500  35.887 0.0000000000
55793  44.798  -31.556  35.177 0.0000000000
56938  44.143  -29.416  38.510 0.0000000000
56939  43.604  -29.590  38.880 0.0000000000
56941  41.818  -31.281  39.014 0.0000000000
56942  41.675  -31.482  39.046 0.0000000000
56962  41.922  -31.261  38.789 0.0000000000
56963  41.768  -31.453  38.823 0.0000000000
56998  44.519  -30.453  36.474 0.0000000000
57025  44.227  -30.083  35.103 0.0000000000
57144  44.364  -31.023  30.987 0.0000000000
57170  42.523  -30.077  28.556 0.0000000000
58251  43.877  -29.049  40.498 0.0000000000
58278  43.885  -29.174  39.549 0.0000000000
58351  43.969  -29.846  34.940 0.0000000000
58406  44.117  -30.343  31.377 0.0000000000
59569  44.471  -28.029  36.683 0.0000000000
59582  44.464  -28.863  36.431 0.0000000000
59599  42.529  -27.867  33.621 0.0000000000
59629  42.624  -28.093  32.304 0.0000000000
59665  42.600  -28.182  30.856 0.0000000000
59702  42.291  -28.830  26.734 0.0000000000
60783  48.799  -25.981  34.317 0.0000000000
60784  48.593  -25.796  34.282 0.0000000000
60788  42.451  -27.012  34.791 0.0000000000
60852  51.199  -26.135  30.728 0.0000000000
60876  50.697  -26.118  30.336 0.0000000000
60879  49.144  -26.445  30.364 0.0000000000
60898  49.148  -26.441  30.125 0.0000000000
60908  45.068  -26.312  27.410 0.0000000000
61931  44.270  -26.934  38.446 0.0000000000
61943  48.165  -25.528  35.280 0.0000000000
61969  49.053  -26.137  34.357 0.0000000000
61970  48.339  -25.618  33.956 0.0000000000
61973  45.301  -25.084  33.547 0.0000000000
61975  42.747  -26.403  34.423 0.0000000000
61989  42.642  -26.559  33.598 0.0000000000
62051  51.284  -25.473  29.666 0.0000000000
62084  47.581  -25.567  26.523 0.0000000000
62094  46.112  -26.023  25.889 0.0000000000
63108  49.141  -24.269  36.428 0.0000000000
63119  49.454  -24.263  35.912 0.0000000000
63124  46.915  -24.588  35.129 0.0000000000
63125  43.253  -25.452  37.133 0.0000000000
63126  43.120  -24.853  36.646 0.0000000000
63139  47.245  -25.142  35.027 0.0000000000
63152  49.202  -25.364  34.834 0.0000000000
63154  48.167  -25.579  33.784 0.0000000000
63158  44.288  -24.622  33.595 0.0000000000
63160  42.829  -25.637  34.185 0.0000000000
63170  48.104  -25.630  33.552 0.0000000000
63175  42.623  -25.876  33.798 0.0000000000
63189  44.767  -25.361  32.829 0.0000000000
63204  50.129  -25.070  31.220 0.0000000000
63206  49.143  -24.943  31.656 0.0000000000
63207  43.790  -25.554  32.133 0.0000000000
63209  42.627  -25.836  32.384 0.0000000000
63285  45.549  -25.749  25.116 0.0000000000
63305  38.412  -25.865  23.158 0.0000000000
64321  49.370  -23.867  36.386 0.0000000000
64322  48.990  -23.842  36.804 0.0000000000
64341  49.471  -24.142  36.115 0.0000000000
64361  45.573  -23.953  34.813 0.0000000000
64378  49.038  -23.327  33.980 0.0000000000
64380  45.890  -24.365  34.642 0.0000000000
64381  45.157  -24.249  34.449 0.0000000000
64403  43.372  -24.743  33.907 0.0000000000
64415  52.183  -24.488  32.139 0.0000000000
64432  52.255  -24.697  31.770 0.0000000000
64433  51.588  -24.849  31.102 0.0000000000
64483  52.578  -23.723  28.307 0.0000000000
64486  47.577  -24.377  29.218 0.0000000000
64501  48.814  -24.883  26.254 0.0000000000
65519  48.716  -22.739  36.474 0.0000000000
65522  44.139  -22.901  38.273 0.0000000000
65536  49.349  -23.311  35.783 0.0000000000
65537  49.035  -23.217  36.089 0.0000000000
65539  48.354  -23.060  37.082 0.0000000000
65553  46.663  -23.218  35.959 0.0000000000
65562  49.605  -23.181  34.764 0.0000000000
65563  46.284  -23.474  35.395 0.0000000000
65564  45.487  -23.355  35.155 0.0000000000
65566  43.833  -23.450  34.867 0.0000000000
65579  49.248  -22.768  33.633 0.0000000000
65581  44.440  -23.719  34.528 0.0000000000
65603  51.976  -24.393  31.722 0.0000000000
65605  51.497  -24.765  32.133 0.0000000000
65658  47.888  -24.376  29.285 0.0000000000
65661  44.868  -22.556  28.742 0.0000000000
65687  51.075  -24.066  27.516 0.0000000000
65704  48.146  -23.287  26.908 0.0000000000
65705  45.357  -22.997  27.245 0.0000000000
66727  49.199  -22.470  35.988 0.0000000000
66729  48.506  -21.961  36.844 0.0000000000
66751  49.173  -22.909  35.803 0.0000000000
66788  44.674  -22.998  35.419 0.0000000000
66789  44.241  -23.144  35.176 0.0000000000
66802  49.454  -22.261  33.874 0.0000000000
66811  49.223  -22.017  33.460 0.0000000000
66822  48.363  -22.057  32.753 0.0000000000
66851  45.017  -22.419  28.891 0.0000000000
66882  46.049  -23.042  27.182 0.0000000000
66909  52.462  -22.609  25.485 0.0000000000
66910  51.890  -22.886  25.332 0.0000000000
66943  45.703  -22.395  24.129 0.0000000000
67921  49.400  -22.137  35.873 0.0000000000
67924  47.995  -21.047  36.484 0.0000000000
67957  46.358  -21.714  36.339 0.0000000000
67959  45.210  -21.984  35.846 0.0000000000
67989  49.460  -20.933  34.117 0.0000000000
67992  48.436  -21.023  33.035 0.0000000000
68003  48.200  -21.306  32.687 0.0000000000
68023  46.984  -20.865  31.488 0.0000000000
68044  53.192  -21.734  28.099 0.0000000000
68045  51.858  -22.213  27.525 0.0000000000
68049  44.398  -21.523  27.833 0.0000000000
68079  44.242  -20.802  26.789 0.0000000000
68104  42.788  -20.940  25.135 0.0000000000
68119  49.232  -21.110  23.742 0.0000000000
68162  46.406  -21.229  22.689 0.0000000000
69072  46.229  -20.797  37.123 0.0000000000
69107  48.326  -20.792  32.784 0.0000000000
69120  47.575  -20.768  32.200 0.0000000000
69132  48.730  -19.656  31.808 0.0000000000
69143  47.943  -19.777  31.192 0.0000000000
69260  42.833  -20.545  24.733 0.0000000000
69313  46.193  -21.039  22.433 0.0000000000
69334  42.932  -20.696  22.074 0.0000000000
70276  48.465  -19.545  31.306 0.0000000000
70392  43.631  -19.689  25.301 0.0000000000
70442  42.559  -19.689  23.555 0.0000000000
71702  42.457  -18.650  20.341 0.0000000000
72977  44.009  -16.623  17.804 0.0000000000
74212  43.869  -16.310  17.884 0.0000000000
74221  44.433  -15.951  16.734 0.0000000000
75387  44.051  -15.806  19.187 0.0000000000
75394  43.833  -16.015  18.011 0.0000000000
76489  44.737  -14.525  16.790 0.0000000000
76492  45.689  -14.459  15.894 0.0000000000
77558  49.679  -12.821  20.512 0.0000000000
77586  46.575  -14.046  15.044 0.0000000000
78570  48.327  -12.218  18.803 0.0000000000
79623  47.173  -11.981  16.566 0.0000000000
79627  47.237  -12.077  16.295 0.0000000000
80665  51.756  -10.237  19.457 0.0000000000
80712  48.812  -10.654  15.859 0.0000000000
