#!ascii label  , from subject 3235 vox2ras=TkReg
1094
45726  -13.590  -33.964  49.771 0.0000000000
59667  -34.385  -23.370  33.666 0.0000000000
68699  -31.029  -15.591  34.439 0.0000000000
59542  -28.280  -21.729  40.341 0.0000000000
78226  -35.726  -6.910  26.828 0.0000000000
72404  -33.085  -10.586  27.715 0.0000000000
59566  -36.850  -23.282  39.404 0.0000000000
58377  -31.677  -24.622  37.491 0.0000000000
81451  -42.187  -4.324  28.144 0.0000000000
86212  -44.488  0.779  26.525 0.0000000000
88534  -47.107  1.800  23.173 0.0000000000
73453  -33.697  -11.046  37.475 0.0000000000
72342  -29.594  -10.951  31.888 0.0000000000
74632  -36.369  -8.536  33.387 0.0000000000
72346  -39.119  -11.644  31.125 0.0000000000
57087  -20.210  -23.160  41.502 0.0000000000
44517  -11.638  -36.119  54.190 0.0000000000
65297  -34.517  -18.610  33.611 0.0000000000
69821  -34.357  -15.049  39.454 0.0000000000
59580  -21.559  -21.375  38.321 0.0000000000
60780  -26.341  -22.120  34.218 0.0000000000
88580  -43.591  3.095  17.783 0.0000000000
91785  -48.315  5.503  21.602 0.0000000000
72457  -35.635  -10.828  26.672 0.0000000000
75889  -41.188  -9.087  28.233 0.0000000000
48059  -13.384  -31.326  45.737 0.0000000000
43304  -5.854  -37.220  52.360 0.0000000000
84943  -43.491  -1.353  27.394 0.0000000000
73467  -34.194  -8.860  35.516 0.0000000000
54802  -18.316  -25.923  39.221 0.0000000000
44532  -13.094  -36.086  51.794 0.0000000000
61890  -32.789  -21.451  30.607 0.0000000000
62971  -34.609  -20.989  33.238 0.0000000000
60699  -26.229  -19.814  39.346 0.0000000000
61808  -25.098  -20.407  36.166 0.0000000000
59597  -27.967  -20.923  37.462 0.0000000000
58422  -33.347  -24.234  35.587 0.0000000000
58439  -29.899  -24.247  34.474 0.0000000000
59664  -31.839  -23.824  32.801 0.0000000000
58305  -27.510  -21.780  42.397 0.0000000000
60674  -24.408  -20.506  41.845 0.0000000000
85005  -40.253  0.445  22.616 0.0000000000
86272  -42.418  1.863  19.853 0.0000000000
89644  -47.998  3.161  21.890 0.0000000000
73598  -31.275  -9.744  29.260 0.0000000000
71242  -34.703  -10.997  26.779 0.0000000000
72394  -40.401  -11.091  29.395 0.0000000000
52608  -17.371  -28.456  44.048 0.0000000000
51516  -16.980  -28.870  45.413 0.0000000000
49180  -16.194  -30.149  47.686 0.0000000000
49228  -13.676  -31.010  43.458 0.0000000000
42210  -7.740  -37.378  51.287 0.0000000000
59613  -35.735  -23.329  36.262 0.0000000000
61821  -36.430  -21.233  35.381 0.0000000000
61799  -38.018  -20.525  38.632 0.0000000000
57091  -30.609  -24.700  41.799 0.0000000000
58360  -30.477  -23.217  38.956 0.0000000000
57124  -32.706  -24.669  39.966 0.0000000000
57166  -33.722  -24.755  37.718 0.0000000000
80405  -39.119  -5.494  27.849 0.0000000000
83663  -39.875  -2.161  27.006 0.0000000000
84962  -41.316  -0.159  25.736 0.0000000000
86240  -43.010  1.621  23.483 0.0000000000
87404  -44.540  2.112  22.159 0.0000000000
87373  -45.578  2.309  25.566 0.0000000000
71077  -31.102  -13.072  36.379 0.0000000000
71153  -29.581  -13.503  33.093 0.0000000000
73480  -31.064  -10.879  34.708 0.0000000000
73519  -32.233  -9.255  32.490 0.0000000000
73575  -35.177  -9.568  30.279 0.0000000000
72389  -36.208  -10.930  29.347 0.0000000000
73524  -37.546  -10.106  31.715 0.0000000000
55859  -18.891  -24.372  43.399 0.0000000000
53691  -17.247  -27.081  41.537 0.0000000000
93993  -47.595  6.996  16.330 0.0000000000
44498  -10.032  -35.980  56.243 0.0000000000
64171  -33.074  -19.413  31.637 0.0000000000
67592  -32.543  -17.383  34.305 0.0000000000
65268  -36.163  -18.889  35.702 0.0000000000
67574  -34.503  -17.387  36.363 0.0000000000
69843  -32.293  -15.122  36.951 0.0000000000
72211  -34.080  -12.757  39.779 0.0000000000
59627  -28.325  -23.029  35.726 0.0000000000
59478  -22.891  -21.206  43.577 0.0000000000
58323  -20.433  -22.512  40.047 0.0000000000
88552  -44.874  2.927  21.183 0.0000000000
90713  -45.291  4.766  19.606 0.0000000000
91810  -46.000  5.904  18.321 0.0000000000
93965  -49.298  7.029  20.525 0.0000000000
45760  -10.698  -34.363  46.649 0.0000000000
44573  -10.380  -35.076  48.639 0.0000000000
75915  -35.436  -9.345  26.067 0.0000000000
71225  -37.323  -12.504  28.265 0.0000000000
73643  -38.552  -10.770  27.174 0.0000000000
78229  -38.688  -7.996  27.258 0.0000000000
79360  -41.371  -6.389  28.670 0.0000000000
48032  -13.015  -32.700  47.570 0.0000000000
43319  -9.721  -36.382  51.307 0.0000000000
43286  -8.817  -36.335  53.587 0.0000000000
44512  -6.947  -36.029  54.370 0.0000000000
44540  -13.371  -34.909  50.786 0.0000000000
60799  -33.582  -22.753  32.795 0.0000000000
61864  -33.986  -21.666  32.435 0.0000000000
60801  -35.014  -22.465  33.454 0.0000000000
59562  -26.847  -20.537  40.124 0.0000000000
60715  -27.127  -20.458  38.664 0.0000000000
59563  -27.706  -21.261  39.407 0.0000000000
59648  -33.919  -23.855  34.393 0.0000000000
58458  -32.496  -24.220  33.997 0.0000000000
59665  -32.571  -23.698  33.259 0.0000000000
59682  -32.333  -23.165  32.324 0.0000000000
57088  -29.576  -22.543  41.662 0.0000000000
57055  -28.999  -23.305  43.402 0.0000000000
58306  -28.286  -21.619  41.880 0.0000000000
59540  -26.495  -20.919  41.072 0.0000000000
67600  -30.679  -16.654  33.301 0.0000000000
68709  -29.953  -15.880  32.979 0.0000000000
72386  -32.575  -9.789  28.752 0.0000000000
72403  -31.648  -10.551  27.461 0.0000000000
72423  -33.468  -10.962  26.901 0.0000000000
51539  -15.835  -29.195  43.300 0.0000000000
51531  -16.851  -28.789  43.994 0.0000000000
50406  -15.888  -29.509  43.830 0.0000000000
50396  -15.551  -30.169  44.380 0.0000000000
50413  -14.698  -30.473  43.067 0.0000000000
59585  -36.708  -23.264  38.281 0.0000000000
60732  -37.004  -22.448  37.102 0.0000000000
60716  -37.863  -22.017  38.934 0.0000000000
57092  -31.468  -24.815  41.948 0.0000000000
57107  -31.164  -24.816  41.005 0.0000000000
57109  -33.406  -24.411  41.095 0.0000000000
59544  -36.211  -22.831  40.477 0.0000000000
58347  -34.779  -24.126  39.669 0.0000000000
58349  -36.095  -23.643  38.738 0.0000000000
58381  -35.466  -23.702  37.029 0.0000000000
81449  -40.467  -4.640  27.930 0.0000000000
82471  -39.111  -3.833  27.649 0.0000000000
82474  -41.582  -3.348  27.761 0.0000000000
86200  -44.217  -0.382  27.330 0.0000000000
84951  -42.348  -0.562  26.581 0.0000000000
84964  -42.428  0.377  26.296 0.0000000000
84990  -41.677  1.052  24.863 0.0000000000
86219  -43.681  1.124  25.882 0.0000000000
87371  -44.108  1.672  24.801 0.0000000000
87361  -45.089  1.492  26.089 0.0000000000
72248  -32.077  -11.719  37.137 0.0000000000
72261  -31.454  -11.793  36.054 0.0000000000
72263  -32.634  -11.270  36.710 0.0000000000
74612  -35.338  -8.415  34.551 0.0000000000
73482  -33.335  -9.135  34.694 0.0000000000
73497  -33.841  -8.373  33.180 0.0000000000
73520  -33.483  -8.743  32.239 0.0000000000
73522  -35.757  -8.962  31.643 0.0000000000
73549  -36.280  -9.780  31.000 0.0000000000
74652  -37.128  -8.893  32.249 0.0000000000
58268  -20.892  -22.984  43.711 0.0000000000
58248  -20.221  -23.522  44.402 0.0000000000
57070  -19.574  -23.748  42.915 0.0000000000
54764  -17.436  -26.366  40.828 0.0000000000
93978  -48.891  8.075  17.881 0.0000000000
95115  -49.640  8.784  16.475 0.0000000000
44506  -10.780  -36.245  55.274 0.0000000000
64172  -34.025  -19.913  32.054 0.0000000000
64192  -32.812  -20.138  30.908 0.0000000000
64154  -33.551  -19.017  32.180 0.0000000000
65308  -32.538  -18.289  32.422 0.0000000000
66460  -33.987  -17.784  33.716 0.0000000000
64100  -37.210  -19.446  36.928 0.0000000000
64112  -36.476  -19.839  35.579 0.0000000000
65241  -37.251  -18.603  37.690 0.0000000000
68636  -35.434  -16.330  39.288 0.0000000000
67545  -36.000  -16.301  38.151 0.0000000000
68648  -35.119  -15.704  37.890 0.0000000000
68675  -33.112  -16.180  36.730 0.0000000000
69834  -33.203  -15.201  38.400 0.0000000000
69833  -32.048  -14.710  38.025 0.0000000000
69811  -34.047  -14.134  39.884 0.0000000000
61820  -26.061  -20.834  35.249 0.0000000000
58376  -30.707  -24.357  37.886 0.0000000000
58395  -29.632  -23.209  37.231 0.0000000000
58396  -29.992  -24.264  36.992 0.0000000000
58438  -28.888  -23.866  34.136 0.0000000000
59456  -24.827  -21.559  44.557 0.0000000000
59561  -22.503  -20.872  39.626 0.0000000000
59539  -22.436  -20.987  40.537 0.0000000000
58342  -20.696  -22.262  38.860 0.0000000000
58357  -20.466  -22.930  37.938 0.0000000000
87405  -45.340  1.684  22.410 0.0000000000
87412  -45.235  1.885  21.712 0.0000000000
88544  -46.086  1.554  21.701 0.0000000000
90697  -48.220  4.012  21.813 0.0000000000
90706  -46.892  4.156  21.097 0.0000000000
90715  -46.907  4.806  20.864 0.0000000000
90724  -45.486  5.241  19.121 0.0000000000
91802  -46.742  5.853  19.562 0.0000000000
93970  -47.633  6.825  19.362 0.0000000000
92885  -48.959  6.511  21.180 0.0000000000
72341  -29.357  -12.373  32.396 0.0000000000
71176  -29.258  -13.817  31.786 0.0000000000
75913  -34.685  -9.985  24.769 0.0000000000
74776  -35.484  -10.131  25.810 0.0000000000
72370  -37.666  -11.776  30.367 0.0000000000
72407  -36.498  -11.376  28.793 0.0000000000
72391  -38.101  -12.298  29.779 0.0000000000
73614  -41.005  -10.635  28.324 0.0000000000
72428  -40.038  -11.686  27.568 0.0000000000
74747  -40.030  -10.130  27.453 0.0000000000
75898  -38.898  -9.198  27.072 0.0000000000
77087  -39.530  -8.461  27.544 0.0000000000
78214  -40.088  -7.416  27.929 0.0000000000
77089  -41.330  -8.165  28.607 0.0000000000
49191  -14.610  -30.770  46.830 0.0000000000
49178  -14.762  -31.262  47.705 0.0000000000
48018  -14.826  -32.061  48.917 0.0000000000
48046  -12.900  -32.399  47.012 0.0000000000
46931  -11.981  -32.495  46.507 0.0000000000
48057  -11.680  -32.479  45.452 0.0000000000
43358  -9.287  -35.626  48.736 0.0000000000
43348  -9.952  -35.126  50.307 0.0000000000
43333  -8.744  -36.344  50.026 0.0000000000
42209  -6.858  -37.508  51.602 0.0000000000
43306  -7.695  -37.370  52.226 0.0000000000
43294  -7.339  -37.028  53.039 0.0000000000
44513  -8.249  -36.231  54.469 0.0000000000
44524  -6.642  -36.509  53.764 0.0000000000
58309  -34.476  -24.054  41.908 0.0000000000
82477  -44.160  -3.529  28.229 0.0000000000
82475  -42.619  -3.446  27.727 0.0000000000
83636  -44.912  -2.468  28.608 0.0000000000
73454  -34.410  -9.704  37.016 0.0000000000
57101  -19.309  -24.754  39.308 0.0000000000
55887  -19.058  -24.222  41.230 0.0000000000
45693  -13.702  -34.605  53.553 0.0000000000
44526  -12.340  -36.097  53.231 0.0000000000
61878  -33.306  -21.634  31.298 0.0000000000
61879  -33.791  -21.354  31.769 0.0000000000
64138  -34.532  -19.777  33.388 0.0000000000
69799  -34.828  -13.996  40.747 0.0000000000
60712  -23.268  -20.699  38.729 0.0000000000
60727  -23.322  -21.123  37.438 0.0000000000
60713  -25.084  -20.088  38.472 0.0000000000
60744  -25.878  -20.022  36.228 0.0000000000
60746  -27.871  -20.982  36.468 0.0000000000
58398  -32.011  -24.578  36.506 0.0000000000
58419  -30.362  -24.412  35.696 0.0000000000
58440  -31.001  -24.506  34.579 0.0000000000
58456  -30.653  -24.396  33.463 0.0000000000
59680  -31.065  -24.322  31.445 0.0000000000
58270  -27.691  -21.936  43.963 0.0000000000
59502  -25.455  -21.658  42.673 0.0000000000
59520  -25.996  -21.690  41.698 0.0000000000
60686  -24.484  -20.072  40.922 0.0000000000
86237  -38.775  0.170  23.037 0.0000000000
88570  -43.442  2.727  18.544 0.0000000000
89612  -48.720  2.725  24.623 0.0000000000
88546  -47.704  2.103  22.836 0.0000000000
73544  -30.601  -10.001  31.143 0.0000000000
71256  -34.244  -11.436  26.031 0.0000000000
71257  -35.094  -11.144  26.467 0.0000000000
73554  -40.566  -11.350  31.670 0.0000000000
72372  -39.450  -11.773  30.434 0.0000000000
72374  -40.862  -10.647  30.626 0.0000000000
53644  -17.644  -27.335  44.252 0.0000000000
52594  -17.862  -27.970  45.501 0.0000000000
50383  -17.108  -28.989  46.455 0.0000000000
49193  -15.989  -29.736  46.302 0.0000000000
49203  -14.811  -30.414  45.583 0.0000000000
48070  -13.585  -31.102  44.860 0.0000000000
48069  -12.703  -31.621  44.334 0.0000000000
48082  -12.892  -31.677  42.851 0.0000000000
59650  -35.284  -23.105  34.881 0.0000000000
60784  -35.795  -22.241  34.803 0.0000000000
60764  -36.322  -22.278  35.611 0.0000000000
61810  -37.418  -21.281  37.348 0.0000000000
57104  -30.335  -23.152  40.820 0.0000000000
58344  -29.559  -22.571  39.943 0.0000000000
57121  -29.949  -24.072  40.190 0.0000000000
57142  -30.429  -24.321  39.436 0.0000000000
57163  -31.443  -24.650  38.466 0.0000000000
58327  -34.519  -24.039  40.616 0.0000000000
57145  -33.030  -24.977  38.863 0.0000000000
57165  -33.195  -24.991  37.883 0.0000000000
58400  -33.868  -24.258  36.363 0.0000000000
58424  -34.668  -23.971  35.612 0.0000000000
57074  -30.006  -24.555  42.573 0.0000000000
79356  -37.476  -5.884  27.735 0.0000000000
80418  -35.647  -5.086  26.629 0.0000000000
81460  -36.960  -4.225  27.386 0.0000000000
83661  -37.861  -2.598  26.791 0.0000000000
83676  -39.093  -1.189  26.469 0.0000000000
83665  -42.057  -1.474  27.021 0.0000000000
83678  -41.197  -0.884  26.568 0.0000000000
84972  -40.011  0.103  24.623 0.0000000000
84988  -40.463  0.631  23.837 0.0000000000
86252  -41.644  1.220  23.576 0.0000000000
86253  -42.184  1.505  23.030 0.0000000000
86264  -42.599  2.072  21.240 0.0000000000
87393  -43.734  2.030  22.781 0.0000000000
87382  -44.636  2.411  24.043 0.0000000000
87383  -45.663  2.491  24.379 0.0000000000
87363  -46.497  2.510  27.063 0.0000000000
88511  -47.890  3.386  25.240 0.0000000000
69850  -30.541  -14.409  35.827 0.0000000000
69905  -30.040  -14.875  33.679 0.0000000000
71103  -30.029  -13.281  35.141 0.0000000000
72306  -29.876  -11.917  34.046 0.0000000000
73494  -30.407  -10.855  34.067 0.0000000000
73466  -33.069  -10.377  36.284 0.0000000000
73495  -31.511  -10.029  33.838 0.0000000000
73518  -30.815  -10.147  32.578 0.0000000000
73545  -31.831  -9.241  31.250 0.0000000000
73573  -32.819  -9.106  29.863 0.0000000000
72367  -34.741  -9.815  29.496 0.0000000000
72388  -35.181  -10.345  28.950 0.0000000000
72368  -35.722  -10.323  29.813 0.0000000000
72343  -37.150  -10.827  30.599 0.0000000000
73551  -37.895  -10.922  31.455 0.0000000000
73501  -39.030  -10.149  32.558 0.0000000000
73527  -40.145  -11.236  32.259 0.0000000000
55847  -18.441  -25.253  43.997 0.0000000000
55870  -18.382  -24.786  41.732 0.0000000000
54750  -17.681  -25.573  42.513 0.0000000000
54735  -17.494  -26.670  43.260 0.0000000000
52616  -17.041  -27.747  43.160 0.0000000000
66471  -31.255  -17.439  32.557 0.0000000000
67591  -31.529  -16.669  34.383 0.0000000000
61836  -35.816  -21.535  34.420 0.0000000000
64140  -35.408  -19.831  34.524 0.0000000000
65283  -35.236  -18.796  34.907 0.0000000000
66408  -35.237  -17.634  36.696 0.0000000000
66447  -34.236  -17.816  34.509 0.0000000000
67583  -33.551  -17.352  35.227 0.0000000000
67582  -32.517  -16.780  35.372 0.0000000000
68673  -31.974  -15.704  36.033 0.0000000000
69842  -31.502  -14.674  36.809 0.0000000000
71069  -31.741  -13.417  37.981 0.0000000000
72236  -33.842  -11.763  38.818 0.0000000000
72191  -35.137  -12.713  40.687 0.0000000000
73400  -35.139  -11.629  39.780 0.0000000000
59584  -29.519  -22.162  38.810 0.0000000000
59610  -28.225  -22.035  36.068 0.0000000000
59626  -27.868  -22.479  35.123 0.0000000000
58418  -28.967  -24.051  35.834 0.0000000000
59646  -28.323  -23.262  34.755 0.0000000000
59454  -22.243  -21.617  44.596 0.0000000000
58285  -21.153  -22.588  42.598 0.0000000000
60662  -23.550  -20.754  42.972 0.0000000000
59518  -21.678  -21.797  41.985 0.0000000000
58304  -20.795  -22.688  41.403 0.0000000000
58341  -20.057  -23.309  38.881 0.0000000000
87410  -43.274  2.561  20.808 0.0000000000
87418  -43.808  2.694  20.546 0.0000000000
88560  -43.710  2.985  19.440 0.0000000000
88554  -46.412  2.440  21.266 0.0000000000
89650  -45.537  3.804  20.664 0.0000000000
89657  -44.311  4.093  19.305 0.0000000000
90722  -43.938  4.479  18.108 0.0000000000
90739  -44.640  5.040  17.025 0.0000000000
91817  -45.066  5.005  15.824 0.0000000000
93992  -47.072  6.731  16.940 0.0000000000
93977  -48.196  7.446  18.160 0.0000000000
45735  -12.299  -34.516  48.189 0.0000000000
44565  -12.282  -34.453  49.125 0.0000000000
44583  -10.622  -34.802  47.418 0.0000000000
69929  -29.395  -14.876  32.002 0.0000000000
78238  -35.993  -7.893  26.828 0.0000000000
72406  -35.643  -10.696  28.473 0.0000000000
71243  -35.685  -10.697  27.286 0.0000000000
71259  -36.673  -11.114  27.620 0.0000000000
71227  -39.181  -12.583  28.396 0.0000000000
72443  -37.806  -11.366  27.310 0.0000000000
73641  -37.116  -10.807  27.235 0.0000000000
74759  -37.017  -9.808  26.779 0.0000000000
77103  -37.025  -8.514  27.121 0.0000000000
78227  -36.765  -7.341  27.228 0.0000000000
79357  -38.516  -6.372  27.682 0.0000000000
80406  -40.052  -5.540  28.016 0.0000000000
80408  -41.761  -5.305  28.577 0.0000000000
46870  -14.134  -32.651  50.137 0.0000000000
46881  -14.677  -32.265  49.694 0.0000000000
46879  -13.482  -33.154  48.741 0.0000000000
46891  -12.354  -33.337  47.610 0.0000000000
46908  -11.205  -33.510  46.283 0.0000000000
44552  -11.496  -35.153  50.729 0.0000000000
43321  -11.579  -36.635  51.943 0.0000000000
43309  -11.004  -36.867  52.545 0.0000000000
43318  -9.088  -36.656  50.814 0.0000000000
43308  -10.036  -37.046  52.178 0.0000000000
43288  -10.653  -36.697  53.998 0.0000000000
44514  -9.253  -36.403  54.599 0.0000000000
44504  -8.778  -35.988  55.202 0.0000000000
43292  -5.523  -36.696  53.024 0.0000000000
44523  -6.045  -36.441  53.821 0.0000000000
45716  -13.767  -34.255  50.566 0.0000000000
45715  -13.320  -34.453  50.037 0.0000000000
60800  -34.315  -22.530  33.116 0.0000000000
60782  -34.888  -22.954  33.649 0.0000000000
59647  -33.154  -24.035  33.867 0.0000000000
59666  -33.592  -23.398  33.350 0.0000000000
59683  -33.052  -23.082  32.767 0.0000000000
58307  -29.090  -22.217  41.590 0.0000000000
58324  -28.634  -21.987  40.983 0.0000000000
59522  -28.021  -21.574  41.100 0.0000000000
86271  -41.834  1.304  20.358 0.0000000000
67590  -30.896  -16.080  33.984 0.0000000000
67599  -29.965  -16.549  32.546 0.0000000000
68710  -30.366  -15.531  33.697 0.0000000000
51538  -15.505  -29.653  43.050 0.0000000000
50415  -15.634  -29.626  43.331 0.0000000000
50414  -15.210  -30.033  42.923 0.0000000000
59586  -37.277  -22.782  38.612 0.0000000000
59567  -37.475  -22.638  39.465 0.0000000000
57093  -32.499  -24.564  42.130 0.0000000000
57094  -33.439  -24.141  42.408 0.0000000000
58329  -35.973  -23.473  39.610 0.0000000000
58364  -36.089  -23.567  37.778 0.0000000000
57077  -32.727  -24.187  43.343 0.0000000000
81450  -41.315  -4.502  28.014 0.0000000000
82473  -40.799  -3.777  27.708 0.0000000000
86211  -43.891  -0.057  26.833 0.0000000000
86210  -43.426  -0.054  26.680 0.0000000000
86218  -43.162  0.471  26.504 0.0000000000
86226  -42.638  1.280  25.708 0.0000000000
86220  -44.478  1.337  25.617 0.0000000000
72249  -32.845  -11.419  37.334 0.0000000000
74631  -35.431  -8.420  33.767 0.0000000000
73483  -34.609  -8.402  33.961 0.0000000000
73484  -35.509  -8.440  33.210 0.0000000000
73498  -35.070  -8.551  32.687 0.0000000000
73499  -36.127  -8.656  32.370 0.0000000000
58284  -20.331  -23.261  42.708 0.0000000000
57086  -19.667  -23.473  41.714 0.0000000000
93985  -48.876  8.298  16.685 0.0000000000
95103  -49.538  8.800  17.540 0.0000000000
44508  -12.337  -35.768  54.741 0.0000000000
44501  -12.119  -35.981  55.451 0.0000000000
44500  -11.495  -36.116  55.783 0.0000000000
44507  -11.561  -36.111  55.009 0.0000000000
64155  -34.021  -19.254  32.569 0.0000000000
65310  -33.984  -18.619  32.936 0.0000000000
65296  -33.828  -18.240  33.238 0.0000000000
65232  -37.253  -18.203  38.778 0.0000000000
69822  -34.772  -15.681  39.837 0.0000000000
68635  -34.973  -15.643  38.833 0.0000000000
69835  -34.257  -15.434  38.714 0.0000000000
68647  -34.122  -15.849  38.131 0.0000000000
69820  -33.604  -14.541  39.276 0.0000000000
59579  -20.774  -22.051  37.766 0.0000000000
59596  -21.292  -21.717  37.113 0.0000000000
59581  -22.165  -21.089  39.080 0.0000000000
58358  -20.726  -22.096  38.264 0.0000000000
88520  -46.269  2.012  23.574 0.0000000000
88533  -46.292  1.660  22.695 0.0000000000
91776  -48.297  4.877  21.845 0.0000000000
90707  -47.428  4.619  21.263 0.0000000000
91784  -47.935  4.993  21.302 0.0000000000
91792  -47.214  5.597  20.564 0.0000000000
91793  -47.914  5.591  21.099 0.0000000000
92884  -48.271  6.310  20.899 0.0000000000
72363  -29.097  -12.273  30.717 0.0000000000
72456  -34.811  -11.439  25.802 0.0000000000
72469  -34.636  -11.164  25.174 0.0000000000
73658  -35.163  -10.838  25.623 0.0000000000
72345  -38.288  -11.478  30.981 0.0000000000
72371  -38.616  -12.026  30.481 0.0000000000
74736  -41.311  -9.780  28.673 0.0000000000
74748  -40.916  -10.153  27.787 0.0000000000
75888  -40.359  -9.287  27.734 0.0000000000
77088  -40.614  -8.338  28.075 0.0000000000
49190  -13.919  -31.074  46.570 0.0000000000
48048  -14.228  -31.276  47.270 0.0000000000
48047  -13.556  -31.726  46.929 0.0000000000
48058  -12.462  -31.922  45.835 0.0000000000
43347  -9.246  -35.585  49.758 0.0000000000
43305  -6.758  -37.241  52.382 0.0000000000
43293  -6.476  -36.753  53.122 0.0000000000
73442  -35.554  -10.184  37.483 0.0000000000
44528  -13.650  -35.484  52.253 0.0000000000
45697  -14.123  -34.891  52.701 0.0000000000
44520  -13.587  -35.314  52.998 0.0000000000
44519  -13.143  -35.570  53.621 0.0000000000
44527  -13.133  -35.969  52.741 0.0000000000
60830  -32.960  -22.398  31.379 0.0000000000
61865  -34.469  -21.213  32.975 0.0000000000
62970  -34.332  -20.486  32.821 0.0000000000
62957  -34.867  -20.512  33.585 0.0000000000
60698  -24.661  -19.864  39.710 0.0000000000
59582  -27.925  -21.000  38.116 0.0000000000
60714  -26.321  -20.048  38.207 0.0000000000
60730  -27.290  -20.465  37.394 0.0000000000
60745  -26.745  -20.417  35.986 0.0000000000
60731  -27.965  -20.909  37.124 0.0000000000
58421  -32.449  -24.392  35.591 0.0000000000
58420  -31.461  -24.507  35.620 0.0000000000
58457  -31.701  -24.275  33.625 0.0000000000
58473  -30.496  -24.327  32.268 0.0000000000
58474  -31.272  -24.264  32.785 0.0000000000
59681  -31.525  -23.838  31.989 0.0000000000
59699  -32.039  -23.139  31.528 0.0000000000
57054  -28.500  -22.513  43.288 0.0000000000
58286  -27.197  -21.747  43.185 0.0000000000
59503  -26.621  -21.929  42.483 0.0000000000
60687  -25.758  -20.082  40.547 0.0000000000
85004  -39.556  0.096  22.153 0.0000000000
73571  -30.449  -10.125  30.073 0.0000000000
73597  -30.225  -10.357  29.205 0.0000000000
71241  -33.845  -11.243  26.363 0.0000000000
71275  -34.489  -11.459  25.871 0.0000000000
73555  -41.424  -10.536  31.306 0.0000000000
72348  -40.552  -10.983  31.077 0.0000000000
74723  -41.780  -9.702  29.354 0.0000000000
52609  -17.597  -28.153  43.964 0.0000000000
53627  -17.828  -27.493  45.041 0.0000000000
52602  -17.847  -27.973  44.599 0.0000000000
51523  -17.013  -28.862  44.891 0.0000000000
50390  -16.520  -29.305  45.533 0.0000000000
49216  -15.122  -30.388  44.451 0.0000000000
49204  -15.622  -30.031  45.360 0.0000000000
49215  -14.151  -30.692  44.503 0.0000000000
49214  -13.433  -31.183  43.997 0.0000000000
59630  -35.677  -23.163  35.531 0.0000000000
59631  -36.107  -23.022  35.907 0.0000000000
61798  -37.762  -21.304  38.371 0.0000000000
62913  -37.734  -20.453  37.937 0.0000000000
57105  -30.133  -23.686  40.912 0.0000000000
57120  -30.184  -23.351  40.438 0.0000000000
57106  -30.469  -24.341  40.961 0.0000000000
57123  -31.665  -24.864  40.116 0.0000000000
57122  -30.806  -24.536  40.179 0.0000000000
57143  -31.167  -24.664  39.351 0.0000000000
57144  -32.058  -24.846  39.152 0.0000000000
58310  -34.914  -23.164  41.242 0.0000000000
58362  -34.627  -24.331  38.749 0.0000000000
57125  -33.874  -24.534  39.609 0.0000000000
57146  -33.874  -24.872  38.367 0.0000000000
58379  -33.453  -24.576  37.186 0.0000000000
58380  -34.399  -24.348  37.453 0.0000000000
58401  -34.795  -23.991  36.151 0.0000000000
59612  -35.212  -23.499  35.913 0.0000000000
59629  -34.912  -23.683  35.331 0.0000000000
57090  -30.182  -24.010  41.707 0.0000000000
80404  -38.162  -5.299  27.836 0.0000000000
80403  -37.324  -5.047  27.612 0.0000000000
81446  -37.820  -4.370  27.637 0.0000000000
82487  -39.458  -3.006  27.432 0.0000000000
82486  -38.508  -3.118  27.296 0.0000000000
83662  -38.771  -2.213  26.963 0.0000000000
83675  -37.847  -1.552  26.169 0.0000000000
83652  -42.997  -2.330  27.462 0.0000000000
83651  -42.017  -2.566  27.561 0.0000000000
83679  -41.756  -0.568  26.425 0.0000000000
84961  -40.576  -0.296  25.678 0.0000000000
84973  -40.903  0.285  24.865 0.0000000000
86239  -42.134  1.330  24.367 0.0000000000
86238  -41.704  1.234  24.100 0.0000000000
86262  -41.460  1.125  22.383 0.0000000000
86254  -42.788  2.073  22.435 0.0000000000
87372  -44.857  2.035  25.093 0.0000000000
88510  -46.943  3.066  25.051 0.0000000000
71085  -30.924  -14.218  36.469 0.0000000000
71084  -30.879  -13.308  36.089 0.0000000000
72283  -31.263  -11.349  35.436 0.0000000000
72282  -30.314  -11.690  34.909 0.0000000000
73479  -30.570  -11.067  34.635 0.0000000000
73496  -32.651  -9.134  33.665 0.0000000000
73547  -34.433  -8.876  31.044 0.0000000000
73546  -33.189  -8.855  31.168 0.0000000000
73574  -34.111  -9.210  30.156 0.0000000000
72366  -33.648  -9.578  29.347 0.0000000000
73523  -36.818  -9.358  31.534 0.0000000000
73577  -36.554  -10.336  30.624 0.0000000000
73550  -37.137  -10.383  30.903 0.0000000000
74655  -39.368  -9.634  33.205 0.0000000000
74656  -40.328  -9.889  33.594 0.0000000000
73526  -39.338  -11.000  32.280 0.0000000000
73528  -40.917  -10.846  32.275 0.0000000000
57053  -19.414  -23.969  44.060 0.0000000000
55837  -18.910  -24.359  44.918 0.0000000000
55848  -18.738  -24.556  44.304 0.0000000000
55886  -18.631  -24.963  40.240 0.0000000000
54782  -17.915  -25.794  40.216 0.0000000000
54765  -17.798  -25.539  41.254 0.0000000000
54749  -17.276  -26.346  42.041 0.0000000000
54736  -17.856  -25.882  43.586 0.0000000000
53675  -17.271  -27.187  42.656 0.0000000000
45673  -9.469  -35.435  56.292 0.0000000000
64170  -31.747  -18.875  30.978 0.0000000000
66473  -32.630  -18.052  32.981 0.0000000000
66472  -31.935  -17.864  32.693 0.0000000000
66458  -32.198  -17.600  33.581 0.0000000000
67601  -31.487  -17.309  33.330 0.0000000000
65284  -35.597  -18.981  35.300 0.0000000000
64125  -35.345  -19.296  34.711 0.0000000000
65267  -35.561  -18.552  35.518 0.0000000000
67559  -34.654  -16.744  37.427 0.0000000000
67560  -35.669  -17.168  37.366 0.0000000000
66429  -35.004  -18.074  35.762 0.0000000000
66428  -34.222  -17.623  35.543 0.0000000000
67573  -33.542  -16.753  36.338 0.0000000000
68661  -32.935  -15.700  36.912 0.0000000000
67572  -32.917  -16.438  35.989 0.0000000000
68674  -32.753  -15.868  36.161 0.0000000000
68688  -32.145  -16.180  35.822 0.0000000000
69852  -32.130  -15.187  36.298 0.0000000000
69851  -31.336  -15.147  36.093 0.0000000000
71070  -32.546  -13.442  39.015 0.0000000000
72234  -32.119  -12.201  38.073 0.0000000000
72223  -33.470  -12.377  39.325 0.0000000000
71032  -35.561  -13.225  41.251 0.0000000000
71031  -35.054  -13.531  40.864 0.0000000000
73425  -35.021  -11.526  39.289 0.0000000000
61796  -24.023  -21.029  37.084 0.0000000000
60743  -22.962  -21.243  36.521 0.0000000000
61817  -23.599  -21.028  36.103 0.0000000000
58359  -30.065  -22.557  39.258 0.0000000000
59565  -29.526  -22.349  39.407 0.0000000000
59599  -29.425  -22.091  37.678 0.0000000000
59611  -28.680  -22.792  36.717 0.0000000000
59477  -21.628  -21.953  43.660 0.0000000000
59499  -21.877  -21.626  42.881 0.0000000000
60663  -24.419  -20.952  42.584 0.0000000000
59501  -24.653  -21.314  43.122 0.0000000000
60673  -23.430  -20.528  42.241 0.0000000000
59538  -21.488  -21.752  40.871 0.0000000000
59519  -22.448  -21.045  41.602 0.0000000000
58322  -19.790  -23.470  39.771 0.0000000000
87403  -43.592  2.300  21.850 0.0000000000
88553  -45.516  2.356  21.244 0.0000000000
87411  -44.453  2.531  21.326 0.0000000000
88561  -44.261  2.989  20.310 0.0000000000
89635  -48.267  2.936  22.594 0.0000000000
88545  -47.278  2.056  22.088 0.0000000000
89634  -47.780  2.781  21.996 0.0000000000
89659  -45.700  4.160  20.658 0.0000000000
89651  -46.164  3.507  20.894 0.0000000000
89658  -44.978  4.159  19.958 0.0000000000
89666  -44.453  4.311  19.183 0.0000000000
89665  -43.769  4.120  18.472 0.0000000000
90723  -44.586  4.690  18.800 0.0000000000
90733  -44.845  5.354  17.944 0.0000000000
91818  -45.430  5.538  16.713 0.0000000000
92904  -46.438  6.368  17.286 0.0000000000
93964  -48.372  6.981  19.910 0.0000000000
93971  -48.097  7.100  19.106 0.0000000000
93972  -48.948  7.680  19.215 0.0000000000
93973  -49.693  7.797  19.921 0.0000000000
45746  -11.883  -34.385  47.631 0.0000000000
44574  -11.602  -34.637  48.349 0.0000000000
44584  -11.323  -34.434  47.757 0.0000000000
69882  -29.771  -14.269  33.800 0.0000000000
69904  -29.649  -14.820  32.925 0.0000000000
75914  -34.776  -9.657  25.119 0.0000000000
77121  -35.447  -8.499  26.446 0.0000000000
72408  -36.861  -12.283  28.830 0.0000000000
71223  -36.136  -10.890  28.072 0.0000000000
71224  -36.630  -11.783  28.214 0.0000000000
71244  -36.502  -11.162  27.773 0.0000000000
71245  -36.878  -11.966  27.617 0.0000000000
72393  -40.007  -12.092  29.606 0.0000000000
71208  -39.436  -12.468  29.113 0.0000000000
72410  -40.197  -12.238  28.401 0.0000000000
73625  -39.310  -10.902  27.331 0.0000000000
72427  -38.942  -12.152  27.500 0.0000000000
72444  -38.514  -11.231  27.224 0.0000000000
73642  -37.803  -10.667  27.174 0.0000000000
74778  -37.157  -10.332  26.968 0.0000000000
74760  -37.435  -9.956  26.910 0.0000000000
77105  -38.870  -8.552  27.131 0.0000000000
75897  -37.888  -9.307  26.904 0.0000000000
77104  -38.248  -8.544  26.976 0.0000000000
78228  -37.822  -7.740  27.185 0.0000000000
79373  -37.591  -6.803  27.441 0.0000000000
79374  -38.378  -7.258  27.387 0.0000000000
78215  -40.932  -7.391  28.512 0.0000000000
79359  -40.491  -6.453  28.259 0.0000000000
80407  -40.905  -5.463  28.324 0.0000000000
48017  -14.126  -32.279  48.418 0.0000000000
46893  -13.744  -32.759  48.361 0.0000000000
46880  -14.025  -32.489  49.125 0.0000000000
46892  -13.024  -33.092  48.003 0.0000000000
45747  -12.591  -33.932  47.930 0.0000000000
46930  -11.340  -33.085  45.694 0.0000000000
46929  -10.861  -33.882  45.358 0.0000000000
44564  -11.493  -34.604  49.522 0.0000000000
44563  -10.621  -34.910  49.915 0.0000000000
43335  -10.417  -35.613  50.955 0.0000000000
43336  -11.262  -36.066  51.268 0.0000000000
43320  -10.660  -36.518  51.609 0.0000000000
42225  -7.703  -37.355  50.389 0.0000000000
42226  -8.593  -37.166  50.255 0.0000000000
42211  -8.489  -37.312  50.939 0.0000000000
43295  -8.328  -37.221  52.982 0.0000000000
43307  -8.884  -37.228  51.838 0.0000000000
43296  -9.375  -37.130  53.017 0.0000000000
43297  -10.384  -36.990  53.207 0.0000000000
43287  -9.765  -36.798  53.905 0.0000000000
44515  -10.194  -36.434  54.642 0.0000000000
44503  -7.895  -35.626  55.052 0.0000000000
44533  -13.540  -35.338  51.467 0.0000000000
60814  -33.288  -22.466  32.077 0.0000000000
60815  -33.763  -22.337  32.627 0.0000000000
61849  -34.434  -21.959  32.972 0.0000000000
61850  -35.013  -21.675  33.344 0.0000000000
60700  -27.033  -20.458  39.416 0.0000000000
58443  -33.628  -24.149  35.016 0.0000000000
58442  -32.999  -24.234  34.723 0.0000000000
57073  -29.784  -23.589  42.569 0.0000000000
57072  -29.282  -22.596  42.442 0.0000000000
58288  -28.713  -22.076  42.326 0.0000000000
59521  -27.212  -21.613  41.598 0.0000000000
59541  -27.439  -21.291  40.625 0.0000000000
85023  -40.838  0.471  21.832 0.0000000000
67612  -30.537  -17.180  32.199 0.0000000000
73599  -32.079  -9.421  29.459 0.0000000000
72385  -30.961  -10.282  28.387 0.0000000000
72424  -34.289  -10.851  27.078 0.0000000000
51540  -16.247  -28.607  43.011 0.0000000000
51532  -17.532  -28.532  44.162 0.0000000000
50407  -16.424  -29.108  44.046 0.0000000000
50398  -16.479  -29.220  44.450 0.0000000000
50397  -15.900  -29.792  44.637 0.0000000000
50405  -15.373  -30.236  43.844 0.0000000000
49230  -14.999  -30.452  43.861 0.0000000000
49229  -14.377  -30.630  43.481 0.0000000000
49241  -13.583  -31.318  42.502 0.0000000000
59600  -36.045  -23.282  36.849 0.0000000000
59614  -36.292  -22.907  36.425 0.0000000000
59601  -36.604  -22.963  37.308 0.0000000000
60733  -37.376  -22.261  37.761 0.0000000000
61789  -37.965  -21.482  38.806 0.0000000000
57108  -32.165  -24.789  41.046 0.0000000000
58328  -35.117  -23.219  40.041 0.0000000000
58348  -35.476  -24.009  39.215 0.0000000000
58363  -35.437  -24.094  38.156 0.0000000000
57076  -31.637  -24.642  42.995 0.0000000000
81448  -39.589  -4.661  27.841 0.0000000000
82472  -39.990  -3.839  27.679 0.0000000000
82488  -40.378  -3.016  27.514 0.0000000000
84953  -43.680  -0.676  27.195 0.0000000000
83666  -42.803  -1.240  27.047 0.0000000000
84952  -43.165  -0.411  26.788 0.0000000000
84963  -41.809  0.124  26.007 0.0000000000
84974  -41.480  0.554  25.202 0.0000000000
84975  -41.968  0.878  25.443 0.0000000000
86227  -43.210  1.508  24.654 0.0000000000
72233  -31.584  -12.641  37.417 0.0000000000
72246  -31.148  -12.648  36.316 0.0000000000
72247  -31.512  -12.155  36.703 0.0000000000
72262  -32.225  -11.262  36.200 0.0000000000
73465  -32.531  -10.735  35.895 0.0000000000
74597  -35.299  -8.585  35.904 0.0000000000
73521  -34.675  -8.695  31.900 0.0000000000
73548  -35.428  -9.326  31.000 0.0000000000
74672  -37.339  -9.488  31.888 0.0000000000
58249  -20.931  -23.038  44.773 0.0000000000
58267  -20.113  -23.528  43.516 0.0000000000
53690  -16.776  -27.629  41.099 0.0000000000
93984  -48.271  7.596  17.031 0.0000000000
94006  -47.909  6.808  15.555 0.0000000000
93994  -48.338  7.565  15.940 0.0000000000
93995  -49.187  8.217  15.490 0.0000000000
44499  -10.657  -36.127  56.059 0.0000000000
62983  -33.884  -20.708  31.736 0.0000000000
62982  -33.239  -20.534  31.161 0.0000000000
65326  -32.775  -18.613  32.069 0.0000000000
65309  -33.295  -18.587  32.610 0.0000000000
66459  -33.150  -17.886  33.557 0.0000000000
62933  -37.222  -20.106  36.121 0.0000000000
62932  -36.817  -20.606  35.572 0.0000000000
65255  -36.749  -18.821  36.821 0.0000000000
65254  -36.294  -18.418  36.482 0.0000000000
68649  -35.446  -15.954  38.468 0.0000000000
67544  -35.275  -16.280  37.871 0.0000000000
67558  -33.913  -16.583  37.068 0.0000000000
68662  -33.526  -16.211  37.468 0.0000000000
69844  -32.881  -15.323  37.471 0.0000000000
71057  -33.576  -13.453  39.627 0.0000000000
72193  -36.427  -12.146  41.242 0.0000000000
61809  -25.830  -20.322  35.706 0.0000000000
58361  -30.056  -24.129  38.678 0.0000000000
58374  -30.253  -22.548  38.261 0.0000000000
58375  -30.139  -23.611  38.081 0.0000000000
58455  -29.605  -24.174  33.190 0.0000000000
59479  -24.191  -21.063  43.755 0.0000000000
60685  -23.351  -20.347  41.299 0.0000000000
59560  -21.550  -21.533  39.626 0.0000000000
89643  -47.284  3.246  21.585 0.0000000000
90696  -47.480  3.999  21.458 0.0000000000
90714  -46.160  4.754  20.252 0.0000000000
91791  -46.623  5.415  19.949 0.0000000000
92898  -46.677  6.326  18.860 0.0000000000
92897  -46.655  6.644  18.118 0.0000000000
92891  -47.163  6.429  19.518 0.0000000000
92883  -47.719  6.591  20.032 0.0000000000
45759  -10.258  -34.899  46.080 0.0000000000
44594  -10.307  -34.889  46.610 0.0000000000
72323  -29.729  -12.504  33.470 0.0000000000
71193  -29.081  -13.473  30.880 0.0000000000
74791  -34.791  -10.798  25.011 0.0000000000
74775  -34.866  -10.333  25.109 0.0000000000
72369  -36.768  -10.941  30.283 0.0000000000
72390  -36.847  -12.143  29.655 0.0000000000
71206  -37.706  -12.484  29.033 0.0000000000
72411  -40.713  -11.144  28.681 0.0000000000
73613  -40.571  -11.279  28.053 0.0000000000
73627  -40.744  -10.768  27.921 0.0000000000
73626  -40.299  -10.850  27.678 0.0000000000
74746  -39.287  -9.970  27.314 0.0000000000
74761  -38.470  -10.116  27.165 0.0000000000
78213  -39.152  -7.333  27.583 0.0000000000
78216  -41.820  -7.353  28.836 0.0000000000
49192  -15.415  -30.317  46.626 0.0000000000
49179  -15.387  -30.862  47.906 0.0000000000
48034  -14.319  -31.757  47.962 0.0000000000
48033  -13.576  -32.420  47.755 0.0000000000
46910  -12.476  -32.817  47.365 0.0000000000
46950  -11.439  -32.989  44.738 0.0000000000
43359  -9.863  -35.174  49.499 0.0000000000
43334  -9.411  -35.759  50.621 0.0000000000
43285  -7.761  -36.853  53.833 0.0000000000
43284  -7.040  -36.642  53.622 0.0000000000
58290  -33.934  -23.609  42.997 0.0000000000
59524  -35.763  -21.746  41.096 0.0000000000
81452  -43.036  -4.276  28.225 0.0000000000
82476  -43.550  -3.470  27.837 0.0000000000
83653  -44.238  -2.473  27.889 0.0000000000
86201  -44.583  -0.071  27.546 0.0000000000
87351  -45.038  1.041  27.350 0.0000000000
73441  -34.470  -11.235  38.178 0.0000000000
73455  -35.562  -9.253  36.739 0.0000000000
57102  -19.427  -24.013  40.269 0.0000000000
55905  -19.106  -25.463  38.841 0.0000000000
44509  -12.860  -35.485  54.287 0.0000000000
44518  -12.285  -35.711  53.929 0.0000000000
61863  -33.611  -21.974  31.875 0.0000000000
69812  -34.584  -14.649  40.408 0.0000000000
60711  -22.521  -21.025  37.949 0.0000000000
60726  -22.161  -21.124  37.250 0.0000000000
60728  -24.433  -20.832  37.710 0.0000000000
61797  -24.706  -20.655  36.924 0.0000000000
60729  -25.686  -20.082  37.133 0.0000000000
60762  -27.498  -21.509  35.481 0.0000000000
58397  -31.008  -24.497  36.697 0.0000000000
58441  -32.012  -24.377  34.683 0.0000000000
59457  -25.978  -21.092  44.325 0.0000000000
59481  -26.284  -21.466  43.384 0.0000000000
60664  -24.964  -21.474  41.888 0.0000000000
60675  -25.369  -20.809  41.338 0.0000000000
60697  -23.311  -20.161  40.155 0.0000000000
84986  -38.427  0.097  23.354 0.0000000000
88522  -47.887  2.423  24.540 0.0000000000
88535  -47.922  1.964  23.548 0.0000000000
89625  -48.504  2.710  23.694 0.0000000000
92875  -49.400  5.949  22.058 0.0000000000
72364  -29.639  -10.669  30.776 0.0000000000
73570  -29.509  -10.849  29.879 0.0000000000
72440  -35.153  -11.197  26.225 0.0000000000
72347  -39.893  -11.414  31.118 0.0000000000
72373  -39.903  -10.842  30.359 0.0000000000
73578  -40.755  -10.298  30.009 0.0000000000
73600  -41.136  -10.349  29.163 0.0000000000
74722  -41.385  -9.902  29.072 0.0000000000
74737  -41.577  -9.361  29.036 0.0000000000
75874  -41.476  -9.103  28.789 0.0000000000
77067  -41.614  -8.527  28.793 0.0000000000
51524  -17.513  -28.399  44.589 0.0000000000
50389  -16.024  -29.709  45.243 0.0000000000
49202  -14.029  -30.759  45.714 0.0000000000
42208  -6.096  -37.817  51.896 0.0000000000
59649  -34.813  -23.420  34.375 0.0000000000
60783  -35.371  -22.480  34.166 0.0000000000
60763  -35.667  -22.652  35.013 0.0000000000
61822  -37.182  -21.277  36.153 0.0000000000
60747  -36.697  -22.417  36.602 0.0000000000
60765  -36.980  -22.070  36.253 0.0000000000
62921  -37.418  -20.345  37.033 0.0000000000
60702  -38.410  -21.520  40.038 0.0000000000
58325  -29.313  -22.423  40.737 0.0000000000
58343  -28.870  -22.263  40.298 0.0000000000
58326  -30.047  -22.814  40.594 0.0000000000
58345  -30.297  -23.164  39.836 0.0000000000
58346  -29.882  -23.865  39.401 0.0000000000
57162  -30.756  -24.417  38.769 0.0000000000
57164  -32.319  -24.936  38.167 0.0000000000
58378  -32.599  -24.699  37.268 0.0000000000
58399  -32.939  -24.354  36.436 0.0000000000
58423  -34.232  -24.079  35.399 0.0000000000
59628  -34.489  -23.806  34.863 0.0000000000
57057  -29.840  -25.119  43.494 0.0000000000
57089  -30.127  -22.985  41.510 0.0000000000
79372  -36.449  -6.069  27.360 0.0000000000
79371  -35.482  -5.995  26.609 0.0000000000
80419  -36.557  -5.015  27.281 0.0000000000
81459  -36.192  -4.184  26.838 0.0000000000
82470  -38.329  -3.835  27.544 0.0000000000
82485  -37.463  -3.292  27.194 0.0000000000
83674  -36.964  -2.559  26.398 0.0000000000
83650  -41.549  -2.715  27.598 0.0000000000
83664  -41.100  -2.253  27.281 0.0000000000
83677  -40.245  -1.083  26.591 0.0000000000
84960  -39.543  -0.296  25.660 0.0000000000
84971  -38.907  0.147  24.539 0.0000000000
84987  -39.416  0.299  23.338 0.0000000000
84989  -41.367  0.960  24.264 0.0000000000
85006  -41.059  0.776  23.113 0.0000000000
86263  -41.991  1.540  21.757 0.0000000000
87381  -43.850  1.923  23.770 0.0000000000
87394  -44.589  2.186  23.014 0.0000000000
87395  -45.466  2.216  23.286 0.0000000000
88521  -46.875  2.074  24.320 0.0000000000
87362  -45.606  2.054  26.752 0.0000000000
87384  -46.234  2.628  25.044 0.0000000000
69865  -30.509  -14.755  34.902 0.0000000000
69883  -30.430  -14.792  34.092 0.0000000000
71128  -29.840  -14.183  34.501 0.0000000000
71127  -29.883  -13.237  34.086 0.0000000000
72260  -30.791  -12.304  35.749 0.0000000000
72281  -29.949  -12.629  34.426 0.0000000000
72305  -29.877  -12.592  33.983 0.0000000000
72324  -29.768  -11.356  33.146 0.0000000000
73481  -32.146  -10.429  35.204 0.0000000000
73572  -31.517  -9.496  30.163 0.0000000000
72365  -33.101  -9.502  29.308 0.0000000000
72387  -33.989  -10.130  28.687 0.0000000000
73576  -36.000  -10.108  30.493 0.0000000000
72344  -37.516  -11.083  30.739 0.0000000000
73552  -38.769  -11.312  31.716 0.0000000000
74633  -37.490  -8.631  33.665 0.0000000000
74653  -37.542  -9.141  32.834 0.0000000000
74674  -38.044  -9.845  32.623 0.0000000000
73525  -38.331  -10.477  32.198 0.0000000000
73553  -39.674  -11.537  31.779 0.0000000000
55871  -19.020  -24.204  42.299 0.0000000000
55858  -18.389  -24.981  42.920 0.0000000000
54720  -17.678  -26.603  43.967 0.0000000000
53661  -17.419  -27.496  43.525 0.0000000000
52625  -16.901  -27.503  42.190 0.0000000000
52624  -16.420  -28.135  42.182 0.0000000000
66489  -31.629  -17.793  32.164 0.0000000000
66488  -31.223  -17.658  31.717 0.0000000000
61835  -35.503  -21.928  33.906 0.0000000000
61851  -35.427  -21.010  33.823 0.0000000000
62945  -36.124  -20.536  35.035 0.0000000000
62958  -35.581  -20.339  34.300 0.0000000000
64139  -35.241  -19.468  34.189 0.0000000000
65298  -35.142  -18.726  34.198 0.0000000000
66409  -36.047  -17.745  36.881 0.0000000000
66430  -35.911  -17.957  35.932 0.0000000000
66448  -34.716  -18.118  35.019 0.0000000000
65282  -34.860  -18.339  34.409 0.0000000000
66446  -33.351  -17.537  34.430 0.0000000000
67581  -31.829  -16.519  35.046 0.0000000000
68700  -31.260  -16.096  34.704 0.0000000000
68686  -31.017  -15.392  34.949 0.0000000000
69866  -30.994  -15.156  35.389 0.0000000000
71078  -31.210  -13.340  36.819 0.0000000000
71068  -31.460  -13.402  37.426 0.0000000000
72235  -33.221  -11.641  38.438 0.0000000000
73440  -33.777  -11.220  38.083 0.0000000000
71048  -34.471  -13.403  40.374 0.0000000000
72192  -35.877  -12.153  40.834 0.0000000000
72212  -34.803  -12.087  40.030 0.0000000000
72224  -34.251  -11.898  39.274 0.0000000000
59564  -28.847  -22.078  39.526 0.0000000000
59583  -28.687  -21.655  38.475 0.0000000000
59598  -28.403  -21.510  37.253 0.0000000000
60781  -27.102  -22.188  34.670 0.0000000000
59645  -27.621  -22.791  34.157 0.0000000000
59434  -21.751  -22.122  45.333 0.0000000000
58303  -20.477  -23.127  41.985 0.0000000000
59480  -25.286  -21.328  43.621 0.0000000000
60652  -24.163  -20.856  43.187 0.0000000000
60651  -23.725  -20.892  43.382 0.0000000000
59500  -22.620  -21.110  42.560 0.0000000000
57103  -19.977  -23.208  40.799 0.0000000000
57119  -19.729  -24.429  38.918 0.0000000000
87417  -43.140  2.561  19.481 0.0000000000
88563  -45.908  2.720  20.793 0.0000000000
88562  -45.235  3.315  20.842 0.0000000000
88572  -44.570  3.592  20.219 0.0000000000
88571  -43.991  3.554  19.326 0.0000000000
90731  -43.807  4.065  17.703 0.0000000000
90732  -44.241  4.440  17.421 0.0000000000
89672  -44.673  3.724  16.774 0.0000000000
92913  -46.852  6.006  16.140 0.0000000000
93975  -46.933  6.891  18.083 0.0000000000
93983  -47.513  7.221  17.402 0.0000000000
95093  -49.525  8.487  18.735 0.0000000000
45736  -12.766  -34.288  48.636 0.0000000000
45725  -13.059  -34.398  49.419 0.0000000000
44575  -12.254  -34.551  48.578 0.0000000000
44582  -9.809  -35.556  47.532 0.0000000000
68720  -29.376  -15.817  32.068 0.0000000000
72405  -34.409  -10.517  27.893 0.0000000000
71222  -35.143  -10.668  27.590 0.0000000000
71258  -36.109  -10.786  27.177 0.0000000000
72441  -35.452  -10.956  26.592 0.0000000000
72392  -39.075  -12.307  29.797 0.0000000000
71207  -38.638  -12.512  29.102 0.0000000000
71226  -38.246  -12.595  28.436 0.0000000000
72409  -39.490  -12.468  28.036 0.0000000000
71247  -38.610  -12.607  27.944 0.0000000000
71246  -37.937  -12.424  27.785 0.0000000000
72425  -37.020  -11.853  27.368 0.0000000000
72442  -36.817  -11.034  27.380 0.0000000000
73659  -35.861  -10.420  26.580 0.0000000000
74777  -36.509  -9.917  26.624 0.0000000000
75896  -37.033  -9.463  26.895 0.0000000000
75916  -36.212  -9.099  26.806 0.0000000000
77122  -36.142  -8.508  26.849 0.0000000000
79358  -39.600  -6.445  27.866 0.0000000000
77068  -42.195  -7.951  29.050 0.0000000000
46861  -13.813  -33.410  50.268 0.0000000000
46869  -13.608  -33.142  49.554 0.0000000000
45737  -13.389  -33.845  49.031 0.0000000000
45748  -13.104  -33.702  48.423 0.0000000000
45761  -11.358  -33.836  47.016 0.0000000000
46909  -11.728  -33.154  46.968 0.0000000000
45777  -10.904  -33.949  46.197 0.0000000000
48068  -11.766  -32.496  44.303 0.0000000000
44553  -12.632  -34.647  50.189 0.0000000000
44539  -12.746  -35.443  51.045 0.0000000000
44538  -12.146  -36.165  51.397 0.0000000000
44531  -12.371  -36.334  52.336 0.0000000000
43299  -11.799  -36.227  53.289 0.0000000000
43298  -11.297  -36.488  53.467 0.0000000000
42239  -8.660  -37.067  49.802 0.0000000000
44516  -10.999  -36.360  54.532 0.0000000000
44505  -9.745  -36.207  55.563 0.0000000000
45683  -9.104  -35.834  55.756 0.0000000000
45682  -8.519  -35.478  55.783 0.0000000000
43303  -5.029  -37.396  52.411 0.0000000000
43289  -11.165  -36.456  54.055 0.0000000000
43310  -11.730  -36.411  52.823 0.0000000000
44525  -11.871  -36.105  53.624 0.0000000000
44551  -10.608  -35.061  50.554 0.0000000000
44554  -13.307  -34.616  50.379 0.0000000000
45745  -11.124  -34.197  47.410 0.0000000000
45762  -12.037  -33.755  47.437 0.0000000000
49205  -16.021  -29.679  45.578 0.0000000000
49217  -15.589  -30.122  44.673 0.0000000000
50404  -14.901  -30.455  43.598 0.0000000000
51517  -17.378  -28.556  45.729 0.0000000000
51530  -16.266  -29.095  43.853 0.0000000000
52615  -16.889  -28.210  43.596 0.0000000000
57071  -28.663  -22.272  42.751 0.0000000000
58287  -28.102  -21.953  42.853 0.0000000000
58308  -29.652  -22.580  41.178 0.0000000000
58382  -36.048  -23.386  37.236 0.0000000000
58402  -35.283  -23.615  36.337 0.0000000000
59433  -21.293  -22.596  45.084 0.0000000000
59602  -37.139  -22.971  37.915 0.0000000000
60717  -38.222  -21.817  39.528 0.0000000000
60748  -37.237  -22.025  36.838 0.0000000000
61795  -23.659  -21.160  37.108 0.0000000000
61806  -23.637  -21.113  36.768 0.0000000000
61807  -24.212  -20.855  36.437 0.0000000000
62956  -34.468  -20.281  33.350 0.0000000000
64113  -36.830  -19.286  36.166 0.0000000000
64126  -35.595  -19.601  34.981 0.0000000000
65269  -36.507  -18.859  36.283 0.0000000000
67535  -35.680  -16.675  39.044 0.0000000000
68663  -34.376  -16.198  37.798 0.0000000000
68687  -31.509  -15.972  35.254 0.0000000000
69832  -31.659  -14.145  37.347 0.0000000000
71047  -34.043  -13.445  39.909 0.0000000000
71102  -29.926  -13.054  34.505 0.0000000000
71209  -39.891  -12.364  28.954 0.0000000000
71228  -39.691  -12.441  28.700 0.0000000000
72176  -36.210  -12.759  41.497 0.0000000000
72213  -35.369  -12.070  40.400 0.0000000000
72284  -31.833  -11.246  35.712 0.0000000000
72426  -37.580  -11.934  27.386 0.0000000000
72458  -36.312  -10.613  27.058 0.0000000000
73500  -38.459  -9.989  32.544 0.0000000000
73660  -36.752  -10.397  26.989 0.0000000000
73661  -37.209  -10.572  27.139 0.0000000000
74673  -37.659  -9.720  32.276 0.0000000000
74774  -34.712  -10.230  24.814 0.0000000000
74790  -34.636  -10.426  24.659 0.0000000000
75875  -41.976  -8.935  29.217 0.0000000000
75887  -39.635  -9.431  27.431 0.0000000000
77090  -41.782  -8.009  28.786 0.0000000000
79355  -36.938  -5.493  27.551 0.0000000000
81447  -38.700  -4.589  27.749 0.0000000000
82489  -40.963  -3.097  27.632 0.0000000000
83660  -37.439  -2.789  26.815 0.0000000000
86236  -38.529  0.161  23.081 0.0000000000
91801  -46.259  5.510  19.394 0.0000000000
91811  -46.443  5.881  19.036 0.0000000000
92880  -48.828  6.082  21.754 0.0000000000
93963  -47.951  6.890  19.606 0.0000000000
93976  -47.255  6.982  18.487 0.0000000000
93982  -46.955  6.872  17.696 0.0000000000
