#!ascii label  , from subject 3235 vox2ras=TkReg
2117
60771  -48.187  -23.411  35.497 0.0000000000
46942  -36.981  -34.382  46.119 0.0000000000
64312  -53.510  -19.426  21.738 0.0000000000
60915  -42.498  -21.689  24.953 0.0000000000
66493  -50.895  -17.601  31.175 0.0000000000
52641  -45.209  -29.561  40.069 0.0000000000
47111  -38.913  -34.243  33.884 0.0000000000
56058  -38.800  -26.119  31.286 0.0000000000
46916  -27.425  -33.676  46.570 0.0000000000
75934  -55.801  -10.022  23.903 0.0000000000
50550  -32.300  -31.241  32.853 0.0000000000
57322  -47.771  -24.523  29.549 0.0000000000
64244  -47.079  -19.894  27.489 0.0000000000
60809  -51.679  -22.374  33.185 0.0000000000
55917  -49.585  -26.208  38.604 0.0000000000
53762  -44.978  -29.372  35.561 0.0000000000
54941  -45.233  -26.357  31.670 0.0000000000
58555  -40.925  -24.103  27.603 0.0000000000
79416  -54.816  -6.656  22.596 0.0000000000
48025  -31.712  -33.484  47.681 0.0000000000
48149  -29.771  -32.880  40.103 0.0000000000
47020  -34.784  -33.375  41.154 0.0000000000
64268  -52.668  -19.311  25.344 0.0000000000
49246  -40.366  -32.123  41.987 0.0000000000
43484  -40.192  -35.817  39.209 0.0000000000
44770  -44.056  -34.238  36.201 0.0000000000
52723  -40.263  -30.680  31.949 0.0000000000
42295  -24.956  -38.038  46.143 0.0000000000
66465  -55.155  -17.178  32.530 0.0000000000
64248  -57.334  -19.183  27.326 0.0000000000
73639  -55.722  -12.406  26.994 0.0000000000
65456  -57.264  -17.923  23.082 0.0000000000
68885  -56.165  -15.289  20.944 0.0000000000
44689  -25.164  -35.522  39.941 0.0000000000
45941  -35.613  -35.514  35.948 0.0000000000
54929  -49.540  -25.011  32.465 0.0000000000
59715  -50.475  -23.659  31.009 0.0000000000
60806  -48.501  -22.284  33.391 0.0000000000
58367  -49.919  -24.550  37.519 0.0000000000
53766  -48.449  -26.369  35.888 0.0000000000
53811  -49.685  -27.080  33.177 0.0000000000
56080  -46.800  -25.698  30.749 0.0000000000
64340  -52.474  -19.478  19.608 0.0000000000
63183  -55.203  -19.744  19.106 0.0000000000
46903  -34.294  -33.909  47.162 0.0000000000
45820  -33.307  -34.353  43.500 0.0000000000
45823  -36.078  -35.127  43.840 0.0000000000
64285  -42.897  -19.397  23.629 0.0000000000
65369  -49.457  -18.639  29.580 0.0000000000
66603  -47.234  -18.003  26.005 0.0000000000
66569  -50.095  -16.780  27.366 0.0000000000
65426  -50.908  -17.836  24.810 0.0000000000
65389  -52.884  -17.390  28.683 0.0000000000
51562  -42.840  -30.420  39.817 0.0000000000
45854  -43.507  -34.292  40.066 0.0000000000
48157  -45.334  -32.974  38.689 0.0000000000
54890  -42.206  -27.518  33.969 0.0000000000
52690  -41.375  -29.856  34.891 0.0000000000
53803  -38.755  -28.555  32.620 0.0000000000
59771  -41.949  -23.379  26.413 0.0000000000
65357  -57.080  -18.108  30.480 0.0000000000
70061  -56.341  -15.116  24.560 0.0000000000
71309  -56.721  -14.006  22.963 0.0000000000
67770  -57.284  -17.209  21.187 0.0000000000
71329  -56.426  -13.078  21.200 0.0000000000
74843  -54.097  -10.759  20.965 0.0000000000
44609  -27.046  -35.691  46.134 0.0000000000
43421  -25.030  -35.981  42.974 0.0000000000
44659  -26.822  -34.496  42.687 0.0000000000
50480  -30.359  -31.257  35.901 0.0000000000
48193  -27.102  -32.591  36.101 0.0000000000
50531  -28.474  -31.027  32.905 0.0000000000
43551  -39.898  -35.839  36.504 0.0000000000
44727  -38.114  -35.624  37.215 0.0000000000
43570  -37.580  -36.378  35.511 0.0000000000
59774  -44.733  -22.614  27.131 0.0000000000
61962  -44.904  -21.115  26.691 0.0000000000
60879  -47.867  -22.144  28.362 0.0000000000
61906  -49.838  -21.578  29.794 0.0000000000
62987  -51.824  -20.447  31.583 0.0000000000
53730  -47.558  -28.180  39.130 0.0000000000
50463  -47.789  -31.559  38.238 0.0000000000
53755  -47.816  -28.530  37.100 0.0000000000
53805  -44.434  -27.445  33.694 0.0000000000
56061  -42.330  -25.670  31.184 0.0000000000
57290  -40.175  -24.974  29.760 0.0000000000
57293  -43.299  -24.919  29.874 0.0000000000
58537  -44.147  -23.852  28.605 0.0000000000
78275  -55.869  -8.495  22.904 0.0000000000
82503  -54.724  -5.338  26.074 0.0000000000
49184  -29.387  -31.620  46.883 0.0000000000
48103  -28.374  -32.696  42.760 0.0000000000
46990  -31.167  -32.833  43.433 0.0000000000
48151  -31.855  -32.667  39.810 0.0000000000
50470  -33.347  -31.178  37.290 0.0000000000
65437  -44.787  -18.786  25.116 0.0000000000
63087  -51.231  -20.119  23.749 0.0000000000
61980  -52.864  -20.501  23.987 0.0000000000
46962  -39.345  -33.849  44.529 0.0000000000
44651  -39.255  -36.009  42.761 0.0000000000
43423  -41.928  -36.326  42.229 0.0000000000
43487  -42.233  -36.680  38.307 0.0000000000
45961  -41.591  -35.067  34.945 0.0000000000
49338  -44.410  -32.147  36.204 0.0000000000
49370  -42.565  -32.810  34.010 0.0000000000
49389  -40.303  -32.301  31.665 0.0000000000
64094  -46.383  -19.219  36.919 0.0000000000
50385  -37.440  -31.430  46.500 0.0000000000
52611  -41.065  -29.304  43.456 0.0000000000
53687  -43.475  -27.950  41.899 0.0000000000
66435  -47.403  -18.019  35.244 0.0000000000
62928  -51.200  -20.089  36.120 0.0000000000
64133  -53.359  -19.110  34.684 0.0000000000
67587  -53.991  -16.146  34.652 0.0000000000
64180  -54.010  -18.198  31.870 0.0000000000
63017  -54.633  -18.934  29.315 0.0000000000
61937  -54.962  -19.688  26.771 0.0000000000
61983  -54.894  -19.911  24.158 0.0000000000
68818  -56.409  -15.555  27.451 0.0000000000
64269  -56.841  -18.564  24.849 0.0000000000
62027  -56.024  -19.517  21.571 0.0000000000
63168  -57.212  -19.283  20.354 0.0000000000
73728  -56.026  -11.807  20.258 0.0000000000
42312  -22.700  -37.654  44.079 0.0000000000
45909  -23.370  -34.862  36.250 0.0000000000
47028  -26.775  -33.773  39.740 0.0000000000
45934  -25.043  -34.268  35.570 0.0000000000
45859  -37.663  -34.381  40.681 0.0000000000
48165  -37.010  -32.747  37.798 0.0000000000
48206  -34.233  -33.445  34.892 0.0000000000
44804  -33.646  -36.688  33.871 0.0000000000
58448  -49.670  -24.735  33.842 0.0000000000
58463  -49.526  -24.194  32.918 0.0000000000
59655  -47.861  -23.271  33.870 0.0000000000
59618  -48.851  -24.617  36.503 0.0000000000
57172  -49.244  -25.776  35.400 0.0000000000
57201  -50.783  -25.456  34.494 0.0000000000
54910  -49.793  -26.447  33.008 0.0000000000
63146  -52.372  -19.655  21.427 0.0000000000
64341  -53.306  -19.484  19.921 0.0000000000
64354  -53.593  -19.494  18.821 0.0000000000
63147  -54.575  -19.550  20.543 0.0000000000
45772  -35.856  -34.564  46.450 0.0000000000
45786  -35.413  -35.273  45.668 0.0000000000
45803  -36.441  -35.157  44.715 0.0000000000
60927  -41.931  -21.587  24.114 0.0000000000
61992  -42.626  -20.779  24.236 0.0000000000
65370  -49.895  -18.015  29.986 0.0000000000
66551  -49.718  -17.199  28.384 0.0000000000
67646  -50.665  -16.751  29.678 0.0000000000
66570  -51.595  -16.814  27.115 0.0000000000
66534  -52.171  -17.005  29.584 0.0000000000
51564  -44.642  -30.444  40.124 0.0000000000
49272  -44.231  -32.178  40.120 0.0000000000
50441  -45.651  -31.306  40.013 0.0000000000
56024  -40.816  -26.348  32.665 0.0000000000
54888  -40.226  -28.051  33.835 0.0000000000
54919  -38.480  -27.169  32.016 0.0000000000
54939  -37.769  -27.129  31.185 0.0000000000
60897  -42.502  -22.354  25.504 0.0000000000
59810  -40.812  -22.751  25.192 0.0000000000
60914  -41.750  -22.212  24.753 0.0000000000
71306  -55.983  -13.447  23.492 0.0000000000
73696  -56.354  -12.255  22.797 0.0000000000
72505  -56.624  -13.307  22.009 0.0000000000
73707  -56.471  -11.817  21.941 0.0000000000
45782  -27.994  -34.684  46.174 0.0000000000
44634  -26.372  -35.145  44.330 0.0000000000
45798  -27.748  -34.312  45.143 0.0000000000
50498  -30.849  -30.965  35.347 0.0000000000
50518  -29.622  -31.058  34.192 0.0000000000
50533  -30.566  -30.896  33.293 0.0000000000
49382  -30.118  -32.432  31.093 0.0000000000
49365  -31.570  -32.110  32.085 0.0000000000
44787  -39.534  -35.266  35.409 0.0000000000
44763  -38.752  -36.375  35.799 0.0000000000
45957  -38.106  -35.388  34.696 0.0000000000
58560  -45.979  -23.285  28.555 0.0000000000
60877  -45.936  -22.106  27.854 0.0000000000
59743  -48.043  -23.647  28.825 0.0000000000
59703  -52.022  -23.462  31.685 0.0000000000
60857  -49.698  -22.619  29.881 0.0000000000
60845  -51.579  -22.412  30.914 0.0000000000
62998  -51.042  -20.514  30.951 0.0000000000
60822  -52.406  -21.581  32.921 0.0000000000
54815  -47.989  -27.256  39.062 0.0000000000
52660  -48.370  -28.762  38.408 0.0000000000
53747  -48.772  -27.995  37.470 0.0000000000
53808  -47.185  -26.697  33.373 0.0000000000
53792  -46.875  -26.791  34.287 0.0000000000
54908  -45.344  -26.728  32.839 0.0000000000
54920  -43.068  -26.688  32.493 0.0000000000
56045  -43.820  -26.160  31.648 0.0000000000
57272  -42.801  -25.351  30.491 0.0000000000
56063  -44.455  -25.913  31.216 0.0000000000
57297  -47.404  -24.922  30.164 0.0000000000
57319  -44.830  -24.381  29.305 0.0000000000
58538  -45.232  -23.675  28.651 0.0000000000
59754  -44.740  -23.214  27.679 0.0000000000
49171  -30.952  -32.285  47.627 0.0000000000
49197  -30.051  -32.317  45.514 0.0000000000
46917  -31.661  -32.636  45.603 0.0000000000
46994  -33.950  -34.021  42.308 0.0000000000
47006  -32.559  -33.138  42.273 0.0000000000
48138  -33.621  -32.911  40.401 0.0000000000
48164  -32.542  -32.208  39.028 0.0000000000
49283  -34.082  -32.058  39.228 0.0000000000
63059  -46.014  -20.907  26.798 0.0000000000
64265  -44.834  -19.618  25.885 0.0000000000
65424  -45.880  -18.974  26.085 0.0000000000
66604  -48.352  -17.527  25.532 0.0000000000
66625  -46.419  -17.389  23.921 0.0000000000
66626  -47.711  -17.619  23.393 0.0000000000
65428  -52.464  -18.637  25.502 0.0000000000
64278  -50.900  -19.499  24.102 0.0000000000
64279  -51.635  -19.629  24.337 0.0000000000
63088  -51.951  -20.128  24.012 0.0000000000
63075  -52.865  -19.941  24.986 0.0000000000
48078  -40.236  -32.982  43.621 0.0000000000
45825  -40.147  -34.775  43.502 0.0000000000
46979  -41.455  -34.078  42.638 0.0000000000
44714  -44.247  -34.900  38.265 0.0000000000
44696  -42.836  -35.555  39.205 0.0000000000
43508  -43.420  -35.905  37.134 0.0000000000
44767  -41.972  -35.354  35.737 0.0000000000
44791  -42.838  -34.751  35.346 0.0000000000
51598  -46.836  -30.620  36.698 0.0000000000
50508  -45.532  -31.956  36.896 0.0000000000
51605  -44.605  -30.768  35.760 0.0000000000
51617  -40.330  -30.229  33.628 0.0000000000
51632  -42.094  -31.593  34.324 0.0000000000
51644  -41.390  -31.294  32.570 0.0000000000
49391  -41.665  -32.416  32.612 0.0000000000
58533  -40.352  -24.301  28.314 0.0000000000
52621  -41.986  -28.088  41.718 0.0000000000
57097  -46.412  -25.008  41.079 0.0000000000
66413  -46.529  -17.650  35.745 0.0000000000
66397  -49.824  -17.054  36.785 0.0000000000
65247  -51.821  -17.715  36.657 0.0000000000
64109  -52.400  -19.093  35.943 0.0000000000
65249  -52.693  -17.572  36.051 0.0000000000
67595  -54.596  -16.254  33.810 0.0000000000
65303  -53.997  -17.898  33.736 0.0000000000
65304  -54.377  -17.573  32.725 0.0000000000
64199  -54.515  -18.543  30.560 0.0000000000
64200  -55.280  -18.938  30.617 0.0000000000
64220  -57.076  -19.129  29.028 0.0000000000
63036  -55.522  -18.907  28.174 0.0000000000
61923  -55.814  -19.227  27.297 0.0000000000
61950  -55.310  -19.741  25.937 0.0000000000
61951  -55.933  -19.945  25.891 0.0000000000
71250  -56.036  -14.157  27.226 0.0000000000
67748  -56.927  -16.828  23.546 0.0000000000
67730  -56.396  -16.566  24.717 0.0000000000
64282  -57.318  -18.331  23.631 0.0000000000
62016  -56.408  -19.311  22.873 0.0000000000
63119  -57.015  -18.848  22.341 0.0000000000
62041  -56.577  -19.434  20.932 0.0000000000
64315  -57.074  -18.609  21.584 0.0000000000
67769  -57.173  -17.030  20.988 0.0000000000
66678  -58.039  -17.808  20.260 0.0000000000
66677  -57.992  -17.861  19.975 0.0000000000
79427  -55.525  -7.789  22.473 0.0000000000
75976  -56.052  -10.448  20.880 0.0000000000
75964  -55.359  -9.482  21.275 0.0000000000
43445  -25.048  -35.706  41.312 0.0000000000
43430  -23.812  -36.278  41.923 0.0000000000
44672  -23.990  -35.898  40.305 0.0000000000
44704  -23.344  -35.108  38.389 0.0000000000
44721  -24.179  -35.236  37.981 0.0000000000
48133  -28.691  -33.122  41.394 0.0000000000
47019  -27.943  -33.698  41.006 0.0000000000
47038  -28.003  -33.485  38.580 0.0000000000
47074  -26.074  -33.445  36.076 0.0000000000
47141  -25.881  -34.668  31.569 0.0000000000
44679  -39.801  -36.292  41.299 0.0000000000
44661  -38.532  -35.263  41.425 0.0000000000
44677  -39.029  -35.250  40.190 0.0000000000
45918  -37.143  -34.905  36.931 0.0000000000
47049  -37.241  -33.948  37.519 0.0000000000
48184  -36.350  -33.564  36.357 0.0000000000
49323  -36.038  -32.231  36.247 0.0000000000
47079  -35.046  -34.095  36.021 0.0000000000
44803  -33.101  -36.293  33.656 0.0000000000
56084  -48.932  -24.849  30.482 0.0000000000
58520  -49.281  -24.171  29.736 0.0000000000
57278  -49.917  -23.963  31.229 0.0000000000
58480  -51.284  -23.821  32.135 0.0000000000
60808  -50.618  -22.569  32.710 0.0000000000
57131  -50.081  -25.198  37.943 0.0000000000
54845  -49.105  -27.138  36.996 0.0000000000
55952  -49.450  -26.075  36.453 0.0000000000
53780  -49.422  -27.141  34.445 0.0000000000
54925  -47.374  -26.433  32.064 0.0000000000
56065  -46.462  -25.964  31.026 0.0000000000
54944  -47.437  -26.139  31.530 0.0000000000
56068  -48.095  -25.398  31.025 0.0000000000
62086  -55.941  -20.911  18.506 0.0000000000
46902  -33.482  -34.082  46.947 0.0000000000
46919  -32.998  -33.201  45.652 0.0000000000
45769  -33.581  -34.409  45.814 0.0000000000
45822  -35.172  -34.499  43.750 0.0000000000
45849  -35.238  -34.670  42.082 0.0000000000
65387  -48.378  -19.168  28.581 0.0000000000
65412  -47.096  -18.877  26.901 0.0000000000
66567  -48.181  -17.941  27.615 0.0000000000
66568  -48.962  -17.388  27.592 0.0000000000
66605  -49.372  -17.269  25.065 0.0000000000
66618  -49.536  -17.753  23.987 0.0000000000
67706  -50.676  -16.777  25.622 0.0000000000
65414  -52.152  -17.296  26.307 0.0000000000
64246  -53.166  -18.323  27.028 0.0000000000
50429  -41.763  -31.903  40.821 0.0000000000
48108  -42.441  -33.198  42.008 0.0000000000
48125  -43.244  -33.188  40.604 0.0000000000
47025  -44.566  -33.526  39.226 0.0000000000
45885  -44.763  -34.178  37.395 0.0000000000
53774  -43.784  -28.638  34.940 0.0000000000
52681  -43.478  -30.044  35.489 0.0000000000
53772  -41.761  -28.742  35.149 0.0000000000
53786  -39.926  -28.962  33.746 0.0000000000
52711  -39.094  -29.660  32.141 0.0000000000
52721  -38.994  -29.666  30.993 0.0000000000
53819  -38.474  -28.899  31.407 0.0000000000
58577  -41.444  -23.760  26.978 0.0000000000
59788  -40.303  -23.031  25.567 0.0000000000
68717  -55.435  -15.513  32.609 0.0000000000
66480  -56.055  -17.374  30.990 0.0000000000
67618  -56.666  -16.580  30.898 0.0000000000
67629  -57.300  -16.724  30.018 0.0000000000
66554  -57.362  -17.393  28.354 0.0000000000
73655  -56.110  -11.567  26.283 0.0000000000
71267  -56.373  -13.313  26.140 0.0000000000
72466  -56.176  -12.654  25.242 0.0000000000
70069  -56.438  -15.100  23.800 0.0000000000
68874  -56.896  -15.872  22.960 0.0000000000
66653  -56.937  -17.951  22.156 0.0000000000
68875  -56.861  -15.810  22.426 0.0000000000
70087  -56.821  -14.826  21.832 0.0000000000
70095  -56.106  -13.972  21.061 0.0000000000
79415  -54.129  -6.673  22.693 0.0000000000
77167  -54.516  -8.753  21.531 0.0000000000
78282  -53.181  -7.569  21.978 0.0000000000
43382  -25.843  -36.832  46.509 0.0000000000
43403  -25.416  -36.875  44.855 0.0000000000
43404  -25.907  -35.941  45.163 0.0000000000
43422  -25.875  -35.400  42.668 0.0000000000
44675  -25.805  -35.223  41.320 0.0000000000
48172  -30.410  -32.536  38.325 0.0000000000
48182  -28.381  -32.730  37.228 0.0000000000
49334  -28.672  -31.793  35.833 0.0000000000
50495  -28.096  -31.493  34.568 0.0000000000
50529  -26.791  -31.702  32.363 0.0000000000
49378  -26.384  -32.916  31.443 0.0000000000
49380  -28.195  -32.787  31.412 0.0000000000
43503  -39.868  -35.906  37.929 0.0000000000
44711  -39.071  -35.426  38.266 0.0000000000
43523  -38.740  -36.106  36.881 0.0000000000
43522  -37.553  -36.329  36.405 0.0000000000
43547  -36.232  -35.921  35.503 0.0000000000
59792  -43.939  -22.303  26.600 0.0000000000
61960  -43.538  -20.991  25.722 0.0000000000
59794  -45.191  -21.823  27.029 0.0000000000
61932  -46.282  -21.403  27.544 0.0000000000
61933  -47.334  -21.454  28.024 0.0000000000
59745  -49.140  -22.856  29.366 0.0000000000
61919  -48.796  -21.638  28.754 0.0000000000
63032  -48.674  -20.561  28.710 0.0000000000
63014  -48.903  -20.047  29.276 0.0000000000
64215  -50.142  -19.365  30.264 0.0000000000
64176  -51.090  -18.794  31.413 0.0000000000
53719  -46.397  -28.362  39.803 0.0000000000
50443  -47.126  -30.839  39.354 0.0000000000
52659  -48.112  -29.620  38.738 0.0000000000
52677  -47.431  -29.917  37.279 0.0000000000
53764  -46.541  -28.578  36.321 0.0000000000
53765  -47.344  -27.156  36.304 0.0000000000
53776  -45.761  -28.152  35.206 0.0000000000
53775  -44.720  -28.690  35.198 0.0000000000
53804  -43.690  -27.593  33.850 0.0000000000
56025  -41.716  -26.427  32.576 0.0000000000
56059  -40.147  -25.539  31.312 0.0000000000
57269  -39.550  -25.391  30.473 0.0000000000
57270  -40.683  -25.177  30.536 0.0000000000
57291  -41.244  -24.853  29.837 0.0000000000
57316  -41.801  -24.553  29.129 0.0000000000
57274  -44.949  -25.335  30.655 0.0000000000
57318  -43.775  -24.443  29.242 0.0000000000
58557  -42.858  -23.734  27.826 0.0000000000
59752  -42.994  -23.529  27.256 0.0000000000
59773  -43.930  -22.991  26.881 0.0000000000
77147  -56.179  -9.594  23.239 0.0000000000
80435  -55.606  -6.974  25.505 0.0000000000
81502  -55.435  -6.620  24.631 0.0000000000
82527  -55.057  -5.279  24.659 0.0000000000
82526  -54.459  -5.177  24.614 0.0000000000
81485  -53.196  -4.582  24.433 0.0000000000
49183  -27.933  -31.526  47.084 0.0000000000
46957  -27.442  -33.291  44.761 0.0000000000
49220  -28.613  -31.925  44.647 0.0000000000
49235  -29.591  -32.075  43.525 0.0000000000
48119  -30.555  -32.911  41.754 0.0000000000
46976  -32.268  -34.039  43.478 0.0000000000
48120  -31.621  -32.844  41.686 0.0000000000
48150  -30.855  -32.871  39.889 0.0000000000
49306  -31.268  -32.105  38.091 0.0000000000
50482  -32.076  -31.180  36.669 0.0000000000
50500  -32.913  -30.773  35.606 0.0000000000
63085  -43.412  -20.325  24.935 0.0000000000
65436  -43.866  -19.112  24.602 0.0000000000
66602  -46.505  -18.355  25.875 0.0000000000
63114  -52.231  -19.978  22.509 0.0000000000
63115  -53.049  -19.676  22.587 0.0000000000
46944  -38.044  -33.874  45.317 0.0000000000
44624  -38.238  -35.604  44.292 0.0000000000
45806  -39.279  -34.861  44.249 0.0000000000
44652  -40.146  -36.131  42.840 0.0000000000
43452  -40.492  -36.372  41.047 0.0000000000
44666  -42.540  -35.312  40.888 0.0000000000
43454  -41.791  -35.790  40.000 0.0000000000
43486  -41.440  -36.253  38.516 0.0000000000
43525  -40.791  -36.039  37.093 0.0000000000
44788  -40.670  -35.179  35.222 0.0000000000
45981  -40.819  -34.723  34.284 0.0000000000
49299  -46.699  -32.745  38.197 0.0000000000
48186  -45.041  -32.999  37.151 0.0000000000
48207  -44.166  -33.319  35.821 0.0000000000
50504  -43.515  -31.320  35.212 0.0000000000
50539  -43.313  -32.330  34.630 0.0000000000
47116  -43.111  -33.845  34.928 0.0000000000
47136  -42.247  -34.135  34.471 0.0000000000
48240  -41.538  -33.531  33.094 0.0000000000
57313  -38.591  -24.836  28.779 0.0000000000
61814  -48.004  -22.391  36.860 0.0000000000
61812  -46.650  -21.250  36.382 0.0000000000
43374  -25.682  -35.812  48.048 0.0000000000
48037  -27.280  -32.436  48.074 0.0000000000
50365  -28.509  -31.019  48.058 0.0000000000
50353  -29.801  -31.293  48.742 0.0000000000
46888  -33.735  -33.877  48.044 0.0000000000
48041  -34.775  -33.214  47.639 0.0000000000
46905  -35.714  -33.211  46.910 0.0000000000
48053  -37.243  -32.923  46.360 0.0000000000
48064  -38.229  -32.987  45.100 0.0000000000
49223  -38.473  -31.888  44.040 0.0000000000
50410  -38.997  -31.500  43.397 0.0000000000
51527  -39.637  -30.192  44.066 0.0000000000
51553  -39.854  -30.648  41.626 0.0000000000
52636  -41.027  -29.598  40.826 0.0000000000
53702  -42.902  -28.492  40.347 0.0000000000
54794  -44.080  -27.997  39.673 0.0000000000
54795  -44.604  -27.349  39.637 0.0000000000
54797  -46.670  -27.233  39.785 0.0000000000
55898  -47.291  -26.279  39.925 0.0000000000
60720  -48.720  -22.625  38.142 0.0000000000
62947  -46.200  -20.195  34.855 0.0000000000
64145  -47.381  -19.956  33.894 0.0000000000
62950  -49.565  -20.751  34.624 0.0000000000
67566  -48.224  -16.449  36.414 0.0000000000
65258  -49.331  -18.811  35.708 0.0000000000
61829  -51.061  -20.962  35.118 0.0000000000
61845  -53.095  -20.813  34.232 0.0000000000
62975  -52.792  -19.878  33.202 0.0000000000
65314  -51.678  -18.327  32.375 0.0000000000
65292  -53.799  -17.879  34.701 0.0000000000
64148  -53.487  -18.261  33.406 0.0000000000
66495  -52.406  -17.595  31.729 0.0000000000
65353  -52.989  -17.625  30.414 0.0000000000
65372  -53.643  -17.972  29.175 0.0000000000
64247  -53.533  -18.708  27.294 0.0000000000
63001  -55.558  -19.514  30.056 0.0000000000
63035  -55.064  -19.544  28.477 0.0000000000
63061  -53.905  -19.414  26.165 0.0000000000
63077  -54.054  -19.693  25.371 0.0000000000
61981  -53.768  -20.460  23.845 0.0000000000
61996  -54.206  -19.996  23.353 0.0000000000
68799  -57.106  -15.511  28.472 0.0000000000
66572  -57.195  -17.241  27.389 0.0000000000
70039  -56.576  -15.053  26.096 0.0000000000
66590  -56.391  -17.111  25.997 0.0000000000
64258  -56.724  -18.641  25.688 0.0000000000
61986  -56.352  -19.238  24.464 0.0000000000
61998  -55.363  -19.678  23.405 0.0000000000
62025  -55.099  -19.760  21.221 0.0000000000
62039  -55.581  -19.537  20.374 0.0000000000
62056  -56.675  -20.191  19.383 0.0000000000
62075  -57.073  -20.979  18.789 0.0000000000
65490  -57.324  -18.296  20.990 0.0000000000
64344  -57.257  -19.107  19.731 0.0000000000
63203  -57.119  -19.786  18.369 0.0000000000
74848  -56.603  -11.520  21.039 0.0000000000
72530  -56.544  -12.383  20.480 0.0000000000
71328  -56.100  -13.901  20.738 0.0000000000
74844  -54.677  -10.912  20.683 0.0000000000
71326  -55.138  -13.560  20.676 0.0000000000
68884  -55.686  -15.568  20.726 0.0000000000
43411  -23.675  -37.083  43.393 0.0000000000
45836  -27.429  -34.101  43.029 0.0000000000
45857  -26.551  -34.536  41.254 0.0000000000
45866  -25.769  -34.814  39.628 0.0000000000
47047  -27.379  -33.507  37.667 0.0000000000
45895  -25.738  -34.244  37.385 0.0000000000
45894  -24.920  -35.004  37.556 0.0000000000
45910  -24.355  -34.883  36.368 0.0000000000
44637  -37.546  -35.735  43.341 0.0000000000
45841  -36.622  -35.060  42.161 0.0000000000
47010  -36.284  -33.953  41.244 0.0000000000
45882  -38.331  -34.365  38.759 0.0000000000
47030  -37.333  -32.974  39.628 0.0000000000
48155  -35.739  -32.394  39.391 0.0000000000
50461  -35.352  -31.560  37.816 0.0000000000
50502  -34.723  -31.241  35.875 0.0000000000
49346  -33.837  -31.932  34.052 0.0000000000
44784  -36.554  -35.704  34.731 0.0000000000
43568  -35.698  -35.666  34.901 0.0000000000
45956  -34.698  -35.452  34.928 0.0000000000
45955  -34.182  -35.072  34.766 0.0000000000
47092  -32.945  -33.706  33.995 0.0000000000
48217  -32.634  -32.940  33.116 0.0000000000
59657  -49.010  -24.472  34.371 0.0000000000
59656  -48.564  -23.998  33.940 0.0000000000
59635  -48.109  -23.607  34.624 0.0000000000
59617  -48.411  -24.069  36.040 0.0000000000
58407  -48.914  -25.154  35.552 0.0000000000
58428  -49.540  -24.898  34.683 0.0000000000
58449  -50.279  -25.164  34.149 0.0000000000
64311  -53.117  -19.509  21.710 0.0000000000
64325  -52.923  -19.514  21.015 0.0000000000
64326  -53.705  -19.390  21.079 0.0000000000
64342  -54.045  -19.412  20.201 0.0000000000
46923  -36.174  -33.859  46.520 0.0000000000
45787  -36.456  -35.074  45.979 0.0000000000
60928  -42.401  -21.236  24.340 0.0000000000
61978  -42.697  -21.085  24.814 0.0000000000
66514  -50.443  -17.245  30.408 0.0000000000
66532  -50.164  -16.989  29.427 0.0000000000
67628  -50.765  -16.850  30.263 0.0000000000
66533  -51.144  -16.689  29.384 0.0000000000
66515  -51.306  -16.969  30.440 0.0000000000
51565  -45.525  -30.421  40.215 0.0000000000
56041  -39.839  -25.969  32.161 0.0000000000
56023  -39.723  -26.704  32.765 0.0000000000
74799  -55.680  -10.403  24.081 0.0000000000
74812  -55.724  -11.169  23.689 0.0000000000
74821  -56.177  -11.538  23.026 0.0000000000
72491  -56.458  -12.230  22.306 0.0000000000
74822  -56.156  -10.865  22.805 0.0000000000
46938  -27.825  -33.624  45.716 0.0000000000
51615  -32.065  -30.694  33.962 0.0000000000
50519  -30.687  -30.889  34.389 0.0000000000
50549  -31.494  -31.167  32.466 0.0000000000
50563  -30.985  -31.529  31.853 0.0000000000
47095  -39.677  -34.591  34.203 0.0000000000
45958  -38.849  -34.867  34.649 0.0000000000
45980  -38.509  -34.687  34.196 0.0000000000
58540  -47.346  -24.150  29.029 0.0000000000
58561  -46.939  -23.543  28.785 0.0000000000
58562  -47.661  -23.764  28.810 0.0000000000
60820  -51.499  -22.916  32.476 0.0000000000
60834  -52.094  -22.740  31.350 0.0000000000
60821  -52.279  -22.300  32.342 0.0000000000
61883  -52.034  -21.738  31.348 0.0000000000
54816  -48.797  -27.180  38.702 0.0000000000
54832  -49.428  -27.132  37.905 0.0000000000
53821  -46.573  -26.642  32.792 0.0000000000
53820  -45.888  -26.591  33.040 0.0000000000
54923  -45.856  -26.525  32.317 0.0000000000
54922  -44.914  -26.571  32.311 0.0000000000
54940  -44.467  -26.315  31.819 0.0000000000
57321  -46.929  -24.607  29.473 0.0000000000
58539  -46.432  -24.029  28.933 0.0000000000
48024  -31.379  -33.053  47.310 0.0000000000
48039  -31.263  -32.814  46.721 0.0000000000
46899  -31.650  -32.688  46.108 0.0000000000
47008  -34.242  -33.608  41.609 0.0000000000
48123  -34.164  -33.149  40.988 0.0000000000
48153  -33.916  -32.570  39.775 0.0000000000
48139  -34.637  -32.992  40.430 0.0000000000
64243  -46.655  -20.380  27.307 0.0000000000
64253  -46.282  -19.985  26.957 0.0000000000
64254  -46.745  -19.535  27.000 0.0000000000
66617  -48.521  -17.569  24.398 0.0000000000
64267  -52.064  -19.069  24.880 0.0000000000
64280  -52.291  -19.748  24.649 0.0000000000
48091  -40.578  -33.018  42.992 0.0000000000
46978  -40.683  -33.847  43.173 0.0000000000
48092  -41.234  -33.223  42.640 0.0000000000
44731  -44.269  -35.048  37.542 0.0000000000
44713  -44.001  -35.580  38.023 0.0000000000
44745  -43.629  -34.930  36.878 0.0000000000
43555  -43.050  -35.342  36.458 0.0000000000
44792  -43.464  -34.332  35.674 0.0000000000
52683  -45.201  -29.999  35.755 0.0000000000
51606  -45.324  -30.921  36.083 0.0000000000
52702  -40.274  -30.396  32.774 0.0000000000
51630  -40.736  -30.780  33.009 0.0000000000
51643  -40.884  -30.967  32.268 0.0000000000
51654  -41.295  -31.214  32.026 0.0000000000
58534  -41.369  -24.355  28.347 0.0000000000
58554  -39.907  -24.059  27.568 0.0000000000
65248  -52.449  -17.715  36.310 0.0000000000
67596  -55.232  -16.339  33.046 0.0000000000
68703  -54.370  -15.394  33.999 0.0000000000
66464  -54.519  -17.010  33.315 0.0000000000
65317  -55.093  -18.014  32.144 0.0000000000
64181  -54.927  -18.683  31.560 0.0000000000
65335  -55.393  -18.091  31.369 0.0000000000
64234  -57.425  -19.267  28.212 0.0000000000
63037  -56.364  -19.056  27.854 0.0000000000
61924  -56.457  -19.537  27.212 0.0000000000
61939  -56.110  -19.688  26.624 0.0000000000
61940  -56.566  -19.543  26.667 0.0000000000
72435  -55.806  -13.563  27.545 0.0000000000
72452  -56.149  -12.813  26.867 0.0000000000
66631  -57.214  -17.690  23.172 0.0000000000
66629  -57.142  -17.289  23.928 0.0000000000
65455  -57.315  -17.987  23.356 0.0000000000
64290  -57.171  -18.535  23.239 0.0000000000
64302  -57.012  -18.429  22.474 0.0000000000
63135  -57.003  -19.012  21.712 0.0000000000
68886  -56.546  -15.805  21.135 0.0000000000
67756  -57.165  -17.065  20.728 0.0000000000
66664  -57.125  -16.973  19.958 0.0000000000
67782  -56.786  -16.877  19.996 0.0000000000
79426  -55.181  -7.350  22.112 0.0000000000
78285  -55.444  -8.218  21.886 0.0000000000
78284  -54.955  -7.912  21.599 0.0000000000
44674  -25.334  -35.474  40.808 0.0000000000
44673  -24.771  -35.806  40.506 0.0000000000
44688  -24.523  -35.724  39.630 0.0000000000
44705  -24.276  -35.431  38.791 0.0000000000
44722  -24.691  -35.260  38.350 0.0000000000
48148  -28.684  -33.076  40.466 0.0000000000
48160  -28.825  -33.078  39.320 0.0000000000
47140  -24.881  -34.754  31.628 0.0000000000
43467  -40.064  -36.120  40.233 0.0000000000
44678  -39.399  -35.997  40.762 0.0000000000
44695  -39.693  -35.592  39.730 0.0000000000
45917  -36.042  -35.194  36.249 0.0000000000
47062  -36.595  -34.208  36.605 0.0000000000
45916  -35.409  -34.785  36.056 0.0000000000
47061  -35.678  -34.166  36.119 0.0000000000
56070  -49.020  -24.539  31.214 0.0000000000
56085  -49.228  -24.547  30.548 0.0000000000
56047  -49.615  -24.406  31.866 0.0000000000
59673  -48.752  -23.330  33.161 0.0000000000
58479  -50.438  -24.189  32.208 0.0000000000
59674  -49.733  -23.288  32.528 0.0000000000
59688  -51.159  -23.509  32.192 0.0000000000
60807  -49.444  -22.494  33.081 0.0000000000
55937  -50.138  -26.137  37.696 0.0000000000
57150  -49.909  -25.343  37.065 0.0000000000
54881  -50.198  -27.315  34.336 0.0000000000
54874  -50.306  -26.726  34.844 0.0000000000
53795  -49.623  -27.385  33.673 0.0000000000
53809  -48.066  -26.581  33.280 0.0000000000
53823  -48.004  -26.360  32.756 0.0000000000
53824  -48.419  -26.325  32.756 0.0000000000
54911  -50.060  -25.616  32.947 0.0000000000
54946  -48.422  -25.463  31.680 0.0000000000
54947  -48.706  -25.128  31.516 0.0000000000
56069  -48.553  -25.076  30.984 0.0000000000
64355  -54.602  -19.614  19.127 0.0000000000
63184  -55.632  -20.049  18.804 0.0000000000
45756  -33.980  -34.368  46.789 0.0000000000
46920  -33.502  -33.709  46.292 0.0000000000
45755  -33.769  -34.315  46.462 0.0000000000
45802  -35.319  -35.046  44.649 0.0000000000
45839  -34.683  -34.474  42.775 0.0000000000
45840  -35.888  -34.987  42.753 0.0000000000
63108  -42.175  -20.052  23.057 0.0000000000
65388  -48.811  -18.643  28.823 0.0000000000
65399  -47.998  -18.835  27.980 0.0000000000
66587  -49.238  -16.903  26.306 0.0000000000
67705  -49.958  -16.772  25.571 0.0000000000
66588  -50.489  -16.539  26.299 0.0000000000
66553  -51.979  -16.843  28.268 0.0000000000
65401  -52.199  -17.165  26.914 0.0000000000
65402  -52.655  -17.586  27.229 0.0000000000
50437  -42.195  -31.363  40.383 0.0000000000
49260  -42.921  -32.701  40.707 0.0000000000
49270  -42.814  -32.093  40.447 0.0000000000
49273  -44.781  -32.078  39.789 0.0000000000
48144  -44.659  -32.843  39.521 0.0000000000
47026  -44.972  -33.322  38.871 0.0000000000
47032  -44.672  -33.696  38.827 0.0000000000
47033  -45.083  -33.490  38.427 0.0000000000
53787  -42.360  -28.163  34.650 0.0000000000
54880  -41.694  -28.006  34.511 0.0000000000
54902  -39.418  -27.617  33.109 0.0000000000
54887  -39.512  -28.430  33.343 0.0000000000
53785  -39.400  -29.027  33.172 0.0000000000
53818  -37.978  -28.036  31.794 0.0000000000
59770  -40.924  -23.442  26.272 0.0000000000
59789  -41.417  -23.047  25.651 0.0000000000
69918  -55.547  -14.695  32.195 0.0000000000
67616  -55.748  -15.848  31.606 0.0000000000
69971  -57.204  -14.538  30.131 0.0000000000
68751  -57.157  -15.692  30.442 0.0000000000
68776  -57.247  -15.601  29.525 0.0000000000
66535  -57.340  -17.514  29.315 0.0000000000
74786  -55.763  -10.445  25.113 0.0000000000
75909  -55.635  -9.582  26.158 0.0000000000
74772  -55.779  -10.442  25.751 0.0000000000
73656  -55.869  -11.006  25.503 0.0000000000
73671  -55.983  -11.601  25.038 0.0000000000
72489  -56.345  -13.621  23.012 0.0000000000
71307  -56.312  -14.103  23.342 0.0000000000
70071  -56.628  -15.018  23.161 0.0000000000
70072  -56.660  -14.946  22.653 0.0000000000
72521  -56.530  -13.069  21.563 0.0000000000
71314  -56.948  -13.878  22.070 0.0000000000
71330  -56.502  -13.549  21.507 0.0000000000
70096  -56.381  -14.304  21.405 0.0000000000
71341  -56.300  -13.161  20.976 0.0000000000
80473  -53.547  -6.215  23.266 0.0000000000
79424  -53.880  -7.165  22.249 0.0000000000
43393  -26.437  -36.274  45.926 0.0000000000
43392  -26.024  -37.053  45.692 0.0000000000
44647  -26.705  -34.343  43.653 0.0000000000
44646  -26.331  -35.024  43.182 0.0000000000
43433  -26.082  -35.320  42.150 0.0000000000
44658  -26.478  -35.005  42.198 0.0000000000
49305  -30.174  -32.176  37.549 0.0000000000
49304  -29.464  -32.220  37.213 0.0000000000
49320  -29.944  -31.685  36.562 0.0000000000
50532  -29.495  -30.919  33.085 0.0000000000
50517  -28.642  -31.194  33.948 0.0000000000
50515  -26.889  -31.556  33.225 0.0000000000
50530  -27.545  -31.254  32.629 0.0000000000
50545  -27.481  -31.540  31.695 0.0000000000
50560  -28.313  -31.868  31.236 0.0000000000
48254  -29.898  -33.630  31.327 0.0000000000
49381  -29.123  -32.675  31.068 0.0000000000
43524  -39.860  -36.041  36.990 0.0000000000
43549  -37.991  -36.719  36.170 0.0000000000
43548  -36.814  -36.567  36.011 0.0000000000
43569  -36.611  -35.944  35.191 0.0000000000
59793  -44.671  -22.018  26.931 0.0000000000
59775  -45.338  -22.201  27.270 0.0000000000
60878  -46.866  -22.094  28.299 0.0000000000
58521  -49.629  -23.943  30.369 0.0000000000
59728  -49.081  -23.856  29.407 0.0000000000
59729  -49.419  -23.475  29.735 0.0000000000
60871  -49.112  -22.154  29.428 0.0000000000
61920  -49.075  -21.644  29.406 0.0000000000
63050  -48.531  -21.262  28.295 0.0000000000
63033  -49.123  -21.172  29.273 0.0000000000
63015  -49.481  -20.422  29.625 0.0000000000
64216  -50.696  -20.068  30.505 0.0000000000
64197  -50.832  -19.685  31.009 0.0000000000
64196  -50.746  -18.947  31.157 0.0000000000
64178  -51.986  -19.687  32.043 0.0000000000
53729  -47.039  -27.953  39.592 0.0000000000
52651  -47.344  -29.323  39.122 0.0000000000
53746  -48.359  -28.671  37.641 0.0000000000
52668  -48.301  -29.501  37.902 0.0000000000
53754  -47.060  -29.141  37.015 0.0000000000
52676  -46.713  -29.647  36.845 0.0000000000
54859  -48.866  -26.963  36.327 0.0000000000
53756  -48.326  -27.098  36.889 0.0000000000
53791  -45.930  -27.190  34.446 0.0000000000
53777  -46.627  -27.386  35.288 0.0000000000
53790  -45.098  -27.847  34.353 0.0000000000
53789  -44.159  -28.035  34.405 0.0000000000
56044  -42.945  -26.299  31.774 0.0000000000
56026  -42.418  -26.485  32.341 0.0000000000
57254  -41.392  -25.857  32.213 0.0000000000
56060  -41.293  -25.386  31.309 0.0000000000
57292  -42.278  -24.835  29.880 0.0000000000
57317  -42.782  -24.500  29.196 0.0000000000
57275  -45.933  -25.541  30.600 0.0000000000
58536  -43.235  -24.032  28.593 0.0000000000
58558  -43.580  -23.676  28.130 0.0000000000
59741  -43.963  -23.599  28.074 0.0000000000
59791  -43.167  -22.647  26.218 0.0000000000
81473  -55.271  -5.857  25.953 0.0000000000
81501  -55.333  -6.015  24.414 0.0000000000
82515  -55.010  -5.438  25.305 0.0000000000
82501  -53.935  -3.972  25.513 0.0000000000
82513  -53.483  -4.316  25.000 0.0000000000
49195  -28.255  -31.890  46.037 0.0000000000
49196  -29.276  -32.006  45.863 0.0000000000
48076  -30.627  -32.335  44.272 0.0000000000
49222  -29.850  -31.945  43.997 0.0000000000
48090  -30.238  -32.396  43.400 0.0000000000
48118  -29.592  -33.133  41.954 0.0000000000
48105  -30.565  -32.735  42.639 0.0000000000
45783  -32.957  -34.334  44.535 0.0000000000
46941  -32.471  -33.790  44.870 0.0000000000
45799  -32.807  -34.410  43.904 0.0000000000
48121  -32.590  -32.889  41.417 0.0000000000
48136  -31.713  -32.899  40.677 0.0000000000
48135  -30.684  -32.871  40.857 0.0000000000
48162  -31.078  -32.476  38.956 0.0000000000
49294  -33.173  -31.998  38.734 0.0000000000
49307  -32.485  -31.600  37.738 0.0000000000
50469  -32.747  -31.181  37.075 0.0000000000
50483  -33.161  -30.932  36.526 0.0000000000
61961  -44.304  -21.120  26.374 0.0000000000
63072  -44.224  -20.420  25.821 0.0000000000
65423  -45.144  -19.107  25.703 0.0000000000
64277  -44.465  -19.475  25.427 0.0000000000
66585  -47.541  -18.163  26.717 0.0000000000
65425  -46.688  -18.532  26.210 0.0000000000
66606  -50.269  -17.536  24.668 0.0000000000
65440  -50.637  -18.433  24.226 0.0000000000
63096  -50.984  -20.170  22.872 0.0000000000
63089  -52.552  -20.254  24.308 0.0000000000
63097  -51.733  -20.128  23.175 0.0000000000
63098  -52.562  -20.133  23.481 0.0000000000
63099  -53.026  -19.940  23.378 0.0000000000
46945  -38.636  -33.618  44.888 0.0000000000
46961  -38.711  -34.241  44.799 0.0000000000
44653  -41.237  -35.982  42.689 0.0000000000
44640  -40.191  -35.577  43.216 0.0000000000
43434  -40.679  -36.428  41.781 0.0000000000
43435  -41.402  -36.543  41.748 0.0000000000
46997  -42.790  -34.221  40.936 0.0000000000
45844  -42.506  -34.794  41.198 0.0000000000
44667  -43.019  -34.704  40.358 0.0000000000
43471  -42.866  -36.140  38.807 0.0000000000
43455  -42.372  -35.727  39.492 0.0000000000
43470  -41.990  -36.136  39.077 0.0000000000
43469  -41.302  -35.975  39.467 0.0000000000
43505  -41.547  -36.428  37.700 0.0000000000
44808  -41.863  -35.155  35.077 0.0000000000
44766  -41.205  -35.439  35.788 0.0000000000
44789  -41.593  -35.173  35.127 0.0000000000
45960  -41.085  -35.000  34.731 0.0000000000
50453  -47.330  -31.428  39.048 0.0000000000
49300  -47.390  -32.279  37.923 0.0000000000
50507  -45.114  -31.720  36.435 0.0000000000
49325  -45.750  -32.346  37.224 0.0000000000
49339  -44.730  -32.455  36.624 0.0000000000
48197  -44.578  -33.353  36.630 0.0000000000
48196  -44.172  -32.747  36.081 0.0000000000
52691  -42.635  -29.927  35.380 0.0000000000
51603  -43.268  -30.547  35.317 0.0000000000
51620  -42.834  -31.139  34.761 0.0000000000
50537  -41.949  -31.974  33.815 0.0000000000
50538  -42.631  -32.149  34.347 0.0000000000
49356  -43.075  -32.632  34.415 0.0000000000
49357  -43.597  -32.772  34.725 0.0000000000
49371  -43.144  -32.974  34.354 0.0000000000
47137  -42.762  -34.022  34.852 0.0000000000
48241  -42.148  -33.391  33.636 0.0000000000
49390  -41.219  -32.375  32.020 0.0000000000
48262  -41.367  -33.019  32.524 0.0000000000
48239  -40.882  -33.607  32.797 0.0000000000
48261  -40.602  -33.062  32.262 0.0000000000
57289  -39.069  -25.100  29.661 0.0000000000
43373  -25.433  -36.456  47.457 0.0000000000
50351  -27.751  -31.346  49.189 0.0000000000
48027  -33.158  -33.555  48.355 0.0000000000
49188  -37.061  -32.015  46.707 0.0000000000
48054  -37.761  -32.967  45.725 0.0000000000
49198  -37.568  -32.136  46.118 0.0000000000
49224  -38.964  -32.152  43.710 0.0000000000
50401  -38.754  -31.028  43.918 0.0000000000
52604  -41.120  -29.162  44.185 0.0000000000
51521  -40.437  -29.468  44.520 0.0000000000
51528  -40.584  -29.980  43.823 0.0000000000
51535  -39.665  -30.342  43.222 0.0000000000
51545  -40.288  -29.971  42.035 0.0000000000
51554  -40.502  -30.333  41.100 0.0000000000
52628  -40.820  -29.355  41.636 0.0000000000
53671  -42.784  -27.986  42.347 0.0000000000
52630  -42.167  -28.605  40.710 0.0000000000
53686  -42.812  -28.157  41.324 0.0000000000
53716  -43.580  -28.540  39.776 0.0000000000
53703  -43.388  -27.986  40.816 0.0000000000
55896  -45.230  -26.619  39.769 0.0000000000
54796  -45.759  -27.339  39.630 0.0000000000
55897  -46.001  -26.116  40.142 0.0000000000
57112  -46.725  -25.593  40.318 0.0000000000
57113  -47.236  -25.022  40.261 0.0000000000
55899  -47.738  -25.653  39.796 0.0000000000
60736  -48.427  -22.883  37.335 0.0000000000
64104  -46.452  -20.049  36.825 0.0000000000
62936  -46.031  -20.425  35.810 0.0000000000
64103  -46.173  -19.676  36.420 0.0000000000
66434  -46.908  -18.204  35.164 0.0000000000
65272  -46.638  -18.779  35.000 0.0000000000
65290  -47.640  -19.037  34.684 0.0000000000
62948  -48.179  -20.231  34.266 0.0000000000
64117  -48.360  -19.328  34.792 0.0000000000
66417  -50.395  -17.821  36.767 0.0000000000
66416  -49.474  -17.848  36.283 0.0000000000
64107  -50.660  -19.436  36.325 0.0000000000
62926  -49.953  -19.956  35.553 0.0000000000
61844  -52.339  -21.081  34.476 0.0000000000
62951  -52.293  -20.503  35.079 0.0000000000
62965  -53.284  -20.046  34.067 0.0000000000
64160  -51.924  -19.130  32.723 0.0000000000
64147  -53.319  -19.002  33.802 0.0000000000
68680  -53.581  -15.744  34.988 0.0000000000
66438  -53.204  -16.681  35.494 0.0000000000
66439  -53.484  -17.072  35.142 0.0000000000
64149  -53.957  -17.896  33.039 0.0000000000
64162  -53.605  -18.007  32.726 0.0000000000
65316  -52.932  -18.143  32.688 0.0000000000
65333  -53.115  -17.860  31.951 0.0000000000
66517  -52.838  -17.671  31.142 0.0000000000
65334  -53.941  -18.142  31.240 0.0000000000
64218  -54.669  -18.759  29.712 0.0000000000
64198  -54.244  -18.266  30.240 0.0000000000
64217  -54.288  -18.551  29.552 0.0000000000
64233  -53.853  -18.807  28.373 0.0000000000
63034  -54.495  -19.223  28.615 0.0000000000
65337  -56.579  -17.751  30.885 0.0000000000
64201  -56.124  -19.020  30.477 0.0000000000
63002  -56.192  -19.603  29.701 0.0000000000
61922  -55.208  -19.509  27.520 0.0000000000
61921  -54.657  -19.668  27.639 0.0000000000
63051  -53.989  -19.417  27.411 0.0000000000
61936  -54.431  -19.516  26.743 0.0000000000
63062  -54.228  -19.495  25.927 0.0000000000
61967  -55.064  -19.766  25.063 0.0000000000
61966  -54.439  -19.906  24.802 0.0000000000
61982  -54.353  -20.350  24.005 0.0000000000
61997  -54.793  -19.894  23.297 0.0000000000
70024  -55.912  -14.761  27.572 0.0000000000
70009  -56.241  -14.791  28.331 0.0000000000
67666  -57.188  -16.396  27.904 0.0000000000
67685  -56.763  -16.456  27.034 0.0000000000
71284  -56.225  -14.622  24.811 0.0000000000
70048  -56.440  -14.514  25.914 0.0000000000
70049  -56.430  -14.933  25.335 0.0000000000
66620  -56.679  -17.338  24.476 0.0000000000
66608  -56.466  -17.262  25.316 0.0000000000
65429  -56.671  -17.988  25.101 0.0000000000
65417  -56.657  -17.975  26.165 0.0000000000
61953  -56.589  -19.150  25.185 0.0000000000
63078  -56.837  -18.987  24.741 0.0000000000
61999  -55.878  -19.399  23.569 0.0000000000
62015  -55.922  -19.507  22.622 0.0000000000
62014  -55.402  -19.698  22.420 0.0000000000
62026  -55.527  -19.637  21.343 0.0000000000
63150  -57.024  -19.504  20.604 0.0000000000
63149  -56.884  -19.901  20.076 0.0000000000
62074  -56.410  -20.892  18.951 0.0000000000
63166  -57.165  -20.270  19.292 0.0000000000
66667  -56.980  -17.605  21.737 0.0000000000
66666  -57.204  -17.868  21.426 0.0000000000
66693  -57.165  -18.245  19.233 0.0000000000
65501  -57.389  -18.532  19.955 0.0000000000
64358  -57.103  -19.111  19.141 0.0000000000
63186  -57.286  -19.812  18.979 0.0000000000
77146  -56.034  -9.033  23.068 0.0000000000
75966  -56.377  -10.602  21.775 0.0000000000
75953  -56.492  -9.779  22.157 0.0000000000
73719  -55.894  -11.386  20.080 0.0000000000
73729  -56.635  -11.935  20.140 0.0000000000
72529  -56.256  -12.661  19.906 0.0000000000
71340  -56.197  -13.182  20.720 0.0000000000
71339  -56.175  -13.286  20.298 0.0000000000
75962  -54.126  -9.790  21.297 0.0000000000
75973  -54.448  -10.475  21.010 0.0000000000
70085  -55.406  -14.542  20.746 0.0000000000
43413  -24.954  -36.410  44.006 0.0000000000
43402  -24.592  -37.150  44.497 0.0000000000
43412  -24.441  -36.811  43.604 0.0000000000
43443  -23.415  -36.070  41.056 0.0000000000
44670  -22.023  -35.944  40.050 0.0000000000
45892  -23.042  -34.831  37.281 0.0000000000
45878  -22.523  -34.929  37.939 0.0000000000
45908  -22.251  -34.887  36.219 0.0000000000
46973  -27.616  -33.103  43.492 0.0000000000
46989  -28.033  -33.636  42.506 0.0000000000
45868  -26.788  -33.766  40.128 0.0000000000
45858  -26.925  -33.824  40.820 0.0000000000
45867  -26.300  -34.335  39.974 0.0000000000
45881  -26.250  -34.265  39.074 0.0000000000
48170  -28.132  -33.094  37.463 0.0000000000
48181  -27.596  -32.794  36.725 0.0000000000
47073  -25.451  -33.597  35.415 0.0000000000
47057  -25.814  -33.787  36.291 0.0000000000
45912  -25.783  -33.946  36.739 0.0000000000
45911  -25.302  -34.428  36.325 0.0000000000
45933  -24.600  -34.621  35.567 0.0000000000
48251  -27.050  -33.826  31.621 0.0000000000
47142  -26.541  -34.426  31.591 0.0000000000
44638  -38.367  -35.980  43.540 0.0000000000
44623  -37.441  -35.821  44.203 0.0000000000
45852  -37.903  -34.784  41.166 0.0000000000
44660  -37.781  -34.940  41.639 0.0000000000
45851  -37.106  -34.620  41.506 0.0000000000
47011  -36.998  -34.041  40.795 0.0000000000
44728  -38.707  -35.652  37.553 0.0000000000
45883  -38.715  -34.968  38.506 0.0000000000
45899  -38.100  -34.863  37.617 0.0000000000
47039  -37.538  -33.205  38.506 0.0000000000
48141  -36.450  -32.671  39.795 0.0000000000
48156  -36.700  -32.476  38.900 0.0000000000
49285  -35.835  -32.023  38.662 0.0000000000
49297  -35.902  -31.736  37.900 0.0000000000
48194  -34.939  -33.023  35.228 0.0000000000
50503  -35.479  -31.662  35.996 0.0000000000
49336  -35.114  -31.927  35.246 0.0000000000
50523  -34.486  -31.381  35.141 0.0000000000
49347  -34.430  -32.241  34.609 0.0000000000
43586  -36.051  -35.650  34.661 0.0000000000
43585  -35.165  -35.857  34.043 0.0000000000
43566  -34.032  -36.741  34.016 0.0000000000
43567  -34.657  -35.881  34.285 0.0000000000
44781  -34.174  -35.940  34.309 0.0000000000
44780  -33.682  -35.628  34.211 0.0000000000
45976  -32.531  -35.371  33.185 0.0000000000
45954  -33.192  -34.970  34.058 0.0000000000
47109  -32.563  -34.268  33.322 0.0000000000
48204  -32.978  -33.069  33.799 0.0000000000
47129  -32.167  -34.706  32.694 0.0000000000
57224  -50.859  -25.124  33.002 0.0000000000
57238  -50.219  -24.705  32.518 0.0000000000
58464  -50.261  -24.955  33.270 0.0000000000
58462  -48.984  -24.026  33.354 0.0000000000
59671  -47.650  -22.391  33.675 0.0000000000
59605  -49.416  -24.140  37.235 0.0000000000
57171  -49.050  -25.519  36.204 0.0000000000
57188  -49.238  -25.411  35.275 0.0000000000
55984  -50.889  -26.115  34.803 0.0000000000
54882  -51.051  -26.857  34.124 0.0000000000
54893  -50.990  -26.526  32.995 0.0000000000
57213  -50.880  -25.255  33.781 0.0000000000
63130  -51.993  -19.817  21.564 0.0000000000
64324  -52.205  -19.549  20.727 0.0000000000
63164  -55.049  -19.706  19.586 0.0000000000
46921  -34.868  -34.500  46.647 0.0000000000
45770  -34.417  -34.832  46.412 0.0000000000
45771  -35.411  -34.905  46.408 0.0000000000
63095  -42.924  -20.376  24.335 0.0000000000
66531  -49.458  -17.834  29.126 0.0000000000
66552  -50.761  -16.733  28.320 0.0000000000
51563  -43.747  -30.448  40.078 0.0000000000
50439  -44.067  -31.351  40.166 0.0000000000
50440  -44.852  -31.294  40.069 0.0000000000
49274  -45.377  -31.964  39.400 0.0000000000
54904  -41.471  -27.013  33.238 0.0000000000
54889  -41.153  -27.612  33.958 0.0000000000
54903  -40.443  -27.169  33.319 0.0000000000
56022  -39.051  -27.100  32.572 0.0000000000
54901  -38.731  -27.634  32.609 0.0000000000
59790  -42.382  -22.966  25.906 0.0000000000
60896  -41.916  -22.653  25.380 0.0000000000
59811  -41.346  -22.620  25.113 0.0000000000
72477  -55.742  -12.783  24.122 0.0000000000
73680  -55.798  -11.664  24.107 0.0000000000
72488  -56.236  -13.060  23.025 0.0000000000
72493  -56.539  -13.429  22.354 0.0000000000
71310  -56.683  -14.137  22.307 0.0000000000
72492  -56.466  -12.690  22.306 0.0000000000
72504  -56.509  -12.726  21.661 0.0000000000
73721  -56.781  -11.967  21.026 0.0000000000
44600  -27.209  -35.175  46.489 0.0000000000
44620  -26.751  -35.476  45.326 0.0000000000
44621  -27.516  -35.115  45.555 0.0000000000
44635  -26.926  -34.556  44.810 0.0000000000
50497  -29.747  -31.339  35.427 0.0000000000
50547  -29.366  -30.862  32.033 0.0000000000
50561  -29.400  -31.479  31.287 0.0000000000
50562  -30.315  -31.475  31.424 0.0000000000
49383  -30.948  -32.288  31.519 0.0000000000
48232  -30.750  -33.857  31.769 0.0000000000
44764  -39.244  -35.982  35.920 0.0000000000
44786  -38.450  -35.907  35.341 0.0000000000
59755  -45.478  -22.722  27.904 0.0000000000
59756  -46.422  -22.745  28.495 0.0000000000
59757  -47.614  -23.012  28.726 0.0000000000
59716  -51.187  -23.264  31.092 0.0000000000
59730  -50.206  -23.230  30.614 0.0000000000
59731  -50.914  -22.627  30.789 0.0000000000
60858  -50.462  -22.296  30.315 0.0000000000
61907  -50.772  -21.596  30.270 0.0000000000
63016  -50.623  -20.670  30.115 0.0000000000
61894  -51.066  -21.267  30.640 0.0000000000
62999  -51.517  -21.168  31.073 0.0000000000
61869  -52.378  -21.171  32.041 0.0000000000
52652  -48.054  -28.804  38.917 0.0000000000
53731  -48.244  -28.019  38.707 0.0000000000
53739  -48.740  -27.974  38.216 0.0000000000
53793  -47.883  -26.832  34.027 0.0000000000
53778  -47.554  -26.661  35.085 0.0000000000
53807  -46.284  -26.665  33.597 0.0000000000
53806  -45.385  -27.092  33.538 0.0000000000
54907  -44.611  -26.896  32.979 0.0000000000
54921  -43.915  -26.443  32.371 0.0000000000
56062  -43.355  -25.813  31.125 0.0000000000
57273  -43.856  -25.385  30.544 0.0000000000
56081  -47.213  -25.502  30.660 0.0000000000
57296  -46.553  -25.206  30.196 0.0000000000
57320  -45.933  -24.593  29.302 0.0000000000
59742  -44.363  -23.486  28.116 0.0000000000
58559  -45.363  -23.180  28.200 0.0000000000
49185  -30.293  -32.326  46.424 0.0000000000
48063  -30.745  -32.368  45.044 0.0000000000
46958  -31.326  -32.780  44.630 0.0000000000
45838  -33.768  -34.189  43.012 0.0000000000
46977  -32.855  -34.091  43.176 0.0000000000
47007  -33.404  -33.272  42.017 0.0000000000
48122  -33.478  -33.009  41.200 0.0000000000
48137  -32.687  -32.848  40.512 0.0000000000
48152  -32.898  -32.494  39.603 0.0000000000
49282  -33.497  -32.261  39.362 0.0000000000
49295  -34.227  -31.558  38.418 0.0000000000
63074  -45.389  -20.976  26.694 0.0000000000
63073  -44.811  -20.546  26.401 0.0000000000
64266  -45.518  -20.195  26.493 0.0000000000
66616  -47.411  -17.566  24.751 0.0000000000
65427  -51.769  -17.933  25.070 0.0000000000
65441  -51.429  -18.939  24.483 0.0000000000
48077  -39.537  -32.910  44.184 0.0000000000
45807  -39.778  -34.358  44.153 0.0000000000
46963  -40.100  -33.790  44.014 0.0000000000
45826  -41.074  -34.927  42.816 0.0000000000
45842  -41.710  -35.375  42.386 0.0000000000
45861  -43.890  -34.229  39.389 0.0000000000
44681  -43.150  -34.781  39.879 0.0000000000
44697  -43.438  -35.067  38.833 0.0000000000
43472  -43.542  -36.068  38.308 0.0000000000
43507  -43.125  -36.514  37.157 0.0000000000
43527  -42.398  -36.132  36.897 0.0000000000
43528  -42.983  -35.874  36.802 0.0000000000
44768  -42.675  -35.230  35.818 0.0000000000
44809  -42.154  -34.946  35.199 0.0000000000
51599  -47.401  -31.104  37.134 0.0000000000
50488  -47.289  -31.677  37.115 0.0000000000
51607  -45.884  -31.088  36.782 0.0000000000
50506  -44.556  -31.717  35.971 0.0000000000
51618  -40.900  -30.632  34.144 0.0000000000
51619  -41.835  -30.846  34.658 0.0000000000
51631  -41.446  -31.396  33.638 0.0000000000
50551  -41.751  -31.962  33.034 0.0000000000
49369  -41.984  -32.663  33.288 0.0000000000
50566  -41.631  -31.720  32.181 0.0000000000
57315  -40.782  -24.576  29.079 0.0000000000
50386  -38.106  -31.217  46.042 0.0000000000
52605  -41.889  -28.844  43.931 0.0000000000
52620  -41.373  -28.633  42.207 0.0000000000
52606  -42.134  -28.371  43.490 0.0000000000
65235  -46.421  -18.215  37.552 0.0000000000
65245  -46.311  -18.521  36.636 0.0000000000
66396  -46.402  -17.479  36.971 0.0000000000
66414  -47.661  -17.350  35.833 0.0000000000
66418  -51.146  -17.645  36.935 0.0000000000
65260  -51.148  -18.493  36.724 0.0000000000
62929  -51.972  -19.812  35.972 0.0000000000
65261  -52.118  -18.429  36.378 0.0000000000
64120  -53.012  -19.053  35.457 0.0000000000
64121  -53.270  -18.594  35.249 0.0000000000
66452  -54.054  -17.040  34.226 0.0000000000
64163  -54.299  -17.988  32.248 0.0000000000
63000  -55.142  -19.005  30.165 0.0000000000
65374  -57.200  -18.396  29.708 0.0000000000
64219  -56.648  -19.071  29.698 0.0000000000
63020  -56.271  -19.131  28.824 0.0000000000
61949  -54.632  -19.576  25.872 0.0000000000
61938  -55.538  -19.657  26.688 0.0000000000
61968  -55.628  -19.667  25.154 0.0000000000
72434  -55.587  -12.954  27.792 0.0000000000
68864  -56.387  -15.853  24.208 0.0000000000
68851  -56.337  -15.754  25.024 0.0000000000
67745  -56.645  -16.686  23.964 0.0000000000
65442  -57.116  -17.989  24.269 0.0000000000
64281  -57.271  -18.660  24.077 0.0000000000
63090  -56.859  -19.144  24.106 0.0000000000
64289  -57.139  -18.909  23.639 0.0000000000
63100  -56.903  -19.052  23.142 0.0000000000
62028  -56.457  -19.416  21.924 0.0000000000
63134  -56.813  -19.258  21.384 0.0000000000
63151  -57.086  -19.101  21.035 0.0000000000
67784  -57.989  -18.000  20.894 0.0000000000
67783  -57.942  -17.695  20.481 0.0000000000
79428  -55.726  -8.117  22.724 0.0000000000
77170  -56.224  -9.411  21.753 0.0000000000
77169  -55.674  -9.093  21.743 0.0000000000
77177  -55.595  -9.421  21.330 0.0000000000
74853  -55.733  -11.408  20.361 0.0000000000
73716  -53.465  -11.393  21.207 0.0000000000
73717  -54.343  -11.546  20.418 0.0000000000
42303  -23.085  -37.582  44.708 0.0000000000
43431  -24.638  -35.910  42.026 0.0000000000
43444  -24.302  -35.944  41.180 0.0000000000
44671  -23.008  -35.805  40.177 0.0000000000
44687  -23.646  -35.580  39.422 0.0000000000
44720  -23.698  -35.018  37.720 0.0000000000
48117  -28.617  -33.062  42.121 0.0000000000
47004  -28.147  -33.652  41.761 0.0000000000
47029  -27.561  -33.522  39.874 0.0000000000
49332  -26.527  -32.115  34.889 0.0000000000
48192  -26.467  -32.816  35.767 0.0000000000
47072  -24.724  -34.163  35.032 0.0000000000
47104  -24.059  -34.818  33.137 0.0000000000
47122  -24.254  -34.907  32.209 0.0000000000
46008  -24.836  -35.794  31.401 0.0000000000
46009  -25.485  -35.354  31.515 0.0000000000
44662  -39.183  -36.127  41.807 0.0000000000
44650  -38.433  -35.703  42.589 0.0000000000
45860  -38.317  -34.807  40.467 0.0000000000
45919  -37.606  -35.493  36.980 0.0000000000
45898  -37.539  -34.517  37.389 0.0000000000
48174  -36.816  -33.323  36.946 0.0000000000
49310  -36.178  -32.038  37.101 0.0000000000
48183  -35.930  -33.181  36.030 0.0000000000
48195  -35.236  -33.551  35.837 0.0000000000
57299  -48.849  -24.954  29.993 0.0000000000
57323  -48.517  -24.527  29.617 0.0000000000
57300  -49.342  -24.595  30.158 0.0000000000
57301  -49.509  -24.090  30.579 0.0000000000
58522  -50.349  -24.024  30.842 0.0000000000
57255  -50.175  -24.344  31.820 0.0000000000
58494  -50.737  -24.174  31.816 0.0000000000
58508  -51.276  -23.821  31.498 0.0000000000
61859  -50.086  -22.015  33.541 0.0000000000
55918  -50.074  -25.695  38.319 0.0000000000
55936  -50.037  -26.660  38.110 0.0000000000
54860  -49.187  -26.681  36.139 0.0000000000
54872  -48.998  -27.013  35.796 0.0000000000
54861  -49.607  -26.630  35.311 0.0000000000
54873  -49.634  -27.013  35.155 0.0000000000
53779  -48.611  -26.727  34.699 0.0000000000
53822  -47.325  -26.582  32.662 0.0000000000
54924  -46.721  -26.659  32.058 0.0000000000
54942  -46.152  -26.328  31.576 0.0000000000
54943  -46.904  -26.431  31.430 0.0000000000
56066  -47.082  -26.000  31.024 0.0000000000
54927  -48.711  -26.123  32.561 0.0000000000
54945  -47.952  -25.799  31.686 0.0000000000
56067  -47.571  -25.722  31.044 0.0000000000
56082  -47.802  -25.212  30.608 0.0000000000
57298  -48.168  -24.818  30.111 0.0000000000
46886  -32.594  -34.049  47.372 0.0000000000
46900  -32.159  -33.043  46.462 0.0000000000
46901  -32.917  -33.452  46.654 0.0000000000
45768  -33.194  -34.047  45.122 0.0000000000
45784  -33.603  -34.710  44.932 0.0000000000
45785  -34.388  -35.107  45.355 0.0000000000
45801  -34.347  -34.834  44.418 0.0000000000
45821  -34.131  -34.536  43.605 0.0000000000
46995  -34.601  -34.327  41.970 0.0000000000
47009  -35.234  -34.054  41.503 0.0000000000
64245  -47.832  -19.768  28.009 0.0000000000
65398  -47.497  -19.321  27.609 0.0000000000
65413  -47.755  -18.254  27.221 0.0000000000
66550  -49.086  -17.810  28.426 0.0000000000
66586  -48.183  -17.695  26.701 0.0000000000
67727  -49.945  -17.156  25.116 0.0000000000
66607  -50.956  -17.316  25.209 0.0000000000
66589  -51.376  -16.875  25.785 0.0000000000
65415  -52.450  -18.060  26.084 0.0000000000
64255  -52.989  -18.717  26.358 0.0000000000
49257  -40.865  -31.959  41.448 0.0000000000
48107  -41.868  -32.924  42.354 0.0000000000
49259  -42.280  -32.474  41.060 0.0000000000
48124  -42.786  -33.235  41.206 0.0000000000
47014  -43.672  -33.821  40.274 0.0000000000
48142  -43.783  -32.852  40.251 0.0000000000
48143  -44.209  -33.035  40.079 0.0000000000
45862  -44.359  -34.004  39.003 0.0000000000
45884  -44.569  -34.510  37.783 0.0000000000
45920  -45.276  -34.816  36.520 0.0000000000
52693  -44.119  -29.072  35.270 0.0000000000
52682  -44.346  -29.727  35.517 0.0000000000
52692  -43.557  -29.333  35.308 0.0000000000
54879  -41.000  -28.300  34.497 0.0000000000
53771  -40.855  -29.060  34.723 0.0000000000
52689  -40.585  -29.794  34.354 0.0000000000
52688  -40.075  -29.638  33.897 0.0000000000
52701  -39.775  -29.825  33.107 0.0000000000
52712  -39.889  -30.332  32.346 0.0000000000
52722  -39.481  -30.310  31.558 0.0000000000
53830  -37.565  -28.335  30.643 0.0000000000
58576  -40.427  -23.769  26.912 0.0000000000
59769  -39.850  -23.473  26.196 0.0000000000
59787  -39.163  -23.162  25.365 0.0000000000
67605  -55.621  -16.358  31.995 0.0000000000
66479  -55.586  -17.433  31.577 0.0000000000
67607  -56.281  -16.998  31.028 0.0000000000
66499  -57.106  -17.366  30.648 0.0000000000
68731  -56.462  -15.593  30.923 0.0000000000
66518  -57.281  -17.642  29.984 0.0000000000
65391  -57.352  -18.374  28.743 0.0000000000
65404  -57.508  -18.288  27.713 0.0000000000
72465  -56.362  -12.575  25.969 0.0000000000
71283  -56.163  -13.827  25.154 0.0000000000
71296  -55.816  -13.805  23.977 0.0000000000
68871  -56.725  -16.006  23.509 0.0000000000
67751  -57.001  -16.690  23.253 0.0000000000
66642  -56.976  -17.653  22.767 0.0000000000
65466  -56.952  -17.932  22.449 0.0000000000
67752  -56.906  -16.875  22.709 0.0000000000
67757  -56.932  -16.671  22.113 0.0000000000
68877  -56.925  -15.828  21.932 0.0000000000
70076  -56.658  -14.849  22.174 0.0000000000
68887  -56.703  -15.747  21.488 0.0000000000
68896  -56.417  -15.170  21.374 0.0000000000
68895  -56.181  -14.980  21.070 0.0000000000
79425  -54.572  -7.189  22.119 0.0000000000
78283  -54.148  -7.831  21.858 0.0000000000
77166  -53.616  -8.611  21.620 0.0000000000
42306  -25.492  -37.651  45.628 0.0000000000
43414  -25.611  -35.695  43.893 0.0000000000
43432  -25.557  -35.527  41.958 0.0000000000
43446  -25.466  -35.472  41.372 0.0000000000
44690  -25.683  -35.053  40.323 0.0000000000
48161  -30.016  -32.920  39.048 0.0000000000
48171  -29.058  -32.869  37.902 0.0000000000
49319  -28.778  -32.199  36.771 0.0000000000
49318  -28.120  -32.155  36.212 0.0000000000
50496  -28.705  -31.460  34.912 0.0000000000
49333  -27.532  -31.935  35.418 0.0000000000
49345  -26.994  -31.742  34.608 0.0000000000
50544  -26.790  -32.075  31.590 0.0000000000
49379  -27.321  -32.922  31.381 0.0000000000
48253  -28.863  -33.787  31.683 0.0000000000
44712  -39.643  -35.582  38.667 0.0000000000
43502  -39.199  -35.900  37.543 0.0000000000
44744  -38.355  -35.920  37.117 0.0000000000
43550  -38.979  -36.368  36.226 0.0000000000
44743  -37.860  -35.971  36.829 0.0000000000
44742  -36.845  -35.983  36.484 0.0000000000
44762  -36.574  -36.212  36.155 0.0000000000
44761  -36.084  -35.856  35.917 0.0000000000
60898  -43.148  -21.839  25.900 0.0000000000
60916  -42.894  -21.273  25.370 0.0000000000
60899  -44.032  -21.653  26.456 0.0000000000
60900  -44.769  -21.555  26.801 0.0000000000
60887  -45.657  -21.767  27.228 0.0000000000
61963  -45.357  -21.306  26.842 0.0000000000
63047  -46.420  -20.736  27.216 0.0000000000
63048  -46.893  -20.762  27.658 0.0000000000
58542  -48.823  -24.158  29.371 0.0000000000
59744  -48.623  -23.403  29.065 0.0000000000
59758  -48.307  -22.606  28.689 0.0000000000
60870  -48.713  -22.450  28.949 0.0000000000
60880  -48.489  -22.015  28.456 0.0000000000
61934  -48.219  -21.564  28.178 0.0000000000
63049  -47.928  -20.691  28.001 0.0000000000
63031  -48.212  -20.194  28.283 0.0000000000
64231  -48.256  -19.712  28.443 0.0000000000
64232  -48.631  -19.592  28.944 0.0000000000
64214  -49.182  -19.432  29.502 0.0000000000
65352  -50.378  -18.241  30.837 0.0000000000
65331  -51.322  -18.049  31.766 0.0000000000
52642  -46.039  -29.479  40.131 0.0000000000
51574  -46.096  -30.001  40.168 0.0000000000
52643  -46.611  -29.395  39.615 0.0000000000
51575  -47.487  -30.336  39.035 0.0000000000
51583  -48.117  -30.603  38.518 0.0000000000
51591  -48.050  -30.801  37.708 0.0000000000
52684  -45.969  -29.966  36.424 0.0000000000
53763  -45.540  -29.117  35.743 0.0000000000
53788  -43.172  -28.005  34.370 0.0000000000
54906  -43.607  -27.053  33.154 0.0000000000
54905  -42.499  -26.993  33.010 0.0000000000
56042  -40.910  -25.591  32.135 0.0000000000
57271  -41.773  -25.170  30.552 0.0000000000
56064  -45.550  -25.923  31.123 0.0000000000
57294  -44.354  -24.935  29.916 0.0000000000
57295  -45.447  -24.993  29.990 0.0000000000
58535  -42.334  -24.246  28.436 0.0000000000
58556  -41.923  -24.121  27.644 0.0000000000
58578  -42.383  -23.671  27.099 0.0000000000
59772  -42.971  -23.287  26.695 0.0000000000
59753  -43.698  -23.454  27.536 0.0000000000
75946  -56.114  -10.155  23.358 0.0000000000
78242  -55.775  -8.965  24.428 0.0000000000
78249  -55.831  -8.468  24.274 0.0000000000
79408  -55.799  -7.881  24.004 0.0000000000
80445  -55.527  -7.021  24.965 0.0000000000
79418  -55.553  -7.647  23.324 0.0000000000
80477  -55.377  -7.150  23.690 0.0000000000
79417  -55.132  -7.069  22.861 0.0000000000
80475  -55.140  -6.167  23.091 0.0000000000
82493  -54.435  -4.468  26.528 0.0000000000
82502  -54.473  -4.865  25.628 0.0000000000
81500  -55.087  -5.243  24.044 0.0000000000
81516  -54.906  -5.605  23.563 0.0000000000
81499  -54.057  -5.388  24.222 0.0000000000
80459  -53.621  -5.719  23.744 0.0000000000
81498  -53.202  -4.921  23.901 0.0000000000
82512  -52.654  -3.753  24.575 0.0000000000
81497  -52.232  -4.624  23.897 0.0000000000
48050  -27.531  -32.649  46.264 0.0000000000
48062  -27.706  -32.603  45.379 0.0000000000
48075  -27.962  -32.397  44.423 0.0000000000
48088  -28.315  -32.277  43.550 0.0000000000
49208  -29.260  -31.960  45.089 0.0000000000
49234  -29.077  -31.889  43.738 0.0000000000
48089  -29.138  -32.200  43.129 0.0000000000
48104  -29.413  -32.669  42.603 0.0000000000
48134  -29.659  -33.048  41.080 0.0000000000
46918  -32.165  -32.766  45.777 0.0000000000
46959  -31.749  -33.495  44.440 0.0000000000
46975  -31.601  -33.619  43.781 0.0000000000
46992  -32.402  -33.594  42.871 0.0000000000
46991  -31.655  -33.180  43.065 0.0000000000
48106  -31.292  -32.742  42.353 0.0000000000
49321  -30.986  -31.587  37.127 0.0000000000
49293  -32.166  -32.087  38.572 0.0000000000
49322  -31.688  -31.607  37.423 0.0000000000
50499  -31.841  -30.827  35.489 0.0000000000
50521  -32.661  -30.796  34.460 0.0000000000
47132  -38.349  -34.178  33.469 0.0000000000
61979  -43.020  -20.821  25.172 0.0000000000
64286  -43.150  -19.864  24.169 0.0000000000
64276  -44.047  -19.732  25.152 0.0000000000
64275  -43.563  -19.590  24.555 0.0000000000
65447  -43.414  -19.097  24.025 0.0000000000
65460  -43.674  -18.604  23.470 0.0000000000
65411  -46.514  -19.365  26.704 0.0000000000
65438  -45.568  -18.451  25.354 0.0000000000
66615  -46.201  -17.996  25.183 0.0000000000
66624  -45.228  -17.930  24.247 0.0000000000
65453  -50.396  -19.211  23.606 0.0000000000
63113  -51.478  -20.139  22.247 0.0000000000
64301  -53.340  -19.505  22.137 0.0000000000
46943  -37.481  -34.144  45.788 0.0000000000
45788  -37.315  -34.600  45.429 0.0000000000
45805  -38.177  -34.785  44.808 0.0000000000
44625  -38.761  -35.322  44.295 0.0000000000
44639  -39.255  -35.666  43.643 0.0000000000
45824  -39.702  -35.262  43.636 0.0000000000
44663  -40.041  -36.341  41.996 0.0000000000
43468  -40.694  -36.020  39.906 0.0000000000
46980  -42.037  -34.115  42.171 0.0000000000
45843  -42.012  -34.991  41.771 0.0000000000
44654  -42.437  -35.861  42.174 0.0000000000
44680  -42.733  -35.305  39.764 0.0000000000
43437  -42.287  -35.633  40.268 0.0000000000
43436  -42.137  -36.174  41.005 0.0000000000
43453  -41.299  -36.206  40.546 0.0000000000
43485  -40.757  -35.925  38.792 0.0000000000
43504  -40.768  -36.042  37.797 0.0000000000
43553  -41.762  -35.681  36.434 0.0000000000
43552  -40.896  -35.749  36.537 0.0000000000
44765  -40.177  -35.454  36.023 0.0000000000
45959  -40.133  -34.785  34.536 0.0000000000
47096  -40.021  -34.659  34.134 0.0000000000
50442  -46.496  -31.319  39.573 0.0000000000
50452  -46.573  -31.796  39.156 0.0000000000
48158  -45.756  -32.749  38.339 0.0000000000
49312  -46.847  -32.622  37.348 0.0000000000
48166  -45.900  -32.728  37.832 0.0000000000
47034  -45.521  -33.210  38.030 0.0000000000
47051  -44.769  -33.801  37.270 0.0000000000
45921  -45.545  -34.383  36.365 0.0000000000
47097  -44.446  -33.867  35.977 0.0000000000
51604  -43.886  -30.657  35.534 0.0000000000
50505  -44.028  -31.489  35.628 0.0000000000
50525  -43.747  -32.087  35.067 0.0000000000
49348  -43.935  -32.544  35.263 0.0000000000
49358  -43.925  -32.979  35.282 0.0000000000
48223  -43.862  -33.435  35.474 0.0000000000
45986  -43.359  -33.999  35.302 0.0000000000
45985  -42.934  -34.303  35.074 0.0000000000
45984  -42.347  -34.579  35.002 0.0000000000
47114  -41.704  -34.522  34.425 0.0000000000
47135  -41.703  -34.072  33.731 0.0000000000
47113  -41.163  -34.471  33.965 0.0000000000
47134  -41.040  -34.043  33.336 0.0000000000
47133  -40.545  -33.960  33.153 0.0000000000
48220  -39.627  -34.057  33.455 0.0000000000
58575  -39.422  -23.931  26.814 0.0000000000
60751  -47.796  -22.609  36.002 0.0000000000
61813  -47.199  -21.609  36.764 0.0000000000
62916  -46.851  -20.434  37.272 0.0000000000
64095  -46.731  -19.843  37.336 0.0000000000
42285  -25.246  -37.189  47.053 0.0000000000
43383  -26.022  -35.890  46.770 0.0000000000
44589  -26.258  -35.510  47.460 0.0000000000
44599  -26.658  -35.534  46.750 0.0000000000
44590  -26.750  -35.137  47.140 0.0000000000
45767  -27.160  -34.513  46.852 0.0000000000
48023  -27.187  -33.188  48.218 0.0000000000
48038  -27.243  -32.720  47.305 0.0000000000
50375  -28.590  -31.211  47.485 0.0000000000
50366  -29.216  -31.160  47.668 0.0000000000
49156  -30.451  -31.626  48.231 0.0000000000
49172  -31.417  -33.028  48.154 0.0000000000
49158  -31.499  -32.526  48.683 0.0000000000
48012  -31.849  -33.285  48.309 0.0000000000
48026  -32.425  -33.872  48.162 0.0000000000
46887  -33.292  -34.241  47.804 0.0000000000
46904  -35.253  -33.501  46.988 0.0000000000
48052  -36.696  -33.199  46.591 0.0000000000
46924  -37.089  -33.743  46.313 0.0000000000
46925  -37.582  -33.574  45.970 0.0000000000
49199  -37.895  -32.146  45.398 0.0000000000
49210  -38.223  -32.215  44.596 0.0000000000
48065  -38.831  -33.009  44.617 0.0000000000
49225  -39.596  -32.504  43.548 0.0000000000
49237  -39.885  -32.348  42.815 0.0000000000
50402  -39.196  -30.824  43.459 0.0000000000
50411  -39.210  -31.314  42.832 0.0000000000
50419  -39.589  -31.452  42.050 0.0000000000
50427  -40.197  -31.337  41.409 0.0000000000
51560  -41.144  -30.293  40.319 0.0000000000
51561  -41.937  -30.269  40.030 0.0000000000
52629  -41.418  -28.849  41.182 0.0000000000
52637  -41.525  -29.337  40.211 0.0000000000
52638  -42.509  -29.270  39.796 0.0000000000
52639  -43.369  -29.549  39.852 0.0000000000
52640  -44.213  -29.540  39.937 0.0000000000
53717  -44.554  -28.617  39.652 0.0000000000
54759  -43.899  -27.537  41.370 0.0000000000
54776  -43.825  -27.634  40.273 0.0000000000
53718  -45.474  -28.478  39.755 0.0000000000
54814  -47.384  -27.277  39.472 0.0000000000
55915  -47.735  -26.743  39.401 0.0000000000
55916  -48.302  -26.197  39.310 0.0000000000
57129  -48.874  -25.070  39.081 0.0000000000
58333  -47.932  -24.258  40.223 0.0000000000
57130  -49.682  -25.153  38.538 0.0000000000
58355  -49.806  -24.415  38.252 0.0000000000
60737  -48.938  -23.510  37.679 0.0000000000
60753  -48.718  -23.777  36.948 0.0000000000
60752  -48.427  -23.121  36.411 0.0000000000
60769  -47.125  -22.098  34.637 0.0000000000
61840  -46.731  -21.453  34.207 0.0000000000
61855  -46.678  -20.830  33.852 0.0000000000
64116  -46.149  -19.532  35.347 0.0000000000
64129  -46.529  -19.564  34.462 0.0000000000
61857  -48.125  -21.425  33.501 0.0000000000
62964  -48.449  -20.986  33.863 0.0000000000
60790  -51.005  -22.325  34.021 0.0000000000
68667  -47.364  -16.135  36.605 0.0000000000
67567  -49.076  -16.989  36.449 0.0000000000
66415  -48.590  -17.455  36.051 0.0000000000
65275  -48.736  -18.623  35.330 0.0000000000
64119  -49.516  -19.777  35.276 0.0000000000
61828  -50.458  -20.743  35.065 0.0000000000
61843  -51.399  -21.467  34.578 0.0000000000
60810  -52.340  -21.656  33.387 0.0000000000
60811  -52.547  -21.310  33.166 0.0000000000
61861  -52.914  -20.926  33.509 0.0000000000
62952  -53.052  -20.148  34.889 0.0000000000
62974  -52.369  -20.229  32.372 0.0000000000
64159  -51.656  -18.823  32.309 0.0000000000
66477  -51.764  -17.744  32.010 0.0000000000
66420  -52.857  -17.106  35.852 0.0000000000
65277  -53.336  -17.981  35.384 0.0000000000
64134  -53.494  -18.422  34.914 0.0000000000
65302  -53.577  -18.404  33.820 0.0000000000
65291  -53.590  -18.467  34.286 0.0000000000
64161  -52.884  -18.555  33.122 0.0000000000
66478  -52.047  -17.700  32.427 0.0000000000
66494  -51.673  -17.535  31.339 0.0000000000
66516  -52.472  -17.452  30.674 0.0000000000
65355  -54.066  -18.220  30.866 0.0000000000
65390  -53.433  -18.088  27.990 0.0000000000
64256  -53.575  -19.131  26.598 0.0000000000
64182  -55.469  -18.538  30.913 0.0000000000
63018  -55.005  -19.057  29.491 0.0000000000
63019  -55.573  -19.324  29.161 0.0000000000
63060  -53.220  -19.471  25.779 0.0000000000
63076  -53.471  -19.866  25.169 0.0000000000
60902  -53.077  -20.701  24.246 0.0000000000
61965  -53.743  -20.355  24.505 0.0000000000
60918  -53.432  -20.704  24.036 0.0000000000
61995  -53.578  -19.881  23.236 0.0000000000
62011  -53.583  -19.675  22.800 0.0000000000
63117  -54.328  -19.580  22.252 0.0000000000
65416  -57.221  -18.474  26.910 0.0000000000
71268  -56.334  -14.021  26.342 0.0000000000
70038  -56.358  -14.769  26.757 0.0000000000
68837  -56.482  -15.405  26.578 0.0000000000
67708  -56.377  -16.486  25.532 0.0000000000
67686  -56.452  -16.498  26.305 0.0000000000
66573  -56.680  -17.206  26.650 0.0000000000
65405  -57.098  -17.834  26.937 0.0000000000
64257  -57.051  -18.907  26.502 0.0000000000
61952  -56.397  -19.442  25.752 0.0000000000
61969  -56.118  -19.484  25.115 0.0000000000
61984  -55.435  -19.629  24.315 0.0000000000
62000  -56.400  -19.245  23.764 0.0000000000
62013  -54.762  -19.762  22.299 0.0000000000
63133  -54.555  -19.592  21.563 0.0000000000
63148  -54.577  -19.585  21.004 0.0000000000
62053  -55.014  -19.670  20.164 0.0000000000
62054  -55.514  -19.646  19.671 0.0000000000
62040  -56.241  -19.465  20.318 0.0000000000
62055  -56.122  -19.811  19.396 0.0000000000
62073  -55.996  -20.247  18.967 0.0000000000
62087  -56.545  -21.109  18.143 0.0000000000
65475  -57.055  -18.006  21.957 0.0000000000
64329  -57.228  -18.843  20.598 0.0000000000
63167  -57.270  -19.685  19.790 0.0000000000
63185  -57.220  -20.362  18.534 0.0000000000
74835  -56.382  -11.174  21.956 0.0000000000
75977  -56.198  -10.734  21.091 0.0000000000
74855  -56.909  -11.851  20.332 0.0000000000
72531  -56.667  -12.508  20.610 0.0000000000
68894  -56.003  -14.527  21.057 0.0000000000
75963  -54.959  -9.570  21.301 0.0000000000
75974  -54.873  -10.301  20.970 0.0000000000
73727  -55.418  -11.661  20.216 0.0000000000
72527  -55.210  -11.990  19.999 0.0000000000
72518  -55.707  -12.823  20.443 0.0000000000
71327  -55.859  -13.563  20.721 0.0000000000
70086  -55.981  -14.463  20.893 0.0000000000
42305  -24.777  -37.666  45.336 0.0000000000
43401  -23.849  -37.294  44.204 0.0000000000
43400  -23.231  -37.372  43.959 0.0000000000
43420  -24.233  -36.597  42.713 0.0000000000
45876  -20.838  -35.652  38.280 0.0000000000
44686  -22.385  -35.424  39.176 0.0000000000
45877  -21.787  -35.198  38.201 0.0000000000
45818  -27.177  -33.845  44.165 0.0000000000
45848  -27.357  -34.387  41.870 0.0000000000
45847  -26.636  -34.757  41.826 0.0000000000
44676  -26.288  -34.988  41.630 0.0000000000
44707  -25.446  -35.126  39.514 0.0000000000
47037  -26.814  -33.840  38.957 0.0000000000
47058  -26.543  -33.509  36.814 0.0000000000
47046  -26.379  -33.980  38.047 0.0000000000
47036  -26.256  -34.178  38.694 0.0000000000
45880  -25.707  -34.678  38.719 0.0000000000
45879  -25.060  -35.115  38.410 0.0000000000
45893  -23.963  -34.992  37.190 0.0000000000
45932  -23.796  -34.820  35.436 0.0000000000
48250  -26.164  -33.840  31.359 0.0000000000
45804  -37.321  -35.070  44.809 0.0000000000
44622  -36.766  -35.732  43.895 0.0000000000
44636  -36.775  -35.314  43.165 0.0000000000
44649  -37.468  -35.203  42.348 0.0000000000
44648  -36.704  -35.159  42.616 0.0000000000
45850  -36.033  -34.684  41.796 0.0000000000
47021  -35.555  -33.326  40.928 0.0000000000
44694  -39.206  -35.225  39.126 0.0000000000
45870  -38.668  -34.780  39.483 0.0000000000
45869  -38.016  -34.360  39.790 0.0000000000
47040  -37.908  -34.005  38.124 0.0000000000
47031  -37.797  -33.789  39.179 0.0000000000
47023  -37.487  -33.743  40.169 0.0000000000
47022  -36.616  -33.230  40.526 0.0000000000
48140  -35.643  -32.812  40.166 0.0000000000
48154  -34.820  -32.483  39.673 0.0000000000
49284  -34.972  -31.996  38.988 0.0000000000
50471  -34.219  -31.306  37.579 0.0000000000
50486  -35.572  -31.654  36.822 0.0000000000
50485  -34.869  -31.317  36.726 0.0000000000
50484  -34.045  -31.059  36.634 0.0000000000
50501  -33.890  -30.944  35.730 0.0000000000
50522  -33.819  -31.122  34.680 0.0000000000
50536  -33.440  -31.284  33.885 0.0000000000
45979  -37.856  -34.913  34.040 0.0000000000
44785  -37.315  -35.663  34.752 0.0000000000
44807  -37.041  -35.250  34.202 0.0000000000
44783  -35.835  -35.696  35.394 0.0000000000
44760  -35.518  -35.542  35.675 0.0000000000
44782  -35.217  -35.634  35.159 0.0000000000
45940  -35.030  -35.122  35.652 0.0000000000
45939  -34.517  -34.696  35.295 0.0000000000
47077  -34.227  -34.412  35.118 0.0000000000
47094  -34.149  -34.037  35.124 0.0000000000
47093  -33.729  -34.101  34.643 0.0000000000
48205  -33.550  -32.931  34.147 0.0000000000
49355  -33.367  -32.112  33.425 0.0000000000
49354  -32.790  -31.820  32.933 0.0000000000
48234  -31.996  -32.665  32.468 0.0000000000
48233  -31.457  -33.184  32.074 0.0000000000
42284  -24.923  -37.692  46.864 0.0000000000
43410  -22.757  -37.248  43.374 0.0000000000
43424  -42.292  -36.445  41.879 0.0000000000
43451  -39.921  -36.288  40.832 0.0000000000
43488  -43.149  -36.777  37.984 0.0000000000
43489  -43.616  -36.139  37.624 0.0000000000
43506  -42.363  -36.630  37.474 0.0000000000
43521  -37.069  -36.350  36.301 0.0000000000
43526  -41.644  -36.140  37.057 0.0000000000
43529  -43.390  -35.403  36.878 0.0000000000
43554  -42.451  -35.596  36.374 0.0000000000
43556  -43.362  -35.073  36.651 0.0000000000
43571  -38.354  -36.568  35.772 0.0000000000
44610  -27.580  -35.261  46.084 0.0000000000
44641  -40.661  -35.381  43.054 0.0000000000
44655  -42.427  -35.342  41.584 0.0000000000
44657  -26.122  -35.264  41.869 0.0000000000
44664  -40.725  -36.296  42.226 0.0000000000
44665  -42.579  -36.089  41.577 0.0000000000
44691  -26.093  -34.831  40.961 0.0000000000
44698  -44.093  -34.630  38.648 0.0000000000
44703  -22.514  -35.099  38.464 0.0000000000
44706  -25.036  -35.412  39.008 0.0000000000
44729  -39.343  -35.719  37.949 0.0000000000
44730  -43.793  -35.352  37.308 0.0000000000
44741  -36.303  -35.733  36.230 0.0000000000
44746  -44.375  -34.666  36.814 0.0000000000
44769  -43.414  -34.759  36.237 0.0000000000
44790  -42.127  -35.123  35.308 0.0000000000
44793  -43.760  -34.139  35.846 0.0000000000
44810  -42.564  -34.684  35.150 0.0000000000
45789  -37.735  -34.371  45.321 0.0000000000
45800  -33.498  -34.671  44.147 0.0000000000
45819  -32.805  -34.255  43.527 0.0000000000
45827  -41.662  -34.737  42.364 0.0000000000
45837  -33.271  -34.145  43.085 0.0000000000
45853  -43.010  -34.448  40.602 0.0000000000
45864  -21.092  -35.750  38.858 0.0000000000
45871  -44.078  -34.408  38.903 0.0000000000
45872  -44.497  -34.191  38.509 0.0000000000
45873  -44.771  -34.029  38.057 0.0000000000
45900  -38.674  -35.233  37.952 0.0000000000
45901  -44.773  -34.601  37.048 0.0000000000
45902  -45.230  -34.407  36.852 0.0000000000
45942  -44.965  -34.411  36.138 0.0000000000
45943  -45.670  -34.434  35.907 0.0000000000
45962  -43.195  -34.251  35.274 0.0000000000
45963  -43.525  -34.096  35.531 0.0000000000
45964  -44.050  -34.198  35.897 0.0000000000
45982  -41.353  -34.806  34.593 0.0000000000
45983  -41.789  -34.918  34.995 0.0000000000
45987  -43.608  -33.926  35.506 0.0000000000
45992  -25.590  -36.006  31.477 0.0000000000
46002  -42.508  -34.319  34.900 0.0000000000
46003  -42.728  -34.400  35.035 0.0000000000
46885  -32.134  -33.652  47.003 0.0000000000
46922  -35.318  -34.209  46.643 0.0000000000
46939  -31.377  -32.596  45.224 0.0000000000
46940  -32.018  -32.990  45.107 0.0000000000
46960  -32.203  -34.146  44.208 0.0000000000
46974  -31.192  -32.919  43.978 0.0000000000
46993  -33.164  -33.819  42.671 0.0000000000
46996  -42.462  -34.068  41.450 0.0000000000
47005  -31.937  -33.059  42.485 0.0000000000
47012  -42.886  -33.744  40.950 0.0000000000
47013  -43.231  -33.845  40.613 0.0000000000
47024  -44.174  -33.691  39.814 0.0000000000
47041  -44.993  -33.772  38.114 0.0000000000
47042  -45.327  -33.226  37.605 0.0000000000
47048  -28.162  -33.299  37.885 0.0000000000
47050  -37.704  -34.322  37.615 0.0000000000
47052  -44.967  -33.240  37.233 0.0000000000
47059  -27.177  -33.288  37.073 0.0000000000
47060  -35.089  -34.488  35.976 0.0000000000
47063  -44.872  -33.757  36.851 0.0000000000
47064  -45.069  -33.165  36.978 0.0000000000
47078  -34.582  -34.116  35.625 0.0000000000
47080  -45.277  -34.210  35.821 0.0000000000
47081  -45.362  -33.952  36.124 0.0000000000
47098  -45.067  -34.022  35.924 0.0000000000
47112  -40.210  -34.365  33.757 0.0000000000
47115  -41.985  -34.557  34.792 0.0000000000
47117  -43.394  -33.778  35.156 0.0000000000
47118  -43.779  -33.772  35.571 0.0000000000
47123  -24.647  -34.537  32.159 0.0000000000
47139  -24.345  -35.361  31.729 0.0000000000
48040  -31.695  -33.279  47.078 0.0000000000
48051  -31.014  -32.450  45.838 0.0000000000
48093  -41.863  -33.502  42.444 0.0000000000
48126  -43.647  -33.392  40.329 0.0000000000
48145  -45.197  -32.746  39.051 0.0000000000
48146  -45.666  -32.491  38.721 0.0000000000
48163  -31.994  -32.312  39.150 0.0000000000
48173  -30.882  -32.351  38.472 0.0000000000
48175  -45.596  -32.782  37.431 0.0000000000
48180  -26.906  -32.916  36.378 0.0000000000
48185  -44.776  -33.237  36.902 0.0000000000
48198  -44.849  -33.017  36.989 0.0000000000
48208  -44.647  -33.852  36.115 0.0000000000
48216  -32.031  -33.145  32.593 0.0000000000
48218  -33.107  -32.768  33.645 0.0000000000
48221  -43.111  -33.583  34.739 0.0000000000
48222  -43.513  -33.347  34.914 0.0000000000
48228  -24.996  -34.056  32.321 0.0000000000
48242  -42.765  -33.435  34.396 0.0000000000
48243  -43.275  -33.215  34.605 0.0000000000
48255  -30.713  -33.112  31.417 0.0000000000
48263  -41.851  -33.015  32.920 0.0000000000
49170  -30.050  -31.416  47.780 0.0000000000
49207  -28.413  -31.984  45.219 0.0000000000
49209  -29.963  -32.113  44.749 0.0000000000
49211  -38.804  -32.471  44.218 0.0000000000
49221  -29.229  -31.849  44.407 0.0000000000
49233  -28.555  -31.989  44.135 0.0000000000
49236  -39.162  -32.118  43.149 0.0000000000
49238  -40.663  -32.680  42.491 0.0000000000
49247  -41.239  -32.520  42.032 0.0000000000
49248  -41.937  -32.616  41.816 0.0000000000
49258  -41.513  -32.210  41.273 0.0000000000
49271  -43.494  -32.287  40.296 0.0000000000
49275  -45.882  -31.980  39.006 0.0000000000
49286  -36.443  -32.165  38.204 0.0000000000
49287  -46.449  -32.247  38.788 0.0000000000
49288  -47.264  -32.186  38.561 0.0000000000
49292  -31.604  -32.226  38.705 0.0000000000
49296  -35.181  -31.653  38.333 0.0000000000
49298  -36.469  -32.219  37.640 0.0000000000
49308  -33.540  -31.429  38.010 0.0000000000
49309  -33.979  -31.381  38.030 0.0000000000
49311  -36.643  -32.598  37.186 0.0000000000
49313  -47.315  -32.211  37.596 0.0000000000
49324  -36.457  -32.794  36.543 0.0000000000
49335  -29.268  -31.746  36.158 0.0000000000
49337  -35.574  -32.599  35.640 0.0000000000
49340  -45.027  -32.680  36.950 0.0000000000
49349  -44.104  -32.577  35.797 0.0000000000
49366  -32.249  -31.952  32.494 0.0000000000
50364  -27.897  -31.186  48.548 0.0000000000
50376  -28.768  -31.331  47.231 0.0000000000
50418  -39.553  -31.132  41.903 0.0000000000
50426  -39.708  -31.101  41.708 0.0000000000
50428  -41.146  -31.352  40.755 0.0000000000
50436  -41.610  -30.817  40.370 0.0000000000
50438  -43.218  -31.368  40.090 0.0000000000
50460  -34.797  -31.459  37.935 0.0000000000
50462  -35.606  -31.638  37.738 0.0000000000
50472  -35.063  -31.451  37.403 0.0000000000
50473  -35.614  -31.646  37.468 0.0000000000
50474  -47.193  -31.995  37.154 0.0000000000
50475  -47.470  -31.759  37.538 0.0000000000
50481  -30.952  -31.069  36.258 0.0000000000
50487  -46.726  -31.771  36.828 0.0000000000
50516  -27.544  -31.380  33.950 0.0000000000
50520  -31.708  -30.738  34.487 0.0000000000
50524  -43.253  -31.832  34.778 0.0000000000
50526  -44.010  -32.138  35.623 0.0000000000
50534  -31.744  -30.772  33.525 0.0000000000
50535  -32.735  -31.062  33.478 0.0000000000
50546  -28.356  -31.035  31.788 0.0000000000
50548  -30.345  -30.845  32.108 0.0000000000
50552  -42.092  -32.380  33.714 0.0000000000
50558  -26.965  -32.477  31.369 0.0000000000
50559  -27.492  -32.220  31.381 0.0000000000
51536  -40.362  -29.915  42.944 0.0000000000
51543  -39.440  -30.987  42.058 0.0000000000
51544  -39.591  -30.574  42.323 0.0000000000
51552  -39.590  -30.863  41.876 0.0000000000
51566  -46.263  -30.310  40.068 0.0000000000
51567  -46.755  -30.249  39.307 0.0000000000
51573  -45.977  -30.093  40.246 0.0000000000
51616  -32.208  -30.719  34.210 0.0000000000
51627  -32.259  -30.764  33.698 0.0000000000
51628  -32.410  -30.763  33.945 0.0000000000
51629  -40.294  -30.327  33.093 0.0000000000
51641  -29.720  -31.046  31.602 0.0000000000
51642  -29.881  -30.858  31.796 0.0000000000
51650  -29.887  -31.227  31.444 0.0000000000
51651  -30.062  -31.008  31.598 0.0000000000
52612  -41.584  -28.769  43.119 0.0000000000
52613  -42.088  -28.203  42.777 0.0000000000
52619  -40.850  -29.251  42.608 0.0000000000
52649  -45.815  -29.901  40.224 0.0000000000
52650  -46.080  -29.815  40.206 0.0000000000
52669  -48.564  -28.607  37.945 0.0000000000
52680  -43.137  -30.178  35.424 0.0000000000
52700  -39.236  -29.283  32.769 0.0000000000
52713  -40.478  -30.644  32.432 0.0000000000
53715  -43.101  -28.962  39.928 0.0000000000
53720  -46.989  -28.644  39.439 0.0000000000
53767  -49.075  -26.998  35.102 0.0000000000
53770  -40.338  -29.211  34.259 0.0000000000
53773  -42.894  -28.749  35.044 0.0000000000
53794  -48.871  -26.815  33.845 0.0000000000
53802  -38.336  -27.859  32.336 0.0000000000
53810  -48.933  -26.638  33.190 0.0000000000
54833  -50.037  -26.773  37.734 0.0000000000
54846  -49.706  -26.732  37.162 0.0000000000
54878  -40.444  -28.680  34.271 0.0000000000
54891  -43.036  -27.482  33.627 0.0000000000
54892  -50.341  -27.153  33.472 0.0000000000
54909  -49.352  -26.632  33.072 0.0000000000
54926  -47.918  -26.126  32.286 0.0000000000
54928  -48.972  -25.300  32.403 0.0000000000
55953  -49.275  -25.995  35.947 0.0000000000
55968  -49.248  -26.256  35.731 0.0000000000
55969  -49.824  -26.059  35.100 0.0000000000
55998  -51.161  -25.891  33.730 0.0000000000
56010  -50.917  -25.614  32.709 0.0000000000
56027  -50.179  -24.999  32.395 0.0000000000
56040  -39.115  -26.552  32.202 0.0000000000
56043  -41.843  -25.942  31.980 0.0000000000
56046  -49.156  -24.865  32.006 0.0000000000
56071  -49.450  -24.193  31.210 0.0000000000
56083  -48.404  -24.992  30.502 0.0000000000
57189  -49.948  -25.607  34.905 0.0000000000
57236  -41.335  -26.191  32.511 0.0000000000
57237  -41.525  -26.071  32.338 0.0000000000
57253  -41.204  -25.975  32.400 0.0000000000
57276  -46.488  -25.614  30.678 0.0000000000
57277  -49.564  -24.060  30.875 0.0000000000
57302  -50.158  -24.111  30.672 0.0000000000
57324  -49.035  -24.575  29.705 0.0000000000
58386  -49.447  -24.848  36.767 0.0000000000
58408  -49.572  -25.315  34.904 0.0000000000
58429  -49.893  -25.302  34.661 0.0000000000
58447  -49.180  -24.342  33.668 0.0000000000
58478  -49.996  -23.824  32.317 0.0000000000
58495  -51.436  -23.961  31.912 0.0000000000
58507  -50.546  -23.933  31.197 0.0000000000
58541  -48.153  -24.092  29.069 0.0000000000
59636  -48.480  -24.124  34.989 0.0000000000
59637  -48.782  -24.691  35.365 0.0000000000
59654  -47.646  -22.606  33.777 0.0000000000
59672  -47.988  -22.671  33.518 0.0000000000
59687  -50.501  -23.404  32.244 0.0000000000
59689  -51.798  -23.433  32.207 0.0000000000
60770  -47.624  -22.886  34.878 0.0000000000
60788  -47.313  -22.125  33.814 0.0000000000
60789  -47.421  -22.669  34.110 0.0000000000
60791  -51.985  -21.999  34.118 0.0000000000
60792  -52.353  -21.525  33.974 0.0000000000
60805  -47.746  -22.053  33.440 0.0000000000
60819  -50.985  -23.069  32.305 0.0000000000
60859  -51.096  -22.087  30.599 0.0000000000
60901  -45.306  -21.538  26.943 0.0000000000
60903  -53.309  -20.672  24.275 0.0000000000
60917  -53.009  -20.947  24.174 0.0000000000
60929  -53.153  -20.580  23.913 0.0000000000
60930  -53.364  -20.475  23.815 0.0000000000
61825  -46.228  -20.684  35.181 0.0000000000
61826  -46.526  -21.264  35.573 0.0000000000
61827  -47.223  -22.125  35.566 0.0000000000
61830  -51.770  -20.867  34.941 0.0000000000
61839  -46.403  -20.785  34.560 0.0000000000
61841  -49.407  -21.038  34.387 0.0000000000
61842  -50.201  -21.288  34.512 0.0000000000
61856  -47.281  -21.257  33.589 0.0000000000
61858  -49.100  -21.541  33.827 0.0000000000
61860  -52.678  -21.262  33.924 0.0000000000
61870  -52.549  -21.069  32.803 0.0000000000
61895  -51.414  -21.761  30.877 0.0000000000
61908  -51.038  -21.691  30.620 0.0000000000
61925  -56.819  -19.763  27.132 0.0000000000
61935  -48.551  -21.636  28.373 0.0000000000
61945  -44.452  -20.895  26.359 0.0000000000
61946  -44.717  -20.834  26.491 0.0000000000
61947  -45.703  -21.399  26.950 0.0000000000
61948  -54.306  -19.495  26.226 0.0000000000
61964  -53.103  -20.480  24.487 0.0000000000
61970  -56.499  -19.193  24.892 0.0000000000
61985  -55.932  -19.375  24.420 0.0000000000
61991  -42.152  -20.936  23.670 0.0000000000
61993  -42.899  -20.651  24.723 0.0000000000
61994  -53.063  -20.285  23.709 0.0000000000
62012  -54.067  -19.718  22.803 0.0000000000
62037  -54.868  -19.650  20.417 0.0000000000
62038  -54.993  -19.729  20.619 0.0000000000
62923  -46.159  -20.270  36.323 0.0000000000
62924  -46.536  -20.655  36.676 0.0000000000
62925  -46.944  -21.092  37.131 0.0000000000
62927  -50.326  -20.024  35.796 0.0000000000
62937  -46.232  -20.841  36.055 0.0000000000
62938  -49.205  -20.053  34.880 0.0000000000
62939  -49.789  -20.232  35.124 0.0000000000
62940  -50.748  -20.461  35.494 0.0000000000
62941  -51.682  -20.411  35.480 0.0000000000
62942  -52.517  -19.901  35.578 0.0000000000
62949  -48.804  -20.432  34.483 0.0000000000
62961  -46.468  -20.238  34.044 0.0000000000
62962  -47.002  -20.382  33.581 0.0000000000
62963  -47.855  -20.480  33.864 0.0000000000
62986  -51.257  -19.960  31.371 0.0000000000
63021  -56.914  -19.653  28.462 0.0000000000
63038  -57.103  -20.008  27.675 0.0000000000
63052  -57.016  -19.551  26.909 0.0000000000
63057  -44.492  -20.618  26.222 0.0000000000
63058  -44.609  -20.706  26.360 0.0000000000
63063  -56.721  -19.213  26.170 0.0000000000
63064  -56.727  -19.044  25.389 0.0000000000
63071  -43.730  -20.517  25.420 0.0000000000
63086  -43.840  -20.265  25.301 0.0000000000
63094  -42.545  -20.185  23.637 0.0000000000
63101  -57.051  -18.776  22.852 0.0000000000
63116  -53.813  -19.450  22.196 0.0000000000
63118  -56.786  -19.169  22.223 0.0000000000
63131  -52.579  -19.691  21.829 0.0000000000
63132  -54.141  -19.395  21.347 0.0000000000
63145  -52.296  -19.614  21.176 0.0000000000
63165  -55.636  -19.849  19.190 0.0000000000
63202  -57.105  -20.087  17.850 0.0000000000
64105  -49.374  -19.285  35.465 0.0000000000
64106  -49.753  -19.563  35.681 0.0000000000
64108  -51.618  -19.253  36.325 0.0000000000
64118  -49.005  -19.501  35.004 0.0000000000
64130  -47.102  -19.463  34.155 0.0000000000
64131  -47.967  -19.708  34.464 0.0000000000
64132  -48.592  -19.879  34.662 0.0000000000
64144  -46.807  -19.823  33.816 0.0000000000
64146  -47.693  -20.056  34.042 0.0000000000
64177  -51.400  -19.106  31.750 0.0000000000
64179  -53.323  -18.018  32.592 0.0000000000
64264  -44.375  -19.821  25.545 0.0000000000
64300  -53.174  -19.517  22.017 0.0000000000
64313  -57.219  -17.280  19.967 0.0000000000
64314  -56.942  -17.555  20.122 0.0000000000
64327  -57.268  -17.639  19.874 0.0000000000
64328  -56.988  -17.807  20.113 0.0000000000
64343  -57.206  -19.399  19.258 0.0000000000
65257  -46.174  -18.771  35.784 0.0000000000
65259  -50.088  -18.713  36.364 0.0000000000
65262  -52.854  -18.140  35.877 0.0000000000
65263  -53.024  -17.667  35.634 0.0000000000
65273  -47.289  -18.608  34.872 0.0000000000
65274  -48.088  -18.817  34.936 0.0000000000
65276  -53.136  -18.443  35.502 0.0000000000
65288  -46.836  -19.185  34.494 0.0000000000
65289  -47.228  -19.095  34.569 0.0000000000
65315  -52.359  -18.080  32.796 0.0000000000
65318  -56.193  -17.617  30.889 0.0000000000
65319  -56.358  -17.450  30.925 0.0000000000
65330  -50.949  -18.433  31.395 0.0000000000
65332  -52.476  -17.774  32.304 0.0000000000
65336  -55.933  -17.994  30.866 0.0000000000
65354  -53.580  -17.876  30.634 0.0000000000
65356  -56.511  -18.341  30.659 0.0000000000
65371  -52.957  -17.538  29.880 0.0000000000
65373  -56.740  -18.633  30.260 0.0000000000
65400  -48.549  -18.073  28.162 0.0000000000
65403  -53.251  -18.192  27.363 0.0000000000
65435  -43.592  -19.291  24.417 0.0000000000
65443  -57.412  -18.176  23.830 0.0000000000
65454  -57.404  -17.816  23.762 0.0000000000
65465  -57.051  -18.067  22.760 0.0000000000
65473  -57.259  -16.850  20.085 0.0000000000
65474  -57.081  -17.054  19.938 0.0000000000
65476  -57.075  -17.993  22.127 0.0000000000
65488  -57.371  -17.439  19.869 0.0000000000
65489  -57.397  -17.479  20.134 0.0000000000
65499  -57.754  -17.891  19.783 0.0000000000
65500  -57.534  -17.799  19.975 0.0000000000
66401  -52.581  -17.356  36.165 0.0000000000
66419  -52.546  -16.661  36.237 0.0000000000
66421  -53.168  -17.468  35.503 0.0000000000
66436  -48.234  -18.017  35.469 0.0000000000
66437  -48.903  -18.117  35.726 0.0000000000
66481  -56.541  -17.255  30.945 0.0000000000
66496  -52.982  -17.743  31.412 0.0000000000
66497  -55.648  -17.797  31.216 0.0000000000
66498  -55.787  -17.618  31.112 0.0000000000
66571  -52.165  -16.982  27.534 0.0000000000
66614  -45.434  -18.227  24.990 0.0000000000
66630  -57.332  -17.574  23.457 0.0000000000
66640  -57.149  -17.087  23.503 0.0000000000
66641  -57.101  -17.329  23.198 0.0000000000
66650  -57.287  -16.980  20.296 0.0000000000
66651  -57.038  -16.972  20.235 0.0000000000
66652  -57.288  -18.000  21.751 0.0000000000
66665  -57.405  -17.526  20.818 0.0000000000
67606  -55.961  -16.815  31.206 0.0000000000
67617  -55.935  -16.122  31.231 0.0000000000
67627  -50.515  -16.813  29.979 0.0000000000
67647  -50.872  -16.678  29.981 0.0000000000
67648  -57.321  -16.525  28.943 0.0000000000
67707  -51.030  -16.946  25.502 0.0000000000
67728  -50.410  -17.080  25.267 0.0000000000
67729  -50.766  -17.002  25.389 0.0000000000
67753  -56.862  -17.517  22.457 0.0000000000
67755  -57.136  -16.898  20.499 0.0000000000
67758  -56.852  -17.355  22.184 0.0000000000
67768  -56.685  -16.627  20.525 0.0000000000
67771  -56.956  -17.230  21.796 0.0000000000
68729  -55.664  -15.449  31.886 0.0000000000
68819  -56.515  -15.939  26.665 0.0000000000
68838  -56.477  -15.719  25.920 0.0000000000
69945  -56.853  -15.089  30.634 0.0000000000
69970  -56.796  -13.922  30.495 0.0000000000
70094  -56.078  -14.128  20.975 0.0000000000
71282  -56.317  -13.095  25.608 0.0000000000
71297  -56.092  -14.501  24.227 0.0000000000
71342  -56.371  -13.612  21.302 0.0000000000
72453  -56.218  -13.571  26.869 0.0000000000
72494  -56.672  -13.710  22.114 0.0000000000
72502  -56.553  -12.092  22.138 0.0000000000
72503  -56.507  -12.238  21.962 0.0000000000
72517  -54.885  -12.460  20.341 0.0000000000
72519  -56.002  -13.011  20.541 0.0000000000
72520  -56.700  -12.815  21.082 0.0000000000
72528  -55.625  -12.182  20.175 0.0000000000
73670  -56.297  -12.075  25.621 0.0000000000
73691  -56.107  -12.054  23.436 0.0000000000
73695  -56.405  -12.087  22.588 0.0000000000
73706  -56.439  -11.955  22.308 0.0000000000
73708  -56.514  -11.945  21.555 0.0000000000
73718  -54.957  -11.391  20.356 0.0000000000
73720  -56.201  -11.655  20.355 0.0000000000
73726  -54.962  -11.785  20.105 0.0000000000
73730  -56.842  -12.091  20.349 0.0000000000
74813  -55.849  -10.651  23.447 0.0000000000
74820  -56.336  -11.980  22.988 0.0000000000
74833  -56.361  -11.839  22.658 0.0000000000
74834  -56.342  -11.548  22.444 0.0000000000
74845  -55.336  -10.976  20.574 0.0000000000
74846  -55.905  -11.138  20.536 0.0000000000
74847  -56.247  -11.446  20.591 0.0000000000
74854  -55.950  -11.502  20.349 0.0000000000
74856  -57.173  -11.605  20.019 0.0000000000
75954  -56.397  -10.228  22.629 0.0000000000
75965  -56.361  -10.176  21.527 0.0000000000
75975  -55.563  -10.032  20.886 0.0000000000
75978  -56.300  -10.782  21.348 0.0000000000
77135  -55.898  -9.590  23.728 0.0000000000
77157  -56.149  -9.120  22.479 0.0000000000
77158  -56.328  -9.508  22.742 0.0000000000
77168  -55.203  -8.946  21.622 0.0000000000
77178  -55.988  -9.639  21.198 0.0000000000
77179  -56.247  -10.020  21.240 0.0000000000
78241  -55.820  -8.463  24.918 0.0000000000
78250  -55.816  -9.055  23.969 0.0000000000
78263  -55.866  -8.534  23.593 0.0000000000
78264  -55.926  -9.167  23.536 0.0000000000
78286  -55.759  -8.627  22.290 0.0000000000
79393  -55.720  -7.763  24.625 0.0000000000
80444  -55.523  -6.569  25.347 0.0000000000
80460  -55.355  -6.479  23.999 0.0000000000
80461  -55.394  -7.056  24.158 0.0000000000
80474  -54.405  -6.077  23.317 0.0000000000
80476  -55.271  -6.698  23.581 0.0000000000
81472  -54.413  -4.623  25.969 0.0000000000
81484  -52.648  -4.324  24.236 0.0000000000
81486  -55.418  -5.995  25.261 0.0000000000
81487  -55.460  -6.414  24.950 0.0000000000
81517  -55.234  -5.909  23.715 0.0000000000
81518  -55.329  -6.225  23.897 0.0000000000
82514  -54.399  -4.949  24.998 0.0000000000
82528  -55.320  -5.568  24.894 0.0000000000
