#!ascii label  , from subject 3571 vox2ras=TkReg
1014
60200  30.713  -50.254  77.607 0.0000000000
84473  49.967  -31.444  64.173 0.0000000000
90096  57.261  -26.107  61.374 0.0000000000
69380  50.999  -42.480  70.265 0.0000000000
60386  37.378  -49.833  70.410 0.0000000000
57651  35.600  -51.347  75.395 0.0000000000
86807  54.559  -28.866  63.205 0.0000000000
84378  54.441  -31.204  68.125 0.0000000000
66907  46.290  -45.064  71.860 0.0000000000
57771  41.677  -52.181  70.837 0.0000000000
96172  56.890  -20.573  56.347 0.0000000000
92450  53.197  -23.614  58.290 0.0000000000
74395  48.814  -38.928  67.355 0.0000000000
80695  51.346  -33.958  69.754 0.0000000000
60296  34.403  -49.621  74.643 0.0000000000
58942  32.915  -50.379  76.492 0.0000000000
84470  52.482  -30.680  63.882 0.0000000000
86746  54.997  -29.486  66.263 0.0000000000
85612  52.249  -30.861  67.129 0.0000000000
61741  45.650  -48.637  68.846 0.0000000000
57716  38.322  -51.812  73.073 0.0000000000
59035  39.110  -51.471  71.087 0.0000000000
54085  40.154  -53.579  72.379 0.0000000000
97386  56.363  -19.260  57.446 0.0000000000
96197  54.773  -20.895  55.666 0.0000000000
94824  54.515  -20.135  57.716 0.0000000000
90099  54.667  -25.661  61.084 0.0000000000
90142  53.025  -24.685  59.255 0.0000000000
92437  55.641  -23.472  59.870 0.0000000000
90161  54.765  -25.311  59.026 0.0000000000
86845  56.004  -27.750  60.301 0.0000000000
66883  49.111  -43.864  72.099 0.0000000000
70622  47.543  -41.908  69.214 0.0000000000
73102  49.392  -39.864  70.603 0.0000000000
76791  50.509  -36.947  68.969 0.0000000000
74325  51.765  -38.461  71.166 0.0000000000
75532  52.686  -37.065  70.119 0.0000000000
71875  52.334  -40.317  69.419 0.0000000000
60316  35.942  -50.326  73.706 0.0000000000
87898  53.416  -27.831  61.611 0.0000000000
88949  56.319  -26.713  63.160 0.0000000000
86743  56.858  -29.074  65.087 0.0000000000
83197  56.242  -31.602  66.098 0.0000000000
61653  43.065  -48.330  71.882 0.0000000000
61651  45.863  -48.021  72.490 0.0000000000
63018  47.865  -46.546  71.178 0.0000000000
65659  49.430  -44.810  69.157 0.0000000000
68254  50.200  -42.810  68.356 0.0000000000
60384  42.393  -49.257  69.859 0.0000000000
57768  44.092  -51.614  71.439 0.0000000000
92506  56.843  -23.776  54.544 0.0000000000
96142  53.037  -20.747  57.956 0.0000000000
92456  53.226  -23.500  57.813 0.0000000000
90180  52.854  -26.033  57.656 0.0000000000
84398  50.643  -31.770  67.495 0.0000000000
83117  52.500  -32.455  69.650 0.0000000000
79458  53.518  -34.344  68.331 0.0000000000
57630  30.970  -50.826  78.042 0.0000000000
60216  31.994  -50.025  76.857 0.0000000000
57639  31.661  -50.794  77.103 0.0000000000
84472  50.861  -31.096  63.977 0.0000000000
84431  52.346  -30.644  65.353 0.0000000000
84432  51.514  -30.898  65.744 0.0000000000
56450  39.121  -52.319  72.457 0.0000000000
98571  55.330  -18.783  57.590 0.0000000000
96153  54.990  -19.676  57.500 0.0000000000
97366  55.068  -19.955  58.625 0.0000000000
91198  55.958  -25.116  61.791 0.0000000000
92419  55.416  -23.408  60.790 0.0000000000
92428  56.450  -24.289  60.824 0.0000000000
89007  56.301  -25.753  60.067 0.0000000000
68170  50.211  -43.005  71.439 0.0000000000
71794  49.187  -41.460  71.490 0.0000000000
71812  50.146  -41.219  71.088 0.0000000000
74327  50.648  -38.763  71.076 0.0000000000
71810  51.446  -40.232  70.661 0.0000000000
73119  52.155  -39.827  70.200 0.0000000000
70620  51.554  -41.308  69.658 0.0000000000
60295  35.383  -49.758  74.733 0.0000000000
60274  35.912  -50.599  75.287 0.0000000000
57692  36.363  -51.417  74.668 0.0000000000
86809  53.047  -29.312  62.388 0.0000000000
86821  52.694  -28.906  61.694 0.0000000000
87889  53.750  -28.228  62.156 0.0000000000
88976  54.282  -27.202  62.130 0.0000000000
88928  55.476  -27.828  63.383 0.0000000000
88906  56.847  -27.954  64.149 0.0000000000
87856  55.988  -28.535  64.048 0.0000000000
85590  54.439  -29.915  67.872 0.0000000000
85607  55.542  -30.333  66.850 0.0000000000
84394  55.319  -31.245  67.453 0.0000000000
81992  55.322  -32.450  66.420 0.0000000000
81977  55.005  -32.469  67.144 0.0000000000
60359  44.356  -49.719  71.313 0.0000000000
61636  44.291  -47.976  72.348 0.0000000000
60358  45.343  -49.071  71.593 0.0000000000
63050  47.466  -47.333  70.031 0.0000000000
64361  48.870  -45.646  70.422 0.0000000000
57805  40.452  -51.829  70.564 0.0000000000
59054  40.861  -51.479  70.045 0.0000000000
59079  42.285  -50.526  69.758 0.0000000000
59033  42.894  -50.936  71.237 0.0000000000
57741  42.954  -51.908  71.846 0.0000000000
97407  58.178  -20.236  57.356 0.0000000000
94870  57.177  -22.299  55.658 0.0000000000
94874  53.550  -21.594  55.419 0.0000000000
92440  53.470  -23.901  58.917 0.0000000000
91282  52.608  -24.184  57.638 0.0000000000
92457  52.724  -23.556  57.943 0.0000000000
94828  52.395  -22.011  57.435 0.0000000000
93632  52.820  -22.539  58.085 0.0000000000
93631  53.232  -22.637  57.912 0.0000000000
92449  53.658  -23.953  58.562 0.0000000000
87938  53.969  -27.076  58.641 0.0000000000
90163  53.790  -25.882  58.375 0.0000000000
66908  45.798  -45.574  71.448 0.0000000000
66965  46.177  -44.321  69.840 0.0000000000
71897  48.175  -40.573  68.595 0.0000000000
70647  46.805  -41.494  67.444 0.0000000000
78120  50.913  -35.853  69.441 0.0000000000
79460  50.386  -35.272  67.625 0.0000000000
80725  50.569  -34.140  67.824 0.0000000000
83185  49.982  -32.397  66.933 0.0000000000
81963  50.970  -32.970  68.592 0.0000000000
84380  51.551  -31.750  68.581 0.0000000000
81933  51.466  -33.136  69.830 0.0000000000
75547  52.924  -37.281  69.111 0.0000000000
78110  53.159  -35.292  69.544 0.0000000000
76798  52.893  -36.206  68.444 0.0000000000
79469  52.876  -35.327  67.750 0.0000000000
60258  33.549  -49.840  75.873 0.0000000000
58955  33.773  -50.758  75.751 0.0000000000
57670  34.042  -51.093  75.351 0.0000000000
58957  32.844  -51.077  76.317 0.0000000000
85680  53.507  -29.956  63.620 0.0000000000
86774  54.891  -29.319  64.607 0.0000000000
85646  54.027  -30.385  65.216 0.0000000000
85610  53.586  -29.755  66.587 0.0000000000
86709  53.669  -29.946  68.300 0.0000000000
60339  37.446  -50.414  72.477 0.0000000000
60385  38.100  -50.380  70.890 0.0000000000
59019  38.366  -51.142  72.076 0.0000000000
57714  40.201  -51.916  71.971 0.0000000000
55261  40.977  -53.226  72.019 0.0000000000
52895  42.389  -54.084  71.899 0.0000000000
54117  41.411  -54.192  71.564 0.0000000000
97409  56.667  -19.924  56.965 0.0000000000
94853  55.845  -21.004  55.726 0.0000000000
97432  55.336  -19.909  56.731 0.0000000000
94854  54.238  -20.620  56.543 0.0000000000
94855  53.569  -21.178  56.439 0.0000000000
89008  53.382  -26.167  60.354 0.0000000000
90118  53.279  -25.424  59.655 0.0000000000
92430  54.528  -23.502  59.927 0.0000000000
92448  54.528  -23.917  59.227 0.0000000000
91268  54.256  -24.518  58.584 0.0000000000
90141  55.456  -25.253  59.475 0.0000000000
89031  55.239  -26.181  59.422 0.0000000000
68153  47.504  -43.969  72.246 0.0000000000
68205  46.921  -43.556  70.916 0.0000000000
69365  47.978  -42.332  71.390 0.0000000000
71855  48.647  -41.010  70.258 0.0000000000
73140  48.843  -39.928  69.573 0.0000000000
74374  49.669  -38.239  68.399 0.0000000000
74346  49.996  -38.496  69.793 0.0000000000
75534  50.522  -37.736  70.252 0.0000000000
78095  51.671  -36.106  70.522 0.0000000000
79398  52.048  -35.369  70.573 0.0000000000
75517  52.313  -37.260  71.146 0.0000000000
73117  52.523  -38.846  69.663 0.0000000000
73166  52.177  -39.473  68.342 0.0000000000
60342  34.288  -49.575  72.677 0.0000000000
60341  35.492  -49.634  72.642 0.0000000000
60340  36.553  -50.086  72.489 0.0000000000
59001  37.129  -50.920  73.612 0.0000000000
56470  37.185  -52.137  73.644 0.0000000000
88994  53.604  -26.858  61.134 0.0000000000
90079  55.567  -25.655  61.819 0.0000000000
88974  57.185  -26.541  62.636 0.0000000000
87873  58.196  -27.845  63.383 0.0000000000
86773  58.102  -28.891  64.021 0.0000000000
84469  57.259  -30.776  64.327 0.0000000000
86745  55.897  -29.566  65.660 0.0000000000
85623  56.484  -30.291  65.590 0.0000000000
64340  42.713  -46.963  70.178 0.0000000000
64329  43.751  -47.269  71.539 0.0000000000
64316  44.790  -47.003  72.256 0.0000000000
64314  46.096  -46.335  72.537 0.0000000000
60379  46.466  -48.289  71.332 0.0000000000
61649  47.014  -47.493  71.892 0.0000000000
65588  47.407  -45.861  72.610 0.0000000000
65607  48.494  -45.485  71.828 0.0000000000
66943  49.531  -44.375  70.440 0.0000000000
66964  49.997  -43.889  69.639 0.0000000000
69406  51.164  -42.283  69.208 0.0000000000
66983  49.460  -44.023  68.547 0.0000000000
61673  43.182  -48.663  70.856 0.0000000000
60360  43.682  -49.817  71.306 0.0000000000
59051  44.361  -50.667  70.862 0.0000000000
55287  43.026  -52.797  70.493 0.0000000000
56534  43.800  -51.994  70.060 0.0000000000
92505  57.760  -24.189  54.717 0.0000000000
97389  53.458  -20.153  57.709 0.0000000000
94817  54.143  -20.444  58.084 0.0000000000
94839  53.519  -21.285  57.479 0.0000000000
92471  52.694  -23.371  56.978 0.0000000000
91280  54.027  -24.858  58.262 0.0000000000
91294  53.095  -24.377  57.475 0.0000000000
91295  52.504  -24.416  56.781 0.0000000000
68236  46.552  -43.480  68.850 0.0000000000
84435  49.609  -31.810  65.905 0.0000000000
84453  49.858  -31.318  65.177 0.0000000000
85613  51.371  -31.193  67.158 0.0000000000
85578  52.165  -31.302  68.465 0.0000000000
84335  53.364  -31.577  69.048 0.0000000000
79417  52.535  -34.664  70.200 0.0000000000
80694  53.456  -33.567  69.235 0.0000000000
80705  54.289  -33.060  68.440 0.0000000000
80740  54.144  -33.711  67.466 0.0000000000
70634  50.778  -41.328  68.225 0.0000000000
71912  51.257  -40.175  67.547 0.0000000000
58934  31.144  -50.458  77.585 0.0000000000
58922  30.527  -50.574  77.931 0.0000000000
60217  31.313  -49.876  77.264 0.0000000000
57629  31.414  -50.633  77.476 0.0000000000
84451  51.583  -30.839  64.723 0.0000000000
84452  50.705  -31.112  65.044 0.0000000000
97388  54.837  -19.442  57.635 0.0000000000
98558  53.889  -19.625  57.621 0.0000000000
92398  56.756  -25.167  61.543 0.0000000000
93603  56.611  -24.489  61.215 0.0000000000
90115  57.242  -25.486  60.944 0.0000000000
90116  57.071  -25.661  60.765 0.0000000000
88992  57.128  -26.604  60.773 0.0000000000
69364  50.654  -42.595  70.778 0.0000000000
70542  50.022  -42.005  71.599 0.0000000000
70561  50.626  -41.887  71.071 0.0000000000
71811  50.864  -40.731  70.862 0.0000000000
71833  51.006  -40.982  70.551 0.0000000000
70579  51.475  -40.940  70.025 0.0000000000
70601  51.509  -41.642  70.073 0.0000000000
58954  34.936  -50.681  75.479 0.0000000000
60275  35.574  -49.984  75.470 0.0000000000
57650  35.829  -51.669  75.801 0.0000000000
56436  35.737  -51.882  75.483 0.0000000000
86808  53.997  -29.003  62.788 0.0000000000
87888  54.511  -28.218  62.675 0.0000000000
87874  55.026  -28.367  63.309 0.0000000000
87857  55.456  -28.744  64.033 0.0000000000
85574  54.549  -30.543  68.006 0.0000000000
84414  55.304  -30.537  67.333 0.0000000000
84395  55.082  -31.073  67.673 0.0000000000
81976  55.302  -31.930  67.290 0.0000000000
81961  54.660  -32.210  67.601 0.0000000000
60382  44.397  -50.172  71.039 0.0000000000
60381  44.808  -49.539  70.692 0.0000000000
57772  40.642  -52.214  71.057 0.0000000000
57804  41.224  -51.959  70.460 0.0000000000
59080  41.418  -50.857  69.511 0.0000000000
57803  41.658  -51.903  70.506 0.0000000000
59034  42.331  -51.723  70.944 0.0000000000
57770  42.405  -51.977  71.254 0.0000000000
96152  57.377  -20.379  56.861 0.0000000000
96151  58.028  -20.633  57.027 0.0000000000
94836  57.950  -21.125  56.702 0.0000000000
94851  57.553  -21.630  56.219 0.0000000000
86867  53.763  -27.900  58.653 0.0000000000
66945  45.684  -44.769  70.340 0.0000000000
66944  46.390  -44.275  70.575 0.0000000000
71914  48.512  -40.224  68.237 0.0000000000
73191  48.207  -39.659  67.133 0.0000000000
79433  51.274  -34.953  69.560 0.0000000000
80708  50.818  -34.585  68.463 0.0000000000
80707  51.093  -34.010  68.856 0.0000000000
80724  50.814  -33.497  68.327 0.0000000000
81947  51.213  -33.110  69.318 0.0000000000
75555  52.764  -37.657  68.538 0.0000000000
76805  52.907  -36.768  68.586 0.0000000000
75565  52.846  -36.916  68.544 0.0000000000
76806  52.793  -36.550  68.261 0.0000000000
60259  32.872  -49.525  76.043 0.0000000000
60278  33.089  -49.595  75.456 0.0000000000
60236  33.229  -49.879  76.335 0.0000000000
60235  33.861  -50.037  75.802 0.0000000000
58941  33.791  -50.267  75.845 0.0000000000
57652  33.541  -51.057  75.927 0.0000000000
58956  33.139  -50.987  76.313 0.0000000000
84471  51.895  -30.841  63.650 0.0000000000
84483  51.743  -30.625  62.732 0.0000000000
85682  52.356  -30.388  62.995 0.0000000000
85681  52.974  -30.050  63.161 0.0000000000
85665  53.019  -30.457  63.950 0.0000000000
85664  53.773  -30.158  64.293 0.0000000000
85647  53.098  -30.380  64.868 0.0000000000
85629  52.360  -30.796  66.318 0.0000000000
85628  53.199  -30.314  65.921 0.0000000000
85611  52.883  -30.143  66.862 0.0000000000
86721  53.469  -29.677  67.649 0.0000000000
85592  52.919  -30.188  67.669 0.0000000000
60338  37.955  -50.882  72.508 0.0000000000
58999  38.407  -51.415  72.663 0.0000000000
55232  39.040  -52.980  72.653 0.0000000000
57688  39.602  -52.276  72.389 0.0000000000
56468  40.046  -52.604  72.377 0.0000000000
56490  40.513  -52.601  71.960 0.0000000000
55243  40.342  -53.246  72.393 0.0000000000
54083  41.415  -54.037  72.552 0.0000000000
99745  55.990  -18.437  57.388 0.0000000000
98569  57.137  -18.670  57.493 0.0000000000
97385  57.369  -19.391  57.324 0.0000000000
97431  55.779  -20.086  56.677 0.0000000000
97410  55.518  -19.676  57.101 0.0000000000
96154  54.784  -19.892  56.973 0.0000000000
94838  54.243  -20.476  57.142 0.0000000000
90100  53.903  -25.558  60.481 0.0000000000
91224  54.426  -24.952  60.531 0.0000000000
93613  55.530  -22.982  60.609 0.0000000000
91243  54.568  -23.710  60.242 0.0000000000
93620  55.396  -22.975  60.188 0.0000000000
92439  54.207  -23.858  59.360 0.0000000000
92438  55.022  -23.187  59.743 0.0000000000
92447  55.175  -23.723  59.461 0.0000000000
91257  55.547  -24.349  59.602 0.0000000000
89029  56.364  -26.535  60.084 0.0000000000
89030  56.052  -26.182  59.836 0.0000000000
87918  55.739  -27.082  59.620 0.0000000000
87919  54.959  -27.023  59.248 0.0000000000
86846  55.149  -28.067  59.692 0.0000000000
68152  48.047  -43.676  72.301 0.0000000000
68173  47.923  -43.363  72.151 0.0000000000
69328  48.391  -42.806  72.171 0.0000000000
71813  49.608  -40.644  71.001 0.0000000000
71835  48.603  -41.343  70.803 0.0000000000
71854  49.030  -40.331  70.317 0.0000000000
71876  48.740  -40.314  70.014 0.0000000000
73120  49.075  -39.838  70.216 0.0000000000
74357  49.423  -39.225  69.206 0.0000000000
74336  49.948  -39.109  70.468 0.0000000000
74326  51.044  -38.761  71.258 0.0000000000
75520  50.791  -38.072  70.877 0.0000000000
75519  51.134  -37.792  71.303 0.0000000000
76771  51.029  -36.947  70.448 0.0000000000
76750  51.645  -36.933  71.125 0.0000000000
76749  51.994  -36.633  71.089 0.0000000000
75518  51.649  -37.585  71.333 0.0000000000
71874  52.412  -40.151  69.795 0.0000000000
73118  52.417  -39.450  69.846 0.0000000000
73139  52.486  -39.163  69.447 0.0000000000
74355  52.555  -38.775  68.937 0.0000000000
73165  52.478  -39.356  68.944 0.0000000000
61638  33.326  -49.525  73.166 0.0000000000
61656  33.384  -49.358  72.461 0.0000000000
60343  33.664  -49.587  72.996 0.0000000000
60315  36.876  -50.595  73.200 0.0000000000
59002  36.611  -50.695  73.873 0.0000000000
87899  52.815  -28.090  61.184 0.0000000000
88995  52.911  -27.371  60.747 0.0000000000
88950  55.660  -27.015  63.099 0.0000000000
90050  55.351  -26.605  62.428 0.0000000000
90049  55.870  -26.340  62.589 0.0000000000
90078  56.265  -25.876  62.291 0.0000000000
88975  56.720  -26.377  62.704 0.0000000000
88947  57.637  -27.306  63.188 0.0000000000
88948  57.028  -26.888  63.335 0.0000000000
87837  56.903  -28.443  64.608 0.0000000000
87855  57.798  -27.819  64.394 0.0000000000
86758  57.619  -28.962  64.525 0.0000000000
84468  57.565  -30.504  63.833 0.0000000000
85643  57.288  -29.390  64.680 0.0000000000
86761  55.073  -29.345  65.211 0.0000000000
84430  55.977  -31.030  66.367 0.0000000000
85624  56.191  -30.194  65.992 0.0000000000
84429  56.397  -30.763  65.637 0.0000000000
83207  56.695  -31.770  65.028 0.0000000000
83208  56.476  -31.813  65.569 0.0000000000
63008  43.030  -48.114  71.656 0.0000000000
64339  43.424  -46.966  70.917 0.0000000000
63007  43.389  -47.827  71.828 0.0000000000
61635  44.973  -48.048  72.774 0.0000000000
62993  44.816  -47.431  72.620 0.0000000000
62992  45.393  -47.190  72.755 0.0000000000
64315  45.520  -46.677  72.487 0.0000000000
62991  46.035  -47.105  72.494 0.0000000000
61693  46.106  -48.690  70.391 0.0000000000
61715  46.065  -48.713  69.771 0.0000000000
63034  47.290  -47.174  70.895 0.0000000000
63019  47.367  -46.888  71.492 0.0000000000
63004  47.415  -46.875  71.842 0.0000000000
63003  47.895  -46.522  71.675 0.0000000000
65608  48.157  -45.737  72.211 0.0000000000
64337  48.365  -46.167  71.452 0.0000000000
65649  49.244  -45.196  69.782 0.0000000000
65637  49.228  -44.961  70.508 0.0000000000
65648  49.606  -44.551  69.881 0.0000000000
66942  49.877  -44.111  70.065 0.0000000000
65658  49.635  -44.503  69.486 0.0000000000
66982  49.857  -43.972  69.211 0.0000000000
59036  38.408  -51.073  71.336 0.0000000000
60405  38.484  -50.365  69.436 0.0000000000
59056  38.798  -51.027  70.426 0.0000000000
60402  41.888  -49.836  69.203 0.0000000000
61717  42.146  -48.672  69.266 0.0000000000
61694  42.499  -48.549  70.249 0.0000000000
60362  42.821  -49.112  70.390 0.0000000000
57769  43.404  -51.736  71.596 0.0000000000
60361  43.249  -49.502  70.893 0.0000000000
59032  43.796  -50.845  71.331 0.0000000000
59031  44.147  -50.664  71.197 0.0000000000
54115  42.277  -53.682  71.266 0.0000000000
56545  43.596  -51.868  69.386 0.0000000000
92489  57.574  -23.467  55.000 0.0000000000
91330  56.467  -24.289  54.122 0.0000000000
96196  55.414  -20.832  55.823 0.0000000000
90143  52.593  -25.122  58.813 0.0000000000
90164  52.449  -24.948  58.197 0.0000000000
94827  52.649  -21.550  57.831 0.0000000000
94840  52.293  -21.242  57.577 0.0000000000
96155  52.516  -20.872  57.662 0.0000000000
97390  52.783  -20.216  57.499 0.0000000000
96141  53.692  -20.584  57.851 0.0000000000
94826  53.452  -21.202  57.915 0.0000000000
93642  53.013  -22.309  57.045 0.0000000000
90162  54.145  -25.423  58.421 0.0000000000
89066  53.068  -26.508  57.957 0.0000000000
90179  53.369  -25.477  57.883 0.0000000000
90191  52.930  -25.014  57.266 0.0000000000
90192  52.548  -25.607  57.106 0.0000000000
69382  47.414  -42.837  70.550 0.0000000000
68218  46.799  -43.479  69.823 0.0000000000
69408  46.985  -42.609  68.918 0.0000000000
75548  50.021  -37.764  68.601 0.0000000000
79470  50.288  -34.934  66.887 0.0000000000
83173  50.398  -32.333  67.408 0.0000000000
84417  49.665  -31.972  66.293 0.0000000000
84416  49.978  -31.828  66.788 0.0000000000
84434  49.972  -31.466  66.072 0.0000000000
84415  50.693  -31.369  67.106 0.0000000000
84433  50.720  -31.064  66.204 0.0000000000
84379  51.806  -31.633  68.858 0.0000000000
84396  51.749  -31.471  68.335 0.0000000000
84360  52.503  -31.611  69.268 0.0000000000
85542  52.943  -31.274  69.087 0.0000000000
84337  52.750  -31.795  69.422 0.0000000000
78070  52.309  -35.475  70.435 0.0000000000
79397  52.248  -35.045  70.460 0.0000000000
78093  52.770  -35.483  70.062 0.0000000000
78119  53.247  -35.411  69.128 0.0000000000
79432  53.272  -34.445  69.370 0.0000000000
79446  53.411  -34.492  68.956 0.0000000000
80693  54.016  -32.981  68.856 0.0000000000
79445  53.917  -33.746  68.470 0.0000000000
80723  54.324  -33.543  67.902 0.0000000000
79478  52.997  -34.427  67.370 0.0000000000
69407  50.828  -42.256  68.549 0.0000000000
69418  50.238  -42.182  67.869 0.0000000000
60237  32.441  -49.745  76.502 0.0000000000
58932  32.269  -50.162  76.748 0.0000000000
58943  32.451  -50.771  76.569 0.0000000000
58933  31.848  -50.385  76.961 0.0000000000
84484  51.093  -31.183  62.964 0.0000000000
84450  52.400  -30.660  64.418 0.0000000000
85630  51.614  -31.031  66.572 0.0000000000
57690  38.696  -51.895  72.591 0.0000000000
56451  38.687  -52.236  72.662 0.0000000000
55263  38.928  -53.302  72.371 0.0000000000
97387  55.321  -19.405  57.604 0.0000000000
96140  54.905  -19.923  57.888 0.0000000000
94816  54.426  -20.178  58.125 0.0000000000
90098  55.281  -24.822  61.172 0.0000000000
92418  55.857  -23.839  60.911 0.0000000000
93611  56.244  -23.580  60.903 0.0000000000
92436  55.850  -23.775  60.153 0.0000000000
91256  55.966  -24.482  60.021 0.0000000000
90117  56.463  -25.341  60.265 0.0000000000
89006  56.605  -26.313  60.336 0.0000000000
68149  49.656  -43.045  72.018 0.0000000000
69326  49.365  -42.703  72.215 0.0000000000
69325  49.706  -42.673  71.867 0.0000000000
71793  49.509  -41.188  71.223 0.0000000000
73080  49.813  -40.153  71.198 0.0000000000
74319  49.894  -39.658  71.147 0.0000000000
73079  50.018  -40.223  71.278 0.0000000000
73085  51.089  -39.643  71.156 0.0000000000
73084  51.504  -39.499  70.832 0.0000000000
74334  52.009  -38.681  70.781 0.0000000000
71832  51.605  -40.495  70.338 0.0000000000
71853  52.007  -40.381  70.122 0.0000000000
70619  52.254  -40.667  69.897 0.0000000000
60294  35.998  -50.408  74.770 0.0000000000
58982  36.561  -50.974  74.391 0.0000000000
58966  36.157  -51.326  75.260 0.0000000000
86810  52.426  -29.512  61.835 0.0000000000
87890  53.142  -28.470  61.809 0.0000000000
88977  53.731  -27.502  61.802 0.0000000000
88951  55.063  -27.434  62.760 0.0000000000
88926  56.692  -27.490  63.690 0.0000000000
88927  56.012  -27.746  63.638 0.0000000000
88907  56.419  -28.126  63.919 0.0000000000
87838  56.268  -28.591  64.472 0.0000000000
85609  54.820  -29.758  67.269 0.0000000000
85626  55.148  -29.727  66.863 0.0000000000
85608  55.271  -30.017  67.163 0.0000000000
84413  55.542  -30.965  67.067 0.0000000000
83184  55.630  -31.537  66.852 0.0000000000
81991  55.690  -32.060  66.625 0.0000000000
80739  54.742  -32.904  66.940 0.0000000000
59016  44.105  -48.776  71.798 0.0000000000
61637  43.606  -48.080  72.075 0.0000000000
58995  44.332  -48.673  72.012 0.0000000000
60335  44.779  -48.875  72.146 0.0000000000
60334  45.697  -48.718  72.248 0.0000000000
61714  46.806  -47.932  69.646 0.0000000000
63049  47.915  -46.698  69.977 0.0000000000
64350  48.494  -46.204  70.788 0.0000000000
64362  48.526  -46.138  69.899 0.0000000000
65650  48.881  -45.480  69.330 0.0000000000
57773  39.875  -51.813  71.084 0.0000000000
59082  39.425  -50.908  69.685 0.0000000000
59055  39.795  -51.412  70.321 0.0000000000
60403  40.914  -50.384  68.833 0.0000000000
60401  42.520  -49.903  69.658 0.0000000000
60383  42.823  -49.714  70.172 0.0000000000
59052  42.733  -50.441  70.467 0.0000000000
57740  43.714  -51.961  71.928 0.0000000000
93657  58.129  -22.282  56.344 0.0000000000
93676  57.933  -22.740  55.700 0.0000000000
93677  56.765  -22.794  55.053 0.0000000000
96198  54.047  -21.035  55.690 0.0000000000
91259  52.962  -24.146  58.978 0.0000000000
91270  52.742  -24.313  58.257 0.0000000000
93643  52.575  -23.111  57.546 0.0000000000
93633  52.537  -22.169  57.670 0.0000000000
89050  54.550  -26.180  59.026 0.0000000000
89051  54.095  -26.307  58.633 0.0000000000
89052  53.580  -26.412  58.365 0.0000000000
66926  44.448  -45.404  70.898 0.0000000000
70635  47.874  -41.264  69.127 0.0000000000
70636  47.284  -41.516  68.495 0.0000000000
71898  47.541  -40.851  67.853 0.0000000000
76790  50.643  -36.357  69.315 0.0000000000
78128  50.242  -36.217  68.023 0.0000000000
79448  50.584  -35.187  68.285 0.0000000000
80742  50.304  -33.951  66.711 0.0000000000
81994  50.009  -33.263  66.510 0.0000000000
81979  50.302  -33.078  67.120 0.0000000000
81964  50.694  -33.014  67.888 0.0000000000
83172  51.005  -32.288  67.981 0.0000000000
84397  51.264  -31.579  67.984 0.0000000000
83156  51.321  -32.271  68.805 0.0000000000
83139  51.433  -32.702  69.370 0.0000000000
81932  51.814  -32.887  69.816 0.0000000000
75540  52.814  -37.175  69.583 0.0000000000
76783  53.002  -36.200  69.630 0.0000000000
76789  53.051  -36.385  69.142 0.0000000000
78126  53.149  -35.612  68.731 0.0000000000
79459  53.243  -35.123  68.397 0.0000000000
78133  52.902  -35.777  68.140 0.0000000000
60297  33.441  -49.622  74.687 0.0000000000
60277  33.915  -49.962  75.296 0.0000000000
60257  34.142  -49.798  75.860 0.0000000000
58940  34.374  -50.016  75.820 0.0000000000
58968  34.620  -51.232  75.275 0.0000000000
57653  33.286  -51.130  76.078 0.0000000000
85696  52.716  -30.047  62.651 0.0000000000
86793  53.562  -29.593  63.084 0.0000000000
86792  54.129  -29.496  63.625 0.0000000000
86791  54.779  -29.079  63.892 0.0000000000
86775  54.499  -29.858  64.509 0.0000000000
86762  54.566  -29.795  65.317 0.0000000000
86747  54.333  -29.547  66.117 0.0000000000
86733  53.926  -29.482  67.141 0.0000000000
86719  54.057  -29.678  68.211 0.0000000000
85575  54.153  -30.162  68.301 0.0000000000
60400  45.201  -49.585  69.885 0.0000000000
60364  37.378  -49.960  71.627 0.0000000000
60363  38.053  -50.476  71.891 0.0000000000
59018  38.777  -51.413  71.695 0.0000000000
58979  38.836  -51.715  72.335 0.0000000000
57715  39.353  -51.854  72.078 0.0000000000
57744  39.324  -51.700  71.677 0.0000000000
57743  40.078  -52.008  71.736 0.0000000000
56509  40.539  -52.314  71.589 0.0000000000
56489  41.237  -52.949  71.736 0.0000000000
56488  41.839  -52.931  71.681 0.0000000000
55241  41.621  -53.785  72.435 0.0000000000
54100  41.922  -54.292  72.179 0.0000000000
54126  41.096  -53.986  70.721 0.0000000000
97408  57.676  -20.037  57.199 0.0000000000
94852  56.458  -21.097  55.724 0.0000000000
97430  56.309  -20.299  56.580 0.0000000000
96173  55.932  -20.632  56.238 0.0000000000
96174  54.937  -20.282  56.411 0.0000000000
96175  54.270  -20.718  56.123 0.0000000000
93658  52.781  -22.390  56.012 0.0000000000
90119  52.416  -26.118  59.315 0.0000000000
91223  54.818  -24.195  60.674 0.0000000000
91244  53.998  -24.408  60.192 0.0000000000
91258  53.525  -24.343  59.342 0.0000000000
91267  55.188  -24.466  59.002 0.0000000000
90140  55.983  -25.205  59.858 0.0000000000
86866  54.458  -27.594  59.000 0.0000000000
66906  46.886  -44.367  72.112 0.0000000000
66923  46.629  -44.347  71.393 0.0000000000
68191  47.199  -43.695  71.599 0.0000000000
69366  47.528  -42.936  71.319 0.0000000000
69394  47.809  -42.179  70.383 0.0000000000
70564  48.569  -42.001  71.525 0.0000000000
70602  48.093  -41.644  70.658 0.0000000000
70621  48.008  -41.608  69.847 0.0000000000
71877  48.396  -40.704  69.502 0.0000000000
73141  48.502  -40.284  69.042 0.0000000000
73168  48.755  -39.965  68.672 0.0000000000
75557  49.241  -38.465  67.630 0.0000000000
74375  49.175  -38.809  68.262 0.0000000000
74356  49.898  -38.459  68.903 0.0000000000
75542  50.234  -37.754  69.356 0.0000000000
75521  50.432  -38.752  70.745 0.0000000000
74345  50.223  -37.998  70.009 0.0000000000
76785  50.291  -37.242  69.633 0.0000000000
76784  50.530  -36.792  69.816 0.0000000000
78111  51.144  -36.009  69.834 0.0000000000
79420  51.563  -34.986  70.111 0.0000000000
78094  51.954  -35.788  70.636 0.0000000000
78071  51.939  -35.926  70.608 0.0000000000
76770  52.573  -36.576  70.436 0.0000000000
74324  52.420  -38.047  71.064 0.0000000000
74333  52.536  -38.275  70.493 0.0000000000
74332  52.907  -37.891  70.045 0.0000000000
74354  52.779  -38.155  69.111 0.0000000000
60365  36.140  -49.577  71.260 0.0000000000
60317  34.891  -49.656  73.713 0.0000000000
60314  37.539  -50.838  72.997 0.0000000000
59000  37.736  -51.294  73.208 0.0000000000
58981  37.185  -51.295  73.749 0.0000000000
57717  37.575  -51.775  73.441 0.0000000000
88993  54.321  -26.507  61.610 0.0000000000
90080  54.872  -26.429  61.887 0.0000000000
91197  56.502  -25.271  61.786 0.0000000000
90076  57.173  -26.075  61.914 0.0000000000
88990  57.483  -27.107  61.642 0.0000000000
88973  57.521  -26.934  62.406 0.0000000000
88946  57.858  -27.656  62.699 0.0000000000
86789  58.091  -28.671  62.862 0.0000000000
88925  57.361  -27.576  63.886 0.0000000000
86790  58.221  -28.552  63.400 0.0000000000
87839  55.598  -28.927  64.876 0.0000000000
87820  56.421  -28.934  65.075 0.0000000000
85625  55.518  -29.857  66.518 0.0000000000
85645  56.636  -29.779  65.372 0.0000000000
86760  56.827  -29.572  65.138 0.0000000000
84449  56.757  -30.890  64.799 0.0000000000
65625  42.928  -46.223  70.387 0.0000000000
65624  43.663  -45.948  70.866 0.0000000000
62994  44.197  -47.720  72.128 0.0000000000
64328  44.349  -46.900  71.728 0.0000000000
65611  44.604  -46.245  71.327 0.0000000000
65610  45.514  -46.144  71.649 0.0000000000
66888  45.987  -45.689  72.051 0.0000000000
66887  46.263  -45.217  72.464 0.0000000000
60399  45.632  -49.038  70.305 0.0000000000
60380  45.835  -48.679  70.943 0.0000000000
60357  46.288  -48.577  71.825 0.0000000000
61692  46.611  -48.074  70.572 0.0000000000
61670  46.904  -47.733  71.586 0.0000000000
61650  46.717  -48.031  72.181 0.0000000000
62990  46.625  -46.921  72.209 0.0000000000
64313  46.846  -46.358  72.493 0.0000000000
66886  46.962  -44.719  72.484 0.0000000000
66885  47.886  -44.850  72.381 0.0000000000
66904  48.420  -44.999  72.084 0.0000000000
66884  48.780  -44.105  72.130 0.0000000000
64349  48.791  -45.725  71.073 0.0000000000
65623  48.759  -45.084  71.327 0.0000000000
66922  49.318  -44.287  71.088 0.0000000000
68189  49.722  -43.518  71.018 0.0000000000
68202  50.317  -43.210  70.425 0.0000000000
68216  50.501  -43.066  69.807 0.0000000000
69393  51.244  -42.369  69.763 0.0000000000
68233  50.734  -42.850  69.425 0.0000000000
68234  50.442  -43.198  68.879 0.0000000000
68235  49.910  -43.281  68.460 0.0000000000
67000  48.938  -43.941  67.740 0.0000000000
63035  42.237  -47.646  69.675 0.0000000000
63021  43.153  -47.892  70.881 0.0000000000
61654  43.218  -48.191  71.293 0.0000000000
60337  43.580  -48.820  71.568 0.0000000000
60336  44.156  -49.137  71.641 0.0000000000
56487  41.861  -52.835  71.891 0.0000000000
55274  43.127  -52.704  71.209 0.0000000000
56506  43.645  -52.334  71.440 0.0000000000
55297  43.489  -52.502  70.502 0.0000000000
56526  43.998  -52.234  70.942 0.0000000000
57802  44.319  -51.394  70.524 0.0000000000
60218  30.444  -49.887  77.373 0.0000000000
91328  58.105  -24.582  54.272 0.0000000000
97375  53.925  -20.093  57.823 0.0000000000
94812  54.545  -20.405  58.768 0.0000000000
94825  54.044  -20.612  57.852 0.0000000000
91269  53.901  -24.282  58.418 0.0000000000
91281  53.669  -24.494  58.162 0.0000000000
90178  53.852  -25.061  58.138 0.0000000000
91296  51.864  -24.939  56.360 0.0000000000
68219  46.184  -43.986  69.219 0.0000000000
81995  49.612  -32.905  66.028 0.0000000000
84454  49.178  -31.597  64.992 0.0000000000
85594  51.257  -31.259  67.591 0.0000000000
85593  51.987  -31.149  67.814 0.0000000000
85577  52.695  -30.730  68.249 0.0000000000
85557  53.714  -30.544  68.479 0.0000000000
84358  54.063  -31.315  68.375 0.0000000000
80683  51.676  -34.050  70.149 0.0000000000
80681  52.398  -33.809  70.233 0.0000000000
81916  52.649  -33.010  69.888 0.0000000000
78092  52.981  -35.138  69.756 0.0000000000
79416  53.043  -34.334  69.786 0.0000000000
81915  53.081  -32.819  69.667 0.0000000000
81914  53.356  -32.691  69.444 0.0000000000
81930  53.992  -32.502  68.648 0.0000000000
81946  54.262  -32.405  68.272 0.0000000000
81962  54.521  -32.860  67.591 0.0000000000
81978  54.502  -33.073  67.393 0.0000000000
79468  53.199  -34.773  67.874 0.0000000000
80756  53.431  -33.926  67.066 0.0000000000
70633  51.473  -41.264  68.903 0.0000000000
70646  50.458  -41.354  67.511 0.0000000000
71895  50.788  -40.704  67.808 0.0000000000
71894  51.441  -40.393  68.272 0.0000000000
73167  51.717  -39.726  67.863 0.0000000000
52894  42.351  -53.967  71.702 0.0000000000
52896  42.275  -54.241  72.048 0.0000000000
52902  42.295  -53.790  71.523 0.0000000000
52903  42.256  -54.126  71.664 0.0000000000
52904  42.271  -54.319  71.825 0.0000000000
54082  41.940  -53.984  72.451 0.0000000000
54084  40.681  -53.819  72.453 0.0000000000
54098  42.314  -53.720  71.720 0.0000000000
54099  42.258  -53.938  72.067 0.0000000000
54101  40.983  -54.236  72.280 0.0000000000
54102  39.975  -53.867  72.245 0.0000000000
54113  42.916  -52.914  71.104 0.0000000000
54114  42.503  -53.233  71.313 0.0000000000
54122  42.989  -53.013  70.793 0.0000000000
54123  42.666  -53.094  70.853 0.0000000000
54133  42.614  -53.267  70.235 0.0000000000
55231  39.752  -52.901  72.566 0.0000000000
55233  38.864  -52.597  72.655 0.0000000000
55242  41.102  -53.650  72.459 0.0000000000
55244  39.588  -53.283  72.456 0.0000000000
55245  38.916  -52.804  72.524 0.0000000000
55257  43.128  -53.018  71.280 0.0000000000
55258  42.373  -53.152  71.553 0.0000000000
55259  41.977  -53.518  72.022 0.0000000000
55260  41.477  -53.396  72.102 0.0000000000
55275  42.700  -52.966  71.347 0.0000000000
55286  43.323  -52.636  70.936 0.0000000000
55298  42.960  -52.795  69.895 0.0000000000
56422  35.710  -51.925  75.991 0.0000000000
56449  39.553  -52.581  72.505 0.0000000000
56486  42.995  -52.517  71.495 0.0000000000
56507  41.665  -52.576  71.374 0.0000000000
56508  40.927  -52.520  71.386 0.0000000000
57669  34.987  -51.366  75.205 0.0000000000
57689  39.159  -51.974  72.317 0.0000000000
57742  42.020  -52.247  71.788 0.0000000000
58953  35.931  -50.975  75.416 0.0000000000
58967  35.030  -51.082  75.335 0.0000000000
58980  38.658  -51.682  72.511 0.0000000000
58983  36.277  -50.645  74.222 0.0000000000
58996  44.104  -48.473  71.945 0.0000000000
58997  43.735  -48.390  71.988 0.0000000000
58998  38.813  -51.562  72.130 0.0000000000
59015  44.361  -48.891  71.903 0.0000000000
59017  43.907  -48.559  71.777 0.0000000000
59053  42.037  -51.489  70.276 0.0000000000
59078  42.707  -50.211  69.956 0.0000000000
60215  32.581  -50.008  76.648 0.0000000000
60234  34.396  -49.980  76.023 0.0000000000
60255  35.507  -50.351  75.462 0.0000000000
60293  36.159  -50.797  74.948 0.0000000000
60310  44.365  -48.354  72.237 0.0000000000
60311  43.857  -48.211  72.043 0.0000000000
60312  43.478  -48.384  71.923 0.0000000000
60313  37.916  -51.098  72.844 0.0000000000
60318  33.721  -49.498  73.712 0.0000000000
60319  33.045  -49.545  74.170 0.0000000000
60333  46.202  -48.434  72.259 0.0000000000
60356  46.605  -48.253  71.659 0.0000000000
61582  31.664  -49.867  77.004 0.0000000000
61600  32.065  -49.354  76.274 0.0000000000
61634  45.468  -47.580  72.674 0.0000000000
61652  45.319  -48.440  72.434 0.0000000000
61671  46.690  -48.213  71.885 0.0000000000
61672  43.301  -48.642  71.314 0.0000000000
61718  42.127  -48.138  68.729 0.0000000000
63005  46.958  -47.116  71.993 0.0000000000
63006  46.466  -47.488  72.301 0.0000000000
63020  43.464  -47.558  71.359 0.0000000000
63033  47.887  -46.639  70.462 0.0000000000
64312  47.305  -46.189  72.563 0.0000000000
64317  44.102  -47.431  71.880 0.0000000000
64324  48.420  -45.911  71.806 0.0000000000
64325  48.208  -46.156  71.917 0.0000000000
64326  47.537  -46.327  72.341 0.0000000000
64327  47.002  -46.669  72.222 0.0000000000
64336  48.537  -45.815  71.628 0.0000000000
64338  43.892  -46.624  71.376 0.0000000000
65589  46.852  -45.588  72.714 0.0000000000
65590  46.121  -45.670  72.561 0.0000000000
65591  45.765  -46.236  72.271 0.0000000000
65592  45.006  -46.611  71.792 0.0000000000
65609  47.832  -45.675  72.397 0.0000000000
65636  49.562  -44.525  70.169 0.0000000000
66902  49.469  -43.686  71.806 0.0000000000
66903  49.057  -44.190  71.861 0.0000000000
66905  48.038  -45.332  72.319 0.0000000000
66909  45.205  -45.833  71.113 0.0000000000
66921  49.461  -43.739  71.584 0.0000000000
66924  46.072  -44.983  71.078 0.0000000000
66925  45.284  -45.258  70.871 0.0000000000
66941  50.106  -43.691  70.139 0.0000000000
66963  50.226  -43.619  69.945 0.0000000000
68150  49.359  -43.385  72.142 0.0000000000
68151  48.756  -43.527  72.331 0.0000000000
68171  49.793  -43.135  71.717 0.0000000000
68172  49.443  -43.551  71.965 0.0000000000
68174  47.550  -43.599  71.986 0.0000000000
68188  50.283  -43.019  71.193 0.0000000000
68190  49.565  -44.014  70.646 0.0000000000
68203  49.862  -43.768  70.396 0.0000000000
68204  49.703  -44.100  70.347 0.0000000000
68217  50.336  -43.413  69.391 0.0000000000
69324  50.123  -42.389  71.562 0.0000000000
69327  48.835  -42.725  72.343 0.0000000000
69346  50.431  -42.649  71.213 0.0000000000
69347  50.014  -42.694  71.661 0.0000000000
69348  48.002  -42.810  71.850 0.0000000000
69349  47.581  -43.262  71.719 0.0000000000
69381  47.770  -42.236  70.967 0.0000000000
69395  47.554  -42.519  69.749 0.0000000000
70543  49.793  -42.081  71.653 0.0000000000
70544  49.392  -42.013  71.763 0.0000000000
70545  48.925  -42.083  71.831 0.0000000000
70546  48.500  -42.417  71.930 0.0000000000
70562  50.268  -41.634  71.274 0.0000000000
70563  49.021  -41.679  71.588 0.0000000000
70580  51.138  -41.736  70.611 0.0000000000
70581  48.089  -41.872  71.079 0.0000000000
70599  52.486  -40.659  70.002 0.0000000000
70600  51.934  -40.759  69.816 0.0000000000
70618  52.728  -40.644  70.016 0.0000000000
70632  51.920  -40.737  69.382 0.0000000000
71791  50.513  -40.489  71.133 0.0000000000
71792  49.927  -41.000  71.187 0.0000000000
71814  49.130  -41.127  71.044 0.0000000000
71815  48.622  -41.593  71.135 0.0000000000
71834  49.129  -40.743  70.616 0.0000000000
71852  52.715  -40.363  69.961 0.0000000000
71892  52.463  -39.872  69.303 0.0000000000
71893  52.179  -40.263  68.883 0.0000000000
71896  48.469  -40.257  68.506 0.0000000000
73078  50.571  -40.011  71.261 0.0000000000
73086  49.612  -40.004  71.029 0.0000000000
73087  49.399  -40.392  70.733 0.0000000000
73099  52.273  -39.089  70.138 0.0000000000
73100  51.928  -39.433  70.461 0.0000000000
73101  49.711  -39.433  70.738 0.0000000000
73138  52.635  -38.572  69.520 0.0000000000
73169  48.465  -40.285  68.780 0.0000000000
73190  48.699  -39.712  67.849 0.0000000000
74317  50.451  -39.407  71.222 0.0000000000
74318  50.123  -39.513  71.195 0.0000000000
74328  50.203  -39.183  70.830 0.0000000000
74335  50.285  -38.361  70.203 0.0000000000
74337  49.397  -39.528  70.381 0.0000000000
74343  52.797  -38.238  69.650 0.0000000000
74344  52.577  -38.524  70.120 0.0000000000
74347  49.422  -39.348  69.978 0.0000000000
74371  52.797  -37.791  68.749 0.0000000000
75533  52.600  -37.446  70.759 0.0000000000
75535  50.479  -38.433  70.520 0.0000000000
75541  50.131  -37.591  69.895 0.0000000000
75554  52.835  -37.251  68.688 0.0000000000
75556  49.561  -37.927  67.835 0.0000000000
76748  52.279  -36.245  70.607 0.0000000000
76751  51.406  -37.073  70.941 0.0000000000
76769  52.994  -35.975  69.995 0.0000000000
76797  52.942  -36.526  68.656 0.0000000000
78072  51.918  -36.152  70.645 0.0000000000
78073  51.703  -36.569  70.898 0.0000000000
78121  50.592  -35.915  68.843 0.0000000000
78127  53.031  -35.715  68.434 0.0000000000
79399  51.982  -35.649  70.938 0.0000000000
79418  52.164  -34.674  70.424 0.0000000000
79419  51.894  -35.180  70.523 0.0000000000
79447  51.047  -35.107  68.870 0.0000000000
79457  54.124  -33.729  68.225 0.0000000000
79467  53.671  -34.221  67.840 0.0000000000
79479  52.613  -34.885  67.231 0.0000000000
80679  53.247  -33.266  69.571 0.0000000000
80680  52.865  -33.630  69.980 0.0000000000
80682  51.981  -33.982  70.335 0.0000000000
80706  53.648  -33.702  68.823 0.0000000000
80722  54.388  -33.204  68.088 0.0000000000
80741  53.661  -34.133  67.595 0.0000000000
80757  52.870  -34.294  67.039 0.0000000000
81917  52.151  -33.097  70.046 0.0000000000
81918  51.774  -33.385  70.110 0.0000000000
81931  53.676  -32.625  69.083 0.0000000000
81960  55.114  -31.833  67.457 0.0000000000
81980  49.903  -32.741  66.630 0.0000000000
83115  53.392  -32.113  69.280 0.0000000000
83116  52.945  -32.290  69.605 0.0000000000
83118  52.110  -32.416  69.601 0.0000000000
83136  53.971  -31.912  68.378 0.0000000000
83137  53.669  -32.015  68.856 0.0000000000
83138  51.691  -32.312  69.342 0.0000000000
83154  54.550  -31.708  67.852 0.0000000000
83155  51.531  -31.906  68.954 0.0000000000
83170  55.263  -31.550  67.431 0.0000000000
83171  54.968  -31.602  67.583 0.0000000000
83186  49.729  -32.284  66.459 0.0000000000
83196  56.486  -31.392  65.433 0.0000000000
83221  57.236  -31.325  64.060 0.0000000000
84336  53.142  -31.661  69.296 0.0000000000
84338  52.397  -31.980  69.471 0.0000000000
84359  53.648  -31.428  68.653 0.0000000000
84361  52.128  -31.726  69.249 0.0000000000
84498  51.718  -30.449  62.289 0.0000000000
84499  51.192  -30.643  62.225 0.0000000000
85541  53.288  -31.178  68.817 0.0000000000
85543  52.694  -31.461  69.187 0.0000000000
85556  54.133  -30.822  68.369 0.0000000000
85558  53.219  -30.606  68.544 0.0000000000
85559  52.558  -31.252  68.864 0.0000000000
85560  52.135  -31.443  68.847 0.0000000000
85576  53.256  -30.035  68.108 0.0000000000
85589  54.936  -30.279  67.604 0.0000000000
85591  53.389  -29.796  67.880 0.0000000000
85627  53.935  -29.849  65.886 0.0000000000
85644  56.856  -29.978  65.094 0.0000000000
85662  57.553  -29.685  64.160 0.0000000000
85663  57.211  -30.349  64.460 0.0000000000
85666  52.542  -30.491  63.527 0.0000000000
85678  58.091  -29.000  63.147 0.0000000000
85679  57.904  -29.482  63.361 0.0000000000
85694  57.978  -29.216  62.702 0.0000000000
86698  53.889  -30.259  68.475 0.0000000000
86699  53.627  -30.213  68.426 0.0000000000
86708  53.881  -30.033  68.417 0.0000000000
86720  53.706  -29.546  67.943 0.0000000000
86732  54.278  -29.551  67.538 0.0000000000
86734  53.326  -29.727  67.239 0.0000000000
86744  56.621  -29.398  65.229 0.0000000000
86759  57.130  -29.176  64.913 0.0000000000
87818  57.050  -28.869  64.944 0.0000000000
87819  56.826  -28.839  64.999 0.0000000000
87821  55.819  -29.139  65.222 0.0000000000
87835  57.992  -28.543  64.513 0.0000000000
87836  57.491  -28.482  64.654 0.0000000000
87854  58.230  -28.127  64.216 0.0000000000
87872  58.155  -28.196  62.826 0.0000000000
87887  57.832  -27.961  62.337 0.0000000000
87897  57.272  -27.266  60.916 0.0000000000
87937  54.441  -26.861  58.884 0.0000000000
88905  57.278  -27.954  64.390 0.0000000000
88924  57.956  -27.661  63.896 0.0000000000
88972  57.645  -27.320  62.136 0.0000000000
88991  57.323  -26.831  61.160 0.0000000000
90051  54.891  -26.891  62.330 0.0000000000
90075  57.430  -26.604  61.950 0.0000000000
90077  56.792  -25.904  62.138 0.0000000000
90095  57.456  -26.782  61.791 0.0000000000
90097  57.258  -26.271  60.995 0.0000000000
91196  56.880  -25.365  61.641 0.0000000000
91199  55.731  -24.570  61.355 0.0000000000
91220  57.149  -25.244  61.301 0.0000000000
91221  57.059  -24.677  60.996 0.0000000000
91222  55.462  -24.143  60.924 0.0000000000
91240  57.309  -25.347  61.074 0.0000000000
91241  57.147  -24.901  60.910 0.0000000000
91242  56.587  -24.843  60.521 0.0000000000
92399  56.739  -24.935  61.485 0.0000000000
92400  56.168  -24.718  61.737 0.0000000000
92401  55.988  -24.252  61.163 0.0000000000
92416  56.941  -25.161  61.435 0.0000000000
92417  56.950  -24.766  61.199 0.0000000000
92427  56.985  -24.389  60.807 0.0000000000
92429  54.966  -23.250  60.333 0.0000000000
93604  56.276  -24.028  61.014 0.0000000000
93605  56.120  -23.667  60.930 0.0000000000
93610  56.782  -24.048  61.164 0.0000000000
93612  55.962  -23.129  60.968 0.0000000000
93617  56.349  -23.908  61.000 0.0000000000
93618  56.124  -23.349  60.788 0.0000000000
93619  55.855  -22.859  60.506 0.0000000000
93623  55.924  -22.883  60.139 0.0000000000
93624  55.574  -22.960  60.063 0.0000000000
93625  55.348  -22.996  59.970 0.0000000000
94811  54.566  -20.214  58.592 0.0000000000
94818  53.905  -20.720  57.925 0.0000000000
94837  54.608  -20.052  57.377 0.0000000000
94850  58.251  -22.020  56.601 0.0000000000
96125  54.874  -20.025  58.765 0.0000000000
96126  54.719  -20.255  58.834 0.0000000000
96130  54.773  -19.970  58.385 0.0000000000
96131  54.452  -20.322  58.562 0.0000000000
96132  53.991  -20.390  57.967 0.0000000000
96171  57.598  -20.824  56.592 0.0000000000
97367  54.512  -20.133  59.054 0.0000000000
97373  54.747  -19.913  57.958 0.0000000000
97374  54.458  -19.959  58.098 0.0000000000
97384  58.297  -19.723  57.438 0.0000000000
97411  55.102  -19.849  56.776 0.0000000000
98570  56.188  -18.760  57.610 0.0000000000
