#!ascii label  , from subject 3571 vox2ras=TkReg
1092
75680  35.425  -37.918  59.779 0.0000000000
98681  47.107  -18.711  48.460 0.0000000000
85865  39.387  -29.458  53.673 0.0000000000
64383  16.687  -46.940  67.946 0.0000000000
72019  30.681  -39.600  63.282 0.0000000000
91359  39.820  -24.058  53.689 0.0000000000
70700  23.005  -41.863  65.285 0.0000000000
63136  20.617  -47.318  66.153 0.0000000000
69508  26.606  -43.236  62.831 0.0000000000
96316  51.865  -21.023  48.697 0.0000000000
78233  39.101  -35.582  59.406 0.0000000000
79629  40.954  -34.481  56.471 0.0000000000
73301  41.123  -39.220  59.671 0.0000000000
102233  50.560  -15.963  47.829 0.0000000000
99887  54.543  -17.552  45.844 0.0000000000
99813  43.437  -16.973  52.684 0.0000000000
96278  45.922  -21.675  50.552 0.0000000000
93759  42.333  -22.394  51.295 0.0000000000
86936  43.718  -28.321  52.255 0.0000000000
70750  34.795  -41.768  61.675 0.0000000000
57822  15.805  -51.815  69.924 0.0000000000
56521  12.141  -52.480  71.300 0.0000000000
57736  9.398  -51.575  73.570 0.0000000000
78190  32.630  -35.420  63.101 0.0000000000
68372  31.451  -43.844  60.968 0.0000000000
85809  35.451  -29.346  57.267 0.0000000000
83287  42.301  -30.910  58.243 0.0000000000
102240  57.566  -14.898  45.924 0.0000000000
97567  49.235  -19.740  47.687 0.0000000000
96320  48.587  -21.413  49.230 0.0000000000
76929  37.635  -36.762  59.303 0.0000000000
75712  39.340  -37.263  57.941 0.0000000000
73346  37.832  -39.254  58.808 0.0000000000
99822  46.613  -16.438  50.584 0.0000000000
166438  48.514  -15.676  51.067 0.0000000000
100989  48.656  -16.972  48.456 0.0000000000
98703  50.529  -18.502  46.866 0.0000000000
52871  9.433  -56.485  75.283 0.0000000000
97505  42.239  -19.785  51.346 0.0000000000
96246  40.841  -20.158  53.142 0.0000000000
89122  39.341  -26.778  53.345 0.0000000000
89139  41.052  -26.804  51.842 0.0000000000
85879  41.409  -29.247  52.584 0.0000000000
84585  42.521  -30.856  55.607 0.0000000000
64399  18.965  -47.021  66.468 0.0000000000
61753  20.521  -48.942  68.533 0.0000000000
60437  18.064  -49.630  68.031 0.0000000000
59044  17.784  -51.098  70.705 0.0000000000
60418  15.638  -49.950  68.987 0.0000000000
60373  12.557  -49.639  71.296 0.0000000000
56523  10.628  -52.033  72.118 0.0000000000
75642  30.870  -37.281  63.380 0.0000000000
73310  31.468  -39.479  60.226 0.0000000000
70796  30.016  -41.577  60.560 0.0000000000
67020  25.827  -44.729  65.400 0.0000000000
65735  27.449  -45.705  63.806 0.0000000000
76944  43.800  -36.131  58.715 0.0000000000
80888  43.101  -33.348  57.148 0.0000000000
94903  40.606  -21.197  54.940 0.0000000000
90208  38.910  -25.024  55.668 0.0000000000
89098  37.697  -26.280  55.022 0.0000000000
67038  24.137  -44.890  64.925 0.0000000000
63133  23.426  -47.083  66.288 0.0000000000
67040  21.922  -44.931  64.346 0.0000000000
67025  19.679  -45.012  66.346 0.0000000000
66996  18.109  -44.477  68.225 0.0000000000
70756  28.347  -41.045  62.053 0.0000000000
73255  26.498  -39.823  63.423 0.0000000000
69491  24.631  -42.492  64.005 0.0000000000
82066  38.959  -33.635  60.880 0.0000000000
80861  37.708  -33.530  59.131 0.0000000000
78271  39.390  -35.111  57.934 0.0000000000
75710  41.881  -37.507  58.245 0.0000000000
102244  53.795  -15.905  46.426 0.0000000000
101013  51.944  -16.836  46.666 0.0000000000
97562  53.510  -19.933  47.012 0.0000000000
99839  44.684  -17.559  50.335 0.0000000000
97511  45.972  -20.090  49.254 0.0000000000
97513  44.286  -19.756  49.945 0.0000000000
94967  43.673  -21.971  51.086 0.0000000000
91384  45.262  -24.798  51.769 0.0000000000
92556  40.546  -23.051  52.465 0.0000000000
90257  42.579  -25.704  51.665 0.0000000000
74486  35.077  -39.002  61.382 0.0000000000
73269  36.796  -40.364  61.522 0.0000000000
100932  45.389  -16.188  52.612 0.0000000000
64370  14.984  -47.180  69.776 0.0000000000
60393  13.864  -49.773  70.013 0.0000000000
56519  13.970  -52.844  70.796 0.0000000000
54088  13.737  -54.450  73.404 0.0000000000
54090  12.097  -55.220  73.553 0.0000000000
54092  9.758  -54.748  73.291 0.0000000000
55253  8.394  -53.685  73.428 0.0000000000
55239  7.122  -53.654  73.765 0.0000000000
78206  34.313  -35.404  60.964 0.0000000000
74499  33.358  -38.441  60.659 0.0000000000
69520  33.202  -42.874  61.032 0.0000000000
68375  28.536  -43.744  61.338 0.0000000000
85841  36.816  -29.487  55.489 0.0000000000
82118  37.971  -32.462  57.175 0.0000000000
84575  39.086  -31.049  56.649 0.0000000000
85821  40.413  -30.195  55.953 0.0000000000
72011  40.021  -41.215  61.805 0.0000000000
103387  59.561  -15.065  44.218 0.0000000000
101020  56.255  -16.512  45.272 0.0000000000
99910  58.776  -17.283  44.477 0.0000000000
98680  47.569  -19.041  48.220 0.0000000000
96342  48.689  -20.817  48.651 0.0000000000
97524  47.179  -19.662  48.585 0.0000000000
76930  36.881  -36.801  59.423 0.0000000000
75715  37.392  -38.239  58.558 0.0000000000
74519  36.817  -38.618  58.941 0.0000000000
99852  46.738  -17.493  49.113 0.0000000000
166436  47.935  -16.713  49.227 0.0000000000
99861  47.807  -17.952  48.385 0.0000000000
98679  48.295  -18.667  47.829 0.0000000000
52882  8.607  -56.309  74.522 0.0000000000
98635  41.494  -18.920  54.080 0.0000000000
97469  41.060  -19.476  54.463 0.0000000000
87995  39.009  -27.885  53.204 0.0000000000
88014  40.075  -27.943  52.426 0.0000000000
86921  40.166  -29.117  52.833 0.0000000000
84601  41.697  -30.335  53.788 0.0000000000
85850  40.930  -30.435  53.927 0.0000000000
63117  17.387  -47.751  67.371 0.0000000000
61755  18.450  -49.041  67.568 0.0000000000
61756  17.429  -48.786  67.565 0.0000000000
60438  17.176  -49.388  68.185 0.0000000000
61733  16.245  -48.671  68.562 0.0000000000
73252  31.017  -39.033  63.761 0.0000000000
73274  30.666  -38.920  62.075 0.0000000000
72020  30.468  -39.612  62.168 0.0000000000
67008  25.895  -45.648  66.649 0.0000000000
83272  36.582  -31.404  60.694 0.0000000000
78232  44.170  -35.344  59.128 0.0000000000
90209  38.180  -25.540  55.308 0.0000000000
89090  37.414  -25.834  55.792 0.0000000000
68304  23.221  -43.879  64.385 0.0000000000
67039  22.918  -44.813  64.539 0.0000000000
68305  22.139  -43.968  64.392 0.0000000000
68291  20.456  -43.934  66.371 0.0000000000
68272  19.949  -43.269  67.468 0.0000000000
65680  18.757  -45.184  66.775 0.0000000000
73254  27.295  -39.411  63.749 0.0000000000
71959  23.595  -40.695  64.882 0.0000000000
71981  24.279  -40.613  64.035 0.0000000000
69492  23.906  -42.229  64.135 0.0000000000
69475  24.342  -43.170  64.336 0.0000000000
80877  39.003  -34.401  59.303 0.0000000000
79581  39.222  -35.026  59.362 0.0000000000
74516  39.813  -38.641  58.905 0.0000000000
75711  40.663  -37.399  57.876 0.0000000000
74514  41.571  -38.396  59.148 0.0000000000
74513  42.645  -38.263  59.526 0.0000000000
74483  42.239  -39.094  60.826 0.0000000000
166442  49.214  -15.641  49.805 0.0000000000
101001  52.032  -16.017  46.975 0.0000000000
101002  51.198  -16.455  47.086 0.0000000000
97544  51.192  -19.906  47.620 0.0000000000
97580  51.668  -19.011  46.781 0.0000000000
96354  52.663  -20.384  47.585 0.0000000000
99823  44.180  -16.936  51.122 0.0000000000
98654  44.460  -18.652  49.992 0.0000000000
98646  43.124  -18.305  51.178 0.0000000000
96283  41.733  -20.795  51.743 0.0000000000
96304  42.828  -20.768  50.760 0.0000000000
93758  43.267  -22.559  51.245 0.0000000000
92566  44.388  -23.578  51.421 0.0000000000
92567  43.648  -23.321  51.300 0.0000000000
92515  39.915  -22.630  54.078 0.0000000000
93732  40.261  -22.186  53.649 0.0000000000
92535  39.984  -23.003  53.363 0.0000000000
88011  42.973  -27.687  51.799 0.0000000000
89138  42.210  -26.723  51.814 0.0000000000
88010  43.877  -27.524  52.074 0.0000000000
89136  44.278  -26.718  51.976 0.0000000000
73272  34.693  -40.147  61.538 0.0000000000
73251  35.914  -40.647  62.030 0.0000000000
99807  43.952  -16.700  53.442 0.0000000000
100933  44.481  -16.465  52.900 0.0000000000
100961  45.003  -16.591  50.797 0.0000000000
63134  22.631  -47.240  66.119 0.0000000000
61772  22.021  -48.259  67.596 0.0000000000
57821  16.823  -51.550  70.159 0.0000000000
57762  17.401  -51.804  72.592 0.0000000000
57763  16.603  -52.373  72.596 0.0000000000
56498  15.987  -52.850  72.237 0.0000000000
64358  14.224  -47.105  71.016 0.0000000000
63064  14.448  -48.105  69.653 0.0000000000
61710  13.630  -48.755  70.626 0.0000000000
57796  12.501  -51.590  70.983 0.0000000000
57795  13.435  -51.724  70.527 0.0000000000
56520  13.034  -52.652  70.895 0.0000000000
55268  13.811  -53.828  72.298 0.0000000000
55281  12.858  -53.336  71.517 0.0000000000
54089  13.061  -54.787  73.506 0.0000000000
55282  11.983  -53.231  71.751 0.0000000000
57766  9.851  -52.007  72.807 0.0000000000
54110  10.446  -54.507  72.743 0.0000000000
55272  9.697  -53.589  72.638 0.0000000000
55252  8.972  -53.942  73.010 0.0000000000
56481  8.885  -52.861  73.228 0.0000000000
78163  34.896  -34.989  64.213 0.0000000000
78187  35.359  -35.033  61.964 0.0000000000
78207  33.642  -35.520  61.754 0.0000000000
75668  33.738  -37.525  60.752 0.0000000000
76905  32.634  -36.446  61.536 0.0000000000
69560  31.622  -42.499  60.242 0.0000000000
70794  32.158  -41.481  60.145 0.0000000000
68371  31.875  -43.203  60.582 0.0000000000
70757  27.354  -41.651  61.876 0.0000000000
70770  28.293  -41.968  61.254 0.0000000000
68359  27.588  -44.052  62.248 0.0000000000
65733  29.127  -46.587  63.729 0.0000000000
96300  46.251  -21.004  49.563 0.0000000000
96299  47.561  -21.585  49.810 0.0000000000
96277  47.354  -22.187  50.865 0.0000000000
86882  35.612  -28.257  57.339 0.0000000000
87963  36.449  -27.530  56.710 0.0000000000
85825  36.399  -29.559  56.233 0.0000000000
80890  39.641  -34.371  56.892 0.0000000000
82104  37.577  -33.063  57.812 0.0000000000
80902  40.178  -33.775  56.504 0.0000000000
83315  42.970  -31.926  57.486 0.0000000000
83318  40.524  -31.717  56.947 0.0000000000
83306  41.003  -31.288  57.434 0.0000000000
85806  39.450  -30.574  56.622 0.0000000000
84551  41.427  -30.737  57.524 0.0000000000
85788  42.040  -30.395  57.278 0.0000000000
73267  38.337  -40.572  61.531 0.0000000000
102249  58.376  -15.179  45.450 0.0000000000
101010  54.410  -16.450  45.845 0.0000000000
102253  54.975  -16.156  45.678 0.0000000000
99902  55.255  -17.194  45.600 0.0000000000
99884  57.925  -18.307  45.649 0.0000000000
99883  59.016  -18.393  45.620 0.0000000000
71938  22.872  -40.982  65.640 0.0000000000
69455  21.847  -42.472  65.942 0.0000000000
97545  50.428  -20.095  47.769 0.0000000000
96317  51.153  -21.010  48.966 0.0000000000
96340  50.398  -20.773  48.306 0.0000000000
76928  38.285  -36.524  59.137 0.0000000000
76927  38.885  -36.445  58.698 0.0000000000
75713  38.524  -37.836  58.158 0.0000000000
74536  38.365  -38.685  58.451 0.0000000000
73328  39.547  -39.287  59.370 0.0000000000
102167  48.160  -15.510  51.651 0.0000000000
166437  47.551  -16.002  50.449 0.0000000000
102200  48.377  -15.850  49.459 0.0000000000
100988  49.243  -16.751  47.961 0.0000000000
101004  49.848  -16.887  47.321 0.0000000000
99875  49.580  -17.707  47.260 0.0000000000
98704  49.666  -18.793  47.261 0.0000000000
52870  10.552  -56.394  75.669 0.0000000000
99814  42.579  -17.520  53.138 0.0000000000
98647  42.377  -18.785  51.645 0.0000000000
98639  42.101  -18.422  52.601 0.0000000000
97496  41.661  -19.448  52.169 0.0000000000
94944  41.019  -21.401  52.260 0.0000000000
90238  39.242  -25.712  53.709 0.0000000000
91389  39.891  -25.303  52.591 0.0000000000
89140  40.173  -26.934  52.558 0.0000000000
88013  40.898  -27.797  52.212 0.0000000000
86920  42.941  -29.300  52.570 0.0000000000
85861  42.809  -29.783  53.143 0.0000000000
85834  43.241  -30.513  55.128 0.0000000000
68335  34.556  -43.760  62.518 0.0000000000
63137  19.699  -47.258  66.234 0.0000000000
61773  20.980  -48.430  67.515 0.0000000000
61774  19.875  -48.513  67.286 0.0000000000
60436  18.950  -49.431  68.331 0.0000000000
59095  19.084  -50.157  69.429 0.0000000000
57841  17.287  -51.186  69.787 0.0000000000
59069  16.153  -51.418  69.564 0.0000000000
61687  13.110  -48.629  71.613 0.0000000000
60374  11.882  -49.669  71.721 0.0000000000
57797  11.613  -51.436  71.584 0.0000000000
56522  11.164  -52.492  71.692 0.0000000000
57764  11.088  -50.932  72.284 0.0000000000
59011  10.212  -50.514  73.219 0.0000000000
59012  9.772  -50.547  73.663 0.0000000000
76872  32.075  -35.963  63.626 0.0000000000
75670  31.930  -37.274  61.253 0.0000000000
74488  31.163  -38.182  61.428 0.0000000000
72033  30.884  -39.740  60.674 0.0000000000
69561  30.744  -42.441  60.270 0.0000000000
68317  26.256  -43.932  64.007 0.0000000000
67077  27.448  -45.086  62.880 0.0000000000
65716  26.954  -45.474  64.618 0.0000000000
94943  46.175  -22.584  51.760 0.0000000000
84553  35.291  -30.271  58.866 0.0000000000
78252  42.906  -35.690  57.654 0.0000000000
79628  41.806  -33.984  56.532 0.0000000000
78267  43.269  -34.916  57.336 0.0000000000
80876  43.778  -33.330  57.695 0.0000000000
103373  56.507  -14.797  46.667 0.0000000000
51678  6.102  -56.103  74.733 0.0000000000
93687  40.862  -22.730  55.576 0.0000000000
92496  40.469  -23.445  55.301 0.0000000000
91335  39.404  -24.768  54.182 0.0000000000
90220  38.846  -25.373  54.665 0.0000000000
89123  38.519  -27.185  53.773 0.0000000000
87996  38.136  -28.030  53.544 0.0000000000
65692  24.815  -45.496  66.327 0.0000000000
64398  24.573  -46.628  66.697 0.0000000000
64420  23.902  -46.460  66.177 0.0000000000
64421  22.968  -46.527  65.584 0.0000000000
64422  21.912  -46.470  65.544 0.0000000000
68306  21.603  -44.253  65.081 0.0000000000
67023  21.075  -44.639  65.538 0.0000000000
65697  20.144  -45.701  65.879 0.0000000000
65698  19.163  -45.633  66.325 0.0000000000
65682  17.744  -45.804  67.433 0.0000000000
65666  17.100  -45.881  68.373 0.0000000000
70755  29.269  -40.646  62.348 0.0000000000
70741  28.719  -40.454  62.745 0.0000000000
72022  27.386  -40.717  62.291 0.0000000000
70758  26.598  -41.668  62.429 0.0000000000
73240  25.530  -39.823  63.814 0.0000000000
70743  25.449  -41.144  63.421 0.0000000000
70724  25.706  -42.314  63.520 0.0000000000
69473  25.406  -43.499  64.271 0.0000000000
68288  25.323  -44.558  65.263 0.0000000000
82067  37.753  -32.741  61.053 0.0000000000
82068  37.206  -32.279  60.478 0.0000000000
82085  38.053  -33.446  59.979 0.0000000000
80878  38.712  -34.245  58.526 0.0000000000
78288  40.161  -34.900  56.989 0.0000000000
76947  40.122  -36.689  57.691 0.0000000000
75727  40.844  -36.759  57.456 0.0000000000
76958  41.502  -36.261  57.300 0.0000000000
75709  42.794  -37.305  58.727 0.0000000000
76913  43.678  -37.329  59.449 0.0000000000
102218  52.833  -14.962  48.585 0.0000000000
101000  52.992  -15.943  46.822 0.0000000000
99888  53.416  -17.601  46.184 0.0000000000
99890  51.399  -17.519  46.626 0.0000000000
98723  53.191  -18.488  46.434 0.0000000000
99853  46.014  -17.891  49.330 0.0000000000
98667  45.741  -19.013  48.809 0.0000000000
98653  45.212  -18.287  49.547 0.0000000000
97512  45.283  -19.659  49.387 0.0000000000
96301  45.075  -20.768  49.933 0.0000000000
97504  42.806  -19.273  50.800 0.0000000000
96303  43.352  -20.704  50.559 0.0000000000
94965  45.493  -22.232  51.155 0.0000000000
93745  45.385  -22.988  51.722 0.0000000000
92552  45.817  -23.919  52.108 0.0000000000
96247  40.523  -20.487  53.931 0.0000000000
94945  40.474  -21.368  52.953 0.0000000000
93760  41.636  -22.475  51.605 0.0000000000
91388  40.362  -24.410  52.353 0.0000000000
91387  41.712  -24.625  51.382 0.0000000000
92554  42.325  -23.759  51.324 0.0000000000
91385  44.227  -24.896  51.765 0.0000000000
75666  35.211  -38.349  60.706 0.0000000000
73307  35.886  -39.244  59.962 0.0000000000
74485  35.680  -39.344  61.159 0.0000000000
73250  36.342  -40.652  62.049 0.0000000000
100931  46.179  -15.889  52.329 0.0000000000
100960  45.889  -16.517  50.695 0.0000000000
65654  16.487  -45.992  69.245 0.0000000000
65643  15.882  -46.004  70.027 0.0000000000
64369  15.555  -46.858  69.391 0.0000000000
61734  15.666  -48.837  68.862 0.0000000000
60419  14.745  -50.020  69.476 0.0000000000
59100  14.886  -50.994  69.402 0.0000000000
60394  13.261  -49.676  70.759 0.0000000000
57824  14.001  -51.443  70.000 0.0000000000
56518  14.853  -52.801  71.140 0.0000000000
56480  14.852  -53.390  72.421 0.0000000000
55250  14.735  -53.654  73.064 0.0000000000
52890  11.652  -55.507  73.997 0.0000000000
56502  11.019  -53.198  72.012 0.0000000000
54091  10.951  -55.317  73.391 0.0000000000
52880  11.086  -56.025  74.384 0.0000000000
52881  9.877  -56.279  74.454 0.0000000000
54078  9.236  -55.612  73.735 0.0000000000
54079  8.261  -55.285  73.776 0.0000000000
56482  8.078  -52.712  73.865 0.0000000000
55254  7.741  -53.690  73.612 0.0000000000
54080  7.375  -54.686  73.699 0.0000000000
76917  36.485  -35.949  60.008 0.0000000000
78205  35.355  -35.306  60.783 0.0000000000
76919  34.692  -36.378  60.024 0.0000000000
75667  34.499  -37.999  60.660 0.0000000000
74487  34.219  -38.685  61.090 0.0000000000
72018  34.534  -40.788  61.120 0.0000000000
73309  32.247  -39.355  60.125 0.0000000000
70766  33.107  -41.301  60.534 0.0000000000
70751  34.159  -41.741  60.921 0.0000000000
70769  29.187  -41.356  61.399 0.0000000000
69563  29.139  -42.896  60.593 0.0000000000
68374  29.517  -44.188  61.161 0.0000000000
67076  28.287  -45.730  62.459 0.0000000000
67075  29.369  -45.607  62.691 0.0000000000
67094  30.844  -45.182  61.787 0.0000000000
96321  47.637  -20.816  49.089 0.0000000000
89091  36.876  -26.580  56.439 0.0000000000
87971  37.208  -27.808  55.333 0.0000000000
86908  38.157  -29.282  53.953 0.0000000000
82087  36.414  -32.089  59.159 0.0000000000
83308  35.975  -31.714  58.770 0.0000000000
83322  36.283  -31.642  57.618 0.0000000000
82116  39.979  -32.274  56.567 0.0000000000
83320  38.551  -31.716  56.748 0.0000000000
84577  36.954  -31.045  56.656 0.0000000000
85823  38.266  -30.525  55.991 0.0000000000
85839  38.609  -30.291  55.092 0.0000000000
85838  39.638  -30.380  55.075 0.0000000000
85820  41.339  -30.399  55.867 0.0000000000
73305  37.219  -39.715  60.259 0.0000000000
73281  38.863  -40.071  61.185 0.0000000000
73280  40.004  -40.291  60.931 0.0000000000
72010  41.144  -41.321  61.991 0.0000000000
73264  41.712  -40.430  61.604 0.0000000000
103386  60.080  -14.214  44.481 0.0000000000
102242  55.797  -14.985  46.563 0.0000000000
102251  56.428  -15.641  45.473 0.0000000000
99901  56.079  -17.329  45.387 0.0000000000
99912  57.382  -16.803  44.616 0.0000000000
102260  57.934  -16.087  44.686 0.0000000000
101030  59.049  -16.575  44.149 0.0000000000
101042  59.776  -16.533  43.811 0.0000000000
98665  47.104  -19.035  48.472 0.0000000000
75695  36.233  -37.557  59.255 0.0000000000
74520  35.986  -38.743  59.550 0.0000000000
99862  47.148  -18.106  48.496 0.0000000000
51676  7.623  -56.424  74.854 0.0000000000
86922  39.470  -28.851  53.045 0.0000000000
85864  40.101  -29.603  53.444 0.0000000000
63088  16.792  -47.947  67.789 0.0000000000
61757  16.699  -48.619  68.094 0.0000000000
63089  16.217  -47.652  68.455 0.0000000000
73273  30.912  -39.012  62.829 0.0000000000
65665  26.075  -46.152  67.113 0.0000000000
66995  26.222  -46.035  66.952 0.0000000000
84535  36.661  -30.941  61.611 0.0000000000
69476  23.476  -42.701  64.522 0.0000000000
69477  22.545  -42.857  65.165 0.0000000000
71960  23.280  -41.303  65.205 0.0000000000
70727  23.712  -41.520  64.307 0.0000000000
70699  23.500  -41.694  64.794 0.0000000000
73327  40.384  -39.019  59.387 0.0000000000
74515  40.633  -38.514  58.919 0.0000000000
74496  42.004  -38.930  60.021 0.0000000000
102221  49.405  -16.058  48.600 0.0000000000
102220  50.192  -15.476  49.265 0.0000000000
102232  51.291  -15.572  47.870 0.0000000000
97543  51.742  -19.801  47.457 0.0000000000
96338  52.065  -20.408  47.895 0.0000000000
96337  52.990  -20.818  48.004 0.0000000000
52869  11.720  -55.812  75.550 0.0000000000
99824  43.447  -17.308  51.571 0.0000000000
99840  43.827  -17.868  50.650 0.0000000000
94969  41.706  -21.539  51.695 0.0000000000
94968  42.687  -21.791  51.113 0.0000000000
92568  42.807  -23.127  51.367 0.0000000000
92514  39.962  -23.148  54.437 0.0000000000
72017  35.226  -40.999  61.497 0.0000000000
70737  35.323  -41.797  62.254 0.0000000000
99812  43.954  -16.695  52.910 0.0000000000
100943  43.969  -16.679  52.087 0.0000000000
63135  21.634  -47.330  66.087 0.0000000000
63112  22.329  -47.652  67.017 0.0000000000
63113  21.327  -47.886  66.787 0.0000000000
57792  16.457  -52.172  71.329 0.0000000000
56517  15.629  -52.740  71.428 0.0000000000
63043  13.978  -47.684  70.394 0.0000000000
55269  12.668  -53.983  72.075 0.0000000000
56504  9.556  -52.509  72.827 0.0000000000
76852  33.442  -35.293  64.155 0.0000000000
78164  34.033  -35.159  64.636 0.0000000000
78174  33.931  -35.149  63.551 0.0000000000
78189  33.271  -35.379  62.616 0.0000000000
76887  33.041  -35.809  61.835 0.0000000000
76888  32.457  -35.932  62.388 0.0000000000
68395  31.334  -43.035  60.496 0.0000000000
68356  31.901  -44.263  61.316 0.0000000000
67109  31.589  -44.337  61.367 0.0000000000
69521  26.934  -42.843  62.347 0.0000000000
70771  27.663  -42.508  61.610 0.0000000000
85791  35.386  -29.294  58.443 0.0000000000
86872  35.389  -28.366  58.051 0.0000000000
86892  35.702  -28.633  56.790 0.0000000000
85808  35.846  -29.612  56.687 0.0000000000
79630  40.221  -34.550  56.758 0.0000000000
80891  38.945  -33.791  57.104 0.0000000000
83304  42.664  -31.331  57.833 0.0000000000
83305  41.803  -31.243  57.628 0.0000000000
84567  40.842  -30.856  57.537 0.0000000000
85765  41.794  -30.532  57.570 0.0000000000
102239  58.070  -14.797  46.069 0.0000000000
103380  58.796  -14.925  45.611 0.0000000000
99903  54.774  -16.969  45.686 0.0000000000
71922  22.607  -40.636  66.667 0.0000000000
70674  22.186  -41.653  66.163 0.0000000000
71937  23.302  -40.237  66.056 0.0000000000
97546  49.644  -20.206  47.893 0.0000000000
75693  37.989  -37.346  58.625 0.0000000000
74537  37.511  -38.795  58.607 0.0000000000
73345  38.033  -39.146  58.606 0.0000000000
74517  39.081  -38.875  58.811 0.0000000000
73329  38.465  -39.366  59.136 0.0000000000
100939  47.417  -15.839  51.076 0.0000000000
166435  47.473  -16.175  50.252 0.0000000000
100976  48.094  -15.944  49.456 0.0000000000
100975  48.332  -16.351  49.132 0.0000000000
100974  48.889  -16.357  48.663 0.0000000000
99859  48.939  -17.469  47.879 0.0000000000
98705  49.030  -19.178  47.552 0.0000000000
99876  48.961  -18.252  47.647 0.0000000000
97566  49.723  -19.594  47.522 0.0000000000
99809  42.549  -17.520  54.241 0.0000000000
98634  42.027  -18.260  53.629 0.0000000000
97485  41.019  -19.630  53.671 0.0000000000
97484  41.494  -18.998  53.129 0.0000000000
97497  41.179  -19.724  52.861 0.0000000000
96264  41.161  -20.566  52.346 0.0000000000
90260  39.645  -26.020  52.842 0.0000000000
89141  39.751  -26.682  52.947 0.0000000000
86939  40.663  -28.736  52.445 0.0000000000
86938  41.616  -28.618  52.271 0.0000000000
85878  42.164  -29.289  52.566 0.0000000000
85862  41.797  -29.727  53.007 0.0000000000
85849  41.880  -30.512  54.271 0.0000000000
85848  42.638  -30.323  54.129 0.0000000000
84593  42.929  -30.810  55.523 0.0000000000
85818  42.930  -30.898  55.973 0.0000000000
99808  43.170  -16.823  53.796 0.0000000000
63138  19.224  -47.141  66.364 0.0000000000
63115  19.158  -47.692  66.536 0.0000000000
60414  19.417  -49.780  69.022 0.0000000000
60415  18.634  -49.954  68.808 0.0000000000
59096  18.423  -50.346  69.485 0.0000000000
60416  17.744  -50.015  68.768 0.0000000000
60417  16.643  -49.747  68.747 0.0000000000
59098  16.582  -50.908  69.278 0.0000000000
60375  11.469  -49.645  72.254 0.0000000000
59047  11.597  -50.420  71.975 0.0000000000
59027  11.085  -50.158  72.368 0.0000000000
57735  9.950  -51.036  73.317 0.0000000000
75626  31.612  -36.925  64.629 0.0000000000
76854  32.082  -36.026  64.616 0.0000000000
75641  31.263  -36.598  63.711 0.0000000000
75655  30.993  -37.192  62.205 0.0000000000
72034  30.421  -39.922  61.195 0.0000000000
73288  30.591  -39.146  61.317 0.0000000000
72054  30.560  -40.624  60.592 0.0000000000
70795  31.044  -41.518  60.114 0.0000000000
67036  26.144  -44.582  64.645 0.0000000000
67055  26.344  -44.618  64.207 0.0000000000
67019  26.474  -45.201  65.139 0.0000000000
85767  35.471  -29.381  59.453 0.0000000000
84552  35.614  -30.457  59.768 0.0000000000
78251  43.690  -35.378  58.166 0.0000000000
79578  44.842  -34.576  59.212 0.0000000000
79579  44.333  -34.465  58.618 0.0000000000
52885  5.651  -55.901  74.537 0.0000000000
93688  40.463  -22.921  54.949 0.0000000000
91317  39.436  -24.579  55.205 0.0000000000
90221  38.249  -25.979  54.638 0.0000000000
89108  38.128  -26.737  54.435 0.0000000000
87980  37.861  -27.535  54.157 0.0000000000
67022  24.604  -45.144  65.772 0.0000000000
64419  24.507  -46.073  66.388 0.0000000000
65693  24.171  -45.656  65.714 0.0000000000
65718  22.721  -45.606  65.032 0.0000000000
64442  22.296  -46.032  65.328 0.0000000000
65695  21.723  -45.902  65.361 0.0000000000
68289  21.764  -43.317  65.507 0.0000000000
68290  21.073  -43.618  65.904 0.0000000000
67024  20.414  -44.883  66.099 0.0000000000
64424  19.875  -46.521  65.955 0.0000000000
67010  18.468  -44.877  67.259 0.0000000000
65681  18.484  -45.655  66.865 0.0000000000
67011  17.962  -45.123  67.500 0.0000000000
66997  17.483  -45.095  68.037 0.0000000000
70740  29.348  -40.364  63.457 0.0000000000
72001  28.343  -39.865  63.464 0.0000000000
72002  27.337  -39.979  62.915 0.0000000000
72003  26.445  -40.638  62.719 0.0000000000
72023  26.887  -41.124  62.230 0.0000000000
70726  24.108  -41.570  63.866 0.0000000000
71980  25.122  -40.650  63.674 0.0000000000
70725  25.068  -41.668  63.643 0.0000000000
69490  25.550  -42.999  64.022 0.0000000000
68303  24.146  -43.949  64.514 0.0000000000
68302  24.961  -44.211  64.741 0.0000000000
67037  24.623  -44.498  64.973 0.0000000000
67021  25.171  -44.783  65.908 0.0000000000
82084  38.681  -33.716  59.933 0.0000000000
79600  39.092  -34.819  58.633 0.0000000000
79615  39.324  -34.667  57.598 0.0000000000
78270  39.948  -35.345  57.284 0.0000000000
76948  39.464  -36.282  58.278 0.0000000000
74533  40.968  -37.996  58.503 0.0000000000
75726  41.403  -37.019  57.602 0.0000000000
76946  42.040  -36.758  57.684 0.0000000000
74495  43.085  -38.619  60.318 0.0000000000
75689  43.099  -37.590  59.241 0.0000000000
102151  48.915  -15.242  52.022 0.0000000000
101012  52.718  -16.749  46.495 0.0000000000
99874  50.497  -17.490  46.778 0.0000000000
99873  50.845  -16.972  46.812 0.0000000000
99891  50.953  -17.870  46.606 0.0000000000
98701  53.033  -19.268  46.651 0.0000000000
98724  52.187  -18.610  46.574 0.0000000000
99838  45.531  -17.248  50.102 0.0000000000
98655  43.595  -18.920  50.385 0.0000000000
96302  44.161  -20.665  50.330 0.0000000000
96281  43.096  -21.288  50.806 0.0000000000
96280  43.953  -21.382  50.694 0.0000000000
94966  44.557  -22.088  50.968 0.0000000000
93756  44.957  -22.528  51.274 0.0000000000
92553  45.020  -23.775  51.740 0.0000000000
96223  40.637  -20.448  54.870 0.0000000000
93748  40.341  -22.338  52.866 0.0000000000
93747  40.956  -22.203  52.191 0.0000000000
92555  41.277  -23.344  51.677 0.0000000000
90259  40.377  -25.853  52.300 0.0000000000
90258  41.384  -25.681  51.914 0.0000000000
91386  43.085  -24.674  51.465 0.0000000000
90256  43.746  -25.785  51.682 0.0000000000
74474  35.655  -39.736  61.513 0.0000000000
71997  36.177  -41.269  62.448 0.0000000000
63110  24.168  -47.292  66.914 0.0000000000
63085  24.803  -47.799  67.803 0.0000000000
57761  18.357  -51.400  72.236 0.0000000000
65653  16.994  -45.513  69.118 0.0000000000
64356  15.441  -46.394  70.180 0.0000000000
65644  15.545  -46.081  70.718 0.0000000000
63062  15.825  -47.971  69.016 0.0000000000
63063  15.059  -47.839  69.290 0.0000000000
61709  14.199  -48.855  69.874 0.0000000000
61735  14.905  -48.915  69.299 0.0000000000
59071  14.180  -50.781  69.583 0.0000000000
57794  14.394  -52.154  70.450 0.0000000000
56500  14.413  -53.308  71.754 0.0000000000
55267  14.467  -53.567  72.387 0.0000000000
55251  14.198  -54.150  73.237 0.0000000000
54108  12.371  -54.613  72.670 0.0000000000
54075  12.915  -55.222  74.480 0.0000000000
54076  12.267  -55.336  74.191 0.0000000000
52889  12.013  -55.373  74.101 0.0000000000
55283  11.447  -53.198  71.867 0.0000000000
54077  10.200  -55.746  73.727 0.0000000000
54093  8.796  -54.588  73.489 0.0000000000
57737  8.705  -52.167  73.874 0.0000000000
56483  7.523  -53.124  73.670 0.0000000000
54081  6.608  -54.434  73.686 0.0000000000
78220  34.890  -35.695  60.092 0.0000000000
78221  34.445  -35.962  60.360 0.0000000000
76903  34.307  -36.682  60.657 0.0000000000
75681  33.168  -37.675  60.648 0.0000000000
73286  33.915  -39.613  61.328 0.0000000000
74501  31.707  -38.470  60.572 0.0000000000
70767  32.905  -42.110  60.593 0.0000000000
70793  32.466  -40.837  60.363 0.0000000000
70752  33.494  -42.165  60.827 0.0000000000
69519  33.949  -42.732  61.266 0.0000000000
68353  34.276  -43.231  61.725 0.0000000000
68354  33.698  -43.496  61.672 0.0000000000
69536  28.218  -42.860  61.216 0.0000000000
70798  28.638  -42.563  60.840 0.0000000000
69564  28.653  -43.133  60.856 0.0000000000
68397  29.770  -43.455  60.660 0.0000000000
65750  27.872  -46.110  63.062 0.0000000000
65748  29.477  -46.213  63.246 0.0000000000
65747  30.110  -46.149  63.077 0.0000000000
67095  29.717  -45.043  61.839 0.0000000000
97526  45.852  -19.699  49.065 0.0000000000
97525  46.492  -20.021  48.927 0.0000000000
89076  36.856  -26.184  57.334 0.0000000000
89092  36.524  -26.901  57.127 0.0000000000
86901  36.567  -28.939  55.685 0.0000000000
86890  36.795  -28.327  55.681 0.0000000000
86900  36.954  -28.770  55.040 0.0000000000
86909  37.550  -28.969  54.307 0.0000000000
82086  37.018  -32.696  59.539 0.0000000000
83288  36.889  -31.910  60.289 0.0000000000
82119  37.004  -32.515  57.531 0.0000000000
82120  36.575  -32.431  57.956 0.0000000000
83321  37.487  -31.709  57.087 0.0000000000
80889  42.353  -33.357  56.691 0.0000000000
82127  41.433  -33.182  56.483 0.0000000000
82114  41.746  -32.667  56.665 0.0000000000
83307  40.321  -31.222  57.352 0.0000000000
83319  39.640  -31.568  56.786 0.0000000000
84576  38.081  -31.010  56.509 0.0000000000
84587  37.532  -30.623  56.280 0.0000000000
85807  38.738  -30.756  56.435 0.0000000000
85805  40.288  -30.285  56.680 0.0000000000
85822  39.431  -30.222  56.007 0.0000000000
85837  40.612  -30.306  55.041 0.0000000000
85787  42.662  -30.056  57.674 0.0000000000
73284  36.443  -39.894  61.158 0.0000000000
73306  36.339  -39.520  60.405 0.0000000000
73283  36.999  -40.144  60.972 0.0000000000
72012  38.940  -40.899  61.987 0.0000000000
72030  39.302  -40.710  61.410 0.0000000000
73278  42.214  -39.689  61.293 0.0000000000
103379  59.237  -14.752  45.387 0.0000000000
103378  59.614  -13.959  45.758 0.0000000000
103396  59.772  -15.374  43.726 0.0000000000
102230  53.582  -15.240  47.397 0.0000000000
102252  55.571  -15.838  45.712 0.0000000000
99899  58.333  -17.772  44.971 0.0000000000
99900  57.120  -17.378  44.914 0.0000000000
99911  57.880  -17.100  44.442 0.0000000000
101032  57.652  -16.397  44.647 0.0000000000
101031  58.266  -16.551  44.428 0.0000000000
102259  58.361  -15.894  44.701 0.0000000000
97547  48.636  -19.933  47.902 0.0000000000
97548  47.873  -20.277  48.402 0.0000000000
96343  48.179  -20.807  48.860 0.0000000000
75694  37.190  -37.712  58.790 0.0000000000
73330  37.412  -39.356  59.217 0.0000000000
99836  47.121  -16.828  49.745 0.0000000000
99821  47.140  -16.357  50.451 0.0000000000
99851  47.532  -17.201  49.106 0.0000000000
99850  48.144  -17.185  48.819 0.0000000000
99860  48.419  -17.729  48.144 0.0000000000
52872  8.800  -56.546  75.288 0.0000000000
98630  41.985  -18.309  54.647 0.0000000000
97486  40.769  -19.851  54.175 0.0000000000
87994  39.660  -27.443  52.857 0.0000000000
88015  39.548  -28.139  52.699 0.0000000000
86940  39.935  -28.567  52.606 0.0000000000
85863  40.906  -29.609  53.045 0.0000000000
85836  41.501  -30.768  54.959 0.0000000000
63116  18.167  -47.666  66.868 0.0000000000
61776  17.993  -48.457  67.069 0.0000000000
60439  16.656  -49.135  68.356 0.0000000000
60352  10.833  -49.479  72.881 0.0000000000
74464  30.897  -38.262  63.455 0.0000000000
74475  30.785  -38.195  62.425 0.0000000000
70768  29.929  -40.528  61.551 0.0000000000
67006  26.391  -45.506  65.859 0.0000000000
67007  26.083  -45.435  66.353 0.0000000000
84536  36.185  -30.625  60.623 0.0000000000
76925  44.006  -36.176  59.373 0.0000000000
78216  44.384  -35.806  59.647 0.0000000000
90201  38.176  -25.033  56.237 0.0000000000
69457  20.641  -43.195  66.719 0.0000000000
68292  19.743  -44.226  66.720 0.0000000000
67009  19.057  -44.702  66.883 0.0000000000
73228  23.909  -39.956  64.855 0.0000000000
71958  24.029  -40.165  64.578 0.0000000000
71982  23.785  -41.045  64.133 0.0000000000
80859  39.049  -33.980  59.713 0.0000000000
79599  39.224  -34.575  59.480 0.0000000000
78254  39.396  -35.494  58.356 0.0000000000
74534  40.103  -38.054  58.357 0.0000000000
75690  42.398  -37.832  58.979 0.0000000000
166430  50.119  -15.311  50.213 0.0000000000
102231  52.335  -15.230  47.624 0.0000000000
97564  51.300  -19.226  47.121 0.0000000000
98702  51.100  -18.731  46.905 0.0000000000
97563  52.372  -19.722  47.112 0.0000000000
96352  53.855  -20.268  47.545 0.0000000000
96353  53.260  -20.400  47.504 0.0000000000
96263  41.783  -20.272  51.727 0.0000000000
96282  42.337  -20.810  51.243 0.0000000000
93757  44.350  -22.783  51.308 0.0000000000
91405  43.855  -24.095  51.386 0.0000000000
93710  40.379  -22.302  54.534 0.0000000000
94926  40.398  -21.509  54.009 0.0000000000
92536  40.063  -22.503  53.851 0.0000000000
89137  43.288  -26.706  51.779 0.0000000000
73285  34.631  -39.487  61.514 0.0000000000
73271  35.385  -40.149  61.627 0.0000000000
71998  35.688  -41.113  62.101 0.0000000000
100926  44.581  -16.387  54.030 0.0000000000
100942  44.766  -16.501  51.847 0.0000000000
63111  23.235  -47.547  66.917 0.0000000000
61771  22.593  -48.101  67.595 0.0000000000
57820  17.503  -51.213  70.356 0.0000000000
57791  17.626  -51.406  71.222 0.0000000000
56479  15.356  -53.120  72.932 0.0000000000
64357  14.796  -46.742  70.604 0.0000000000
63042  14.584  -47.433  69.875 0.0000000000
59045  12.908  -50.643  70.847 0.0000000000
56501  13.619  -53.279  71.391 0.0000000000
54106  13.813  -54.319  72.872 0.0000000000
54107  13.266  -54.404  72.757 0.0000000000
56503  10.333  -52.615  72.355 0.0000000000
55240  6.554  -53.548  73.487 0.0000000000
78188  34.252  -35.146  62.331 0.0000000000
76904  33.441  -36.238  61.076 0.0000000000
75669  32.905  -37.096  60.909 0.0000000000
75682  32.637  -37.769  60.621 0.0000000000
72053  31.365  -40.514  60.266 0.0000000000
72052  32.067  -40.295  60.031 0.0000000000
69535  32.447  -42.722  60.544 0.0000000000
68355  32.576  -43.918  61.349 0.0000000000
69537  27.803  -43.300  61.737 0.0000000000
68376  28.104  -43.823  61.876 0.0000000000
65715  27.952  -45.951  64.951 0.0000000000
65734  28.283  -46.285  63.849 0.0000000000
65714  28.797  -46.658  64.511 0.0000000000
87943  35.623  -27.499  58.535 0.0000000000
87952  36.141  -27.540  57.423 0.0000000000
86881  36.056  -28.105  56.926 0.0000000000
86891  36.316  -28.472  56.309 0.0000000000
80879  38.198  -33.493  58.265 0.0000000000
80880  37.371  -33.306  58.587 0.0000000000
80892  38.281  -33.131  57.323 0.0000000000
80903  39.565  -33.172  56.531 0.0000000000
82113  42.669  -32.615  57.122 0.0000000000
83316  42.206  -31.948  57.344 0.0000000000
84568  39.868  -30.880  57.231 0.0000000000
85790  40.273  -30.559  57.157 0.0000000000
85789  41.126  -30.572  57.172 0.0000000000
85804  41.209  -30.389  56.633 0.0000000000
73248  37.356  -41.003  62.014 0.0000000000
73268  37.486  -40.616  61.657 0.0000000000
72013  38.081  -41.039  62.068 0.0000000000
71993  39.493  -41.452  62.827 0.0000000000
102258  59.032  -15.565  44.625 0.0000000000
102243  54.632  -15.527  46.318 0.0000000000
101022  54.971  -16.670  45.641 0.0000000000
101021  55.514  -16.602  45.527 0.0000000000
99898  59.317  -17.905  45.017 0.0000000000
73213  23.872  -39.744  65.474 0.0000000000
96339  51.187  -20.478  48.246 0.0000000000
96341  49.520  -20.893  48.399 0.0000000000
96318  50.399  -21.413  49.024 0.0000000000
75692  38.637  -37.071  58.336 0.0000000000
75714  37.785  -38.110  58.378 0.0000000000
74535  39.199  -38.277  58.317 0.0000000000
73302  40.303  -39.746  59.926 0.0000000000
166433  48.131  -15.693  50.669 0.0000000000
166432  47.720  -16.120  49.762 0.0000000000
100958  48.127  -15.757  49.628 0.0000000000
166441  48.493  -15.642  49.880 0.0000000000
166443  48.971  -15.855  49.250 0.0000000000
100987  49.909  -16.225  47.996 0.0000000000
97565  50.459  -19.373  47.323 0.0000000000
98638  42.657  -17.718  52.029 0.0000000000
91360  39.465  -24.985  53.066 0.0000000000
88012  41.909  -27.736  51.996 0.0000000000
86937  42.700  -28.733  52.209 0.0000000000
86919  43.502  -29.050  52.708 0.0000000000
85847  43.679  -30.076  54.055 0.0000000000
84605  42.430  -30.185  53.703 0.0000000000
69507  34.988  -42.617  62.283 0.0000000000
68334  35.241  -43.195  62.588 0.0000000000
63114  20.292  -48.061  66.548 0.0000000000
61775  18.838  -48.518  67.026 0.0000000000
61754  19.390  -48.921  67.919 0.0000000000
60435  19.738  -49.369  68.588 0.0000000000
59068  17.819  -50.897  70.312 0.0000000000
59097  17.580  -50.636  69.547 0.0000000000
57840  17.589  -51.013  69.983 0.0000000000
59046  12.161  -50.562  71.369 0.0000000000
57798  10.909  -51.640  71.992 0.0000000000
59028  10.612  -50.394  72.713 0.0000000000
57765  10.311  -51.410  72.694 0.0000000000
76853  32.943  -35.607  64.833 0.0000000000
78176  32.697  -35.505  63.504 0.0000000000
76906  32.153  -36.505  61.853 0.0000000000
76889  31.672  -36.451  62.321 0.0000000000
73287  30.945  -38.844  60.718 0.0000000000
74476  30.781  -38.608  61.678 0.0000000000
74489  30.855  -38.683  61.250 0.0000000000
68396  30.614  -43.264  60.570 0.0000000000
68339  26.433  -43.700  63.465 0.0000000000
68338  26.745  -43.871  63.003 0.0000000000
68316  26.523  -44.078  63.580 0.0000000000
67054  26.622  -44.825  63.744 0.0000000000
65691  27.067  -46.033  65.654 0.0000000000
94964  46.527  -22.267  51.346 0.0000000000
84569  35.416  -30.151  57.958 0.0000000000
78268  42.257  -35.408  57.052 0.0000000000
79613  41.772  -34.745  56.627 0.0000000000
79612  42.639  -34.273  56.849 0.0000000000
79611  43.431  -34.043  57.284 0.0000000000
79598  43.816  -34.265  57.929 0.0000000000
82103  43.407  -32.514  57.570 0.0000000000
82083  44.001  -32.446  58.293 0.0000000000
103372  57.050  -14.764  46.716 0.0000000000
98721  55.317  -18.726  46.364 0.0000000000
51677  6.815  -56.233  74.724 0.0000000000
94902  41.039  -21.387  55.640 0.0000000000
93709  40.954  -21.894  55.399 0.0000000000
91334  39.811  -23.984  54.794 0.0000000000
89107  38.720  -26.278  54.084 0.0000000000
86923  38.658  -28.901  53.513 0.0000000000
65679  25.519  -45.830  66.640 0.0000000000
64397  25.093  -46.286  66.725 0.0000000000
65717  23.537  -45.453  65.042 0.0000000000
65694  23.493  -45.985  65.461 0.0000000000
65720  21.397  -45.191  65.203 0.0000000000
65696  21.139  -45.638  65.447 0.0000000000
64423  20.874  -46.535  65.758 0.0000000000
64426  18.666  -46.198  66.550 0.0000000000
64400  18.440  -46.659  66.764 0.0000000000
64401  17.526  -46.751  67.402 0.0000000000
70754  29.982  -40.019  62.960 0.0000000000
72021  28.073  -40.238  62.525 0.0000000000
69522  26.450  -42.269  62.809 0.0000000000
73241  24.845  -40.128  64.018 0.0000000000
72004  25.736  -40.667  63.326 0.0000000000
70742  25.961  -41.653  63.144 0.0000000000
69509  26.243  -42.985  63.210 0.0000000000
68301  25.548  -44.070  64.447 0.0000000000
69474  25.081  -43.412  64.313 0.0000000000
68287  25.409  -44.422  64.952 0.0000000000
83271  37.008  -31.901  61.163 0.0000000000
80860  38.372  -33.849  59.274 0.0000000000
79614  39.884  -34.761  57.108 0.0000000000
78287  40.453  -34.977  56.748 0.0000000000
78253  39.919  -36.030  57.775 0.0000000000
76959  40.562  -36.132  57.297 0.0000000000
78269  41.054  -35.451  56.704 0.0000000000
76957  42.329  -36.139  57.565 0.0000000000
76945  42.887  -36.494  58.219 0.0000000000
76926  43.607  -36.910  59.034 0.0000000000
101011  53.605  -16.671  46.185 0.0000000000
101003  50.440  -16.620  47.232 0.0000000000
98725  51.238  -18.397  46.708 0.0000000000
99889  52.476  -17.632  46.501 0.0000000000
98722  54.185  -18.475  46.376 0.0000000000
98666  46.636  -18.716  48.653 0.0000000000
97514  43.425  -19.909  50.332 0.0000000000
97515  42.708  -20.207  50.682 0.0000000000
96279  44.861  -21.496  50.558 0.0000000000
93746  44.794  -23.265  51.549 0.0000000000
97470  40.708  -19.960  54.642 0.0000000000
96265  40.651  -20.607  53.047 0.0000000000
92569  42.019  -22.996  51.276 0.0000000000
91406  43.148  -23.798  51.334 0.0000000000
90255  44.920  -25.922  51.736 0.0000000000
74498  35.621  -39.029  60.326 0.0000000000
74497  36.023  -39.522  60.915 0.0000000000
74484  36.135  -39.784  61.310 0.0000000000
74473  36.102  -40.021  61.621 0.0000000000
74462  36.726  -40.490  61.711 0.0000000000
100940  46.509  -16.085  51.152 0.0000000000
100941  45.599  -16.226  51.559 0.0000000000
100959  46.362  -16.468  50.631 0.0000000000
99837  46.427  -16.884  50.081 0.0000000000
63086  23.732  -47.920  67.687 0.0000000000
65667  16.613  -46.365  68.546 0.0000000000
64384  16.218  -46.695  68.644 0.0000000000
59099  15.595  -50.977  69.336 0.0000000000
57843  15.305  -51.428  69.507 0.0000000000
63044  13.550  -47.971  71.130 0.0000000000
59072  13.533  -50.675  70.199 0.0000000000
57823  14.803  -51.639  69.826 0.0000000000
57793  15.349  -52.325  70.622 0.0000000000
56499  15.234  -53.166  71.956 0.0000000000
55236  15.055  -53.523  73.770 0.0000000000
52879  12.086  -55.496  74.657 0.0000000000
55270  11.664  -53.809  72.212 0.0000000000
54109  11.365  -54.689  72.638 0.0000000000
55271  10.727  -53.756  72.362 0.0000000000
52883  7.513  -55.767  74.237 0.0000000000
57709  9.087  -51.096  74.282 0.0000000000
54094  8.105  -54.388  73.541 0.0000000000
52884  6.470  -55.422  74.091 0.0000000000
82051  38.550  -33.088  62.074 0.0000000000
76931  36.252  -36.675  59.453 0.0000000000
76918  35.479  -36.564  59.642 0.0000000000
78204  36.038  -35.505  60.645 0.0000000000
78219  35.638  -35.678  60.091 0.0000000000
76902  34.810  -37.309  60.117 0.0000000000
75683  32.138  -37.958  60.631 0.0000000000
74500  32.508  -38.543  60.457 0.0000000000
72051  32.719  -40.285  60.480 0.0000000000
73308  33.050  -39.445  60.642 0.0000000000
72032  33.644  -40.518  60.752 0.0000000000
69518  34.508  -42.651  61.730 0.0000000000
70797  29.072  -42.064  60.577 0.0000000000
69562  29.887  -42.620  60.468 0.0000000000
68373  30.467  -43.949  61.070 0.0000000000
68358  28.307  -44.394  61.874 0.0000000000
65749  28.743  -46.155  63.131 0.0000000000
67096  28.721  -45.143  62.000 0.0000000000
68357  28.905  -44.600  61.529 0.0000000000
67111  30.332  -44.606  61.426 0.0000000000
67110  31.103  -44.475  61.382 0.0000000000
96322  46.962  -20.905  49.261 0.0000000000
94963  47.270  -22.396  51.702 0.0000000000
90202  37.373  -25.547  56.778 0.0000000000
89099  37.314  -26.885  55.602 0.0000000000
87962  36.869  -27.608  56.036 0.0000000000
89109  37.615  -27.205  54.866 0.0000000000
87981  37.409  -28.051  54.580 0.0000000000
86924  37.935  -28.694  53.740 0.0000000000
83289  36.157  -31.588  59.801 0.0000000000
82105  36.830  -32.930  58.278 0.0000000000
82106  36.479  -32.302  58.537 0.0000000000
83290  35.506  -31.106  59.141 0.0000000000
83309  35.529  -31.015  58.293 0.0000000000
83323  35.673  -30.717  57.575 0.0000000000
84579  35.624  -30.154  57.407 0.0000000000
80901  41.189  -33.649  56.461 0.0000000000
82129  40.191  -32.888  56.402 0.0000000000
82117  39.039  -32.597  56.732 0.0000000000
82115  40.806  -32.388  56.642 0.0000000000
84578  35.969  -30.382  56.850 0.0000000000
84588  36.784  -30.337  56.385 0.0000000000
85824  37.128  -30.160  55.824 0.0000000000
85840  37.552  -29.790  55.094 0.0000000000
85853  38.123  -29.668  54.506 0.0000000000
85852  38.900  -29.796  54.241 0.0000000000
85851  39.901  -30.064  54.207 0.0000000000
85803  42.180  -30.596  56.671 0.0000000000
85819  42.249  -30.799  55.681 0.0000000000
73332  36.121  -39.271  59.821 0.0000000000
73331  36.577  -39.302  59.609 0.0000000000
73304  38.169  -39.818  60.155 0.0000000000
73282  37.868  -40.004  61.072 0.0000000000
73303  39.230  -39.887  60.073 0.0000000000
71992  40.464  -41.465  62.850 0.0000000000
73265  40.864  -40.734  61.340 0.0000000000
73279  41.348  -39.853  60.648 0.0000000000
102241  56.754  -14.974  45.959 0.0000000000
102250  57.488  -15.614  45.125 0.0000000000
99886  55.722  -17.970  45.806 0.0000000000
101019  56.978  -16.326  44.838 0.0000000000
101043  59.279  -16.109  44.043 0.0000000000
102271  59.520  -15.736  43.909 0.0000000000
55249  15.198  -53.362  73.440 0.0000000000
57842  15.553  -51.450  69.511 0.0000000000
59070  15.799  -51.456  69.521 0.0000000000
64425  19.078  -46.549  66.333 0.0000000000
64443  21.954  -45.979  65.362 0.0000000000
65699  18.796  -45.990  66.445 0.0000000000
65719  21.840  -45.516  65.084 0.0000000000
65732  29.918  -46.445  63.772 0.0000000000
66994  26.206  -45.893  66.768 0.0000000000
67035  26.454  -44.983  64.448 0.0000000000
67041  21.571  -44.928  64.954 0.0000000000
67097  28.016  -44.964  62.206 0.0000000000
68394  31.622  -42.901  60.457 0.0000000000
68398  29.069  -43.529  60.807 0.0000000000
69493  23.670  -42.029  64.422 0.0000000000
70675  21.690  -42.106  66.439 0.0000000000
72014  37.609  -41.051  62.041 0.0000000000
72031  38.999  -40.593  61.487 0.0000000000
73249  36.915  -40.817  61.961 0.0000000000
73256  26.075  -40.256  63.371 0.0000000000
73266  38.776  -40.583  61.487 0.0000000000
73270  35.907  -40.228  61.767 0.0000000000
73326  40.940  -38.823  59.268 0.0000000000
74463  36.488  -40.433  61.759 0.0000000000
74472  36.423  -40.183  61.516 0.0000000000
74518  37.160  -38.990  58.813 0.0000000000
74538  37.176  -38.340  58.650 0.0000000000
75625  32.165  -36.055  65.141 0.0000000000
75627  31.001  -37.657  63.990 0.0000000000
75676  43.629  -37.924  59.623 0.0000000000
75691  38.931  -36.910  58.200 0.0000000000
76870  33.347  -35.244  63.761 0.0000000000
76871  32.963  -35.484  63.890 0.0000000000
76873  31.218  -36.602  63.040 0.0000000000
78175  33.096  -35.246  63.413 0.0000000000
78231  44.712  -35.180  59.569 0.0000000000
80900  41.739  -33.359  56.509 0.0000000000
82128  40.948  -33.078  56.415 0.0000000000
82130  39.687  -32.722  56.508 0.0000000000
83303  43.444  -31.634  58.042 0.0000000000
83317  41.352  -31.868  57.133 0.0000000000
84550  41.782  -30.697  57.917 0.0000000000
84566  41.272  -31.070  57.634 0.0000000000
84584  42.738  -30.844  55.686 0.0000000000
84586  37.952  -30.712  56.264 0.0000000000
84594  42.693  -30.819  55.420 0.0000000000
84599  42.429  -30.286  53.933 0.0000000000
84600  42.186  -30.316  53.884 0.0000000000
84606  42.064  -30.119  53.470 0.0000000000
84607  41.462  -30.093  53.427 0.0000000000
85826  35.805  -29.126  56.550 0.0000000000
85835  42.404  -30.817  54.899 0.0000000000
85877  42.660  -29.317  52.573 0.0000000000
87942  36.025  -27.273  58.063 0.0000000000
87953  35.655  -27.748  57.852 0.0000000000
87997  37.650  -28.229  53.964 0.0000000000
89121  39.819  -26.970  53.015 0.0000000000
91404  44.564  -24.230  51.571 0.0000000000
93711  40.112  -22.495  54.161 0.0000000000
93733  40.217  -22.312  54.039 0.0000000000
95002  51.788  -21.456  49.361 0.0000000000
96205  40.864  -20.332  55.307 0.0000000000
97455  40.737  -20.076  55.054 0.0000000000
97581  51.342  -18.838  46.885 0.0000000000
98726  50.784  -18.067  46.656 0.0000000000
100934  43.956  -16.694  52.634 0.0000000000
102248  58.898  -15.111  45.264 0.0000000000
