#!ascii label  , from subject 3251 vox2ras=TkReg
949
55586  -38.799  -20.807  62.945 0.0000000000
55556  -22.205  -21.023  65.012 0.0000000000
54497  -28.494  -21.512  61.908 0.0000000000
76419  -46.993  -2.392  42.384 0.0000000000
80546  -55.146  1.071  35.869 0.0000000000
54362  -18.331  -21.243  71.268 0.0000000000
142135  -43.906  -4.801  44.802 0.0000000000
58939  -40.720  -18.150  59.413 0.0000000000
141310  -32.370  -23.526  60.963 0.0000000000
53370  -18.169  -22.036  68.326 0.0000000000
52273  -21.138  -24.023  72.930 0.0000000000
54516  -36.133  -21.251  60.819 0.0000000000
56787  -36.238  -20.228  58.505 0.0000000000
56697  -25.400  -19.107  63.829 0.0000000000
56764  -29.719  -19.976  58.620 0.0000000000
65726  -39.807  -11.312  47.638 0.0000000000
68219  -42.845  -8.577  45.564 0.0000000000
73171  -46.584  -5.858  43.062 0.0000000000
48895  -12.854  -26.734  73.319 0.0000000000
46657  -10.551  -29.166  76.900 0.0000000000
60112  -34.842  -17.026  53.627 0.0000000000
64454  -33.951  -12.759  52.901 0.0000000000
65682  -36.036  -11.976  50.255 0.0000000000
51132  -17.629  -24.709  71.961 0.0000000000
54441  -22.812  -22.254  67.894 0.0000000000
55542  -24.388  -20.388  66.398 0.0000000000
53423  -35.996  -22.849  62.613 0.0000000000
56620  -22.100  -19.422  67.384 0.0000000000
54450  -20.392  -21.899  66.797 0.0000000000
53357  -21.590  -23.073  69.270 0.0000000000
55630  -34.897  -20.961  61.441 0.0000000000
54582  -32.324  -21.808  56.426 0.0000000000
69434  -39.867  -8.604  47.282 0.0000000000
67012  -41.335  -9.878  46.639 0.0000000000
69450  -41.321  -7.572  45.694 0.0000000000
75456  -44.218  -4.650  43.050 0.0000000000
75465  -45.989  -3.653  41.904 0.0000000000
73173  -48.797  -5.363  43.009 0.0000000000
75467  -47.704  -3.379  40.991 0.0000000000
76457  -49.692  -2.028  39.723 0.0000000000
58954  -35.942  -18.127  57.993 0.0000000000
57908  -35.275  -19.122  54.836 0.0000000000
61068  -35.168  -15.543  57.509 0.0000000000
65598  -32.742  -11.510  54.989 0.0000000000
66898  -33.633  -10.189  53.085 0.0000000000
65665  -35.082  -12.100  51.488 0.0000000000
68133  -35.518  -9.926  51.070 0.0000000000
68148  -37.162  -9.732  50.027 0.0000000000
55582  -27.304  -20.115  63.616 0.0000000000
53294  -15.380  -22.240  71.652 0.0000000000
53309  -17.858  -22.692  69.788 0.0000000000
139389  -10.766  -31.400  78.207 0.0000000000
42028  -8.021  -32.335  78.787 0.0000000000
71909  -42.856  -6.513  46.246 0.0000000000
61057  -39.649  -15.814  58.217 0.0000000000
53454  -29.978  -22.775  61.005 0.0000000000
53328  -19.118  -22.070  70.008 0.0000000000
52291  -19.485  -23.755  70.920 0.0000000000
52318  -19.914  -23.601  69.886 0.0000000000
79513  -58.209  0.762  35.001 0.0000000000
54499  -37.141  -21.571  62.143 0.0000000000
56729  -38.982  -19.855  61.200 0.0000000000
55613  -36.914  -20.477  61.047 0.0000000000
57754  -22.747  -18.638  65.194 0.0000000000
56685  -24.174  -19.649  64.512 0.0000000000
58888  -24.048  -17.968  63.605 0.0000000000
57792  -25.797  -18.159  62.500 0.0000000000
56724  -27.023  -19.042  61.751 0.0000000000
57818  -28.326  -18.637  60.060 0.0000000000
55646  -28.432  -20.474  59.195 0.0000000000
54548  -30.265  -22.471  58.511 0.0000000000
141346  -34.452  -22.663  60.289 0.0000000000
65699  -40.665  -12.636  49.886 0.0000000000
142117  -42.647  -6.127  44.540 0.0000000000
69453  -44.494  -7.595  44.729 0.0000000000
77457  -51.830  -1.064  38.755 0.0000000000
47788  -11.672  -27.664  74.995 0.0000000000
45538  -12.367  -29.652  76.924 0.0000000000
57860  -38.680  -18.937  58.627 0.0000000000
58992  -38.445  -17.533  56.072 0.0000000000
61114  -37.648  -15.802  55.063 0.0000000000
63280  -33.069  -13.791  56.096 0.0000000000
62213  -33.879  -14.629  53.758 0.0000000000
63295  -36.532  -13.852  54.984 0.0000000000
65618  -36.535  -12.693  54.442 0.0000000000
65636  -38.297  -12.129  53.255 0.0000000000
64470  -39.108  -12.740  51.733 0.0000000000
64512  -38.023  -12.190  48.989 0.0000000000
68164  -38.729  -9.060  49.167 0.0000000000
56659  -26.267  -20.008  66.948 0.0000000000
51104  -13.602  -23.905  74.042 0.0000000000
50051  -15.158  -25.276  71.211 0.0000000000
52252  -19.287  -24.305  73.002 0.0000000000
42020  -6.464  -32.735  79.362 0.0000000000
54453  -22.717  -21.935  66.687 0.0000000000
55541  -23.685  -20.995  66.699 0.0000000000
54465  -23.260  -21.234  65.727 0.0000000000
54485  -37.493  -21.958  63.185 0.0000000000
56655  -21.592  -20.056  65.856 0.0000000000
55522  -21.140  -20.809  66.524 0.0000000000
54463  -21.741  -21.388  65.488 0.0000000000
53397  -21.708  -22.512  66.801 0.0000000000
69422  -41.027  -8.087  47.804 0.0000000000
69435  -40.201  -8.229  46.874 0.0000000000
70678  -41.321  -7.665  47.281 0.0000000000
75447  -46.237  -3.088  43.135 0.0000000000
75457  -45.267  -3.661  42.360 0.0000000000
75458  -46.156  -2.913  41.997 0.0000000000
75466  -46.752  -3.387  41.500 0.0000000000
76435  -47.017  -2.556  41.519 0.0000000000
77429  -48.074  -1.466  40.872 0.0000000000
61069  -35.605  -16.471  57.550 0.0000000000
68097  -34.238  -9.405  53.724 0.0000000000
66913  -34.622  -10.160  51.782 0.0000000000
68099  -36.293  -8.975  53.009 0.0000000000
68119  -36.700  -9.242  51.944 0.0000000000
54483  -27.890  -20.852  63.252 0.0000000000
54476  -28.351  -21.591  64.019 0.0000000000
53421  -28.965  -22.297  63.772 0.0000000000
54346  -17.097  -21.308  72.509 0.0000000000
54361  -17.829  -21.311  71.040 0.0000000000
80544  -53.777  0.055  36.973 0.0000000000
43247  -8.960  -32.213  78.393 0.0000000000
57809  -41.656  -18.590  61.401 0.0000000000
60024  -40.387  -17.142  58.790 0.0000000000
141309  -31.507  -23.454  61.284 0.0000000000
141295  -32.792  -23.658  63.262 0.0000000000
55479  -19.761  -21.394  68.836 0.0000000000
55458  -19.329  -21.371  69.601 0.0000000000
55425  -19.796  -20.991  71.528 0.0000000000
53341  -18.022  -21.968  69.953 0.0000000000
52317  -18.520  -23.544  69.824 0.0000000000
52329  -17.891  -23.604  68.978 0.0000000000
53358  -22.505  -22.691  69.593 0.0000000000
53343  -21.778  -23.241  70.306 0.0000000000
54498  -36.254  -21.805  61.556 0.0000000000
54517  -37.377  -20.834  61.588 0.0000000000
58862  -23.274  -17.977  64.982 0.0000000000
58876  -23.590  -18.187  64.180 0.0000000000
58877  -23.915  -17.494  64.273 0.0000000000
59990  -25.667  -16.879  62.615 0.0000000000
58901  -26.323  -17.318  62.247 0.0000000000
57803  -26.613  -18.141  61.807 0.0000000000
58912  -26.883  -17.795  61.604 0.0000000000
57838  -29.078  -19.236  59.580 0.0000000000
57837  -28.610  -19.181  59.070 0.0000000000
56762  -28.048  -19.489  59.148 0.0000000000
56763  -28.868  -19.907  58.315 0.0000000000
54547  -29.308  -21.814  58.874 0.0000000000
55661  -29.216  -21.050  57.854 0.0000000000
141326  -34.940  -21.399  58.613 0.0000000000
141343  -32.983  -22.192  56.918 0.0000000000
141348  -35.452  -21.651  60.202 0.0000000000
53456  -35.328  -22.280  61.018 0.0000000000
65712  -40.210  -12.406  48.537 0.0000000000
65700  -41.345  -12.194  49.538 0.0000000000
65713  -41.499  -11.918  48.572 0.0000000000
67013  -42.401  -9.859  46.534 0.0000000000
66995  -43.405  -10.616  47.477 0.0000000000
142131  -43.743  -5.921  45.828 0.0000000000
71920  -41.904  -6.083  45.594 0.0000000000
142118  -43.176  -5.267  44.525 0.0000000000
142109  -45.121  -5.917  43.221 0.0000000000
69460  -44.073  -6.164  43.745 0.0000000000
142110  -46.193  -6.597  44.122 0.0000000000
142088  -45.939  -7.483  45.356 0.0000000000
76467  -50.646  -1.604  39.491 0.0000000000
78448  -51.179  -0.465  39.043 0.0000000000
78453  -52.094  -0.368  38.219 0.0000000000
50010  -12.650  -25.126  74.461 0.0000000000
48862  -11.950  -26.289  75.972 0.0000000000
48884  -12.070  -26.875  73.967 0.0000000000
46660  -12.826  -28.934  76.524 0.0000000000
45524  -12.691  -30.105  78.734 0.0000000000
56769  -38.186  -19.654  59.713 0.0000000000
56746  -38.710  -19.669  60.247 0.0000000000
57859  -37.892  -19.422  58.565 0.0000000000
59009  -35.168  -17.979  54.656 0.0000000000
57910  -37.086  -18.572  55.264 0.0000000000
59028  -36.776  -17.431  54.049 0.0000000000
60094  -37.965  -16.505  55.304 0.0000000000
60133  -36.439  -16.524  53.741 0.0000000000
65565  -33.211  -11.647  57.184 0.0000000000
64453  -33.100  -12.626  53.263 0.0000000000
63307  -32.462  -13.007  54.229 0.0000000000
63309  -34.302  -13.996  53.439 0.0000000000
62215  -36.059  -14.565  54.343 0.0000000000
64439  -35.488  -13.326  53.949 0.0000000000
65599  -36.755  -12.878  55.101 0.0000000000
65633  -35.355  -12.815  53.139 0.0000000000
65681  -35.431  -11.842  50.805 0.0000000000
65649  -36.084  -12.646  52.378 0.0000000000
65667  -37.192  -12.836  51.235 0.0000000000
65651  -38.670  -12.540  52.435 0.0000000000
64482  -37.675  -12.926  50.623 0.0000000000
64498  -38.268  -12.947  49.902 0.0000000000
64497  -37.189  -12.421  49.749 0.0000000000
68136  -38.428  -9.257  51.003 0.0000000000
68149  -37.897  -9.499  49.802 0.0000000000
68150  -39.100  -9.215  50.174 0.0000000000
56686  -25.166  -19.415  64.355 0.0000000000
56672  -25.415  -19.769  65.486 0.0000000000
56687  -26.049  -19.730  65.007 0.0000000000
52287  -16.384  -23.910  69.969 0.0000000000
51130  -15.099  -24.385  70.402 0.0000000000
50039  -16.086  -25.317  72.080 0.0000000000
52272  -20.207  -24.226  72.492 0.0000000000
52271  -19.465  -24.206  72.048 0.0000000000
52253  -19.828  -24.274  73.381 0.0000000000
54427  -23.735  -21.819  69.420 0.0000000000
55504  -24.275  -21.132  69.264 0.0000000000
55505  -25.106  -20.333  69.044 0.0000000000
55525  -25.292  -20.131  68.344 0.0000000000
141315  -33.944  -23.280  61.345 0.0000000000
141316  -34.398  -23.388  63.229 0.0000000000
56619  -21.609  -20.139  67.993 0.0000000000
55502  -21.032  -20.852  67.472 0.0000000000
54439  -19.179  -22.367  67.542 0.0000000000
52343  -19.110  -23.398  68.222 0.0000000000
53386  -21.062  -22.900  67.446 0.0000000000
53373  -22.276  -22.675  68.563 0.0000000000
54515  -35.423  -21.249  60.131 0.0000000000
55612  -35.777  -20.540  61.283 0.0000000000
56785  -30.690  -20.536  57.727 0.0000000000
55663  -30.916  -20.805  57.108 0.0000000000
141323  -34.124  -20.619  57.393 0.0000000000
68191  -39.686  -9.299  47.233 0.0000000000
66992  -40.140  -10.435  47.159 0.0000000000
68201  -40.408  -9.078  46.579 0.0000000000
68202  -41.485  -8.787  45.924 0.0000000000
68217  -41.678  -8.070  45.470 0.0000000000
142136  -43.867  -4.522  44.326 0.0000000000
75446  -45.141  -3.580  43.461 0.0000000000
74387  -45.173  -4.802  42.296 0.0000000000
74388  -46.039  -4.988  42.200 0.0000000000
73172  -47.793  -5.601  42.958 0.0000000000
74389  -47.006  -5.035  42.222 0.0000000000
74407  -48.395  -4.316  41.475 0.0000000000
75468  -48.840  -3.595  40.861 0.0000000000
75481  -49.238  -2.811  40.340 0.0000000000
77449  -48.731  -1.667  40.199 0.0000000000
47801  -14.168  -27.010  73.622 0.0000000000
47800  -13.423  -27.304  73.754 0.0000000000
48874  -14.762  -27.181  75.579 0.0000000000
57858  -35.730  -19.351  58.042 0.0000000000
56803  -36.116  -20.206  57.345 0.0000000000
57875  -35.424  -19.076  57.095 0.0000000000
58991  -35.117  -18.276  55.468 0.0000000000
61112  -34.528  -16.378  55.130 0.0000000000
65582  -33.151  -11.504  56.107 0.0000000000
66867  -33.847  -9.982  55.362 0.0000000000
66884  -33.137  -10.757  53.672 0.0000000000
65646  -33.415  -11.633  52.756 0.0000000000
64467  -34.302  -12.573  52.641 0.0000000000
66912  -33.996  -10.893  52.020 0.0000000000
66929  -35.067  -10.793  51.072 0.0000000000
66945  -35.831  -10.956  50.146 0.0000000000
66959  -36.402  -10.964  49.674 0.0000000000
66931  -36.374  -9.761  50.564 0.0000000000
56699  -26.804  -19.604  63.629 0.0000000000
55573  -26.712  -19.919  64.748 0.0000000000
55574  -27.269  -20.347  64.578 0.0000000000
54359  -16.298  -21.869  70.740 0.0000000000
51158  -17.552  -24.139  70.408 0.0000000000
139392  -10.401  -30.723  77.197 0.0000000000
139399  -9.790  -29.808  77.753 0.0000000000
139398  -9.249  -30.535  78.057 0.0000000000
44376  -8.235  -30.949  78.780 0.0000000000
44375  -7.562  -31.027  79.449 0.0000000000
62146  -39.440  -15.241  58.393 0.0000000000
53453  -29.099  -22.133  61.278 0.0000000000
53422  -29.718  -22.993  63.574 0.0000000000
54363  -18.926  -21.207  71.562 0.0000000000
53310  -18.608  -22.322  70.057 0.0000000000
53311  -18.655  -22.061  70.027 0.0000000000
52306  -19.078  -23.671  70.282 0.0000000000
52292  -20.669  -23.878  71.747 0.0000000000
53342  -20.986  -23.476  69.773 0.0000000000
52308  -21.287  -23.648  71.118 0.0000000000
52293  -21.711  -23.760  72.134 0.0000000000
79511  -56.214  0.495  35.563 0.0000000000
54486  -38.179  -21.436  63.052 0.0000000000
55597  -38.615  -20.458  62.123 0.0000000000
54518  -38.044  -20.671  61.805 0.0000000000
56728  -37.772  -20.114  60.840 0.0000000000
56745  -37.487  -20.079  60.366 0.0000000000
56727  -36.474  -19.838  61.330 0.0000000000
56744  -36.431  -20.364  60.614 0.0000000000
56743  -35.903  -20.214  60.113 0.0000000000
58925  -36.340  -18.784  59.585 0.0000000000
56683  -22.418  -20.025  64.613 0.0000000000
55571  -23.623  -20.394  64.952 0.0000000000
57765  -23.065  -18.934  64.382 0.0000000000
57778  -23.878  -18.572  63.893 0.0000000000
57779  -24.939  -18.648  63.470 0.0000000000
59979  -25.157  -16.633  63.236 0.0000000000
57791  -25.209  -17.929  62.875 0.0000000000
57780  -25.785  -18.666  63.079 0.0000000000
56710  -26.329  -18.777  62.691 0.0000000000
55593  -27.454  -20.057  62.460 0.0000000000
55608  -27.687  -20.208  61.114 0.0000000000
57805  -28.106  -18.045  61.224 0.0000000000
57804  -27.548  -18.416  61.019 0.0000000000
55627  -27.845  -20.074  60.009 0.0000000000
54514  -28.413  -21.225  60.994 0.0000000000
53468  -29.496  -22.254  60.067 0.0000000000
53469  -30.277  -22.711  60.007 0.0000000000
141320  -31.908  -23.227  60.027 0.0000000000
55677  -31.592  -21.717  56.677 0.0000000000
54566  -32.015  -22.490  58.089 0.0000000000
141344  -34.343  -23.061  61.131 0.0000000000
53438  -36.448  -22.168  62.181 0.0000000000
57740  -22.410  -18.955  65.807 0.0000000000
65728  -41.822  -11.407  47.754 0.0000000000
71908  -41.958  -6.433  46.169 0.0000000000
70702  -41.591  -6.857  45.327 0.0000000000
69452  -43.111  -8.034  45.069 0.0000000000
142107  -43.277  -5.777  44.097 0.0000000000
69459  -43.267  -6.820  44.338 0.0000000000
69438  -44.076  -8.393  45.615 0.0000000000
69439  -45.321  -8.508  46.202 0.0000000000
77462  -52.726  -0.577  38.046 0.0000000000
78454  -53.065  -0.056  37.414 0.0000000000
80536  -53.684  0.626  37.054 0.0000000000
48861  -11.450  -27.176  76.336 0.0000000000
46673  -11.265  -28.814  75.930 0.0000000000
46690  -12.353  -28.282  75.065 0.0000000000
45563  -11.623  -29.102  75.940 0.0000000000
44400  -11.156  -29.992  76.580 0.0000000000
44385  -11.422  -31.021  78.017 0.0000000000
56715  -39.734  -19.738  61.745 0.0000000000
57822  -39.679  -19.196  59.946 0.0000000000
58938  -40.121  -18.337  58.912 0.0000000000
57877  -37.589  -19.263  57.476 0.0000000000
58974  -38.740  -18.089  57.105 0.0000000000
58975  -39.480  -17.359  57.365 0.0000000000
60056  -39.610  -16.827  57.299 0.0000000000
61090  -38.477  -15.647  56.131 0.0000000000
62177  -38.127  -14.925  56.264 0.0000000000
62173  -33.849  -14.679  56.406 0.0000000000
62192  -33.745  -15.273  55.336 0.0000000000
64424  -32.404  -12.715  55.285 0.0000000000
62212  -33.256  -14.564  54.388 0.0000000000
61138  -34.511  -15.573  53.868 0.0000000000
61139  -35.477  -15.361  53.763 0.0000000000
62193  -36.974  -14.423  55.367 0.0000000000
65634  -36.029  -12.663  53.463 0.0000000000
65635  -37.152  -12.292  53.336 0.0000000000
64485  -40.199  -12.367  50.932 0.0000000000
64513  -38.979  -12.856  49.305 0.0000000000
65711  -38.955  -11.462  48.013 0.0000000000
65698  -37.342  -11.335  48.940 0.0000000000
66972  -38.017  -10.199  48.442 0.0000000000
66973  -38.404  -10.304  47.966 0.0000000000
69402  -39.188  -8.609  48.127 0.0000000000
69404  -40.661  -8.506  48.464 0.0000000000
55558  -24.258  -20.216  65.472 0.0000000000
56640  -24.959  -19.944  66.897 0.0000000000
55543  -26.731  -20.325  66.540 0.0000000000
51128  -13.276  -24.519  72.520 0.0000000000
52251  -14.418  -22.789  73.247 0.0000000000
52285  -13.690  -24.130  71.432 0.0000000000
50049  -13.767  -25.636  71.794 0.0000000000
48897  -14.795  -26.543  72.959 0.0000000000
52289  -18.507  -23.968  70.400 0.0000000000
51133  -18.398  -24.460  72.022 0.0000000000
42015  -7.470  -32.618  80.218 0.0000000000
42021  -7.395  -32.398  79.361 0.0000000000
44374  -6.534  -31.094  79.754 0.0000000000
54464  -22.513  -21.422  65.424 0.0000000000
54473  -23.146  -21.000  65.102 0.0000000000
55555  -21.883  -20.811  65.099 0.0000000000
55540  -21.335  -20.948  65.709 0.0000000000
54452  -21.754  -22.040  66.088 0.0000000000
69423  -41.923  -8.117  47.758 0.0000000000
76436  -47.797  -1.886  41.618 0.0000000000
54496  -27.996  -20.844  62.175 0.0000000000
54484  -28.421  -21.602  62.957 0.0000000000
54347  -17.781  -21.140  72.721 0.0000000000
80545  -54.391  0.289  36.465 0.0000000000
79510  -55.173  0.085  35.996 0.0000000000
58927  -41.297  -18.015  60.033 0.0000000000
60025  -40.928  -17.372  59.624 0.0000000000
141302  -31.830  -23.635  62.285 0.0000000000
141298  -32.604  -23.638  62.187 0.0000000000
54406  -18.540  -21.637  68.910 0.0000000000
54390  -18.398  -21.521  69.782 0.0000000000
53355  -17.666  -22.171  68.954 0.0000000000
58863  -24.026  -17.203  65.212 0.0000000000
58902  -27.093  -17.096  62.416 0.0000000000
58890  -26.535  -16.636  62.760 0.0000000000
58913  -27.243  -17.597  61.667 0.0000000000
56783  -29.597  -20.618  57.582 0.0000000000
141349  -35.150  -21.690  59.557 0.0000000000
65727  -40.771  -11.484  47.677 0.0000000000
68203  -42.630  -9.041  45.956 0.0000000000
67014  -43.445  -9.663  46.605 0.0000000000
68204  -43.521  -8.775  45.950 0.0000000000
142126  -43.510  -5.316  45.260 0.0000000000
142120  -45.885  -6.094  43.275 0.0000000000
50037  -12.488  -26.138  73.407 0.0000000000
50025  -12.161  -25.904  74.143 0.0000000000
56768  -37.354  -20.000  59.502 0.0000000000
56788  -36.987  -20.017  58.581 0.0000000000
59026  -35.230  -17.708  53.923 0.0000000000
59027  -35.947  -17.880  53.711 0.0000000000
60131  -35.329  -16.657  53.339 0.0000000000
63324  -33.502  -13.097  53.249 0.0000000000
63325  -34.074  -13.423  53.160 0.0000000000
63326  -34.707  -13.556  53.457 0.0000000000
64455  -35.116  -13.069  53.438 0.0000000000
64468  -34.548  -12.772  52.898 0.0000000000
65666  -36.194  -12.549  51.233 0.0000000000
64481  -36.763  -12.605  50.492 0.0000000000
65683  -36.550  -11.988  49.822 0.0000000000
51131  -16.508  -24.650  70.864 0.0000000000
50040  -17.114  -24.994  72.603 0.0000000000
47756  -10.618  -28.562  77.282 0.0000000000
47742  -10.469  -28.408  78.196 0.0000000000
57808  -40.918  -19.078  61.237 0.0000000000
54426  -23.164  -22.132  68.881 0.0000000000
55503  -23.738  -21.673  68.870 0.0000000000
55523  -23.620  -21.555  67.980 0.0000000000
55524  -24.626  -20.513  67.786 0.0000000000
57709  -22.688  -18.704  67.787 0.0000000000
55539  -20.884  -21.402  66.416 0.0000000000
55521  -20.564  -21.440  67.051 0.0000000000
54440  -19.676  -21.962  67.388 0.0000000000
53394  -20.030  -22.242  67.166 0.0000000000
53385  -20.068  -22.974  67.458 0.0000000000
53395  -20.364  -22.367  66.974 0.0000000000
53387  -22.026  -22.653  67.557 0.0000000000
54531  -34.633  -20.956  60.085 0.0000000000
56765  -31.386  -20.773  58.695 0.0000000000
141318  -33.807  -21.068  59.824 0.0000000000
141362  -34.814  -21.320  59.541 0.0000000000
68200  -40.003  -8.768  46.967 0.0000000000
69436  -40.709  -8.048  46.261 0.0000000000
142138  -44.614  -3.973  43.948 0.0000000000
74404  -45.694  -4.253  42.024 0.0000000000
74405  -46.399  -4.260  41.817 0.0000000000
74406  -47.320  -4.259  41.585 0.0000000000
75480  -48.357  -2.820  40.553 0.0000000000
77439  -48.466  -1.625  40.397 0.0000000000
60053  -35.366  -17.100  56.564 0.0000000000
60073  -35.059  -17.105  55.353 0.0000000000
61088  -34.708  -15.922  56.196 0.0000000000
66885  -33.613  -9.993  54.217 0.0000000000
66897  -33.312  -11.032  52.787 0.0000000000
66911  -33.624  -11.375  52.465 0.0000000000
68118  -35.375  -9.469  51.843 0.0000000000
66930  -35.854  -10.158  50.601 0.0000000000
68134  -36.111  -9.554  51.072 0.0000000000
68120  -37.863  -9.106  51.938 0.0000000000
55581  -26.868  -19.802  64.089 0.0000000000
54467  -28.298  -21.518  65.038 0.0000000000
54360  -17.071  -21.477  70.895 0.0000000000
53308  -16.992  -22.036  69.506 0.0000000000
53325  -16.644  -23.329  69.441 0.0000000000
53327  -18.001  -23.068  69.399 0.0000000000
139396  -9.796  -30.569  77.422 0.0000000000
44384  -9.666  -31.680  77.793 0.0000000000
42029  -8.536  -32.350  78.716 0.0000000000
43251  -8.802  -31.871  78.117 0.0000000000
44382  -8.137  -31.499  78.657 0.0000000000
43245  -7.660  -31.928  78.783 0.0000000000
61044  -40.737  -16.606  59.666 0.0000000000
61043  -40.089  -15.864  59.427 0.0000000000
53436  -29.993  -23.011  62.322 0.0000000000
54376  -18.705  -21.385  70.612 0.0000000000
52307  -20.204  -23.745  70.733 0.0000000000
53371  -20.236  -23.283  68.229 0.0000000000
53356  -20.577  -23.425  69.072 0.0000000000
53329  -22.221  -23.299  71.376 0.0000000000
54500  -38.067  -20.998  62.243 0.0000000000
57807  -36.849  -19.151  61.336 0.0000000000
57821  -36.498  -19.394  60.568 0.0000000000
57820  -36.141  -19.508  59.852 0.0000000000
57839  -35.956  -19.480  59.027 0.0000000000
57753  -22.422  -19.173  65.098 0.0000000000
57764  -22.482  -19.468  64.772 0.0000000000
58887  -23.754  -18.291  63.937 0.0000000000
57777  -23.577  -18.485  64.104 0.0000000000
57767  -24.546  -19.198  64.039 0.0000000000
58900  -25.439  -17.383  62.675 0.0000000000
57806  -28.701  -18.782  61.809 0.0000000000
57817  -27.975  -18.873  59.573 0.0000000000
55645  -27.905  -19.785  59.558 0.0000000000
55628  -28.156  -20.662  60.365 0.0000000000
54530  -28.763  -21.428  60.093 0.0000000000
53488  -29.908  -22.481  59.267 0.0000000000
53489  -30.664  -22.715  59.100 0.0000000000
141321  -31.136  -23.009  59.854 0.0000000000
55678  -31.851  -21.095  56.604 0.0000000000
55662  -30.466  -21.275  56.958 0.0000000000
141345  -34.361  -22.232  58.932 0.0000000000
141324  -33.669  -23.072  60.204 0.0000000000
141303  -32.640  -23.267  60.080 0.0000000000
53439  -36.998  -22.048  62.657 0.0000000000
57741  -22.942  -18.381  65.951 0.0000000000
56670  -22.051  -19.718  65.107 0.0000000000
65684  -40.634  -12.259  50.734 0.0000000000
65701  -42.175  -11.794  49.473 0.0000000000
66993  -41.127  -10.713  47.116 0.0000000000
66994  -42.155  -10.705  47.154 0.0000000000
70691  -43.333  -7.095  46.658 0.0000000000
70690  -42.371  -7.074  46.578 0.0000000000
71927  -41.881  -6.063  45.270 0.0000000000
70707  -41.711  -6.365  45.372 0.0000000000
70708  -41.906  -6.435  44.940 0.0000000000
69451  -41.919  -7.505  45.082 0.0000000000
69458  -42.456  -7.008  44.634 0.0000000000
142128  -43.601  -4.723  43.912 0.0000000000
142108  -43.282  -5.142  44.017 0.0000000000
142094  -43.642  -5.263  43.743 0.0000000000
70703  -45.071  -6.744  44.055 0.0000000000
142093  -45.544  -7.762  45.388 0.0000000000
69440  -46.349  -7.702  46.112 0.0000000000
75482  -50.095  -2.784  40.137 0.0000000000
76468  -51.628  -1.797  39.514 0.0000000000
77458  -52.700  -1.511  39.164 0.0000000000
78449  -52.020  0.175  38.175 0.0000000000
142293  -52.889  0.494  37.750 0.0000000000
142297  -53.323  0.328  37.332 0.0000000000
48872  -11.578  -27.129  75.355 0.0000000000
47778  -11.335  -27.990  75.554 0.0000000000
47790  -13.107  -28.015  74.829 0.0000000000
47780  -13.379  -28.338  76.104 0.0000000000
45539  -12.769  -29.327  77.215 0.0000000000
46659  -12.371  -28.909  75.933 0.0000000000
45551  -12.116  -29.414  76.220 0.0000000000
45550  -11.345  -29.390  76.248 0.0000000000
44401  -11.674  -29.898  76.623 0.0000000000
44391  -11.291  -30.528  77.128 0.0000000000
44386  -12.064  -30.454  77.887 0.0000000000
44368  -11.857  -30.916  79.329 0.0000000000
55615  -38.712  -20.150  61.689 0.0000000000
55598  -39.193  -19.974  62.025 0.0000000000
57841  -39.180  -19.013  59.269 0.0000000000
57842  -40.111  -18.753  59.523 0.0000000000
55695  -35.955  -20.283  56.020 0.0000000000
57876  -36.776  -19.764  57.093 0.0000000000
56820  -36.414  -19.904  56.384 0.0000000000
57911  -37.819  -17.920  55.533 0.0000000000
57893  -37.871  -18.497  56.267 0.0000000000
58956  -39.501  -18.155  58.147 0.0000000000
60055  -39.204  -16.740  56.690 0.0000000000
61115  -38.176  -16.126  55.558 0.0000000000
61089  -37.855  -15.153  55.835 0.0000000000
63265  -33.359  -13.254  57.054 0.0000000000
63266  -33.804  -13.859  57.380 0.0000000000
63281  -33.456  -13.929  56.779 0.0000000000
62172  -33.323  -14.403  55.997 0.0000000000
66848  -33.255  -10.777  55.499 0.0000000000
63308  -33.002  -13.581  53.745 0.0000000000
63294  -32.535  -13.915  54.925 0.0000000000
61137  -33.830  -14.988  54.157 0.0000000000
62214  -34.903  -14.643  53.754 0.0000000000
63311  -35.984  -13.832  54.426 0.0000000000
62175  -37.298  -14.186  55.766 0.0000000000
63282  -37.158  -13.838  55.837 0.0000000000
65664  -34.377  -11.869  51.905 0.0000000000
65648  -34.928  -12.647  52.558 0.0000000000
65650  -37.367  -12.690  52.257 0.0000000000
65652  -39.598  -12.189  52.287 0.0000000000
64471  -39.594  -12.448  51.757 0.0000000000
64484  -39.681  -12.574  51.157 0.0000000000
64526  -39.008  -12.371  48.610 0.0000000000
64525  -38.462  -11.842  48.431 0.0000000000
66946  -36.537  -10.146  50.013 0.0000000000
66960  -36.930  -10.715  49.385 0.0000000000
66947  -37.203  -10.050  49.614 0.0000000000
68163  -38.132  -9.575  48.774 0.0000000000
68177  -38.260  -9.744  48.277 0.0000000000
68178  -38.727  -9.065  48.064 0.0000000000
69388  -40.314  -8.854  49.023 0.0000000000
56684  -23.309  -19.838  64.434 0.0000000000
55572  -24.154  -19.993  64.975 0.0000000000
56657  -24.855  -19.926  65.975 0.0000000000
56658  -25.560  -19.881  66.508 0.0000000000
56641  -25.700  -19.948  67.711 0.0000000000
55560  -27.161  -20.451  65.303 0.0000000000
55559  -26.690  -20.207  65.636 0.0000000000
55544  -27.461  -20.824  66.163 0.0000000000
53415  -29.481  -22.945  64.648 0.0000000000
51114  -13.145  -24.534  73.720 0.0000000000
51115  -13.469  -23.977  72.988 0.0000000000
53293  -14.743  -22.490  72.444 0.0000000000
53284  -14.983  -22.283  73.388 0.0000000000
51144  -14.529  -24.667  70.795 0.0000000000
52286  -14.042  -23.898  70.897 0.0000000000
51143  -14.058  -24.587  71.055 0.0000000000
52301  -13.663  -24.800  71.484 0.0000000000
50050  -14.386  -25.294  71.304 0.0000000000
48906  -14.336  -26.037  72.044 0.0000000000
48907  -14.987  -25.829  71.950 0.0000000000
52270  -18.950  -24.214  71.888 0.0000000000
51117  -18.833  -24.380  73.226 0.0000000000
79512  -57.320  0.641  35.181 0.0000000000
42014  -6.935  -33.005  79.869 0.0000000000
43238  -6.943  -31.876  79.318 0.0000000000
43237  -6.088  -31.790  79.310 0.0000000000
55557  -23.785  -20.697  65.704 0.0000000000
53424  -36.836  -22.436  63.093 0.0000000000
56639  -21.994  -19.432  66.372 0.0000000000
56638  -21.556  -20.101  66.918 0.0000000000
54451  -20.980  -21.865  66.162 0.0000000000
53396  -20.963  -22.570  66.682 0.0000000000
69421  -40.168  -8.276  47.679 0.0000000000
70677  -40.656  -7.742  47.150 0.0000000000
70688  -40.637  -7.775  46.680 0.0000000000
70689  -41.272  -7.285  46.522 0.0000000000
76449  -47.223  -2.871  41.141 0.0000000000
76450  -47.748  -2.273  40.782 0.0000000000
60036  -35.995  -16.996  57.837 0.0000000000
61055  -35.638  -15.710  58.538 0.0000000000
61054  -35.309  -15.300  58.253 0.0000000000
68117  -34.378  -9.724  52.530 0.0000000000
68098  -35.204  -9.077  53.281 0.0000000000
54475  -27.803  -20.906  64.309 0.0000000000
53414  -28.869  -22.199  64.800 0.0000000000
142296  -54.167  -0.456  37.427 0.0000000000
79509  -54.494  -0.307  36.966 0.0000000000
139376  -10.512  -31.577  79.009 0.0000000000
139382  -9.655  -31.908  78.966 0.0000000000
43240  -8.972  -32.366  79.170 0.0000000000
42022  -8.225  -32.429  79.322 0.0000000000
53437  -30.636  -23.217  61.610 0.0000000000
52402  -31.207  -23.610  62.656 0.0000000000
141297  -32.089  -23.744  63.001 0.0000000000
55480  -20.886  -20.867  68.544 0.0000000000
55459  -20.695  -20.788  69.872 0.0000000000
55439  -19.572  -21.198  70.462 0.0000000000
53344  -22.733  -22.752  70.634 0.0000000000
59980  -26.173  -16.203  63.544 0.0000000000
59991  -25.923  -16.528  62.719 0.0000000000
56723  -26.459  -18.438  62.179 0.0000000000
57819  -28.865  -19.066  60.629 0.0000000000
57836  -28.312  -19.264  58.938 0.0000000000
54565  -29.969  -22.135  57.698 0.0000000000
141342  -33.280  -21.928  56.571 0.0000000000
141330  -33.528  -21.976  57.234 0.0000000000
71922  -43.232  -6.215  46.020 0.0000000000
71921  -42.716  -6.026  45.736 0.0000000000
73142  -43.034  -5.726  45.463 0.0000000000
142125  -42.428  -5.667  45.160 0.0000000000
74386  -44.929  -5.266  42.645 0.0000000000
142092  -45.590  -7.270  44.756 0.0000000000
142086  -46.333  -7.172  45.190 0.0000000000
77455  -49.750  -1.494  39.670 0.0000000000
76466  -50.026  -1.539  39.581 0.0000000000
77456  -50.270  -1.134  39.480 0.0000000000
50009  -12.242  -25.703  75.153 0.0000000000
48873  -11.893  -26.513  74.847 0.0000000000
48883  -11.752  -27.210  74.675 0.0000000000
57840  -38.258  -19.407  59.144 0.0000000000
57909  -36.103  -18.936  54.996 0.0000000000
57926  -35.657  -18.337  54.376 0.0000000000
57928  -36.972  -18.051  54.574 0.0000000000
59010  -37.434  -17.699  54.848 0.0000000000
59011  -37.978  -17.180  55.359 0.0000000000
60093  -37.571  -16.832  54.654 0.0000000000
60114  -36.760  -16.372  54.071 0.0000000000
64411  -33.086  -12.542  56.563 0.0000000000
65617  -32.804  -11.356  54.143 0.0000000000
64438  -32.480  -12.382  54.130 0.0000000000
63310  -35.299  -13.751  53.935 0.0000000000
64440  -36.074  -13.268  54.412 0.0000000000
64456  -35.902  -12.839  53.991 0.0000000000
64469  -38.122  -12.893  51.558 0.0000000000
64483  -38.705  -12.958  50.883 0.0000000000
64511  -37.294  -11.933  49.217 0.0000000000
68179  -39.150  -8.789  48.779 0.0000000000
56671  -24.669  -19.811  65.101 0.0000000000
56673  -26.139  -19.912  66.029 0.0000000000
52269  -15.420  -23.406  70.296 0.0000000000
52268  -14.377  -23.027  71.541 0.0000000000
48908  -15.490  -25.606  71.940 0.0000000000
57824  -41.310  -18.535  60.701 0.0000000000
54408  -23.942  -21.770  70.227 0.0000000000
141331  -33.279  -23.464  61.319 0.0000000000
55501  -20.168  -21.442  67.890 0.0000000000
54425  -19.012  -21.743  68.097 0.0000000000
53369  -18.620  -21.968  67.952 0.0000000000
52342  -18.254  -23.058  68.184 0.0000000000
52355  -19.112  -23.109  67.710 0.0000000000
53372  -21.304  -23.006  68.329 0.0000000000
54407  -23.322  -22.288  69.931 0.0000000000
56784  -29.971  -20.406  57.553 0.0000000000
141370  -32.025  -20.856  56.688 0.0000000000
141368  -32.661  -20.785  57.036 0.0000000000
141322  -33.430  -21.108  56.458 0.0000000000
141327  -34.538  -20.752  57.092 0.0000000000
141360  -35.014  -21.458  59.747 0.0000000000
66991  -39.179  -10.317  47.518 0.0000000000
67011  -40.615  -9.960  46.868 0.0000000000
68218  -42.219  -8.383  45.416 0.0000000000
142133  -44.642  -4.420  44.542 0.0000000000
142137  -44.039  -4.253  43.970 0.0000000000
73169  -45.222  -5.283  42.465 0.0000000000
73170  -45.639  -5.427  42.515 0.0000000000
74390  -48.053  -4.927  42.224 0.0000000000
76456  -48.679  -2.069  40.188 0.0000000000
77450  -49.180  -1.347  39.933 0.0000000000
48896  -13.725  -26.587  72.702 0.0000000000
47791  -14.084  -27.466  74.595 0.0000000000
56786  -35.848  -20.079  58.192 0.0000000000
56802  -35.388  -20.457  56.694 0.0000000000
57891  -34.844  -19.453  55.455 0.0000000000
58973  -35.575  -17.854  57.204 0.0000000000
58972  -35.220  -18.623  56.319 0.0000000000
60092  -34.812  -17.048  54.424 0.0000000000
66866  -33.140  -10.665  54.650 0.0000000000
68078  -34.256  -9.505  54.849 0.0000000000
65631  -33.014  -11.680  53.344 0.0000000000
65632  -33.415  -12.139  52.890 0.0000000000
65647  -33.908  -12.012  52.414 0.0000000000
66928  -34.524  -11.417  51.499 0.0000000000
66944  -35.529  -11.388  50.509 0.0000000000
65696  -36.292  -11.503  49.838 0.0000000000
68135  -37.121  -9.473  50.779 0.0000000000
68137  -39.580  -9.132  51.259 0.0000000000
56698  -26.110  -19.251  63.798 0.0000000000
54466  -27.716  -20.951  65.356 0.0000000000
54345  -16.301  -21.606  72.217 0.0000000000
53307  -16.080  -22.773  69.727 0.0000000000
52288  -16.896  -24.153  70.225 0.0000000000
51146  -17.252  -24.344  70.649 0.0000000000
52255  -21.453  -24.039  74.041 0.0000000000
139397  -10.269  -29.913  77.060 0.0000000000
46640  -10.270  -29.156  77.575 0.0000000000
44390  -9.046  -31.805  78.027 0.0000000000
44383  -8.753  -31.396  78.204 0.0000000000
45529  -8.670  -30.610  78.639 0.0000000000
70692  -44.205  -7.219  46.839 0.0000000000
142121  -44.431  -6.373  46.222 0.0000000000
142122  -44.779  -6.084  45.952 0.0000000000
142132  -45.348  -5.359  45.476 0.0000000000
62145  -39.123  -14.982  58.104 0.0000000000
53435  -29.052  -22.322  62.630 0.0000000000
52330  -19.352  -23.568  69.038 0.0000000000
52319  -20.865  -23.607  70.366 0.0000000000
55614  -38.064  -20.376  61.397 0.0000000000
56767  -36.361  -20.454  59.474 0.0000000000
56766  -35.848  -20.192  59.259 0.0000000000
58936  -36.268  -18.335  58.954 0.0000000000
58937  -36.617  -17.988  59.705 0.0000000000
55569  -22.261  -20.615  64.850 0.0000000000
55570  -22.773  -20.700  64.720 0.0000000000
57766  -23.946  -19.175  63.986 0.0000000000
59967  -24.465  -16.682  64.299 0.0000000000
59978  -24.365  -17.180  63.607 0.0000000000
58889  -24.795  -17.596  63.139 0.0000000000
56711  -26.848  -19.426  62.990 0.0000000000
54513  -28.102  -20.896  61.415 0.0000000000
58914  -27.654  -17.556  62.036 0.0000000000
56740  -27.697  -19.364  60.234 0.0000000000
53455  -30.670  -23.060  60.756 0.0000000000
57725  -22.542  -18.841  66.713 0.0000000000
56656  -22.061  -19.448  65.621 0.0000000000
56669  -21.836  -20.335  65.138 0.0000000000
65686  -41.978  -11.822  50.302 0.0000000000
65714  -42.446  -11.612  48.629 0.0000000000
70679  -42.071  -7.585  47.133 0.0000000000
70701  -41.509  -6.680  45.774 0.0000000000
142127  -43.530  -4.797  44.330 0.0000000000
69437  -43.559  -8.416  45.522 0.0000000000
77463  -54.207  -0.727  38.190 0.0000000000
79508  -53.890  -0.350  37.300 0.0000000000
142298  -53.649  1.148  37.326 0.0000000000
48848  -11.369  -27.196  77.465 0.0000000000
47769  -10.982  -28.142  76.642 0.0000000000
47768  -10.725  -28.718  76.770 0.0000000000
47799  -12.663  -27.419  73.994 0.0000000000
47789  -12.126  -27.792  74.600 0.0000000000
46689  -12.026  -28.242  75.004 0.0000000000
46675  -12.644  -28.540  75.626 0.0000000000
46674  -11.913  -28.694  75.474 0.0000000000
45549  -10.790  -29.633  76.600 0.0000000000
139393  -10.762  -30.210  76.811 0.0000000000
139388  -10.709  -31.150  77.575 0.0000000000
44377  -12.080  -30.820  78.771 0.0000000000
139383  -11.415  -31.277  78.836 0.0000000000
55587  -39.363  -20.265  62.730 0.0000000000
56747  -39.620  -19.429  60.560 0.0000000000
57823  -40.532  -18.882  60.284 0.0000000000
56804  -36.681  -19.909  57.840 0.0000000000
57892  -37.084  -19.274  56.346 0.0000000000
58955  -38.513  -18.785  57.979 0.0000000000
60037  -39.865  -16.934  57.809 0.0000000000
61071  -39.600  -16.344  57.433 0.0000000000
60074  -38.471  -16.608  55.789 0.0000000000
61070  -39.210  -15.597  57.307 0.0000000000
62159  -34.325  -14.508  57.587 0.0000000000
63250  -33.776  -13.351  58.246 0.0000000000
62158  -34.031  -14.319  57.119 0.0000000000
62174  -34.553  -15.132  56.918 0.0000000000
61087  -34.178  -15.651  55.560 0.0000000000
61111  -34.199  -15.881  54.705 0.0000000000
64423  -32.319  -12.918  54.849 0.0000000000
62191  -33.219  -14.646  55.412 0.0000000000
61110  -33.697  -15.218  54.593 0.0000000000
60130  -34.802  -16.395  53.613 0.0000000000
61163  -35.338  -15.978  53.475 0.0000000000
61164  -35.811  -15.843  53.626 0.0000000000
61141  -36.933  -15.750  54.443 0.0000000000
61113  -36.872  -15.204  54.802 0.0000000000
62194  -37.421  -14.978  55.438 0.0000000000
62176  -37.724  -14.365  56.084 0.0000000000
62160  -38.086  -14.216  56.560 0.0000000000
64426  -37.179  -12.873  55.662 0.0000000000
64500  -40.086  -12.698  50.432 0.0000000000
64499  -39.287  -12.969  50.214 0.0000000000
64514  -39.831  -12.883  49.531 0.0000000000
64527  -39.521  -12.742  48.950 0.0000000000
65697  -36.804  -11.578  49.450 0.0000000000
66961  -37.573  -10.318  48.985 0.0000000000
65710  -37.976  -11.136  48.363 0.0000000000
69420  -39.437  -8.607  47.750 0.0000000000
69403  -39.646  -8.596  48.490 0.0000000000
69405  -41.683  -8.643  48.488 0.0000000000
54474  -23.427  -20.834  65.306 0.0000000000
55528  -27.911  -20.970  66.801 0.0000000000
55527  -27.268  -20.579  67.279 0.0000000000
55526  -26.710  -20.293  67.134 0.0000000000
56642  -26.674  -20.188  67.723 0.0000000000
50026  -12.754  -25.325  73.442 0.0000000000
50038  -13.089  -25.755  72.609 0.0000000000
52250  -13.896  -23.383  73.050 0.0000000000
52267  -13.659  -23.770  72.077 0.0000000000
51142  -13.403  -25.067  71.827 0.0000000000
48898  -15.566  -25.941  72.759 0.0000000000
52290  -19.093  -23.856  70.368 0.0000000000
51147  -17.922  -24.307  70.920 0.0000000000
52254  -20.604  -24.217  73.750 0.0000000000
51116  -18.177  -24.639  73.407 0.0000000000
50041  -17.656  -24.823  73.024 0.0000000000
42016  -8.119  -32.220  80.162 0.0000000000
42019  -5.611  -32.568  78.943 0.0000000000
42023  -8.616  -32.523  79.038 0.0000000000
42030  -8.777  -32.396  78.765 0.0000000000
43246  -8.471  -32.001  78.357 0.0000000000
43252  -8.990  -32.035  77.956 0.0000000000
44392  -12.046  -30.088  77.112 0.0000000000
44402  -12.056  -29.785  76.692 0.0000000000
45552  -12.532  -29.350  76.703 0.0000000000
45562  -11.388  -29.113  76.023 0.0000000000
46658  -10.806  -28.987  76.376 0.0000000000
47779  -11.782  -28.109  75.067 0.0000000000
50061  -14.022  -25.201  71.345 0.0000000000
50062  -14.165  -24.971  71.164 0.0000000000
51129  -13.452  -24.052  72.510 0.0000000000
51145  -16.790  -24.315  70.387 0.0000000000
51155  -13.749  -25.132  71.484 0.0000000000
51156  -13.932  -24.880  71.320 0.0000000000
51157  -17.325  -24.165  70.365 0.0000000000
52266  -13.607  -24.119  72.029 0.0000000000
52284  -13.520  -24.476  71.728 0.0000000000
52302  -13.766  -24.531  71.345 0.0000000000
52303  -16.507  -23.492  69.612 0.0000000000
52304  -16.988  -23.921  69.997 0.0000000000
52305  -17.752  -23.842  70.014 0.0000000000
52340  -18.192  -22.741  67.945 0.0000000000
52341  -17.955  -22.791  68.006 0.0000000000
52352  -18.327  -22.783  67.873 0.0000000000
52353  -18.540  -22.915  67.565 0.0000000000
52354  -18.917  -23.030  67.621 0.0000000000
53326  -16.960  -23.129  69.130 0.0000000000
53368  -18.722  -22.100  67.767 0.0000000000
53382  -18.753  -22.552  67.438 0.0000000000
53383  -19.115  -22.663  67.510 0.0000000000
53384  -19.534  -22.611  67.403 0.0000000000
54423  -18.901  -22.263  67.617 0.0000000000
54424  -18.969  -21.982  67.716 0.0000000000
54438  -18.961  -22.475  67.573 0.0000000000
54567  -35.183  -21.170  55.846 0.0000000000
54568  -35.335  -20.903  56.021 0.0000000000
54583  -35.249  -21.184  55.592 0.0000000000
54584  -35.354  -21.001  55.760 0.0000000000
54597  -34.993  -21.286  55.231 0.0000000000
54598  -35.366  -21.018  55.377 0.0000000000
54614  -33.931  -20.694  54.411 0.0000000000
54615  -34.443  -21.168  54.765 0.0000000000
54616  -35.136  -21.150  54.917 0.0000000000
54629  -33.995  -20.524  54.238 0.0000000000
54630  -34.282  -20.989  54.069 0.0000000000
54631  -34.779  -21.040  54.553 0.0000000000
55609  -28.039  -20.742  60.953 0.0000000000
55679  -35.262  -21.001  55.423 0.0000000000
55680  -35.698  -20.488  56.277 0.0000000000
55692  -34.219  -19.985  54.986 0.0000000000
55693  -34.820  -20.968  55.087 0.0000000000
55694  -35.627  -20.607  55.987 0.0000000000
55708  -34.066  -20.261  54.444 0.0000000000
55709  -33.806  -20.510  54.940 0.0000000000
55710  -35.612  -20.406  55.203 0.0000000000
55711  -35.814  -20.129  55.563 0.0000000000
55724  -34.312  -20.641  54.308 0.0000000000
55725  -34.745  -20.816  54.397 0.0000000000
55726  -35.132  -20.942  54.714 0.0000000000
56682  -22.089  -20.464  64.877 0.0000000000
56801  -35.031  -20.902  55.853 0.0000000000
56816  -34.359  -19.973  54.536 0.0000000000
56817  -34.990  -20.785  55.082 0.0000000000
56818  -35.388  -20.476  55.480 0.0000000000
56819  -35.894  -20.321  56.391 0.0000000000
56832  -34.513  -20.406  54.421 0.0000000000
56833  -35.066  -20.601  54.793 0.0000000000
56834  -35.426  -20.177  55.217 0.0000000000
56835  -35.903  -19.852  55.575 0.0000000000
56836  -36.534  -19.361  55.667 0.0000000000
56849  -34.736  -20.771  54.284 0.0000000000
56850  -35.063  -20.710  54.646 0.0000000000
56851  -35.345  -20.569  54.902 0.0000000000
57874  -34.825  -19.729  56.262 0.0000000000
57927  -36.430  -18.279  54.402 0.0000000000
59040  -35.439  -17.371  53.425 0.0000000000
59041  -36.083  -17.153  53.351 0.0000000000
59042  -36.455  -16.782  53.688 0.0000000000
60054  -35.658  -17.103  57.295 0.0000000000
60091  -34.516  -16.449  54.555 0.0000000000
60111  -34.562  -16.424  54.072 0.0000000000
60113  -36.400  -16.149  53.849 0.0000000000
60132  -36.135  -16.342  53.543 0.0000000000
61056  -39.355  -15.435  57.877 0.0000000000
61140  -36.307  -15.697  54.024 0.0000000000
61162  -34.938  -16.154  53.464 0.0000000000
63293  -32.384  -13.195  54.588 0.0000000000
64437  -32.373  -12.835  54.617 0.0000000000
64496  -36.620  -12.273  50.069 0.0000000000
65668  -39.907  -12.166  51.760 0.0000000000
68192  -40.199  -9.677  46.966 0.0000000000
73125  -43.963  -6.241  46.130 0.0000000000
73134  -43.101  -5.852  45.653 0.0000000000
139387  -9.321  -32.103  78.538 0.0000000000
141311  -34.512  -21.406  57.552 0.0000000000
141325  -33.985  -23.159  60.888 0.0000000000
141340  -33.999  -20.694  58.281 0.0000000000
141341  -34.400  -20.707  58.920 0.0000000000
141347  -35.312  -21.100  59.238 0.0000000000
141359  -32.842  -22.044  56.589 0.0000000000
141361  -34.823  -20.725  58.248 0.0000000000
141369  -32.328  -20.845  56.647 0.0000000000
141412  -35.169  -20.914  56.223 0.0000000000
142119  -43.345  -4.940  44.171 0.0000000000
142129  -45.297  -5.541  42.710 0.0000000000
142130  -45.689  -5.772  42.929 0.0000000000
142292  -54.412  -0.390  37.154 0.0000000000
142299  -53.481  0.222  37.204 0.0000000000
