#!ascii label  , from subject 3251 vox2ras=TkReg
1639
92635  -50.248  12.732  37.461 0.0000000000
88498  -57.029  7.407  22.070 0.0000000000
95699  -57.150  16.363  42.530 0.0000000000
83785  -52.583  3.757  31.873 0.0000000000
90528  -54.883  10.117  39.489 0.0000000000
93673  -54.859  14.088  28.506 0.0000000000
101812  -53.427  20.863  30.533 0.0000000000
103780  -44.352  22.967  24.876 0.0000000000
88237  -47.977  7.482  46.014 0.0000000000
89472  -49.516  9.030  35.796 0.0000000000
88408  -51.677  8.636  29.258 0.0000000000
94672  -50.924  14.688  33.080 0.0000000000
101678  -55.531  21.048  42.660 0.0000000000
100836  -57.292  20.368  35.792 0.0000000000
99921  -50.685  18.664  38.373 0.0000000000
100890  -46.525  19.889  30.736 0.0000000000
102734  -47.021  22.805  32.592 0.0000000000
91764  -53.945  10.927  22.023 0.0000000000
91558  -47.852  11.950  42.043 0.0000000000
93592  -53.261  14.510  40.058 0.0000000000
88394  -57.646  7.415  30.719 0.0000000000
90585  -53.755  9.724  34.224 0.0000000000
87151  -50.434  5.764  38.198 0.0000000000
89407  -49.936  7.997  42.398 0.0000000000
90669  -54.645  11.490  24.776 0.0000000000
94750  -55.621  14.552  25.334 0.0000000000
95733  -56.308  16.062  34.640 0.0000000000
99957  -57.120  18.881  29.171 0.0000000000
99979  -52.295  18.845  26.143 0.0000000000
101907  -49.178  20.227  24.290 0.0000000000
99976  -43.289  19.723  24.438 0.0000000000
91624  -50.748  11.259  35.961 0.0000000000
91650  -49.323  11.788  33.890 0.0000000000
92658  -52.259  12.547  35.832 0.0000000000
103648  -52.970  23.542  40.822 0.0000000000
101708  -53.648  20.200  40.198 0.0000000000
102665  -49.906  21.458  40.215 0.0000000000
100810  -46.788  20.428  37.346 0.0000000000
89645  -55.408  9.014  21.850 0.0000000000
92552  -45.985  12.524  45.828 0.0000000000
92571  -49.154  12.244  44.720 0.0000000000
90547  -54.321  10.418  37.497 0.0000000000
90554  -52.650  9.367  36.338 0.0000000000
88301  -53.615  7.682  38.863 0.0000000000
89367  -49.329  7.686  44.635 0.0000000000
88285  -46.232  8.102  39.489 0.0000000000
89404  -44.713  10.138  40.494 0.0000000000
89410  -43.677  8.109  39.896 0.0000000000
83832  -53.885  4.486  28.663 0.0000000000
91684  -52.764  11.892  28.643 0.0000000000
89566  -53.852  9.633  26.666 0.0000000000
91693  -54.592  12.337  27.083 0.0000000000
93699  -55.790  13.117  24.940 0.0000000000
94731  -55.854  14.295  27.263 0.0000000000
94624  -54.792  15.280  41.398 0.0000000000
94644  -55.683  15.063  37.402 0.0000000000
95714  -56.927  15.917  38.700 0.0000000000
102723  -55.461  21.200  33.217 0.0000000000
100872  -57.845  19.772  32.574 0.0000000000
102766  -55.925  21.488  29.768 0.0000000000
99966  -55.439  18.642  26.451 0.0000000000
102794  -53.915  20.566  27.568 0.0000000000
102844  -50.692  19.773  24.583 0.0000000000
101854  -51.522  20.182  27.658 0.0000000000
142666  -41.099  20.725  28.442 0.0000000000
101862  -45.223  20.875  26.398 0.0000000000
102827  -43.143  22.027  24.311 0.0000000000
100941  -41.424  20.497  23.357 0.0000000000
102849  -42.370  22.676  22.351 0.0000000000
87209  -49.908  6.737  33.330 0.0000000000
84937  -50.703  4.927  30.071 0.0000000000
88373  -49.160  8.385  31.488 0.0000000000
91671  -50.122  11.940  30.449 0.0000000000
93655  -52.502  14.387  30.579 0.0000000000
99889  -57.802  19.465  43.371 0.0000000000
98997  -58.204  18.561  38.800 0.0000000000
101720  -56.343  19.965  39.493 0.0000000000
102676  -54.485  21.234  37.196 0.0000000000
100846  -51.999  19.881  33.985 0.0000000000
101810  -50.085  20.357  30.885 0.0000000000
100854  -47.681  19.166  33.914 0.0000000000
101791  -43.937  21.213  33.385 0.0000000000
103730  -44.504  23.644  29.766 0.0000000000
92763  -53.531  12.403  23.492 0.0000000000
93581  -48.130  14.526  39.882 0.0000000000
93598  -51.582  13.961  39.204 0.0000000000
93583  -49.985  14.957  41.187 0.0000000000
94604  -52.467  14.812  43.222 0.0000000000
94595  -53.622  15.101  45.155 0.0000000000
97942  -51.738  17.498  46.215 0.0000000000
97965  -55.631  17.470  46.659 0.0000000000
87243  -55.135  6.161  30.864 0.0000000000
90615  -56.015  9.140  32.862 0.0000000000
88376  -52.757  7.735  31.985 0.0000000000
90583  -51.979  8.492  34.545 0.0000000000
90545  -50.949  8.978  35.871 0.0000000000
90495  -54.711  10.132  42.097 0.0000000000
90438  -50.569  8.816  46.102 0.0000000000
90481  -51.969  9.105  43.582 0.0000000000
90504  -52.550  8.386  42.008 0.0000000000
90517  -50.550  7.613  41.535 0.0000000000
91596  -47.335  11.939  37.556 0.0000000000
88452  -57.096  7.302  23.554 0.0000000000
86109  -53.204  6.518  26.972 0.0000000000
88441  -54.841  8.195  24.376 0.0000000000
90703  -55.433  8.931  22.804 0.0000000000
92774  -54.852  11.219  23.382 0.0000000000
94789  -55.636  13.510  22.631 0.0000000000
95881  -54.269  14.268  24.480 0.0000000000
93612  -54.172  13.697  36.646 0.0000000000
95745  -54.022  15.394  34.003 0.0000000000
95775  -55.257  15.858  31.217 0.0000000000
98003  -57.886  17.698  35.494 0.0000000000
98025  -57.490  17.430  31.753 0.0000000000
95801  -55.759  16.317  28.799 0.0000000000
98048  -55.987  16.689  27.681 0.0000000000
98076  -54.197  16.818  26.410 0.0000000000
96971  -51.775  15.959  25.908 0.0000000000
101851  -48.476  20.549  27.622 0.0000000000
100932  -45.959  19.731  24.566 0.0000000000
99075  -43.658  18.847  23.005 0.0000000000
98098  -41.328  17.854  22.944 0.0000000000
99973  -38.530  19.697  23.727 0.0000000000
91599  -50.475  11.346  37.268 0.0000000000
92657  -51.297  11.986  35.769 0.0000000000
91600  -51.321  11.845  37.285 0.0000000000
102667  -51.596  22.670  40.158 0.0000000000
102674  -49.767  22.948  37.610 0.0000000000
88497  -56.445  8.101  21.825 0.0000000000
90548  -54.715  10.472  38.073 0.0000000000
90537  -53.943  9.754  37.892 0.0000000000
89438  -54.464  9.194  39.393 0.0000000000
87134  -46.311  7.310  39.866 0.0000000000
88284  -45.243  7.812  39.466 0.0000000000
83800  -54.506  2.990  31.369 0.0000000000
82724  -53.746  2.915  30.586 0.0000000000
92710  -53.465  12.754  28.838 0.0000000000
91691  -53.887  11.611  27.935 0.0000000000
92716  -54.446  12.692  27.886 0.0000000000
92718  -55.252  13.330  27.012 0.0000000000
93679  -55.474  13.873  27.645 0.0000000000
95697  -55.650  15.686  42.330 0.0000000000
95710  -56.011  15.527  39.537 0.0000000000
95707  -57.005  16.098  40.736 0.0000000000
102751  -54.183  21.027  32.006 0.0000000000
102739  -56.085  21.650  31.837 0.0000000000
102764  -54.932  20.868  30.664 0.0000000000
102783  -54.976  21.052  28.054 0.0000000000
102781  -53.706  20.767  29.128 0.0000000000
101868  -52.482  20.819  27.128 0.0000000000
101827  -52.562  20.408  29.289 0.0000000000
103759  -43.304  22.740  26.182 0.0000000000
102792  -42.293  21.420  26.018 0.0000000000
102828  -43.843  22.284  24.024 0.0000000000
102840  -43.019  22.279  22.997 0.0000000000
102851  -43.619  22.832  22.622 0.0000000000
88347  -49.601  7.564  34.369 0.0000000000
86057  -49.304  6.453  32.430 0.0000000000
88345  -47.938  9.059  33.544 0.0000000000
93633  -49.846  13.864  33.177 0.0000000000
91670  -49.421  12.009  31.401 0.0000000000
92694  -49.879  13.056  30.846 0.0000000000
93662  -51.292  13.394  30.094 0.0000000000
94698  -51.912  14.858  31.496 0.0000000000
100773  -57.246  20.398  42.979 0.0000000000
100784  -57.563  19.808  41.581 0.0000000000
101702  -55.892  20.159  41.298 0.0000000000
100804  -52.575  19.566  39.384 0.0000000000
101717  -54.106  20.766  38.608 0.0000000000
101726  -53.158  20.881  37.378 0.0000000000
101747  -53.313  20.937  35.287 0.0000000000
100824  -51.769  20.010  36.377 0.0000000000
100844  -49.859  19.246  34.638 0.0000000000
100833  -49.470  18.887  36.123 0.0000000000
102705  -46.628  22.413  35.002 0.0000000000
101754  -45.340  20.955  35.296 0.0000000000
102732  -44.810  21.935  33.753 0.0000000000
102762  -43.862  23.197  31.300 0.0000000000
103702  -45.450  23.247  31.587 0.0000000000
92770  -53.963  11.980  22.890 0.0000000000
92590  -48.172  12.898  41.433 0.0000000000
93582  -48.818  14.681  40.675 0.0000000000
92591  -49.116  12.869  42.115 0.0000000000
92556  -49.818  13.565  45.608 0.0000000000
93570  -50.899  13.847  43.703 0.0000000000
93558  -51.277  13.870  45.528 0.0000000000
94598  -52.686  14.566  44.098 0.0000000000
93545  -51.836  14.811  45.850 0.0000000000
98930  -50.556  18.255  45.836 0.0000000000
97944  -53.321  17.589  47.052 0.0000000000
99833  -54.311  19.291  47.137 0.0000000000
99835  -55.850  19.352  46.837 0.0000000000
101610  -54.104  20.604  46.250 0.0000000000
86077  -56.606  5.314  30.763 0.0000000000
87245  -57.022  6.532  30.495 0.0000000000
90602  -55.574  9.802  33.284 0.0000000000
89498  -54.686  9.195  32.942 0.0000000000
88377  -54.323  7.549  31.433 0.0000000000
89497  -53.963  9.001  32.888 0.0000000000
89495  -51.910  8.359  33.274 0.0000000000
90599  -52.744  8.957  33.508 0.0000000000
88315  -51.636  8.052  37.115 0.0000000000
90553  -51.337  9.090  35.904 0.0000000000
89451  -50.402  8.539  35.801 0.0000000000
89344  -49.251  8.582  46.401 0.0000000000
89383  -50.635  8.382  44.198 0.0000000000
90480  -51.156  8.525  43.502 0.0000000000
90493  -52.877  9.053  42.831 0.0000000000
90503  -51.272  8.031  42.136 0.0000000000
90518  -51.727  7.738  41.704 0.0000000000
90502  -50.027  8.062  41.705 0.0000000000
92619  -46.734  12.977  38.311 0.0000000000
91577  -45.978  11.873  38.578 0.0000000000
87299  -57.745  6.332  24.392 0.0000000000
87257  -51.397  7.511  29.059 0.0000000000
86098  -52.367  6.249  28.139 0.0000000000
88423  -52.196  7.969  27.993 0.0000000000
90667  -54.497  10.540  25.811 0.0000000000
89575  -54.027  9.223  25.945 0.0000000000
89585  -54.587  9.348  24.735 0.0000000000
89587  -55.332  8.506  23.624 0.0000000000
90688  -54.971  10.060  24.031 0.0000000000
91742  -55.039  10.161  23.174 0.0000000000
91727  -54.936  11.700  24.088 0.0000000000
93700  -55.808  13.644  25.067 0.0000000000
93725  -56.198  13.038  23.787 0.0000000000
94763  -55.788  14.284  24.536 0.0000000000
94777  -54.825  13.657  23.563 0.0000000000
95870  -54.862  14.865  24.944 0.0000000000
93599  -52.805  13.685  39.230 0.0000000000
92625  -52.798  13.026  38.758 0.0000000000
93604  -54.155  13.812  38.638 0.0000000000
95725  -55.919  15.487  35.598 0.0000000000
94663  -55.028  14.877  35.160 0.0000000000
95746  -54.912  15.753  33.615 0.0000000000
95774  -54.417  15.680  31.805 0.0000000000
95747  -55.970  16.079  33.359 0.0000000000
100817  -57.670  19.883  37.500 0.0000000000
97997  -58.229  17.841  37.460 0.0000000000
99937  -58.229  19.316  36.104 0.0000000000
99949  -57.686  19.365  31.110 0.0000000000
99015  -57.850  18.494  31.880 0.0000000000
99019  -57.674  18.327  30.950 0.0000000000
96887  -56.553  16.513  30.308 0.0000000000
98039  -57.216  17.097  28.990 0.0000000000
96917  -56.023  16.174  27.806 0.0000000000
98044  -57.007  16.817  27.885 0.0000000000
100925  -53.811  19.039  26.336 0.0000000000
99047  -54.597  18.060  26.714 0.0000000000
99056  -53.265  17.900  26.355 0.0000000000
98074  -53.064  16.673  26.289 0.0000000000
98092  -52.242  17.296  25.958 0.0000000000
98105  -51.005  17.442  24.102 0.0000000000
99079  -51.250  18.460  24.142 0.0000000000
101908  -49.749  20.166  24.406 0.0000000000
100956  -49.843  19.476  22.770 0.0000000000
100891  -47.861  20.271  30.991 0.0000000000
101824  -49.281  20.413  29.679 0.0000000000
101822  -47.230  20.456  29.237 0.0000000000
101903  -44.935  20.279  24.936 0.0000000000
101889  -45.451  20.449  25.264 0.0000000000
100931  -44.644  19.981  24.521 0.0000000000
99990  -45.059  19.304  23.945 0.0000000000
99989  -43.917  19.315  23.753 0.0000000000
99074  -42.597  18.666  23.051 0.0000000000
99987  -41.807  19.466  23.498 0.0000000000
101916  -40.415  21.664  22.889 0.0000000000
99984  -39.698  20.240  23.037 0.0000000000
101914  -38.739  21.554  23.131 0.0000000000
99968  -37.637  20.452  24.326 0.0000000000
91623  -50.421  11.071  35.683 0.0000000000
90582  -48.988  10.898  34.237 0.0000000000
92667  -50.627  12.088  35.108 0.0000000000
92679  -50.888  12.852  34.834 0.0000000000
93624  -51.754  13.633  34.990 0.0000000000
101700  -54.259  20.403  41.055 0.0000000000
102663  -52.688  21.889  41.523 0.0000000000
100788  -51.797  20.138  41.251 0.0000000000
100794  -49.688  19.609  40.302 0.0000000000
99919  -48.439  19.012  38.505 0.0000000000
101724  -48.386  20.772  38.777 0.0000000000
102683  -48.412  22.257  36.846 0.0000000000
90728  -54.544  9.876  22.000 0.0000000000
91548  -47.726  11.515  43.441 0.0000000000
91549  -48.563  11.850  44.002 0.0000000000
92554  -48.154  12.275  45.636 0.0000000000
91625  -54.337  10.646  35.902 0.0000000000
90572  -53.495  9.676  35.076 0.0000000000
90546  -53.444  9.656  37.287 0.0000000000
88307  -52.664  7.842  37.959 0.0000000000
88300  -52.534  6.504  38.968 0.0000000000
89354  -48.709  7.729  45.378 0.0000000000
88257  -49.129  7.208  43.548 0.0000000000
89413  -46.498  8.760  39.311 0.0000000000
89422  -45.382  10.314  38.830 0.0000000000
89412  -44.866  9.550  39.238 0.0000000000
89403  -44.242  9.721  40.870 0.0000000000
89541  -51.855  9.601  29.067 0.0000000000
88410  -52.461  9.214  27.958 0.0000000000
90645  -52.994  10.567  27.874 0.0000000000
90647  -54.364  11.119  27.279 0.0000000000
90658  -54.571  11.353  26.019 0.0000000000
91718  -54.815  12.167  24.590 0.0000000000
91701  -54.938  12.513  25.903 0.0000000000
93687  -55.527  13.386  26.058 0.0000000000
94743  -55.737  14.077  25.842 0.0000000000
94630  -53.912  14.606  40.241 0.0000000000
94633  -54.435  14.360  39.115 0.0000000000
94634  -55.184  14.900  39.375 0.0000000000
95717  -56.238  15.589  37.502 0.0000000000
95722  -56.776  16.084  36.671 0.0000000000
101758  -56.376  20.987  34.436 0.0000000000
100847  -57.309  20.376  34.783 0.0000000000
101769  -56.416  21.080  33.465 0.0000000000
101814  -57.015  20.775  31.234 0.0000000000
100907  -57.061  19.816  29.728 0.0000000000
99028  -56.598  18.802  27.994 0.0000000000
101843  -56.178  21.067  28.258 0.0000000000
101870  -54.466  20.297  26.740 0.0000000000
101897  -52.978  19.803  25.930 0.0000000000
100950  -51.554  19.238  24.956 0.0000000000
102813  -52.773  20.481  26.121 0.0000000000
101881  -51.507  20.489  26.071 0.0000000000
101880  -50.645  20.365  25.925 0.0000000000
101819  -43.039  20.565  29.734 0.0000000000
101834  -45.228  20.796  28.322 0.0000000000
101833  -43.613  20.584  28.251 0.0000000000
101874  -43.104  20.995  25.221 0.0000000000
101902  -43.390  21.115  25.017 0.0000000000
100942  -41.638  20.248  24.249 0.0000000000
101918  -42.287  21.461  23.215 0.0000000000
101917  -41.401  21.628  22.833 0.0000000000
102838  -40.928  22.629  22.790 0.0000000000
84907  -51.124  5.393  32.702 0.0000000000
83798  -51.948  3.703  30.996 0.0000000000
84920  -50.254  4.960  31.799 0.0000000000
87241  -49.830  7.154  30.899 0.0000000000
88389  -50.413  8.287  30.242 0.0000000000
90597  -48.185  10.915  32.808 0.0000000000
89508  -49.626  9.675  30.836 0.0000000000
89525  -51.057  9.574  30.001 0.0000000000
90626  -51.562  10.848  29.365 0.0000000000
92703  -52.244  12.904  29.368 0.0000000000
93664  -53.291  13.926  29.802 0.0000000000
97986  -57.734  17.479  43.135 0.0000000000
96844  -58.096  17.274  41.107 0.0000000000
98991  -58.164  18.674  41.774 0.0000000000
100800  -57.359  19.530  39.552 0.0000000000
100816  -57.140  20.303  37.919 0.0000000000
101710  -55.058  20.322  40.006 0.0000000000
101729  -55.637  20.624  37.615 0.0000000000
101740  -56.083  20.535  36.391 0.0000000000
102696  -54.496  21.297  35.485 0.0000000000
102721  -54.035  21.215  33.919 0.0000000000
101767  -52.920  20.318  32.646 0.0000000000
100894  -51.679  20.057  30.445 0.0000000000
100869  -51.380  19.852  32.227 0.0000000000
100867  -49.400  19.514  32.569 0.0000000000
100865  -46.758  19.407  33.061 0.0000000000
100831  -46.847  18.971  35.991 0.0000000000
100852  -45.376  19.769  34.548 0.0000000000
100876  -43.957  20.036  32.560 0.0000000000
101789  -42.684  21.215  31.447 0.0000000000
142664  -42.226  23.028  29.384 0.0000000000
103760  -44.086  23.379  26.643 0.0000000000
92622  -49.659  13.947  37.764 0.0000000000
92623  -50.963  13.785  38.228 0.0000000000
93596  -49.952  14.798  38.624 0.0000000000
94626  -50.814  15.106  40.017 0.0000000000
94628  -52.012  15.069  40.322 0.0000000000
92592  -49.744  13.238  42.977 0.0000000000
93576  -50.990  14.471  42.602 0.0000000000
94622  -53.021  14.922  41.310 0.0000000000
94613  -53.207  15.025  42.300 0.0000000000
94606  -54.471  15.330  43.309 0.0000000000
95686  -54.997  15.762  44.370 0.0000000000
95661  -50.817  15.859  45.662 0.0000000000
94564  -52.525  15.702  46.224 0.0000000000
95679  -54.906  16.235  45.884 0.0000000000
95684  -56.472  16.495  44.949 0.0000000000
97974  -57.078  17.678  45.221 0.0000000000
100755  -57.195  20.264  44.493 0.0000000000
102637  -55.561  21.618  43.791 0.0000000000
84939  -56.232  4.132  31.184 0.0000000000
84924  -54.325  4.132  32.003 0.0000000000
90616  -57.168  8.885  32.859 0.0000000000
89527  -56.777  7.847  31.778 0.0000000000
88392  -55.424  7.104  31.052 0.0000000000
87229  -54.280  6.269  31.116 0.0000000000
86060  -52.809  5.571  32.169 0.0000000000
87211  -51.692  6.838  32.574 0.0000000000
88348  -50.886  7.788  33.902 0.0000000000
89473  -50.853  8.341  34.990 0.0000000000
90571  -52.545  9.073  34.935 0.0000000000
90560  -51.225  8.801  35.715 0.0000000000
90559  -49.998  9.626  35.801 0.0000000000
90552  -50.196  9.686  35.934 0.0000000000
90452  -52.688  9.682  45.116 0.0000000000
89368  -50.172  8.371  45.078 0.0000000000
90450  -50.944  9.069  45.215 0.0000000000
90467  -52.637  9.693  44.502 0.0000000000
90482  -53.045  9.566  43.654 0.0000000000
90505  -53.777  8.995  41.984 0.0000000000
89418  -54.474  8.867  41.112 0.0000000000
89429  -54.146  8.262  40.275 0.0000000000
88292  -52.362  6.796  40.367 0.0000000000
89436  -50.014  6.648  40.527 0.0000000000
92634  -49.058  12.853  37.586 0.0000000000
92620  -47.581  13.729  38.378 0.0000000000
92601  -47.131  13.468  39.874 0.0000000000
91568  -47.391  12.589  41.093 0.0000000000
91547  -46.735  11.448  42.718 0.0000000000
87315  -58.238  6.388  23.452 0.0000000000
87314  -57.890  6.999  23.024 0.0000000000
88476  -57.262  7.487  22.594 0.0000000000
84954  -52.615  4.955  28.755 0.0000000000
86100  -53.536  5.845  27.439 0.0000000000
88430  -53.056  8.508  26.724 0.0000000000
87280  -54.011  7.021  25.626 0.0000000000
87288  -54.997  6.914  24.914 0.0000000000
88443  -56.190  7.563  23.672 0.0000000000
88462  -56.700  7.753  23.036 0.0000000000
89634  -56.432  8.262  22.135 0.0000000000
90716  -55.405  9.117  22.569 0.0000000000
91767  -54.961  10.104  22.971 0.0000000000
92783  -54.511  11.469  22.934 0.0000000000
92755  -55.548  12.377  24.031 0.0000000000
92764  -55.545  12.582  22.760 0.0000000000
92772  -54.578  12.308  23.182 0.0000000000
93729  -54.350  12.636  23.229 0.0000000000
94776  -53.938  13.784  24.257 0.0000000000
94762  -53.165  14.131  25.197 0.0000000000
92643  -52.702  12.487  37.357 0.0000000000
93617  -52.972  13.102  35.916 0.0000000000
94660  -52.911  14.594  34.914 0.0000000000
94647  -54.869  14.391  36.590 0.0000000000
94676  -53.873  14.890  34.612 0.0000000000
95758  -52.791  15.381  33.465 0.0000000000
94689  -53.233  15.550  32.326 0.0000000000
94709  -53.565  14.544  30.509 0.0000000000
93665  -54.372  14.392  29.418 0.0000000000
96850  -58.082  17.126  39.188 0.0000000000
96856  -57.884  17.158  37.173 0.0000000000
98005  -57.495  17.271  35.033 0.0000000000
99941  -58.133  19.229  34.106 0.0000000000
98014  -57.859  17.821  33.408 0.0000000000
96872  -56.973  16.497  33.724 0.0000000000
95762  -56.071  16.152  31.919 0.0000000000
95788  -55.311  16.052  30.354 0.0000000000
94718  -54.925  14.905  28.910 0.0000000000
94725  -55.796  14.754  27.845 0.0000000000
96942  -55.613  15.667  26.526 0.0000000000
99041  -56.067  18.019  26.818 0.0000000000
98064  -55.163  16.505  26.988 0.0000000000
96975  -54.977  14.992  26.071 0.0000000000
96973  -54.171  15.611  25.689 0.0000000000
95868  -53.272  14.778  25.392 0.0000000000
100006  -50.933  18.931  23.762 0.0000000000
100910  -51.252  19.817  29.193 0.0000000000
101852  -49.652  20.261  27.789 0.0000000000
101878  -48.489  20.765  25.780 0.0000000000
101863  -46.651  20.980  26.549 0.0000000000
101877  -47.325  20.844  25.757 0.0000000000
101905  -47.562  20.123  24.541 0.0000000000
100945  -46.966  19.392  24.138 0.0000000000
99077  -45.964  18.879  23.903 0.0000000000
98087  -44.744  17.801  23.562 0.0000000000
99986  -41.103  19.603  23.120 0.0000000000
99064  -39.795  18.707  23.242 0.0000000000
103798  -45.621  23.780  23.682 0.0000000000
103805  -44.437  23.429  22.442 0.0000000000
104771  -42.635  24.393  22.294 0.0000000000
104760  -41.443  24.434  22.943 0.0000000000
103786  -39.949  23.614  23.734 0.0000000000
90529  -55.261  10.605  39.047 0.0000000000
90539  -54.967  10.545  38.570 0.0000000000
90538  -54.394  9.838  38.492 0.0000000000
89430  -54.718  9.263  40.247 0.0000000000
87133  -45.772  6.725  39.958 0.0000000000
83786  -53.623  3.499  31.875 0.0000000000
82714  -53.899  2.810  30.893 0.0000000000
83799  -53.315  3.157  30.940 0.0000000000
93672  -54.000  13.564  29.043 0.0000000000
92711  -54.255  12.896  28.429 0.0000000000
92712  -54.715  13.265  28.020 0.0000000000
93678  -55.003  13.573  27.899 0.0000000000
95698  -56.454  15.862  42.513 0.0000000000
95702  -56.354  15.810  41.552 0.0000000000
95703  -57.074  16.188  41.674 0.0000000000
102763  -54.164  20.943  31.069 0.0000000000
102752  -54.985  20.883  31.646 0.0000000000
102772  -54.007  20.877  30.128 0.0000000000
102773  -54.636  20.909  29.664 0.0000000000
101828  -53.196  20.875  29.645 0.0000000000
101841  -52.826  20.824  28.708 0.0000000000
101811  -52.814  20.642  30.063 0.0000000000
103769  -43.520  22.642  25.500 0.0000000000
102819  -44.208  22.707  24.188 0.0000000000
102841  -43.572  22.453  23.333 0.0000000000
102842  -44.485  22.840  23.092 0.0000000000
88335  -48.820  8.124  35.248 0.0000000000
88346  -48.580  7.762  33.948 0.0000000000
89471  -48.540  9.427  35.203 0.0000000000
93634  -50.408  14.095  33.553 0.0000000000
93652  -49.464  13.357  32.267 0.0000000000
94696  -50.271  14.418  32.157 0.0000000000
94697  -50.784  14.606  31.764 0.0000000000
94687  -51.343  14.920  32.509 0.0000000000
101679  -56.251  21.099  42.621 0.0000000000
101695  -56.603  20.683  42.203 0.0000000000
101694  -56.037  20.556  42.095 0.0000000000
99922  -51.571  18.954  38.539 0.0000000000
100814  -52.304  19.740  37.919 0.0000000000
100823  -50.888  18.978  37.070 0.0000000000
100834  -50.756  19.545  35.593 0.0000000000
100822  -49.911  18.687  37.038 0.0000000000
102718  -46.784  22.671  33.849 0.0000000000
102717  -45.731  22.264  34.346 0.0000000000
102733  -45.677  22.636  33.238 0.0000000000
102749  -45.873  22.984  32.239 0.0000000000
90727  -54.225  10.156  21.724 0.0000000000
91763  -53.923  11.004  22.209 0.0000000000
92781  -53.927  11.770  22.262 0.0000000000
92603  -48.536  13.699  41.384 0.0000000000
93543  -50.333  14.175  45.762 0.0000000000
93557  -50.493  13.648  45.280 0.0000000000
93559  -51.967  14.495  45.551 0.0000000000
93544  -51.265  14.536  45.837 0.0000000000
100707  -52.917  19.970  46.991 0.0000000000
100708  -53.822  20.019  46.889 0.0000000000
88411  -57.743  7.070  30.265 0.0000000000
90600  -53.368  9.215  33.463 0.0000000000
87160  -51.038  6.622  37.239 0.0000000000
88314  -50.568  7.406  36.185 0.0000000000
85997  -50.135  5.998  37.223 0.0000000000
89450  -49.042  7.977  35.692 0.0000000000
87158  -48.543  7.060  37.634 0.0000000000
88238  -48.759  8.038  46.108 0.0000000000
89397  -50.468  7.951  43.311 0.0000000000
90491  -50.793  8.110  42.666 0.0000000000
90492  -51.773  8.591  42.795 0.0000000000
90513  -46.645  10.075  38.354 0.0000000000
90523  -46.198  11.426  38.205 0.0000000000
90512  -45.848  11.005  38.513 0.0000000000
87289  -56.297  6.273  24.961 0.0000000000
87258  -51.944  7.300  28.276 0.0000000000
88409  -52.103  8.582  28.482 0.0000000000
90676  -54.532  10.241  25.179 0.0000000000
90677  -54.622  10.419  24.603 0.0000000000
90687  -54.680  10.067  24.117 0.0000000000
90678  -54.724  11.061  24.288 0.0000000000
94751  -55.765  14.097  25.292 0.0000000000
94764  -55.819  14.133  24.822 0.0000000000
95883  -55.439  14.323  24.216 0.0000000000
95871  -55.357  14.639  24.891 0.0000000000
93591  -52.734  14.477  39.906 0.0000000000
93600  -53.568  14.221  39.542 0.0000000000
95726  -56.582  16.114  35.682 0.0000000000
99930  -58.188  19.333  37.135 0.0000000000
100826  -57.791  19.936  36.466 0.0000000000
99953  -57.358  19.213  30.026 0.0000000000
99023  -57.332  18.142  29.631 0.0000000000
98032  -57.276  17.140  30.335 0.0000000000
99029  -56.981  18.141  28.351 0.0000000000
100924  -53.262  19.261  26.230 0.0000000000
99969  -53.654  18.567  26.326 0.0000000000
99066  -52.617  18.565  26.199 0.0000000000
99055  -52.812  17.408  26.273 0.0000000000
99065  -52.202  18.252  25.934 0.0000000000
98107  -51.901  17.967  25.418 0.0000000000
99995  -51.792  18.916  25.322 0.0000000000
101932  -49.555  19.830  23.213 0.0000000000
100947  -49.181  19.735  23.191 0.0000000000
101921  -48.784  19.943  23.802 0.0000000000
101807  -47.545  20.411  30.113 0.0000000000
101806  -46.780  20.132  29.832 0.0000000000
100930  -43.393  20.297  24.890 0.0000000000
99977  -44.156  19.717  24.265 0.0000000000
99988  -42.720  19.452  23.905 0.0000000000
101915  -39.538  21.638  22.944 0.0000000000
92648  -51.769  11.910  36.430 0.0000000000
92668  -51.443  12.815  35.107 0.0000000000
92669  -51.963  12.671  35.367 0.0000000000
101691  -53.427  21.019  41.952 0.0000000000
102666  -50.691  21.962  40.285 0.0000000000
102661  -51.172  21.413  40.988 0.0000000000
101707  -50.890  20.847  41.069 0.0000000000
100795  -50.925  19.702  41.036 0.0000000000
101705  -49.408  20.445  40.293 0.0000000000
100793  -49.122  20.099  40.070 0.0000000000
101714  -48.970  20.777  39.727 0.0000000000
102684  -49.410  23.339  36.139 0.0000000000
102692  -47.523  22.446  35.720 0.0000000000
88496  -55.647  8.416  21.575 0.0000000000
89644  -54.831  9.246  21.646 0.0000000000
91518  -46.731  11.715  45.412 0.0000000000
91536  -47.780  11.697  44.760 0.0000000000
92553  -47.033  12.299  46.021 0.0000000000
91616  -54.533  10.915  36.653 0.0000000000
90555  -53.752  10.275  36.568 0.0000000000
89444  -53.605  8.942  38.228 0.0000000000
88286  -47.201  7.953  39.940 0.0000000000
89411  -44.120  8.651  39.671 0.0000000000
90634  -52.574  10.856  28.357 0.0000000000
89542  -52.386  9.813  28.181 0.0000000000
91692  -54.291  11.950  27.535 0.0000000000
91699  -54.497  11.657  27.025 0.0000000000
90657  -54.486  10.841  26.628 0.0000000000
91700  -54.643  12.117  26.472 0.0000000000
91710  -54.627  11.962  25.787 0.0000000000
92722  -55.221  12.995  26.370 0.0000000000
93683  -55.655  13.777  26.699 0.0000000000
93688  -55.718  13.876  26.117 0.0000000000
93684  -55.760  14.048  26.405 0.0000000000
94631  -54.799  15.007  40.493 0.0000000000
95713  -56.270  15.575  38.437 0.0000000000
95718  -56.904  15.973  37.667 0.0000000000
102711  -55.928  21.312  33.828 0.0000000000
102754  -56.089  21.707  30.787 0.0000000000
101797  -56.537  21.231  31.498 0.0000000000
101813  -56.464  21.006  30.434 0.0000000000
100897  -57.083  20.185  30.410 0.0000000000
100896  -56.555  20.611  29.868 0.0000000000
100906  -56.627  20.224  29.195 0.0000000000
101829  -56.279  21.026  29.376 0.0000000000
101856  -54.973  20.932  27.312 0.0000000000
102807  -54.146  20.393  26.904 0.0000000000
101884  -53.861  19.816  26.367 0.0000000000
102814  -53.258  20.483  26.346 0.0000000000
101882  -53.052  20.350  25.994 0.0000000000
102805  -52.948  20.827  26.813 0.0000000000
101855  -52.336  20.649  27.754 0.0000000000
102804  -52.132  20.787  26.579 0.0000000000
101867  -51.659  20.491  26.795 0.0000000000
101866  -50.426  20.281  26.908 0.0000000000
101832  -42.068  20.575  28.296 0.0000000000
101873  -42.869  21.622  25.159 0.0000000000
101887  -43.022  21.399  24.922 0.0000000000
101901  -42.473  21.374  24.812 0.0000000000
101931  -42.398  22.201  22.563 0.0000000000
101930  -42.078  21.996  22.423 0.0000000000
102839  -41.760  22.603  22.448 0.0000000000
86047  -50.527  6.172  32.850 0.0000000000
84921  -50.923  4.675  32.379 0.0000000000
84906  -50.353  5.482  32.505 0.0000000000
87225  -49.057  7.175  31.833 0.0000000000
87240  -49.490  6.613  31.485 0.0000000000
87226  -49.413  7.753  31.250 0.0000000000
88374  -49.710  8.371  30.789 0.0000000000
90580  -48.047  10.505  33.609 0.0000000000
91662  -48.490  11.522  33.135 0.0000000000
89494  -49.117  10.425  31.355 0.0000000000
90612  -49.553  11.009  30.998 0.0000000000
89509  -50.487  10.199  30.306 0.0000000000
90625  -50.850  10.782  29.891 0.0000000000
91677  -50.621  11.516  29.971 0.0000000000
93663  -51.959  13.657  29.943 0.0000000000
92702  -51.379  12.864  29.767 0.0000000000
92704  -53.071  13.123  29.203 0.0000000000
97982  -58.014  18.056  43.336 0.0000000000
97987  -58.056  17.897  42.426 0.0000000000
98989  -58.019  18.799  42.776 0.0000000000
100799  -56.888  19.810  40.028 0.0000000000
100791  -57.446  19.621  40.590 0.0000000000
100807  -56.913  19.934  38.948 0.0000000000
101730  -56.429  20.336  38.361 0.0000000000
101709  -54.182  20.345  39.840 0.0000000000
101727  -53.974  21.300  37.544 0.0000000000
101718  -54.957  20.592  38.811 0.0000000000
101728  -54.716  21.006  37.788 0.0000000000
102677  -54.922  20.973  36.934 0.0000000000
102687  -55.012  21.109  36.044 0.0000000000
102686  -54.292  21.385  36.533 0.0000000000
101746  -52.648  20.470  34.673 0.0000000000
101756  -52.777  20.371  33.639 0.0000000000
101768  -53.481  20.842  33.301 0.0000000000
100858  -52.150  19.871  32.940 0.0000000000
100857  -51.197  19.752  33.219 0.0000000000
100843  -48.565  19.176  34.872 0.0000000000
100856  -50.173  19.460  33.455 0.0000000000
100855  -48.998  19.262  33.675 0.0000000000
100866  -48.157  19.484  32.776 0.0000000000
99918  -47.652  19.364  37.948 0.0000000000
99927  -47.951  18.990  37.520 0.0000000000
99925  -46.594  19.475  37.085 0.0000000000
101778  -44.578  21.086  34.306 0.0000000000
100863  -44.562  20.296  33.906 0.0000000000
100864  -45.370  19.630  33.452 0.0000000000
100875  -43.034  20.666  31.671 0.0000000000
101790  -43.217  21.276  32.320 0.0000000000
103715  -43.668  23.415  30.497 0.0000000000
102761  -43.075  22.937  31.179 0.0000000000
103729  -43.275  23.527  29.518 0.0000000000
142669  -42.628  23.287  28.687 0.0000000000
103751  -43.790  23.503  27.630 0.0000000000
92769  -53.539  11.768  23.107 0.0000000000
93595  -48.913  14.542  38.417 0.0000000000
93587  -48.915  15.067  39.383 0.0000000000
93588  -50.135  15.274  39.857 0.0000000000
94619  -50.652  15.130  40.456 0.0000000000
94627  -51.271  14.984  40.194 0.0000000000
94620  -51.121  15.213  40.992 0.0000000000
92580  -49.255  12.475  43.454 0.0000000000
92581  -49.931  13.214  43.937 0.0000000000
93577  -51.650  14.513  43.185 0.0000000000
94612  -52.094  15.192  42.302 0.0000000000
94599  -53.595  14.864  44.217 0.0000000000
94600  -54.339  15.334  44.367 0.0000000000
95692  -54.791  15.603  43.850 0.0000000000
96800  -50.421  16.421  45.617 0.0000000000
96801  -51.306  16.659  45.747 0.0000000000
94563  -51.984  15.615  45.827 0.0000000000
96802  -52.142  16.813  46.063 0.0000000000
97945  -54.213  17.689  47.012 0.0000000000
95665  -54.160  16.450  46.416 0.0000000000
96822  -54.984  16.829  46.309 0.0000000000
95683  -56.021  16.132  45.301 0.0000000000
96826  -56.109  16.601  45.787 0.0000000000
96828  -57.084  17.187  44.819 0.0000000000
97966  -56.286  17.706  46.331 0.0000000000
100729  -55.962  20.350  46.336 0.0000000000
99856  -56.924  19.367  45.724 0.0000000000
100745  -56.721  20.306  45.426 0.0000000000
101657  -57.005  20.762  44.128 0.0000000000
101644  -56.234  21.269  45.215 0.0000000000
84957  -57.612  4.172  30.309 0.0000000000
86076  -55.681  5.166  31.047 0.0000000000
84938  -55.338  4.024  31.630 0.0000000000
86075  -54.755  5.138  31.353 0.0000000000
90603  -56.603  9.476  33.427 0.0000000000
89513  -56.560  8.297  32.234 0.0000000000
88379  -56.452  7.778  31.847 0.0000000000
88378  -55.725  7.697  31.842 0.0000000000
89511  -53.532  8.493  32.168 0.0000000000
87228  -53.350  6.532  31.641 0.0000000000
87227  -52.391  6.652  32.096 0.0000000000
86059  -51.968  5.876  32.506 0.0000000000
88375  -52.107  7.323  32.312 0.0000000000
88349  -51.607  8.125  33.490 0.0000000000
89483  -51.158  8.033  34.455 0.0000000000
88337  -50.733  8.004  34.614 0.0000000000
90561  -52.516  9.199  35.598 0.0000000000
90423  -50.736  8.921  46.504 0.0000000000
90439  -51.265  9.118  45.964 0.0000000000
90440  -52.286  9.310  45.900 0.0000000000
89355  -49.334  8.188  45.637 0.0000000000
90465  -51.184  8.966  44.276 0.0000000000
89369  -50.710  8.734  44.723 0.0000000000
90466  -51.870  9.493  44.395 0.0000000000
89417  -53.593  8.400  41.334 0.0000000000
89428  -52.772  7.709  41.030 0.0000000000
89427  -51.283  6.924  41.205 0.0000000000
89426  -49.895  7.278  40.805 0.0000000000
90533  -47.862  11.261  37.518 0.0000000000
90534  -48.321  10.659  37.477 0.0000000000
91597  -48.350  11.886  37.474 0.0000000000
91598  -49.308  11.538  37.392 0.0000000000
92633  -47.993  12.947  37.586 0.0000000000
91578  -46.209  12.615  38.880 0.0000000000
92611  -46.875  13.345  39.184 0.0000000000
90500  -45.390  10.936  39.450 0.0000000000
90489  -45.185  10.910  40.909 0.0000000000
90490  -45.881  11.344  42.153 0.0000000000
90479  -45.916  11.211  43.198 0.0000000000
91535  -46.510  11.261  44.198 0.0000000000
87306  -58.276  6.198  24.068 0.0000000000
87305  -57.825  6.888  23.624 0.0000000000
88463  -57.200  7.516  23.088 0.0000000000
83813  -51.454  4.257  30.237 0.0000000000
83814  -52.338  3.888  29.897 0.0000000000
84953  -51.511  4.903  29.348 0.0000000000
86099  -52.880  6.287  27.615 0.0000000000
84970  -52.832  5.697  28.160 0.0000000000
89565  -53.154  9.403  27.133 0.0000000000
88424  -52.590  8.552  27.594 0.0000000000
88436  -54.364  8.350  24.853 0.0000000000
88435  -53.986  8.402  25.409 0.0000000000
87287  -54.255  7.636  25.080 0.0000000000
87296  -55.311  7.542  24.362 0.0000000000
88442  -55.371  7.949  23.942 0.0000000000
89599  -55.435  8.690  23.305 0.0000000000
89609  -55.970  8.292  22.953 0.0000000000
89610  -56.574  7.940  22.755 0.0000000000
89622  -56.138  8.350  22.474 0.0000000000
91752  -54.955  10.520  23.121 0.0000000000
91766  -54.685  10.717  22.932 0.0000000000
91751  -54.885  11.000  22.969 0.0000000000
92737  -55.399  12.738  25.058 0.0000000000
92744  -55.493  12.607  24.556 0.0000000000
93724  -56.049  13.056  22.953 0.0000000000
93732  -55.767  12.630  22.672 0.0000000000
93731  -55.509  12.977  22.633 0.0000000000
93730  -54.857  12.964  23.129 0.0000000000
94788  -55.337  13.460  22.854 0.0000000000
95882  -54.892  14.306  24.210 0.0000000000
94775  -53.422  13.521  24.596 0.0000000000
92636  -51.615  12.351  37.852 0.0000000000
92624  -52.034  13.005  38.806 0.0000000000
93607  -53.534  12.991  37.508 0.0000000000
93611  -53.382  12.932  36.635 0.0000000000
93626  -53.171  13.677  35.518 0.0000000000
93618  -53.635  13.616  35.882 0.0000000000
94639  -55.081  14.525  38.269 0.0000000000
93609  -54.716  14.117  37.703 0.0000000000
94643  -55.204  14.618  37.291 0.0000000000
95731  -54.692  15.409  34.285 0.0000000000
94662  -54.484  14.837  34.844 0.0000000000
94675  -53.340  14.996  34.536 0.0000000000
95759  -53.344  15.570  33.163 0.0000000000
94688  -52.453  15.321  32.726 0.0000000000
94700  -54.616  15.341  30.822 0.0000000000
94710  -54.111  14.734  30.293 0.0000000000
94701  -55.013  15.733  30.491 0.0000000000
97991  -58.439  17.886  40.467 0.0000000000
96847  -58.201  17.139  40.181 0.0000000000
97993  -58.355  17.846  39.474 0.0000000000
97999  -58.116  17.825  36.466 0.0000000000
96863  -57.576  17.284  35.766 0.0000000000
100859  -57.340  20.357  33.790 0.0000000000
100848  -57.776  19.866  34.443 0.0000000000
100860  -57.799  19.825  33.471 0.0000000000
98020  -57.741  17.906  32.457 0.0000000000
99011  -57.994  18.522  32.808 0.0000000000
98019  -57.467  17.183  32.982 0.0000000000
98013  -57.513  17.168  34.070 0.0000000000
96877  -56.912  16.535  32.492 0.0000000000
96882  -56.849  16.530  31.257 0.0000000000
96897  -56.688  16.448  29.442 0.0000000000
95789  -55.646  16.454  29.734 0.0000000000
94712  -55.390  15.927  29.165 0.0000000000
94719  -55.365  15.229  28.624 0.0000000000
95825  -55.859  15.543  27.555 0.0000000000
96929  -55.693  16.043  27.248 0.0000000000
98055  -55.555  16.330  27.234 0.0000000000
99962  -56.234  19.093  26.637 0.0000000000
99033  -56.507  18.495  27.434 0.0000000000
99057  -54.348  17.646  26.587 0.0000000000
99058  -54.700  17.263  26.922 0.0000000000
98077  -54.808  16.653  26.798 0.0000000000
98078  -55.071  16.226  26.708 0.0000000000
96958  -54.752  15.888  26.226 0.0000000000
96974  -54.938  15.354  25.673 0.0000000000
96957  -54.222  16.076  26.172 0.0000000000
96972  -53.021  15.986  26.077 0.0000000000
95867  -52.278  14.886  25.919 0.0000000000
96970  -51.273  15.681  25.542 0.0000000000
101910  -51.204  19.766  25.021 0.0000000000
100949  -51.065  19.229  24.186 0.0000000000
101925  -50.773  19.582  24.355 0.0000000000
100012  -49.269  19.088  22.022 0.0000000000
100013  -49.767  18.933  22.404 0.0000000000
100893  -50.840  20.271  30.678 0.0000000000
100903  -51.010  20.074  29.829 0.0000000000
101825  -50.147  20.305  30.095 0.0000000000
101837  -48.946  20.230  28.660 0.0000000000
101865  -49.096  20.493  26.728 0.0000000000
101848  -44.356  20.730  27.160 0.0000000000
101849  -45.924  20.834  27.365 0.0000000000
101904  -46.350  20.052  24.846 0.0000000000
101890  -46.799  20.467  25.148 0.0000000000
101891  -47.926  20.567  25.020 0.0000000000
100933  -47.205  19.750  24.343 0.0000000000
99076  -44.773  18.888  23.349 0.0000000000
98101  -44.577  18.210  23.007 0.0000000000
98100  -43.453  17.907  22.750 0.0000000000
99073  -41.669  18.638  23.018 0.0000000000
98099  -42.384  17.603  22.958 0.0000000000
99974  -39.376  19.720  23.299 0.0000000000
99975  -39.910  19.258  23.122 0.0000000000
99063  -39.052  18.744  23.674 0.0000000000
104773  -44.329  24.333  21.993 0.0000000000
103804  -43.645  23.421  22.075 0.0000000000
104772  -43.475  24.352  22.052 0.0000000000
104761  -42.123  24.746  22.744 0.0000000000
103787  -40.532  24.014  23.517 0.0000000000
91606  -50.591  10.779  36.598 0.0000000000
91615  -50.998  11.352  36.289 0.0000000000
91607  -51.162  11.582  36.853 0.0000000000
92642  -52.008  11.868  37.159 0.0000000000
103647  -52.191  22.925  40.573 0.0000000000
103651  -51.342  23.134  39.305 0.0000000000
102670  -49.569  21.851  39.341 0.0000000000
103664  -50.232  23.823  36.364 0.0000000000
103668  -50.081  23.780  35.287 0.0000000000
93555  -45.444  13.487  45.147 0.0000000000
93556  -46.158  13.371  45.672 0.0000000000
91609  -55.229  10.894  37.708 0.0000000000
89445  -54.168  9.137  38.821 0.0000000000
89437  -54.114  8.498  39.165 0.0000000000
83801  -55.698  3.177  31.043 0.0000000000
83816  -54.948  2.875  30.075 0.0000000000
82725  -54.163  2.821  30.518 0.0000000000
83815  -53.633  3.535  29.596 0.0000000000
91685  -53.535  11.930  28.283 0.0000000000
91686  -54.087  12.231  27.989 0.0000000000
92721  -54.852  12.856  26.852 0.0000000000
92717  -54.781  13.057  27.476 0.0000000000
95701  -55.564  15.578  41.450 0.0000000000
95705  -55.454  15.401  40.575 0.0000000000
95706  -56.239  15.705  40.599 0.0000000000
95711  -56.974  15.924  39.744 0.0000000000
102737  -54.861  21.043  32.620 0.0000000000
102738  -55.571  21.293  32.216 0.0000000000
102753  -55.551  21.475  31.211 0.0000000000
102765  -55.431  21.418  30.204 0.0000000000
102775  -55.763  21.423  28.756 0.0000000000
102774  -55.193  21.298  29.161 0.0000000000
102782  -54.326  20.694  28.598 0.0000000000
102793  -53.220  20.832  27.942 0.0000000000
101840  -52.219  20.272  28.417 0.0000000000
101846  -41.319  21.060  27.486 0.0000000000
102802  -42.811  22.158  25.817 0.0000000000
102818  -43.458  22.232  24.689 0.0000000000
102850  -42.858  22.632  22.526 0.0000000000
87193  -49.331  7.222  33.732 0.0000000000
86046  -49.704  6.269  32.758 0.0000000000
87192  -48.973  7.364  33.583 0.0000000000
88359  -48.495  8.361  32.527 0.0000000000
92677  -49.674  13.221  33.523 0.0000000000
91663  -48.815  11.966  32.611 0.0000000000
92686  -49.293  12.859  32.830 0.0000000000
92693  -49.322  12.913  31.875 0.0000000000
91672  -50.778  12.227  29.887 0.0000000000
92695  -50.737  12.940  30.213 0.0000000000
93654  -50.995  14.072  30.590 0.0000000000
100763  -57.554  20.001  43.252 0.0000000000
99902  -57.954  19.358  42.086 0.0000000000
100783  -57.127  20.372  42.075 0.0000000000
100790  -57.037  20.079  41.046 0.0000000000
101712  -56.425  20.000  40.601 0.0000000000
100797  -53.125  19.966  40.134 0.0000000000
100798  -53.698  20.270  39.670 0.0000000000
100805  -53.387  20.166  38.841 0.0000000000
100815  -53.135  20.419  38.028 0.0000000000
102685  -53.779  21.335  36.373 0.0000000000
101725  -52.638  20.476  36.744 0.0000000000
101737  -52.606  20.502  35.750 0.0000000000
100835  -51.744  20.128  35.095 0.0000000000
100845  -50.964  19.665  34.304 0.0000000000
102681  -46.787  21.423  36.490 0.0000000000
100819  -46.209  20.550  36.522 0.0000000000
102704  -45.775  21.613  35.256 0.0000000000
102716  -45.136  21.571  34.632 0.0000000000
102748  -44.204  22.612  32.291 0.0000000000
103716  -44.768  23.397  30.907 0.0000000000
91750  -53.688  11.310  22.582 0.0000000000
92602  -47.786  13.567  40.529 0.0000000000
93574  -49.094  14.261  41.732 0.0000000000
93575  -49.900  14.152  42.321 0.0000000000
92572  -50.078  13.140  44.969 0.0000000000
92573  -50.447  13.524  44.729 0.0000000000
93566  -51.030  13.628  44.691 0.0000000000
93571  -51.864  14.092  43.937 0.0000000000
93567  -52.031  14.040  44.856 0.0000000000
94594  -52.763  14.675  45.009 0.0000000000
94581  -52.671  15.092  46.041 0.0000000000
98931  -51.317  18.293  46.309 0.0000000000
97943  -52.478  17.533  46.737 0.0000000000
98933  -52.916  18.369  47.089 0.0000000000
98934  -53.814  18.439  47.143 0.0000000000
98935  -54.707  18.488  47.194 0.0000000000
97947  -55.828  17.942  46.943 0.0000000000
99834  -55.168  19.300  47.098 0.0000000000
100709  -54.886  20.112  46.663 0.0000000000
86078  -57.114  5.070  30.570 0.0000000000
87259  -57.295  6.079  30.255 0.0000000000
86087  -57.091  5.720  30.435 0.0000000000
87244  -56.071  6.331  30.885 0.0000000000
90614  -55.171  9.354  32.963 0.0000000000
89512  -54.999  8.640  32.410 0.0000000000
89510  -52.826  8.361  32.353 0.0000000000
88362  -52.497  8.228  32.505 0.0000000000
89496  -52.615  8.715  32.963 0.0000000000
90584  -52.538  8.926  34.128 0.0000000000
89459  -52.003  9.133  36.540 0.0000000000
89452  -51.392  8.640  36.285 0.0000000000
90544  -50.022  9.585  36.079 0.0000000000
89382  -50.054  7.828  44.029 0.0000000000
90526  -47.992  9.187  38.077 0.0000000000
90525  -47.346  10.554  37.796 0.0000000000
91588  -46.869  11.395  37.748 0.0000000000
91595  -46.875  12.405  37.742 0.0000000000
91587  -46.440  12.037  38.022 0.0000000000
91566  -45.774  11.907  39.265 0.0000000000
88444  -57.013  6.993  24.001 0.0000000000
86085  -50.970  6.093  29.496 0.0000000000
86086  -51.761  6.142  28.762 0.0000000000
87271  -52.371  7.288  27.708 0.0000000000
89567  -54.335  9.951  26.145 0.0000000000
89576  -54.348  9.480  25.451 0.0000000000
89586  -54.899  9.152  24.099 0.0000000000
89598  -54.984  9.352  23.685 0.0000000000
90696  -55.155  9.542  23.246 0.0000000000
91736  -54.885  11.073  23.793 0.0000000000
93710  -56.019  13.291  24.579 0.0000000000
93711  -55.860  13.779  24.856 0.0000000000
94780  -56.132  13.645  24.286 0.0000000000
94779  -55.960  13.890  23.961 0.0000000000
94778  -55.580  13.855  23.204 0.0000000000
93603  -53.419  13.251  38.372 0.0000000000
93608  -54.173  13.563  37.679 0.0000000000
94648  -55.552  14.997  36.510 0.0000000000
94654  -55.301  14.918  35.668 0.0000000000
95732  -55.317  15.486  34.656 0.0000000000
95760  -54.279  15.746  32.878 0.0000000000
95761  -55.183  15.872  32.458 0.0000000000
99923  -57.974  19.249  38.146 0.0000000000
98999  -58.254  18.583  37.792 0.0000000000
99001  -58.313  18.577  36.775 0.0000000000
99004  -58.228  18.529  35.771 0.0000000000
99946  -57.832  19.525  31.760 0.0000000000
99947  -57.971  19.208  32.260 0.0000000000
99950  -57.884  19.099  31.665 0.0000000000
99014  -57.743  18.045  31.628 0.0000000000
96907  -56.553  16.384  28.481 0.0000000000
100921  -54.872  19.153  26.410 0.0000000000
99970  -54.257  18.517  26.441 0.0000000000
98075  -53.523  16.837  26.319 0.0000000000
98091  -51.927  16.816  25.662 0.0000000000
96986  -51.413  16.949  25.016 0.0000000000
98106  -51.601  17.707  24.829 0.0000000000
101909  -50.229  20.158  24.689 0.0000000000
101934  -50.174  19.610  23.510 0.0000000000
101933  -49.794  19.727  23.281 0.0000000000
100955  -49.330  19.536  22.609 0.0000000000
101792  -48.963  20.350  30.930 0.0000000000
101809  -49.431  20.459  30.527 0.0000000000
101808  -48.567  20.561  30.398 0.0000000000
101823  -48.266  20.601  29.427 0.0000000000
101836  -47.845  20.622  28.470 0.0000000000
101875  -44.595  20.778  25.636 0.0000000000
101876  -46.032  20.741  25.752 0.0000000000
100944  -45.669  19.436  24.279 0.0000000000
100943  -45.006  19.551  24.221 0.0000000000
100940  -40.754  20.636  23.014 0.0000000000
100939  -39.971  20.773  22.950 0.0000000000
100938  -39.237  20.730  22.947 0.0000000000
100928  -38.520  20.586  23.416 0.0000000000
142760  -37.821  21.985  24.434 0.0000000000
90568  -49.338  10.370  34.863 0.0000000000
91637  -50.103  10.958  34.974 0.0000000000
91636  -49.695  11.181  34.550 0.0000000000
91651  -49.846  11.652  34.484 0.0000000000
92656  -50.913  12.027  35.426 0.0000000000
92678  -50.178  12.634  34.483 0.0000000000
93635  -51.280  13.781  34.517 0.0000000000
93636  -51.891  14.145  34.918 0.0000000000
101693  -55.253  20.483  42.079 0.0000000000
101692  -54.323  20.675  42.050 0.0000000000
101699  -53.315  20.380  41.080 0.0000000000
102662  -51.682  21.845  41.025 0.0000000000
101698  -52.267  20.800  41.428 0.0000000000
100789  -52.593  20.026  41.055 0.0000000000
100796  -52.139  19.580  40.464 0.0000000000
99908  -51.500  19.167  40.072 0.0000000000
99913  -49.964  18.784  39.507 0.0000000000
99920  -49.516  18.683  38.513 0.0000000000
99912  -49.080  18.863  39.288 0.0000000000
100812  -47.918  19.851  38.477 0.0000000000
101723  -47.632  20.641  38.015 0.0000000000
102673  -48.854  21.751  38.272 0.0000000000
101736  -48.133  21.350  37.882 0.0000000000
101735  -47.513  21.309  37.348 0.0000000000
102706  -47.739  22.773  34.505 0.0000000000
102719  -48.052  22.805  33.251 0.0000000000
91559  -48.609  11.974  42.964 0.0000000000
91537  -48.517  11.851  44.634 0.0000000000
92555  -49.231  12.866  45.680 0.0000000000
91653  -54.652  10.146  34.712 0.0000000000
91638  -54.232  10.192  35.270 0.0000000000
90562  -53.538  9.923  35.772 0.0000000000
89453  -52.427  8.893  37.152 0.0000000000
88306  -51.780  7.015  37.503 0.0000000000
87144  -51.312  5.687  39.006 0.0000000000
89366  -48.753  7.520  44.846 0.0000000000
88247  -48.812  7.231  44.350 0.0000000000
89381  -49.591  7.543  43.605 0.0000000000
89423  -45.930  9.708  38.634 0.0000000000
89554  -52.943  9.854  27.601 0.0000000000
89555  -53.645  10.057  27.304 0.0000000000
90635  -53.391  11.195  27.988 0.0000000000
90646  -53.834  10.813  27.694 0.0000000000
90656  -54.115  10.489  27.175 0.0000000000
90668  -54.588  11.222  25.327 0.0000000000
91711  -54.758  12.289  25.253 0.0000000000
92730  -55.337  12.864  25.654 0.0000000000
93693  -55.628  13.278  25.364 0.0000000000
93694  -55.690  13.754  25.582 0.0000000000
95858  -55.734  14.424  25.903 0.0000000000
94640  -55.738  15.135  38.319 0.0000000000
95709  -55.348  15.238  39.988 0.0000000000
94635  -55.793  15.306  38.915 0.0000000000
95721  -56.121  15.577  36.555 0.0000000000
101759  -56.904  20.814  35.126 0.0000000000
101770  -56.946  20.861  34.132 0.0000000000
101782  -56.966  20.833  33.128 0.0000000000
101781  -56.502  21.206  32.479 0.0000000000
101798  -57.170  20.947  32.135 0.0000000000
100884  -57.571  20.136  31.746 0.0000000000
99952  -57.000  19.508  29.333 0.0000000000
99956  -56.685  19.292  28.545 0.0000000000
100912  -56.340  20.144  27.949 0.0000000000
100914  -56.039  19.965  26.979 0.0000000000
102784  -55.638  21.234  28.187 0.0000000000
101857  -55.615  20.633  27.324 0.0000000000
100918  -55.344  19.651  26.449 0.0000000000
100917  -54.563  19.663  26.398 0.0000000000
101898  -53.629  19.467  26.266 0.0000000000
100936  -52.574  19.456  26.071 0.0000000000
100935  -51.908  19.441  25.676 0.0000000000
101912  -52.290  19.743  25.772 0.0000000000
102822  -52.020  20.032  25.698 0.0000000000
102821  -51.591  20.242  25.736 0.0000000000
102812  -52.088  20.648  26.188 0.0000000000
102820  -50.710  20.251  25.479 0.0000000000
101894  -50.401  20.355  25.328 0.0000000000
101893  -49.797  20.450  25.044 0.0000000000
100900  -44.299  20.270  30.308 0.0000000000
101821  -46.080  20.314  29.292 0.0000000000
101820  -44.636  20.501  29.363 0.0000000000
101847  -42.555  20.646  26.764 0.0000000000
101861  -43.722  20.620  26.065 0.0000000000
101888  -43.994  20.657  25.218 0.0000000000
100929  -42.424  20.185  24.877 0.0000000000
101900  -41.943  20.914  24.489 0.0000000000
101919  -42.829  21.955  23.699 0.0000000000
102837  -39.961  22.743  23.125 0.0000000000
84922  -51.999  4.786  32.543 0.0000000000
83784  -51.500  4.153  31.824 0.0000000000
83797  -50.958  4.321  31.015 0.0000000000
84936  -50.222  4.969  30.926 0.0000000000
86058  -49.709  5.810  32.155 0.0000000000
86073  -49.787  5.914  31.333 0.0000000000
86074  -50.273  6.009  30.380 0.0000000000
87242  -50.648  7.242  29.934 0.0000000000
88390  -51.138  8.405  29.664 0.0000000000
89470  -48.030  9.829  34.259 0.0000000000
89492  -47.821  9.925  32.862 0.0000000000
89493  -48.534  9.854  31.993 0.0000000000
90598  -48.880  11.083  31.809 0.0000000000
89507  -48.935  9.058  31.718 0.0000000000
89524  -50.204  8.982  30.440 0.0000000000
89540  -51.590  9.020  29.644 0.0000000000
89526  -51.620  10.101  29.391 0.0000000000
90633  -51.842  10.487  28.891 0.0000000000
90627  -52.118  11.222  28.770 0.0000000000
91678  -51.327  11.878  29.547 0.0000000000
91679  -52.038  11.934  28.956 0.0000000000
92709  -52.736  12.546  28.964 0.0000000000
93671  -53.497  13.351  29.213 0.0000000000
95695  -57.229  16.559  43.048 0.0000000000
96843  -57.595  16.804  41.781 0.0000000000
96841  -57.958  17.385  41.868 0.0000000000
97989  -58.278  17.947  41.415 0.0000000000
98995  -58.258  18.576  39.802 0.0000000000
99905  -58.006  19.308  41.152 0.0000000000
99910  -57.879  19.167  40.169 0.0000000000
99916  -57.852  19.151  39.155 0.0000000000
100808  -57.460  19.693  38.516 0.0000000000
100825  -57.259  20.378  36.838 0.0000000000
101701  -55.122  20.318  41.120 0.0000000000
101711  -55.794  20.065  40.231 0.0000000000
101719  -55.731  20.252  39.042 0.0000000000
101741  -56.587  20.508  37.202 0.0000000000
101749  -56.775  20.631  36.128 0.0000000000
101748  -56.297  20.829  35.407 0.0000000000
102698  -55.810  21.119  34.765 0.0000000000
102710  -55.313  21.206  34.176 0.0000000000
102695  -53.857  21.291  35.811 0.0000000000
102708  -53.958  21.227  34.885 0.0000000000
102722  -54.740  21.173  33.580 0.0000000000
102736  -54.122  21.133  32.958 0.0000000000
101780  -53.535  20.825  32.339 0.0000000000
101779  -52.963  20.410  31.701 0.0000000000
101795  -52.925  20.556  30.839 0.0000000000
100870  -52.290  19.908  31.948 0.0000000000
100882  -51.518  20.043  31.304 0.0000000000
100881  -50.578  20.115  31.529 0.0000000000
100868  -50.433  19.725  32.445 0.0000000000
100880  -49.778  19.908  31.739 0.0000000000
100879  -48.708  19.959  31.609 0.0000000000
100878  -47.309  19.729  31.873 0.0000000000
100877  -45.779  19.698  32.150 0.0000000000
99928  -49.106  18.860  37.458 0.0000000000
100832  -47.995  19.001  35.912 0.0000000000
100842  -47.268  19.199  35.036 0.0000000000
100830  -46.179  19.578  36.237 0.0000000000
100841  -46.183  19.400  35.261 0.0000000000
100853  -46.394  19.373  34.227 0.0000000000
100889  -44.906  19.984  31.157 0.0000000000
100888  -43.499  20.345  31.053 0.0000000000
101805  -42.876  20.618  30.653 0.0000000000
101804  -42.280  21.003  30.595 0.0000000000
102747  -42.795  22.028  31.603 0.0000000000
102760  -42.255  22.170  30.448 0.0000000000
100899  -41.128  21.369  29.198 0.0000000000
102790  -41.647  22.318  28.020 0.0000000000
103750  -43.083  22.998  26.816 0.0000000000
103770  -44.248  23.247  25.794 0.0000000000
93597  -50.854  14.674  39.029 0.0000000000
93589  -51.120  14.748  39.666 0.0000000000
93590  -51.909  14.432  39.798 0.0000000000
94629  -52.832  14.829  40.495 0.0000000000
93569  -50.315  13.748  43.109 0.0000000000
93584  -50.632  14.886  41.832 0.0000000000
94611  -51.364  15.134  41.804 0.0000000000
94621  -52.103  15.330  41.170 0.0000000000
94623  -54.016  14.831  41.364 0.0000000000
94614  -54.163  15.056  42.320 0.0000000000
94605  -53.441  14.881  43.250 0.0000000000
94615  -54.909  15.537  42.256 0.0000000000
94607  -55.105  15.644  42.816 0.0000000000
95693  -55.496  15.749  43.385 0.0000000000
94580  -51.553  15.085  45.906 0.0000000000
95677  -53.383  15.606  46.187 0.0000000000
96803  -52.805  16.747  46.802 0.0000000000
95678  -53.964  15.860  46.209 0.0000000000
94596  -54.434  15.653  45.213 0.0000000000
95682  -55.256  15.860  45.052 0.0000000000
95687  -55.859  15.878  44.379 0.0000000000
95694  -56.669  16.169  43.512 0.0000000000
96835  -56.937  16.591  44.096 0.0000000000
97978  -57.434  17.741  44.508 0.0000000000
98978  -57.642  18.532  44.521 0.0000000000
98957  -56.719  18.584  46.085 0.0000000000
98968  -57.502  18.879  44.822 0.0000000000
99877  -57.805  19.176  44.230 0.0000000000
100762  -57.368  20.320  43.720 0.0000000000
101669  -56.969  20.917  43.502 0.0000000000
102646  -55.807  21.419  43.091 0.0000000000
102620  -54.864  22.055  44.246 0.0000000000
84940  -57.038  4.139  30.759 0.0000000000
88393  -56.568  7.380  31.265 0.0000000000
88391  -54.755  6.839  30.926 0.0000000000
86061  -53.779  5.300  31.699 0.0000000000
84923  -53.212  4.439  32.074 0.0000000000
84908  -51.608  5.496  32.670 0.0000000000
86048  -51.287  6.117  32.730 0.0000000000
88361  -51.704  7.898  32.825 0.0000000000
87210  -50.888  7.076  33.157 0.0000000000
87194  -50.106  7.288  33.714 0.0000000000
88336  -50.031  8.056  34.895 0.0000000000
89458  -51.821  9.110  36.238 0.0000000000
90570  -51.463  8.584  35.180 0.0000000000
90569  -49.947  9.466  35.727 0.0000000000
91614  -50.620  10.537  36.022 0.0000000000
90519  -55.055  9.784  40.444 0.0000000000
90441  -52.908  9.579  45.490 0.0000000000
89356  -49.937  8.598  45.987 0.0000000000
90449  -50.383  8.738  45.662 0.0000000000
90451  -51.862  9.598  45.216 0.0000000000
91538  -53.300  9.870  44.493 0.0000000000
91550  -53.221  9.780  44.099 0.0000000000
90483  -53.753  9.898  43.266 0.0000000000
90494  -54.013  9.763  42.663 0.0000000000
90506  -54.793  9.660  41.474 0.0000000000
89419  -54.851  9.379  40.844 0.0000000000
88294  -53.949  7.895  39.560 0.0000000000
88293  -53.298  7.455  39.887 0.0000000000
88299  -51.177  5.926  40.142 0.0000000000
87143  -50.233  5.701  39.189 0.0000000000
90516  -49.177  7.575  40.587 0.0000000000
88298  -49.506  6.174  39.592 0.0000000000
87142  -49.636  5.824  39.165 0.0000000000
92621  -48.563  13.856  37.833 0.0000000000
93594  -48.283  14.257  38.359 0.0000000000
93586  -48.120  14.556  38.955 0.0000000000
92612  -47.479  14.020  39.512 0.0000000000
91557  -46.382  12.010  41.392 0.0000000000
91517  -45.722  11.662  45.227 0.0000000000
91534  -45.478  11.235  44.437 0.0000000000
92551  -45.055  12.582  45.271 0.0000000000
87331  -58.181  6.528  23.011 0.0000000000
87330  -57.899  6.720  22.618 0.0000000000
88486  -57.014  7.645  22.065 0.0000000000
84955  -53.388  4.552  28.784 0.0000000000
84971  -53.363  5.275  28.158 0.0000000000
84972  -54.328  5.172  27.876 0.0000000000
87272  -52.781  7.399  27.105 0.0000000000
88431  -53.513  8.414  25.966 0.0000000000
87281  -54.738  6.474  25.669 0.0000000000
87297  -55.896  7.159  24.334 0.0000000000
88451  -56.289  7.845  23.212 0.0000000000
89623  -56.770  7.843  22.455 0.0000000000
88485  -56.546  8.279  21.974 0.0000000000
89646  -55.705  8.820  22.013 0.0000000000
90730  -54.988  9.742  22.692 0.0000000000
90729  -54.807  9.712  22.320 0.0000000000
91765  -54.252  10.816  22.292 0.0000000000
92782  -54.042  11.750  22.481 0.0000000000
92765  -55.136  12.179  23.437 0.0000000000
92773  -54.892  11.846  23.221 0.0000000000
92771  -54.233  12.181  22.987 0.0000000000
93722  -54.438  13.176  23.488 0.0000000000
93721  -53.851  12.950  23.640 0.0000000000
93720  -53.240  12.987  24.422 0.0000000000
92649  -52.587  12.406  36.570 0.0000000000
92637  -52.698  12.867  38.125 0.0000000000
93625  -52.440  13.667  35.215 0.0000000000
94674  -52.437  14.862  34.219 0.0000000000
93613  -54.534  13.924  37.146 0.0000000000
94653  -54.745  14.602  35.678 0.0000000000
94646  -54.538  14.226  36.137 0.0000000000
94652  -54.250  14.167  35.671 0.0000000000
94661  -53.561  14.240  35.059 0.0000000000
95773  -53.743  15.641  32.267 0.0000000000
94699  -53.393  15.129  31.297 0.0000000000
93656  -53.235  14.508  30.539 0.0000000000
96846  -57.600  16.673  40.899 0.0000000000
96849  -57.629  16.522  39.946 0.0000000000
96852  -57.542  16.502  38.941 0.0000000000
97995  -58.257  17.843  38.471 0.0000000000
96853  -57.990  17.133  38.179 0.0000000000
96855  -57.464  16.527  37.918 0.0000000000
96858  -57.369  16.603  36.899 0.0000000000
96862  -57.267  16.819  35.826 0.0000000000
96865  -57.058  16.629  34.830 0.0000000000
100837  -57.788  19.908  35.445 0.0000000000
99939  -58.144  19.265  35.098 0.0000000000
99006  -58.185  18.494  34.768 0.0000000000
99944  -58.055  19.202  33.153 0.0000000000
99008  -58.136  18.496  33.764 0.0000000000
98006  -57.968  17.771  34.423 0.0000000000
95776  -55.941  16.279  30.771 0.0000000000
94711  -54.933  15.406  29.664 0.0000000000
93666  -54.721  14.738  29.071 0.0000000000
93674  -55.480  14.456  28.183 0.0000000000
95813  -55.775  15.761  28.125 0.0000000000
95848  -55.856  14.942  26.143 0.0000000000
95857  -55.642  15.033  25.732 0.0000000000
99034  -56.567  17.511  27.428 0.0000000000
99042  -55.606  17.108  27.408 0.0000000000
99048  -54.968  17.539  27.197 0.0000000000
99049  -55.180  17.023  27.332 0.0000000000
96959  -55.202  15.686  26.224 0.0000000000
96976  -54.956  15.135  26.177 0.0000000000
95869  -54.022  14.772  25.100 0.0000000000
96956  -53.561  16.258  26.156 0.0000000000
99994  -51.405  18.896  24.468 0.0000000000
100957  -50.284  19.386  23.176 0.0000000000
99088  -50.481  18.506  22.813 0.0000000000
100905  -52.487  20.321  29.782 0.0000000000
100911  -51.712  19.769  29.028 0.0000000000
101839  -51.412  19.865  28.522 0.0000000000
101838  -50.272  19.984  28.970 0.0000000000
101853  -50.665  20.088  27.944 0.0000000000
101879  -49.588  20.510  25.841 0.0000000000
101892  -48.916  20.509  24.987 0.0000000000
101835  -46.640  20.678  28.366 0.0000000000
101850  -47.287  20.899  27.518 0.0000000000
101864  -47.944  20.979  26.652 0.0000000000
101906  -48.432  20.238  24.391 0.0000000000
101920  -48.193  19.961  24.071 0.0000000000
99991  -46.505  19.139  24.056 0.0000000000
98102  -45.603  18.627  23.668 0.0000000000
142507  -42.511  16.564  23.462 0.0000000000
99072  -40.835  18.806  22.864 0.0000000000
99985  -40.240  19.736  23.064 0.0000000000
99054  -37.823  19.190  24.749 0.0000000000
103690  -47.829  22.987  32.111 0.0000000000
103741  -45.377  23.802  28.974 0.0000000000
103752  -45.215  23.939  28.015 0.0000000000
103771  -45.090  23.828  26.299 0.0000000000
103781  -45.267  23.732  25.387 0.0000000000
103788  -44.998  23.120  23.971 0.0000000000
104762  -45.427  23.942  22.675 0.0000000000
103806  -45.029  23.702  22.610 0.0000000000
102843  -44.810  22.957  23.221 0.0000000000
103803  -42.870  23.437  22.110 0.0000000000
104770  -41.938  24.094  22.484 0.0000000000
103795  -41.443  23.473  22.579 0.0000000000
103793  -40.157  23.358  23.276 0.0000000000
82713  -53.680  2.881  30.849 0.0000000000
83782  -50.519  4.662  31.640 0.0000000000
83783  -50.766  4.501  31.701 0.0000000000
83796  -50.532  4.629  31.409 0.0000000000
84941  -57.313  4.682  30.500 0.0000000000
85988  -48.751  6.121  37.195 0.0000000000
85989  -48.882  5.981  37.321 0.0000000000
85990  -49.117  5.897  37.537 0.0000000000
85991  -49.664  5.835  37.701 0.0000000000
85994  -48.699  6.226  36.982 0.0000000000
85995  -48.989  5.981  36.997 0.0000000000
85996  -49.438  5.971  36.992 0.0000000000
86000  -48.696  6.349  36.531 0.0000000000
86001  -49.067  6.278  36.415 0.0000000000
86002  -49.694  6.545  36.267 0.0000000000
86003  -50.485  6.494  36.836 0.0000000000
86009  -48.834  6.444  36.044 0.0000000000
86010  -48.987  6.609  35.904 0.0000000000
86011  -49.270  6.817  35.734 0.0000000000
86045  -49.317  6.522  32.766 0.0000000000
86072  -49.371  6.324  31.848 0.0000000000
86088  -57.469  5.404  30.299 0.0000000000
87148  -48.734  6.154  37.427 0.0000000000
87149  -48.797  6.112  37.633 0.0000000000
87150  -49.133  5.920  38.384 0.0000000000
87152  -51.419  6.158  38.081 0.0000000000
87156  -48.601  6.411  37.185 0.0000000000
87157  -48.569  6.618  37.429 0.0000000000
87159  -50.762  6.143  37.534 0.0000000000
87164  -48.406  6.629  36.587 0.0000000000
87165  -48.162  6.837  36.129 0.0000000000
87166  -49.541  7.202  35.715 0.0000000000
87173  -48.441  6.592  36.203 0.0000000000
87174  -48.436  6.783  35.878 0.0000000000
87175  -48.828  7.084  35.682 0.0000000000
87208  -49.013  6.959  33.056 0.0000000000
87246  -57.516  6.948  30.313 0.0000000000
88305  -48.660  7.133  38.340 0.0000000000
88311  -48.262  6.926  36.837 0.0000000000
88312  -48.315  7.165  36.794 0.0000000000
88313  -48.515  7.600  36.962 0.0000000000
88318  -48.120  6.974  36.410 0.0000000000
88319  -48.112  7.100  36.089 0.0000000000
88320  -48.404  7.459  36.165 0.0000000000
88325  -48.371  7.062  35.753 0.0000000000
88326  -48.505  7.258  35.852 0.0000000000
88334  -48.097  8.737  34.644 0.0000000000
88358  -48.107  9.274  32.730 0.0000000000
88360  -51.147  7.629  33.270 0.0000000000
89474  -51.610  8.312  34.767 0.0000000000
89482  -47.831  9.958  33.513 0.0000000000
89484  -51.826  8.335  34.003 0.0000000000
89485  -52.433  8.812  33.613 0.0000000000
89635  -56.873  7.787  22.233 0.0000000000
90566  -48.262  10.500  34.055 0.0000000000
90567  -48.578  10.393  34.485 0.0000000000
90581  -48.537  11.103  33.734 0.0000000000
90596  -47.876  10.378  33.187 0.0000000000
90613  -50.217  10.838  30.384 0.0000000000
91519  -47.444  11.899  45.549 0.0000000000
91586  -46.085  11.604  38.337 0.0000000000
91649  -48.740  11.707  33.369 0.0000000000
91652  -54.071  9.946  34.795 0.0000000000
92570  -48.450  11.883  44.993 0.0000000000
92582  -50.417  13.559  44.432 0.0000000000
92631  -46.749  12.623  37.917 0.0000000000
92632  -47.131  12.894  37.751 0.0000000000
92784  -54.672  11.474  23.125 0.0000000000
93565  -50.482  13.518  44.943 0.0000000000
93605  -54.649  14.169  38.297 0.0000000000
93644  -49.640  13.607  32.711 0.0000000000
93645  -49.991  14.215  32.678 0.0000000000
93653  -49.867  13.922  31.742 0.0000000000
93723  -55.905  13.441  22.582 0.0000000000
94562  -51.137  15.443  45.785 0.0000000000
94582  -53.722  15.498  45.798 0.0000000000
94583  -54.256  15.790  45.802 0.0000000000
94638  -54.583  14.229  38.576 0.0000000000
94673  -51.422  14.784  33.515 0.0000000000
94686  -50.586  14.601  32.623 0.0000000000
94765  -55.761  13.983  24.977 0.0000000000
95662  -51.640  16.084  45.674 0.0000000000
95663  -52.353  16.151  46.211 0.0000000000
95664  -53.205  15.917  46.675 0.0000000000
95666  -54.629  16.672  46.286 0.0000000000
95680  -55.682  16.453  45.804 0.0000000000
95688  -56.443  16.331  44.481 0.0000000000
95743  -52.953  15.373  33.718 0.0000000000
95744  -53.224  15.321  33.950 0.0000000000
95847  -55.713  15.256  26.094 0.0000000000
95872  -55.314  15.003  25.553 0.0000000000
95884  -55.639  14.285  24.310 0.0000000000
96804  -53.727  16.891  46.825 0.0000000000
96805  -54.574  17.044  46.674 0.0000000000
96806  -55.200  17.184  46.598 0.0000000000
96823  -55.689  16.863  46.260 0.0000000000
96824  -56.370  17.008  46.000 0.0000000000
96827  -56.606  16.875  45.333 0.0000000000
96830  -56.804  16.743  44.660 0.0000000000
96831  -57.277  17.062  44.259 0.0000000000
96836  -57.356  16.866  43.508 0.0000000000
96840  -57.613  17.028  42.616 0.0000000000
96859  -57.679  17.244  36.258 0.0000000000
96918  -55.832  15.636  27.302 0.0000000000
96955  -53.241  16.328  26.194 0.0000000000
97946  -55.124  17.700  47.050 0.0000000000
97967  -56.901  17.958  45.810 0.0000000000
97973  -56.650  17.436  45.750 0.0000000000
97979  -57.907  18.071  44.035 0.0000000000
97981  -57.659  17.526  43.806 0.0000000000
98002  -57.549  17.286  35.528 0.0000000000
98026  -57.731  17.970  31.931 0.0000000000
98063  -54.941  16.844  27.086 0.0000000000
98936  -55.514  18.559  47.085 0.0000000000
98956  -56.152  18.581  46.677 0.0000000000
98967  -57.237  18.560  45.269 0.0000000000
98977  -57.392  18.116  44.902 0.0000000000
98985  -58.008  18.690  43.740 0.0000000000
98993  -58.237  18.618  40.792 0.0000000000
99020  -57.817  18.831  31.389 0.0000000000
99071  -40.230  18.912  22.976 0.0000000000
99080  -51.684  18.418  24.961 0.0000000000
99099  -50.110  18.470  22.394 0.0000000000
99832  -53.385  19.224  47.133 0.0000000000
99855  -56.385  19.356  46.307 0.0000000000
99866  -57.348  19.418  44.834 0.0000000000
99867  -57.629  19.006  44.619 0.0000000000
99876  -57.676  19.819  44.081 0.0000000000
99888  -57.662  19.927  43.612 0.0000000000
99899  -57.821  19.365  42.691 0.0000000000
99907  -50.618  19.046  40.207 0.0000000000
99909  -52.047  19.378  39.779 0.0000000000
99914  -51.087  18.795  39.365 0.0000000000
99915  -51.927  19.155  39.178 0.0000000000
99926  -47.043  19.237  37.392 0.0000000000
99929  -50.041  18.651  37.674 0.0000000000
99933  -46.413  19.521  36.788 0.0000000000
99934  -46.659  19.165  36.751 0.0000000000
99935  -47.441  18.986  36.740 0.0000000000
99936  -48.386  18.913  36.748 0.0000000000
99959  -56.404  19.323  27.585 0.0000000000
99965  -54.729  18.534  26.634 0.0000000000
99978  -44.718  19.617  24.224 0.0000000000
99980  -52.921  18.850  26.245 0.0000000000
100003  -49.212  19.323  22.155 0.0000000000
100004  -50.136  19.184  22.749 0.0000000000
100005  -50.545  19.009  23.094 0.0000000000
100014  -50.218  18.862  22.632 0.0000000000
100710  -55.483  19.772  46.738 0.0000000000
100730  -56.568  19.874  46.015 0.0000000000
100774  -57.580  19.830  42.573 0.0000000000
100787  -51.267  20.343  41.298 0.0000000000
100802  -48.785  19.703  39.463 0.0000000000
100803  -49.334  19.177  39.703 0.0000000000
100806  -53.871  20.427  39.239 0.0000000000
100811  -47.061  19.946  37.717 0.0000000000
100813  -51.447  18.973  37.938 0.0000000000
100820  -46.389  20.105  36.969 0.0000000000
100821  -46.742  19.645  37.316 0.0000000000
100829  -45.990  20.360  36.205 0.0000000000
100839  -45.148  20.644  35.103 0.0000000000
100840  -45.483  20.188  35.453 0.0000000000
100851  -44.954  20.473  34.731 0.0000000000
100871  -57.438  20.329  32.802 0.0000000000
100874  -42.692  20.861  31.189 0.0000000000
100883  -52.352  20.097  31.061 0.0000000000
100885  -57.876  19.696  32.070 0.0000000000
100887  -42.817  20.647  31.056 0.0000000000
100892  -48.539  20.376  31.004 0.0000000000
100895  -52.412  20.246  30.280 0.0000000000
100901  -45.472  20.079  30.115 0.0000000000
100902  -46.255  20.018  29.959 0.0000000000
100904  -51.969  19.919  29.594 0.0000000000
100909  -40.947  20.984  28.893 0.0000000000
100920  -54.244  19.195  26.392 0.0000000000
100934  -47.834  19.866  24.131 0.0000000000
100948  -49.341  19.794  23.098 0.0000000000
100958  -50.626  19.274  23.657 0.0000000000
100962  -49.181  19.476  22.181 0.0000000000
100963  -49.413  19.331  22.344 0.0000000000
101645  -56.783  20.822  44.712 0.0000000000
101656  -56.391  21.223  44.186 0.0000000000
101668  -56.338  21.232  43.321 0.0000000000
101680  -56.866  20.927  42.743 0.0000000000
101697  -51.509  20.890  41.280 0.0000000000
101703  -56.542  20.333  41.535 0.0000000000
101706  -50.057  20.730  40.695 0.0000000000
101715  -49.509  21.086  40.163 0.0000000000
101716  -53.554  20.779  38.072 0.0000000000
101722  -47.109  20.667  37.530 0.0000000000
101733  -46.383  20.783  36.652 0.0000000000
101734  -46.768  21.010  36.988 0.0000000000
101738  -53.287  21.039  36.311 0.0000000000
101739  -53.681  21.306  36.829 0.0000000000
101744  -46.182  20.995  36.204 0.0000000000
101745  -46.533  21.200  36.461 0.0000000000
101755  -45.749  20.922  35.734 0.0000000000
101757  -53.365  20.917  34.283 0.0000000000
101766  -44.978  21.011  34.903 0.0000000000
101793  -49.500  20.263  31.174 0.0000000000
101794  -49.986  20.195  31.326 0.0000000000
101796  -53.519  20.852  31.416 0.0000000000
101803  -41.598  21.504  29.809 0.0000000000
101818  -41.540  20.798  29.321 0.0000000000
101826  -52.109  19.913  28.915 0.0000000000
101842  -55.508  21.095  27.781 0.0000000000
101845  -41.029  21.439  28.518 0.0000000000
101860  -42.590  20.765  25.618 0.0000000000
101869  -53.800  20.295  26.622 0.0000000000
101871  -55.383  20.195  26.821 0.0000000000
101883  -53.364  20.279  26.307 0.0000000000
101895  -51.205  20.421  25.939 0.0000000000
101896  -52.637  20.172  25.961 0.0000000000
101911  -51.702  19.881  25.465 0.0000000000
101922  -49.331  19.916  23.601 0.0000000000
101923  -49.732  19.918  23.840 0.0000000000
101924  -50.247  19.831  24.155 0.0000000000
101926  -51.230  19.461  24.724 0.0000000000
101935  -50.417  19.463  23.638 0.0000000000
102621  -55.652  21.736  44.629 0.0000000000
102669  -48.878  21.321  39.094 0.0000000000
102678  -55.456  20.751  36.517 0.0000000000
102682  -47.258  21.721  36.566 0.0000000000
102688  -55.642  20.887  35.687 0.0000000000
102690  -46.091  21.308  35.762 0.0000000000
102691  -46.597  21.670  35.933 0.0000000000
102697  -55.166  21.196  35.114 0.0000000000
102703  -45.260  21.316  35.052 0.0000000000
102709  -54.629  21.246  34.530 0.0000000000
102724  -56.024  21.484  32.848 0.0000000000
102735  -47.880  22.847  32.554 0.0000000000
102746  -42.488  21.589  31.030 0.0000000000
102750  -46.662  22.926  31.956 0.0000000000
102759  -41.536  22.334  29.256 0.0000000000
102780  -42.496  22.921  27.437 0.0000000000
102791  -42.100  22.028  26.550 0.0000000000
102795  -54.373  20.524  27.242 0.0000000000
102803  -42.591  21.670  25.363 0.0000000000
102806  -53.669  20.493  26.709 0.0000000000
102810  -43.078  22.000  25.272 0.0000000000
102811  -42.930  21.680  25.160 0.0000000000
102829  -44.599  22.853  23.574 0.0000000000
102830  -50.807  19.934  25.010 0.0000000000
102831  -51.502  19.896  25.352 0.0000000000
102832  -51.996  20.071  25.038 0.0000000000
102845  -50.930  19.807  24.861 0.0000000000
102852  -44.083  22.809  22.766 0.0000000000
103703  -46.420  23.147  31.478 0.0000000000
103705  -48.243  23.405  31.624 0.0000000000
103714  -42.715  23.172  30.041 0.0000000000
103740  -44.130  23.767  28.765 0.0000000000
103761  -44.956  23.879  27.146 0.0000000000
103779  -43.538  22.519  25.083 0.0000000000
103789  -45.492  23.693  24.468 0.0000000000
103794  -40.575  23.661  23.057 0.0000000000
103796  -44.807  23.310  22.766 0.0000000000
103797  -45.129  23.404  23.138 0.0000000000
103802  -42.171  23.417  22.287 0.0000000000
104710  -45.656  23.996  27.445 0.0000000000
104774  -45.343  24.387  22.173 0.0000000000
142382  -49.742  7.504  35.750 0.0000000000
142662  -42.893  23.446  29.207 0.0000000000
142663  -42.766  23.363  29.423 0.0000000000
142665  -41.916  22.993  29.028 0.0000000000
142667  -41.798  22.817  28.723 0.0000000000
142668  -42.128  22.705  29.795 0.0000000000
142670  -42.914  23.410  29.674 0.0000000000
